344
30 -3 36 3
34 -3 40 3
98 -3 104 3
50 -1 56 5
64 -1 70 5
103 -1 109 5
21 0 27 6
76 2 82 8
136 2 142 8
106 4 112 10
46 5 52 11
148 6 154 12
94 9 100 15
84 11 90 17
168 11 174 17
189 12 195 18
64 13 70 19
86 13 92 19
148 14 154 20
34 15 40 21
164 15 170 21
184 15 190 21
13 16 19 22
77 17 83 23
-1 18 5 24
44 18 50 24
55 18 61 24
63 18 69 24
154 18 160 24
74 19 80 25
101 20 107 26
60 21 66 27
83 21 89 27
134 21 140 27
173 22 179 28
183 22 189 28
23 23 29 29
36 23 42 29
72 23 78 29
192 23 198 29
33 24 39 30
131 24 137 30
167 24 173 30
145 26 151 32
39 27 45 33
81 29 87 35
130 29 136 35
32 30 38 36
74 30 80 36
86 30 92 36
128 30 134 36
171 30 177 36
51 31 57 37
100 31 106 37
124 31 130 37
30 32 36 38
55 32 61 38
114 32 120 38
103 33 109 39
145 33 151 39
46 34 52 40
73 34 79 40
96 34 102 40
4 35 10 41
195 35 201 41
48 36 54 42
180 36 186 42
187 36 193 42
26 37 32 43
167 37 173 43
81 38 87 44
33 39 39 45
54 39 60 45
-2 41 4 47
40 41 46 47
25 43 31 49
32 43 38 49
167 43 173 49
80 44 86 50
101 44 107 50
110 44 116 50
192 44 198 50
155 45 161 51
70 47 76 53
104 47 110 53
36 48 42 54
115 48 121 54
135 48 141 54
72 49 78 55
78 49 84 55
164 49 170 55
85 50 91 56
4 51 10 57
25 51 31 57
10 52 16 58
23 52 29 58
11 53 17 59
55 53 61 59
80 53 86 59
47 54 53 60
53 55 59 61
140 56 146 62
182 57 188 63
73 60 79 66
131 60 137 66
31 61 37 67
100 61 106 67
82 62 88 68
164 62 170 68
179 63 185 69
19 64 25 70
59 64 65 70
9 65 15 71
21 66 27 72
83 67 89 73
115 68 121 74
142 68 148 74
101 70 107 76
172 70 178 76
175 70 181 76
182 70 188 76
7 71 13 77
21 71 27 77
40 71 46 77
71 71 77 77
89 71 95 77
144 73 150 79
161 73 167 79
92 74 98 80
100 74 106 80
162 74 168 80
33 75 39 81
67 75 73 81
20 76 26 82
57 76 63 82
123 76 129 82
173 76 179 82
35 77 41 83
69 77 75 83
142 77 148 83
1 79 7 85
183 79 189 85
141 81 147 87
164 81 170 87
32 83 38 89
125 83 131 89
42 84 48 90
43 85 49 91
57 85 63 91
99 85 105 91
122 86 128 92
30 87 36 93
152 87 158 93
156 88 162 94
23 89 29 95
46 89 52 95
102 89 108 95
49 90 55 96
126 91 132 97
164 91 170 97
80 92 86 98
138 93 144 99
190 93 196 99
19 94 25 100
55 94 61 100
141 94 147 100
4 95 10 101
40 95 46 101
109 95 115 101
159 95 165 101
165 95 171 101
47 96 53 102
169 97 175 103
42 102 48 108
29 103 35 109
33 104 39 110
56 104 62 110
77 104 83 110
176 105 182 111
57 106 63 112
109 106 115 112
170 106 176 112
181 106 187 112
173 107 179 113
4 108 10 114
76 108 82 114
8 109 14 115
37 109 43 115
105 109 111 115
118 109 124 115
140 111 146 117
46 112 52 118
130 112 136 118
20 113 26 119
138 113 144 119
18 114 24 120
128 114 134 120
171 114 177 120
3 115 9 121
60 115 66 121
72 115 78 121
144 115 150 121
183 115 189 121
142 117 148 123
165 117 171 123
42 118 48 124
92 118 98 124
6 119 12 125
194 119 200 125
-3 121 3 127
22 121 28 127
36 121 42 127
94 121 100 127
111 121 117 127
151 121 157 127
181 121 187 127
11 123 17 129
50 124 56 130
156 124 162 130
60 127 66 133
75 127 81 133
93 127 99 133
114 127 120 133
145 128 151 134
154 128 160 134
18 129 24 135
51 129 57 135
58 129 64 135
168 129 174 135
-1 131 5 137
78 131 84 137
32 132 38 138
158 132 164 138
188 132 194 138
116 133 122 139
57 134 63 140
71 134 77 140
117 134 123 140
173 134 179 140
31 135 37 141
37 136 43 142
103 136 109 142
120 137 126 143
151 137 157 143
177 137 183 143
187 137 193 143
166 138 172 144
83 139 89 145
13 140 19 146
18 141 24 147
83 141 89 147
40 142 46 148
108 142 114 148
71 143 77 149
23 144 29 150
72 144 78 150
116 145 122 151
33 147 39 153
80 148 86 154
159 148 165 154
99 150 105 156
129 150 135 156
184 150 190 156
23 151 29 157
162 151 168 157
185 151 191 157
4 152 10 158
5 153 11 159
12 153 18 159
126 154 132 160
182 155 188 161
9 156 15 162
19 156 25 162
97 157 103 163
36 160 42 166
122 160 128 166
181 160 187 166
151 161 157 167
33 162 39 168
153 162 159 168
53 163 59 169
62 163 68 169
45 164 51 170
75 164 81 170
11 165 17 171
77 165 83 171
92 165 98 171
156 165 162 171
100 166 106 172
195 166 201 172
102 167 108 173
117 167 123 173
161 167 167 173
167 167 173 173
62 168 68 174
111 168 117 174
115 168 121 174
30 169 36 175
81 169 87 175
114 169 120 175
189 169 195 175
152 170 158 176
171 170 177 176
164 171 170 177
160 173 166 179
40 174 46 180
156 174 162 180
59 175 65 181
121 178 127 184
38 179 44 185
87 180 93 186
139 180 145 186
23 183 29 189
117 183 123 189
49 185 55 191
109 185 115 191
46 186 52 192
126 186 132 192
139 186 145 192
7 188 13 194
13 188 19 194
36 188 42 194
85 188 91 194
21 189 27 195
58 189 64 195
144 189 150 195
161 189 167 195
169 189 175 195
178 189 184 195
156 190 162 196
163 190 169 196
119 191 125 197
140 191 146 197
152 191 158 197
187 191 193 197
41 192 47 198
165 192 171 198
27 194 33 200
36 194 42 200
191 194 197 200
3 195 9 201
65 195 71 201
73 195 79 201
119 196 125 202
