308
34 -3 40 3
64 -2 70 4
50 -1 56 5
103 -1 109 5
21 0 27 6
76 2 82 8
136 2 142 8
48 4 54 10
106 4 112 10
47 5 53 11
148 6 154 12
92 11 98 17
84 12 90 18
168 12 174 18
189 12 195 18
85 13 91 19
148 14 154 20
34 15 40 21
184 15 190 21
13 16 19 22
63 17 69 23
77 17 83 23
44 18 50 24
55 18 61 24
154 18 160 24
74 19 80 25
96 19 102 25
100 20 106 26
60 21 66 27
82 21 88 27
20 22 26 28
173 22 179 28
183 22 189 28
22 23 28 29
36 23 42 29
192 23 198 29
131 24 137 30
167 24 173 30
49 26 55 32
145 26 151 32
39 27 45 33
32 30 38 36
74 30 80 36
85 30 91 36
51 31 57 37
124 31 130 37
31 32 37 38
55 32 61 38
100 32 106 38
114 32 120 38
145 32 151 38
73 33 79 39
103 33 109 39
97 34 103 40
4 35 10 41
195 35 201 41
48 36 54 42
180 36 186 42
187 36 193 42
26 38 32 44
81 38 87 44
-2 41 4 47
40 41 46 47
25 42 31 48
32 42 38 48
160 42 166 48
167 43 173 49
80 44 86 50
193 44 199 50
70 47 76 53
104 47 110 53
36 48 42 54
115 48 121 54
135 48 141 54
164 48 170 54
71 49 77 55
85 50 91 56
11 52 17 58
11 53 17 59
47 54 53 60
55 54 61 60
48 55 54 61
53 55 59 61
140 56 146 62
146 56 152 62
182 57 188 63
131 60 137 66
31 61 37 67
100 61 106 67
82 62 88 68
164 62 170 68
180 63 186 69
19 64 25 70
59 64 65 70
9 65 15 71
72 65 78 71
20 66 26 72
42 66 48 72
83 67 89 73
115 68 121 74
142 68 148 74
7 71 13 77
21 71 27 77
40 71 46 77
71 71 77 77
89 71 95 77
144 73 150 79
27 74 33 80
92 74 98 80
100 74 106 80
68 75 74 81
123 75 129 81
20 76 26 82
57 76 63 82
173 76 179 82
178 76 184 82
142 77 148 83
1 79 7 85
138 79 144 85
183 79 189 85
107 80 113 86
141 81 147 87
164 81 170 87
172 82 178 88
125 83 131 89
32 84 38 90
57 85 63 91
100 85 106 91
30 86 36 92
122 86 128 92
162 88 168 94
23 89 29 95
47 89 53 95
102 89 108 95
107 89 113 95
49 90 55 96
126 91 132 97
164 91 170 97
80 92 86 98
139 93 145 99
190 93 196 99
19 94 25 100
55 94 61 100
141 94 147 100
4 95 10 101
40 95 46 101
109 95 115 101
159 95 165 101
165 95 171 101
47 96 53 102
169 97 175 103
36 98 42 104
69 98 75 104
63 99 69 105
42 102 48 108
141 102 147 108
29 103 35 109
33 104 39 110
163 105 169 111
176 105 182 111
188 105 194 111
109 106 115 112
169 106 175 112
181 106 187 112
17 107 23 113
173 107 179 113
4 108 10 114
76 108 82 114
8 109 14 115
37 109 43 115
105 109 111 115
140 111 146 117
-2 112 4 118
46 112 52 118
130 112 136 118
138 113 144 119
149 113 155 119
129 114 135 120
171 114 177 120
3 115 9 121
72 115 78 121
144 115 150 121
183 115 189 121
142 117 148 123
165 117 171 123
188 117 194 123
42 118 48 124
194 119 200 125
-3 121 3 127
36 121 42 127
94 121 100 127
111 121 117 127
151 121 157 127
181 121 187 127
11 123 17 129
167 123 173 129
156 124 162 130
50 125 56 131
75 127 81 133
93 127 99 133
114 127 120 133
145 128 151 134
51 129 57 135
58 129 64 135
168 129 174 135
-1 131 5 137
9 131 15 137
78 131 84 137
32 132 38 138
158 132 164 138
188 132 194 138
57 133 63 139
71 134 77 140
173 134 179 140
31 135 37 141
37 136 43 142
103 136 109 142
69 137 75 143
120 137 126 143
151 137 157 143
178 137 184 143
182 137 188 143
187 137 193 143
166 138 172 144
148 139 154 145
13 140 19 146
18 141 24 147
40 142 46 148
108 142 114 148
23 144 29 150
116 145 122 151
33 147 39 153
80 148 86 154
137 148 143 154
159 148 165 154
99 150 105 156
23 151 29 157
162 151 168 157
12 153 18 159
109 154 115 160
71 155 77 161
9 156 15 162
19 156 25 162
182 156 188 162
97 157 103 163
36 160 42 166
122 160 128 166
181 160 187 166
109 161 115 167
33 162 39 168
53 163 59 169
45 164 51 170
62 164 68 170
75 164 81 170
135 164 141 170
11 165 17 171
77 165 83 171
92 165 98 171
155 165 161 171
100 166 106 172
195 166 201 172
102 167 108 173
116 167 122 173
162 167 168 173
167 167 173 173
62 168 68 174
30 169 36 175
81 169 87 175
169 169 175 175
189 169 195 175
171 170 177 176
164 171 170 177
160 173 166 179
40 174 46 180
59 174 65 180
156 174 162 180
38 179 44 185
139 180 145 186
23 183 29 189
117 183 123 189
49 185 55 191
109 185 115 191
139 186 145 192
7 188 13 194
21 188 27 194
36 188 42 194
85 188 91 194
58 189 64 195
144 189 150 195
161 189 167 195
169 189 175 195
178 189 184 195
15 190 21 196
156 190 162 196
163 190 169 196
119 191 125 197
140 191 146 197
165 191 171 197
187 191 193 197
41 192 47 198
36 194 42 200
27 195 33 201
65 195 71 201
73 195 79 201
9 196 15 202
19 196 25 202
30 196 36 202
119 196 125 202
