450
30 -3 36 3
34 -3 40 3
40 -3 46 3
58 -3 64 3
39 -2 45 4
60 -2 66 4
50 -1 56 5
64 -1 70 5
103 -1 109 5
21 0 27 6
119 1 125 7
76 2 82 8
136 2 142 8
118 3 124 9
46 6 52 12
148 6 154 12
100 7 106 13
100 8 106 14
180 9 186 15
192 9 198 15
26 10 32 16
39 10 45 16
83 11 89 17
92 11 98 17
168 11 174 17
182 11 188 17
38 12 44 18
64 12 70 18
71 12 77 18
75 12 81 18
189 12 195 18
87 14 93 20
148 14 154 20
34 15 40 21
164 15 170 21
184 15 190 21
13 16 19 22
77 17 83 23
-1 18 5 24
43 18 49 24
55 18 61 24
63 18 69 24
154 18 160 24
74 19 80 25
96 19 102 25
87 20 93 26
101 20 107 26
60 21 66 27
83 21 89 27
134 21 140 27
19 22 25 28
36 22 42 28
90 22 96 28
173 22 179 28
183 22 189 28
23 23 29 29
33 24 39 30
131 24 137 30
167 24 173 30
158 25 164 31
137 26 143 32
145 26 151 32
137 27 143 33
81 28 87 34
156 28 162 34
74 29 80 35
131 29 137 35
86 30 92 36
171 30 177 36
4 31 10 37
51 31 57 37
100 31 106 37
128 31 134 37
1 32 7 38
12 32 18 38
55 32 61 38
114 32 120 38
14 33 20 39
30 33 36 39
103 33 109 39
145 33 151 39
73 34 79 40
96 34 102 40
4 35 10 41
195 35 201 41
49 36 55 42
180 36 186 42
187 36 193 42
26 37 32 43
11 38 17 44
81 38 87 44
115 38 121 44
118 38 124 44
10 39 16 45
34 39 40 45
55 39 61 45
90 40 96 46
-2 41 4 47
40 41 46 47
160 41 166 47
44 42 50 48
25 43 31 49
167 43 173 49
80 44 86 50
101 44 107 50
155 45 161 51
104 47 110 53
36 48 42 54
72 49 78 55
26 50 32 56
164 50 170 56
4 51 10 57
10 51 16 57
194 51 200 57
187 52 193 58
188 52 194 58
23 53 29 59
55 53 61 59
80 53 86 59
11 54 17 60
46 54 52 60
13 55 19 61
49 55 55 61
53 55 59 61
104 55 110 61
137 55 143 61
144 55 150 61
14 56 20 62
140 56 146 62
146 56 152 62
182 56 188 62
185 56 191 62
125 57 131 63
136 57 142 63
186 57 192 63
124 58 130 64
170 59 176 65
73 60 79 66
31 61 37 67
100 61 106 67
112 61 118 67
131 61 137 67
169 61 175 67
82 62 88 68
113 63 119 69
18 64 24 70
53 64 59 70
59 64 65 70
9 65 15 71
42 65 48 71
72 65 78 71
21 66 27 72
83 67 89 73
115 67 121 73
142 67 148 73
101 70 107 76
171 70 177 76
175 70 181 76
183 70 189 76
6 71 12 77
21 71 27 77
40 71 46 77
71 71 77 77
89 71 95 77
161 72 167 78
144 73 150 79
27 74 33 80
92 74 98 80
100 74 106 80
33 75 39 81
67 75 73 81
163 75 169 81
123 76 129 82
136 76 142 82
180 76 186 82
20 77 26 83
35 77 41 83
142 77 148 83
98 78 104 84
1 79 7 85
138 79 144 85
183 79 189 85
107 80 113 86
164 80 170 86
42 82 48 88
141 82 147 88
172 82 178 88
25 83 31 89
32 83 38 89
182 84 188 90
57 85 63 91
99 85 105 91
157 85 163 91
43 86 49 92
121 86 127 92
183 86 189 92
30 87 36 93
152 87 158 93
178 87 184 93
23 88 29 94
162 88 168 94
46 89 52 95
97 89 103 95
102 89 108 95
107 89 113 95
50 90 56 96
32 91 38 97
80 91 86 97
97 91 103 97
126 91 132 97
164 91 170 97
27 93 33 99
138 93 144 99
190 93 196 99
19 94 25 100
32 94 38 100
55 94 61 100
142 94 148 100
4 95 10 101
40 95 46 101
109 95 115 101
159 95 165 101
165 95 171 101
47 96 53 102
169 97 175 103
69 98 75 104
36 99 42 105
62 99 68 105
92 100 98 106
29 102 35 108
42 102 48 108
90 102 96 108
56 103 62 109
157 103 163 109
33 104 39 110
77 104 83 110
158 105 164 111
162 105 168 111
177 105 183 111
188 105 194 111
50 106 56 112
110 106 116 112
170 106 176 112
181 106 187 112
4 107 10 113
57 107 63 113
173 107 179 113
51 108 57 114
76 108 82 114
38 109 44 115
105 109 111 115
118 109 124 115
99 110 105 116
125 110 131 116
141 111 147 117
-2 112 4 118
46 112 52 118
124 112 130 118
131 112 137 118
21 113 27 119
97 113 103 119
136 113 142 119
17 114 23 120
127 114 133 120
171 114 177 120
3 115 9 121
183 115 189 121
72 116 78 122
165 116 171 122
188 117 194 123
42 118 48 124
92 118 98 124
122 118 128 124
6 119 12 125
194 119 200 125
22 120 28 126
110 121 116 127
146 121 152 127
151 121 157 127
181 121 187 127
11 123 17 129
17 123 23 129
143 123 149 129
167 123 173 129
18 124 24 130
50 124 56 130
156 124 162 130
187 124 193 130
75 126 81 132
189 126 195 132
60 127 66 133
93 127 99 133
145 128 151 134
154 128 160 134
52 129 58 135
58 129 64 135
168 129 174 135
18 130 24 136
-1 131 5 137
9 131 15 137
78 131 84 137
122 131 128 137
32 132 38 138
138 132 144 138
158 132 164 138
123 133 129 139
71 134 77 140
117 134 123 140
173 134 179 140
31 135 37 141
40 135 46 141
-3 136 3 142
37 136 43 142
42 136 48 142
103 136 109 142
69 137 75 143
152 137 158 143
177 137 183 143
182 137 188 143
-2 138 4 144
120 138 126 144
166 138 172 144
187 138 193 144
83 139 89 145
148 139 154 145
13 140 19 146
18 141 24 147
86 141 92 147
6 142 12 148
40 142 46 148
83 142 89 148
85 142 91 148
133 142 139 148
70 143 76 149
108 143 114 149
135 144 141 150
15 145 21 151
47 145 53 151
17 146 23 152
33 147 39 153
80 148 86 154
137 148 143 154
126 150 132 156
130 150 136 156
183 150 189 156
23 151 29 157
162 151 168 157
186 151 192 157
2 152 8 158
12 153 18 159
109 154 115 160
71 155 77 161
182 155 188 161
9 156 15 162
19 156 25 162
128 156 134 162
66 157 72 163
97 157 103 163
165 157 171 163
168 157 174 163
36 159 42 165
66 159 72 165
122 160 128 166
38 161 44 167
88 161 94 167
109 161 115 167
150 161 156 167
181 161 187 167
57 162 63 168
153 162 159 168
53 163 59 169
90 163 96 169
38 164 44 170
45 164 51 170
75 164 81 170
163 164 169 170
78 165 84 171
92 165 98 171
135 165 141 171
156 165 162 171
11 166 17 172
100 166 106 172
195 166 201 172
103 167 109 173
167 167 173 173
176 167 182 173
177 167 183 173
-2 168 4 174
30 168 36 174
62 168 68 174
111 168 117 174
161 168 167 174
45 169 51 175
81 169 87 175
113 169 119 175
169 169 175 175
189 169 195 175
-3 170 3 176
151 170 157 176
171 170 177 176
43 171 49 177
165 171 171 177
26 172 32 178
160 173 166 179
40 174 46 180
156 174 162 180
59 175 65 181
9 178 15 184
121 178 127 184
105 179 111 185
7 180 13 186
87 180 93 186
103 180 109 186
140 180 146 186
23 182 29 188
102 182 108 188
117 183 123 189
49 185 55 191
168 185 174 191
185 185 191 191
46 186 52 192
126 186 132 192
138 186 144 192
167 187 173 193
36 188 42 194
85 188 91 194
21 189 27 195
143 189 149 195
161 189 167 195
169 189 175 195
178 189 184 195
156 190 162 196
163 190 169 196
192 190 198 196
16 191 22 197
41 191 47 197
120 191 126 197
152 191 158 197
195 191 201 197
130 192 136 198
140 192 146 198
165 192 171 198
2 194 8 200
36 194 42 200
191 194 197 200
73 195 79 201
4 196 10 202
8 196 14 202
19 196 25 202
119 196 125 202
