311
34 -3 40 3
98 -3 104 3
50 -1 56 5
21 0 27 6
76 2 82 8
136 2 142 8
48 4 54 10
106 4 112 10
46 5 52 11
148 6 154 12
94 9 100 15
92 11 98 17
168 11 174 17
84 12 90 18
189 12 195 18
64 13 70 19
86 13 92 19
148 14 154 20
34 15 40 21
164 15 170 21
184 15 190 21
13 16 19 22
77 17 83 23
-1 18 5 24
44 18 50 24
55 18 61 24
63 18 69 24
154 18 160 24
96 19 102 25
101 20 107 26
133 21 139 27
183 22 189 28
23 23 29 29
36 23 42 29
72 23 78 29
192 23 198 29
33 24 39 30
131 24 137 30
167 24 173 30
145 26 151 32
39 27 45 33
129 29 135 35
74 30 80 36
85 30 91 36
128 30 134 36
171 30 177 36
51 31 57 37
124 31 130 37
30 32 36 38
55 32 61 38
100 32 106 38
114 32 120 38
73 33 79 39
103 33 109 39
145 33 151 39
46 34 52 40
96 34 102 40
4 35 10 41
195 35 201 41
48 36 54 42
180 36 186 42
187 36 193 42
26 37 32 43
167 37 173 43
81 38 87 44
33 39 39 45
-2 41 4 47
40 41 46 47
160 42 166 48
25 43 31 49
167 43 173 49
80 44 86 50
101 44 107 50
192 44 198 50
155 45 161 51
70 47 76 53
104 47 110 53
36 48 42 54
115 48 121 54
71 49 77 55
78 49 84 55
85 50 91 56
4 51 10 57
25 51 31 57
10 52 16 58
24 52 30 58
11 53 17 59
80 53 86 59
47 54 53 60
55 54 61 60
48 55 54 61
53 55 59 61
104 55 110 61
144 55 150 61
146 56 152 62
182 57 188 63
73 60 79 66
100 61 106 67
82 62 88 68
164 62 170 68
19 64 25 70
59 64 65 70
9 65 15 71
72 65 78 71
21 66 27 72
83 67 89 73
115 68 121 74
142 68 148 74
172 70 178 76
175 70 181 76
182 70 188 76
21 71 27 77
71 71 77 77
144 73 150 79
27 74 33 80
92 74 98 80
100 74 106 80
68 75 74 81
33 76 39 82
57 76 63 82
123 76 129 82
137 76 143 82
173 76 179 82
179 76 185 82
69 77 75 83
98 77 104 83
142 77 148 83
1 79 7 85
138 79 144 85
183 79 189 85
141 81 147 87
32 83 38 89
125 83 131 89
57 85 63 91
100 85 106 91
30 87 36 93
152 87 158 93
156 88 162 94
162 88 168 94
23 89 29 95
102 89 108 95
107 89 113 95
49 90 55 96
126 91 132 97
164 91 170 97
80 92 86 98
190 93 196 99
55 94 61 100
141 94 147 100
40 95 46 101
109 95 115 101
159 95 165 101
47 96 53 102
169 97 175 103
69 98 75 104
63 99 69 105
42 102 48 108
141 102 147 108
29 103 35 109
33 104 39 110
56 104 62 110
163 105 169 111
176 105 182 111
188 105 194 111
57 106 63 112
170 106 176 112
181 106 187 112
173 107 179 113
4 108 10 114
76 108 82 114
8 109 14 115
37 109 43 115
105 109 111 115
130 112 136 118
18 113 24 119
20 113 26 119
138 113 144 119
149 113 155 119
128 114 134 120
171 114 177 120
3 115 9 121
60 115 66 121
72 115 78 121
144 115 150 121
183 115 189 121
142 117 148 123
165 117 171 123
188 117 194 123
6 119 12 125
194 119 200 125
-3 121 3 127
22 121 28 127
94 121 100 127
111 121 117 127
151 121 157 127
181 121 187 127
167 123 173 129
156 124 162 130
60 127 66 133
75 127 81 133
93 127 99 133
114 127 120 133
145 128 151 134
154 128 160 134
18 129 24 135
51 129 57 135
58 129 64 135
168 129 174 135
-1 131 5 137
9 131 15 137
78 131 84 137
32 132 38 138
158 132 164 138
188 132 194 138
57 133 63 139
71 134 77 140
173 134 179 140
31 135 37 141
37 136 43 142
69 137 75 143
120 137 126 143
151 137 157 143
178 137 184 143
182 137 188 143
187 137 193 143
166 138 172 144
18 141 24 147
40 142 46 148
108 142 114 148
23 144 29 150
116 145 122 151
33 147 39 153
159 148 165 154
99 150 105 156
127 150 133 156
128 150 134 156
23 151 29 157
162 151 168 157
12 153 18 159
109 154 115 160
71 155 77 161
126 155 132 161
127 155 133 161
9 156 15 162
19 156 25 162
182 156 188 162
97 157 103 163
36 160 42 166
122 160 128 166
151 161 157 167
33 162 39 168
57 162 63 168
53 163 59 169
45 164 51 170
75 164 81 170
135 164 141 170
11 165 17 171
77 165 83 171
92 165 98 171
155 165 161 171
195 166 201 172
102 167 108 173
117 167 123 173
161 167 167 173
167 167 173 173
62 168 68 174
111 168 117 174
115 168 121 174
30 169 36 175
81 169 87 175
114 169 120 175
189 169 195 175
152 170 158 176
164 171 170 177
160 173 166 179
40 174 46 180
156 174 162 180
121 178 127 184
38 179 44 185
87 180 93 186
139 180 145 186
117 183 123 189
49 185 55 191
109 185 115 191
46 186 52 192
126 186 132 192
13 188 19 194
21 188 27 194
36 188 42 194
85 188 91 194
58 189 64 195
144 189 150 195
161 189 167 195
169 189 175 195
178 189 184 195
16 190 22 196
156 190 162 196
163 190 169 196
119 191 125 197
140 191 146 197
165 192 171 198
36 194 42 200
191 194 197 200
13 195 19 201
27 195 33 201
65 195 71 201
73 195 79 201
9 196 15 202
19 196 25 202
30 196 36 202
119 196 125 202
