709
30 -3 36 3
34 -3 40 3
57 -3 63 3
98 -3 104 3
61 -2 67 4
132 -2 138 4
151 -2 157 4
156 -2 162 4
38 -1 44 5
50 -1 56 5
103 -1 109 5
109 -1 115 5
129 -1 135 5
21 0 27 6
64 0 70 6
110 0 116 6
76 2 82 8
192 2 198 8
151 3 157 9
48 4 54 10
106 4 112 10
177 4 183 10
191 4 197 10
152 5 158 11
46 6 52 12
99 6 105 12
149 6 155 12
178 6 184 12
52 8 58 14
83 8 89 14
101 8 107 14
161 8 167 14
193 8 199 14
39 9 45 15
55 9 61 15
94 9 100 15
180 9 186 15
112 10 118 16
192 10 198 16
17 11 23 17
44 11 50 17
83 11 89 17
125 11 131 17
168 11 174 17
182 11 188 17
18 12 24 18
38 12 44 18
53 12 59 18
64 12 70 18
76 12 82 18
189 12 195 18
54 13 60 19
67 13 73 19
106 13 112 19
87 14 93 20
108 14 114 20
123 14 129 20
148 14 154 20
34 15 40 21
44 15 50 21
164 15 170 21
171 15 177 21
184 15 190 21
13 16 19 22
67 16 73 22
77 16 83 22
89 16 95 22
129 16 135 22
132 16 138 22
156 16 162 22
172 16 178 22
90 17 96 23
-1 18 5 24
43 18 49 24
55 18 61 24
63 18 69 24
154 18 160 24
74 19 80 25
87 19 93 25
96 19 102 25
144 19 150 25
40 20 46 26
102 20 108 26
118 20 124 26
84 21 90 27
19 22 25 28
36 22 42 28
40 22 46 28
118 22 124 28
134 22 140 28
172 22 178 28
23 23 29 29
91 23 97 29
158 23 164 29
33 24 39 30
136 25 142 31
49 26 55 32
145 26 151 32
39 27 45 33
81 27 87 33
131 28 137 34
138 28 144 34
17 29 23 35
73 29 79 35
156 29 162 35
32 30 38 36
170 30 176 36
5 31 11 37
17 31 23 37
38 31 44 37
55 31 61 37
100 31 106 37
124 31 130 37
128 31 134 37
1 32 7 38
11 32 17 38
51 32 57 38
62 32 68 38
109 32 115 38
114 32 120 38
29 33 35 39
61 33 67 39
103 33 109 39
107 33 113 39
15 34 21 40
45 34 51 40
73 34 79 40
145 34 151 40
3 35 9 41
56 35 62 41
169 35 175 41
195 35 201 41
26 36 32 42
49 36 55 42
60 36 66 42
89 36 95 42
171 36 177 42
187 36 193 42
167 37 173 43
12 38 18 44
61 38 67 44
81 38 87 44
114 38 120 44
118 38 124 44
142 38 148 44
8 39 14 45
22 39 28 45
34 39 40 45
55 39 61 45
147 39 153 45
184 39 190 45
15 40 21 46
45 40 51 46
99 40 105 46
143 40 149 46
-2 41 4 47
13 41 19 47
40 41 46 47
52 41 58 47
90 41 96 47
160 41 166 47
182 41 188 47
43 42 49 48
167 43 173 49
32 44 38 50
80 44 86 50
101 44 107 50
110 44 116 50
191 44 197 50
155 45 161 51
29 46 35 52
31 47 37 53
36 47 42 53
69 47 75 53
104 47 110 53
115 48 121 54
135 48 141 54
49 49 55 55
78 49 84 55
142 49 148 55
149 49 155 55
10 50 16 56
26 50 32 56
70 50 76 56
72 50 78 56
85 50 91 56
91 50 97 56
151 50 157 56
164 50 170 56
4 51 10 57
93 51 99 57
115 51 121 57
144 51 150 57
194 51 200 57
55 52 61 58
80 52 86 58
15 53 21 59
22 53 28 59
46 53 52 59
116 53 122 59
137 53 143 59
186 53 192 59
16 54 22 60
134 54 140 60
49 55 55 61
104 55 110 61
138 55 144 61
144 55 150 61
185 55 191 61
93 56 99 62
140 56 146 62
147 56 153 62
182 56 188 62
15 57 21 63
117 57 123 63
126 57 132 63
136 57 142 63
186 57 192 63
37 58 43 64
44 58 50 64
114 58 120 64
170 58 176 64
38 59 44 65
92 59 98 65
112 60 118 66
31 61 37 67
43 61 49 67
51 61 57 67
145 61 151 67
156 61 162 67
82 62 88 68
164 62 170 68
169 62 175 68
187 62 193 68
132 63 138 69
135 63 141 69
145 63 151 69
178 63 184 69
17 64 23 70
113 64 119 70
188 64 194 70
10 65 16 71
42 65 48 71
72 65 78 71
21 66 27 72
130 66 136 72
142 66 148 72
182 66 188 72
26 67 32 73
84 67 90 73
115 67 121 73
92 68 98 74
183 68 189 74
66 69 72 75
26 70 32 76
67 70 73 76
93 70 99 76
101 70 107 76
126 70 132 76
6 71 12 77
70 71 76 77
126 71 132 77
183 71 189 77
126 72 132 78
161 72 167 78
169 73 175 79
27 74 33 80
33 74 39 80
51 74 57 80
154 74 160 80
67 75 73 81
170 75 176 81
7 76 13 82
57 76 63 82
123 76 129 82
155 76 161 82
163 76 169 82
181 76 187 82
20 77 26 83
70 77 76 83
5 78 11 84
35 78 41 84
50 78 56 84
97 78 103 84
1 79 7 85
138 79 144 85
164 79 170 85
183 79 189 85
107 80 113 86
62 81 68 87
66 81 72 87
23 82 29 88
42 82 48 88
142 82 148 88
172 82 178 88
127 83 133 89
26 84 32 90
182 84 188 90
57 85 63 91
98 85 104 91
156 85 162 91
42 86 48 92
120 86 126 92
183 86 189 92
29 87 35 93
152 87 158 93
177 87 183 93
190 87 196 93
23 88 29 94
143 88 149 94
162 88 168 94
192 88 198 94
37 89 43 95
46 89 52 95
85 89 91 95
102 89 108 95
144 89 150 95
155 89 161 95
171 89 177 95
181 89 187 95
32 90 38 96
40 90 46 96
51 90 57 96
80 91 86 97
86 91 92 97
96 91 102 97
128 91 134 97
133 91 139 97
136 91 142 97
164 91 170 97
130 92 136 98
9 93 15 99
190 93 196 99
19 94 25 100
32 94 38 100
55 94 61 100
75 94 81 100
123 94 129 100
142 94 148 100
4 95 10 101
40 95 46 101
82 95 88 101
109 95 115 101
149 95 155 101
159 95 165 101
165 95 171 101
9 96 15 102
18 96 24 102
26 96 32 102
47 96 53 102
74 96 80 102
79 96 85 102
126 96 132 102
88 97 94 103
169 97 175 103
19 98 25 104
90 98 96 104
134 98 140 104
36 99 42 105
61 99 67 105
80 99 86 105
96 99 102 105
100 99 106 105
93 100 99 106
132 100 138 106
41 102 47 108
56 102 62 108
90 102 96 108
157 102 163 108
141 103 147 109
149 103 155 109
33 104 39 110
41 104 47 110
50 105 56 111
162 105 168 111
177 105 183 111
4 106 10 112
36 106 42 112
38 106 44 112
111 106 117 112
170 106 176 112
173 107 179 113
58 108 64 114
107 108 113 114
109 108 115 114
122 108 128 114
38 109 44 115
51 109 57 115
99 109 105 115
104 109 110 115
118 109 124 115
125 110 131 116
8 111 14 117
-2 112 4 118
34 112 40 118
47 112 53 118
111 112 117 118
124 112 130 118
132 112 138 118
149 112 155 118
164 112 170 118
167 112 173 118
97 113 103 119
115 113 121 119
111 114 117 120
114 114 120 120
127 114 133 120
136 114 142 120
17 115 23 121
59 115 65 121
144 115 150 121
165 115 171 121
183 115 189 121
72 116 78 122
179 116 185 122
68 117 74 123
142 117 148 123
188 117 194 123
42 118 48 124
70 118 76 124
122 118 128 124
180 118 186 124
6 119 12 125
119 119 125 125
22 120 28 126
94 120 100 126
-3 121 3 127
35 121 41 127
73 121 79 127
110 121 116 127
146 121 152 127
151 121 157 127
182 121 188 127
11 122 17 128
102 122 108 128
121 122 127 128
16 123 22 129
167 123 173 129
19 124 25 130
50 124 56 130
102 124 108 130
143 124 149 130
156 124 162 130
173 124 179 130
174 124 180 130
187 124 193 130
76 126 82 132
82 126 88 132
189 126 195 132
41 127 47 133
60 127 66 133
84 127 90 133
93 127 99 133
114 127 120 133
121 127 127 133
145 128 151 134
154 128 160 134
168 128 174 134
58 129 64 135
84 129 90 135
120 129 126 135
18 130 24 136
69 130 75 136
85 130 91 136
9 131 15 137
15 131 21 137
122 131 128 137
32 132 38 138
93 132 99 138
95 132 101 138
110 132 116 138
116 132 122 138
158 132 164 138
188 132 194 138
137 133 143 139
15 134 21 140
40 134 46 140
57 134 63 140
71 134 77 140
117 134 123 140
123 134 129 140
173 134 179 140
192 134 198 140
30 135 36 141
103 136 109 142
196 136 202 142
69 137 75 143
152 137 158 143
177 137 183 143
182 137 188 143
187 138 193 144
83 139 89 145
90 139 96 145
92 139 98 145
147 139 153 145
12 140 18 146
120 140 126 146
176 140 182 146
17 141 23 147
54 141 60 147
164 141 170 147
6 142 12 148
40 142 46 148
70 142 76 148
82 142 88 148
85 142 91 148
52 143 58 149
91 143 97 149
108 143 114 149
186 143 192 149
15 144 21 150
23 144 29 150
44 144 50 150
116 144 122 150
144 144 150 150
148 144 154 150
176 144 182 150
73 145 79 151
184 145 190 151
164 146 170 152
174 146 180 152
18 147 24 153
137 148 143 154
159 148 165 154
173 148 179 154
191 148 197 154
126 149 132 155
168 149 174 155
96 150 102 156
100 150 106 156
106 150 112 156
131 150 137 156
166 150 172 156
183 150 189 156
191 150 197 156
2 151 8 157
23 151 29 157
61 151 67 157
94 151 100 157
162 151 168 157
186 151 192 157
12 152 18 158
107 152 113 158
6 153 12 159
47 153 53 159
51 153 57 159
68 153 74 159
70 153 76 159
84 153 90 159
193 153 199 159
124 154 130 160
135 154 141 160
147 154 153 160
182 154 188 160
31 155 37 161
71 155 77 161
187 155 193 161
9 156 15 162
19 156 25 162
29 156 35 162
66 156 72 162
194 156 200 162
97 157 103 163
139 157 145 163
141 157 147 163
164 157 170 163
169 157 175 163
186 157 192 163
135 158 141 164
66 159 72 165
44 160 50 166
88 160 94 166
150 160 156 166
39 161 45 167
62 161 68 167
109 161 115 167
122 161 128 167
25 162 31 168
32 162 38 168
57 162 63 168
153 162 159 168
181 162 187 168
90 163 96 169
141 163 147 169
163 163 169 169
24 164 30 170
38 164 44 170
45 164 51 170
53 164 59 170
75 164 81 170
78 165 84 171
92 165 98 171
135 165 141 171
140 165 146 171
156 165 162 171
165 165 171 171
11 166 17 172
195 166 201 172
70 167 76 173
103 167 109 173
167 167 173 173
178 167 184 173
-1 168 5 174
30 168 36 174
111 168 117 174
115 168 121 174
161 168 167 174
175 168 181 174
62 169 68 175
81 169 87 175
169 169 175 175
189 169 195 175
27 170 33 176
113 170 119 176
151 170 157 176
157 170 163 176
171 170 177 176
196 170 202 176
43 171 49 177
159 171 165 177
175 172 181 178
13 173 19 179
14 173 20 179
26 173 32 179
119 173 125 179
160 173 166 179
4 174 10 180
40 174 46 180
120 174 126 180
146 174 152 180
156 174 162 180
177 174 183 180
59 175 65 181
145 176 151 182
184 176 190 182
9 177 15 183
133 177 139 183
135 177 141 183
121 178 127 184
158 178 164 184
1 179 7 185
105 179 111 185
87 180 93 186
103 180 109 186
140 180 146 186
150 181 156 187
153 181 159 187
186 181 192 187
-1 182 5 188
7 182 13 188
23 182 29 188
101 182 107 188
159 182 165 188
116 183 122 189
49 185 55 191
109 185 115 191
168 185 174 191
126 186 132 192
134 186 140 192
138 186 144 192
185 186 191 192
134 187 140 193
166 187 172 193
8 188 14 194
13 188 19 194
36 188 42 194
169 188 175 194
49 189 55 195
161 189 167 195
178 189 184 195
21 190 27 196
26 190 32 196
50 190 56 196
102 190 108 196
156 190 162 196
163 190 169 196
192 190 198 196
16 191 22 197
41 191 47 197
78 191 84 197
104 191 110 197
109 191 115 197
120 191 126 197
130 191 136 197
152 191 158 197
185 191 191 197
196 191 202 197
81 192 87 198
140 192 146 198
165 192 171 198
2 193 8 199
114 193 120 199
166 193 172 199
167 193 173 199
27 194 33 200
37 194 43 200
91 194 97 200
95 194 101 200
191 194 197 200
14 195 20 201
65 195 71 201
73 195 79 201
131 195 137 201
8 196 14 202
19 196 25 202
40 196 46 202
114 196 120 202
119 196 125 202
175 196 181 202
