143
73 -2 79 4
48 -1 54 5
76 2 82 8
136 2 142 8
106 4 112 10
147 6 153 12
187 12 193 18
149 14 155 20
185 14 191 20
34 15 40 21
13 16 19 22
-1 18 5 24
153 18 159 24
44 19 50 25
80 20 86 26
173 22 179 28
183 22 189 28
192 23 198 29
167 24 173 30
49 26 55 32
38 27 44 33
124 31 130 37
171 32 177 38
99 34 105 40
2 35 8 41
195 35 201 41
180 36 186 42
187 36 193 42
167 37 173 43
-2 41 4 47
40 41 46 47
167 43 173 49
110 44 116 50
160 44 166 50
164 44 170 50
194 44 200 50
101 45 107 51
155 45 161 51
104 47 110 53
36 48 42 54
115 48 121 54
135 48 141 54
81 49 87 55
194 49 200 55
86 50 92 56
4 51 10 57
80 54 86 60
104 55 110 61
147 56 153 62
73 60 79 66
31 61 37 67
100 61 106 67
164 62 170 68
59 64 65 70
9 65 15 71
115 68 121 74
101 70 107 76
181 70 187 76
28 74 34 80
123 75 129 81
1 79 7 85
57 85 63 91
107 89 113 95
22 90 28 96
19 92 25 98
80 92 86 98
127 92 133 98
55 94 61 100
4 95 10 101
159 95 165 101
165 95 171 101
167 97 173 103
141 99 147 105
42 102 48 108
188 103 194 109
176 105 182 111
181 106 187 112
17 107 23 113
173 107 179 113
37 109 43 115
118 109 124 115
0 112 6 118
46 112 52 118
149 113 155 119
72 114 78 120
170 114 176 120
60 115 66 121
183 115 189 121
188 117 194 123
42 118 48 124
39 121 45 127
112 121 118 127
151 121 157 127
181 121 187 127
93 127 99 133
145 128 151 134
168 129 174 135
9 131 15 137
158 132 164 138
57 133 63 139
120 134 126 140
173 134 179 140
37 136 43 142
103 136 109 142
166 138 172 144
39 142 45 148
108 142 114 148
23 144 29 150
116 145 122 151
33 147 39 153
137 148 143 154
23 151 29 157
12 153 18 159
109 154 115 160
71 155 77 161
9 156 15 162
19 156 25 162
122 160 128 166
109 161 115 167
45 164 51 170
135 164 141 170
11 165 17 171
93 165 99 171
194 166 200 172
116 167 122 173
167 167 173 173
30 169 36 175
81 169 87 175
189 169 195 175
121 178 127 184
87 180 93 186
105 182 111 188
119 183 125 189
107 184 113 190
126 186 132 192
139 186 145 192
7 188 13 194
36 188 42 194
85 188 91 194
146 189 152 195
171 189 177 195
176 189 182 195
45 192 51 198
