205
99 -3 105 3
21 -1 27 5
49 -1 55 5
76 2 82 8
136 2 142 8
106 4 112 10
147 6 153 12
189 12 195 18
168 13 174 19
149 14 155 20
34 15 40 21
165 15 171 21
184 15 190 21
13 16 19 22
77 17 83 23
-1 18 5 24
44 18 50 24
55 18 61 24
153 18 159 24
60 21 66 27
82 21 88 27
173 22 179 28
183 22 189 28
192 23 198 29
131 24 137 30
167 24 173 30
38 27 44 33
85 30 91 36
124 31 130 37
171 31 177 37
100 33 106 39
103 33 109 39
195 35 201 41
187 36 193 42
167 37 173 43
-2 41 4 47
40 41 46 47
81 41 87 47
80 42 86 48
160 43 166 49
167 43 173 49
101 44 107 50
110 44 116 50
155 45 161 51
104 47 110 53
36 48 42 54
115 48 121 54
135 48 141 54
79 49 85 55
86 50 92 56
4 51 10 57
194 51 200 57
80 54 86 60
104 55 110 61
131 59 137 65
182 59 188 65
73 60 79 66
31 61 37 67
100 61 106 67
164 62 170 68
180 63 186 69
59 64 65 70
9 65 15 71
83 67 89 73
115 68 121 74
71 70 77 76
101 70 107 76
181 70 187 76
7 71 13 77
89 71 95 77
28 74 34 80
20 75 26 81
123 75 129 81
57 76 63 82
107 81 113 87
164 81 170 87
171 82 177 88
125 84 131 90
57 85 63 91
100 85 106 91
123 86 129 92
102 88 108 94
107 89 113 95
162 89 168 95
164 91 170 97
80 92 86 98
126 92 132 98
19 93 25 99
190 93 196 99
55 94 61 100
4 95 10 101
40 95 46 101
109 95 115 101
159 95 165 101
165 95 171 101
47 96 53 102
169 97 175 103
141 100 147 106
42 102 48 108
188 104 194 110
108 106 114 112
165 106 171 112
168 106 174 112
181 106 187 112
17 107 23 113
173 107 179 113
76 108 82 114
4 109 10 115
8 109 14 115
37 109 43 115
106 109 112 115
118 109 124 115
-1 112 5 118
46 112 52 118
149 113 155 119
72 114 78 120
60 115 66 121
183 115 189 121
188 117 194 123
42 118 48 124
165 119 171 125
194 119 200 125
-3 121 3 127
37 121 43 127
112 121 118 127
151 121 157 127
22 123 28 129
167 123 173 129
11 124 17 130
155 124 161 130
18 127 24 133
93 127 99 133
114 128 120 134
145 128 151 134
154 128 160 134
75 129 81 135
168 129 174 135
-1 131 5 137
9 131 15 137
78 131 84 137
188 133 194 139
37 136 43 142
103 136 109 142
166 138 172 144
6 142 12 148
40 142 46 148
23 144 29 150
116 145 122 151
33 147 39 153
80 148 86 154
159 149 165 155
161 150 167 156
23 151 29 157
99 151 105 157
12 153 18 159
109 154 115 160
71 155 77 161
9 156 15 162
19 156 25 162
97 156 103 162
122 160 128 166
109 161 115 167
56 162 62 168
54 163 60 169
45 164 51 170
135 164 141 170
11 165 17 171
93 165 99 171
194 166 200 172
116 167 122 173
162 167 168 173
111 168 117 174
30 169 36 175
81 169 87 175
189 169 195 175
152 170 158 176
162 171 168 177
160 173 166 179
40 174 46 180
59 174 65 180
156 174 162 180
121 178 127 184
38 179 44 185
87 180 93 186
104 181 110 187
139 182 145 188
118 183 124 189
23 184 29 190
108 185 114 191
126 186 132 192
139 186 145 192
7 188 13 194
21 188 27 194
36 188 42 194
85 188 91 194
58 189 64 195
140 189 146 195
145 189 151 195
160 189 166 195
169 189 175 195
178 189 184 195
156 190 162 196
152 191 158 197
34 196 40 202
73 196 79 202
