411
30 -3 36 3
34 -3 40 3
59 -3 65 3
98 -3 104 3
60 -2 66 4
50 -1 56 5
64 -1 70 5
21 0 27 6
118 1 124 7
76 2 82 8
118 2 124 8
136 2 142 8
48 4 54 10
106 4 112 10
46 6 52 12
148 6 154 12
26 10 32 16
180 10 186 16
38 11 44 17
84 11 90 17
92 11 98 17
168 11 174 17
182 11 188 17
64 12 70 18
71 12 77 18
74 12 80 18
189 12 195 18
27 13 33 19
148 14 154 20
34 15 40 21
164 15 170 21
184 15 190 21
13 16 19 22
77 17 83 23
-1 18 5 24
43 18 49 24
55 18 61 24
63 18 69 24
154 18 160 24
74 19 80 25
96 19 102 25
101 20 107 26
60 21 66 27
83 21 89 27
134 21 140 27
19 22 25 28
36 22 42 28
89 22 95 28
173 22 179 28
183 22 189 28
23 23 29 29
33 24 39 30
72 24 78 30
167 24 173 30
49 26 55 32
145 26 151 32
158 26 164 32
39 27 45 33
81 28 87 34
156 28 162 34
74 29 80 35
130 29 136 35
32 30 38 36
171 30 177 36
3 31 9 37
51 31 57 37
100 31 106 37
128 31 134 37
1 32 7 38
12 32 18 38
55 32 61 38
114 32 120 38
14 33 20 39
30 33 36 39
103 33 109 39
145 33 151 39
46 34 52 40
73 34 79 40
96 34 102 40
49 36 55 42
180 36 186 42
187 36 193 42
26 37 32 43
89 37 95 43
167 37 173 43
81 38 87 44
115 38 121 44
118 38 124 44
33 39 39 45
55 39 61 45
52 40 58 46
90 40 96 46
-2 41 4 47
160 42 166 48
25 43 31 49
167 43 173 49
80 44 86 50
101 44 107 50
110 44 116 50
192 44 198 50
155 45 161 51
70 47 76 53
104 47 110 53
36 48 42 54
115 48 121 54
135 48 141 54
72 49 78 55
78 49 84 55
164 49 170 55
25 50 31 56
85 50 91 56
4 51 10 57
10 51 16 57
194 51 200 57
55 53 61 59
80 53 86 59
11 54 17 60
46 54 52 60
49 55 55 61
53 55 59 61
104 55 110 61
137 55 143 61
144 55 150 61
140 56 146 62
182 56 188 62
136 57 142 63
73 60 79 66
31 61 37 67
131 61 137 67
82 62 88 68
164 62 170 68
179 63 185 69
18 64 24 70
59 64 65 70
42 65 48 71
72 65 78 71
83 67 89 73
115 67 121 73
142 67 148 73
101 70 107 76
171 70 177 76
175 70 181 76
183 70 189 76
7 71 13 77
40 71 46 77
71 71 77 77
161 72 167 78
144 73 150 79
27 74 33 80
92 74 98 80
100 74 106 80
33 75 39 81
67 75 73 81
163 75 169 81
20 76 26 82
57 76 63 82
136 76 142 82
173 76 179 82
179 76 185 82
35 77 41 83
70 77 76 83
142 77 148 83
98 78 104 84
138 79 144 85
183 79 189 85
107 80 113 86
164 80 170 86
141 82 147 88
172 82 178 88
32 83 38 89
42 83 48 89
126 83 132 89
182 84 188 90
57 85 63 91
99 85 105 91
43 86 49 92
121 86 127 92
183 86 189 92
30 87 36 93
152 87 158 93
178 88 184 94
46 89 52 95
102 89 108 95
107 89 113 95
50 90 56 96
80 91 86 97
126 91 132 97
164 91 170 97
27 93 33 99
190 93 196 99
19 94 25 100
55 94 61 100
142 94 148 100
4 95 10 101
26 95 32 101
40 95 46 101
109 95 115 101
159 95 165 101
165 95 171 101
169 97 175 103
36 98 42 104
69 98 75 104
62 99 68 105
92 100 98 106
29 102 35 108
42 102 48 108
91 102 97 108
56 103 62 109
141 103 147 109
33 104 39 110
77 104 83 110
157 104 163 110
158 105 164 111
163 105 169 111
177 105 183 111
110 106 116 112
170 106 176 112
181 106 187 112
4 107 10 113
17 107 23 113
57 107 63 113
173 107 179 113
51 108 57 114
76 108 82 114
38 109 44 115
105 109 111 115
118 109 124 115
8 110 14 116
125 110 131 116
99 111 105 117
140 111 146 117
-2 112 4 118
46 112 52 118
97 112 103 118
124 112 130 118
131 112 137 118
21 113 27 119
137 113 143 119
149 113 155 119
17 114 23 120
128 114 134 120
3 115 9 121
60 115 66 121
144 115 150 121
165 116 171 122
142 117 148 123
188 117 194 123
42 118 48 124
92 118 98 124
121 118 127 124
6 119 12 125
120 119 126 125
194 119 200 125
22 121 28 127
35 121 41 127
94 121 100 127
110 121 116 127
151 121 157 127
181 121 187 127
146 122 152 128
11 123 17 129
144 123 150 129
167 123 173 129
50 124 56 130
156 124 162 130
187 124 193 130
75 126 81 132
188 126 194 132
60 127 66 133
93 127 99 133
114 127 120 133
145 128 151 134
154 128 160 134
51 129 57 135
58 129 64 135
168 129 174 135
18 130 24 136
137 130 143 136
-1 131 5 137
78 131 84 137
32 132 38 138
116 132 122 138
138 132 144 138
158 132 164 138
188 132 194 138
123 133 129 139
57 134 63 140
71 134 77 140
117 134 123 140
173 134 179 140
31 135 37 141
40 135 46 141
-3 136 3 142
37 136 43 142
103 136 109 142
151 137 157 143
177 137 183 143
182 137 188 143
187 137 193 143
-2 138 4 144
166 138 172 144
83 139 89 145
148 139 154 145
13 140 19 146
18 141 24 147
40 142 46 148
83 142 89 148
70 143 76 149
108 143 114 149
23 144 29 150
45 144 51 150
47 144 53 150
73 144 79 150
116 145 122 151
33 147 39 153
80 148 86 154
137 148 143 154
159 148 165 154
99 150 105 156
130 150 136 156
23 151 29 157
162 151 168 157
186 151 192 157
3 152 9 158
12 153 18 159
109 154 115 160
125 154 131 160
128 155 134 161
182 155 188 161
19 156 25 162
97 157 103 163
122 160 128 166
38 161 44 167
109 161 115 167
150 161 156 167
181 161 187 167
32 162 38 168
57 162 63 168
153 162 159 168
38 163 44 169
53 163 59 169
62 163 68 169
45 164 51 170
75 164 81 170
163 164 169 170
78 165 84 171
92 165 98 171
156 165 162 171
165 165 171 171
11 166 17 172
100 166 106 172
117 166 123 172
103 167 109 173
167 167 173 173
-2 168 4 174
62 168 68 174
111 168 117 174
115 168 121 174
30 169 36 175
45 169 51 175
113 169 119 175
189 169 195 175
-3 170 3 176
151 170 157 176
171 170 177 176
43 171 49 177
165 171 171 177
40 174 46 180
121 178 127 184
9 179 15 185
38 179 44 185
104 179 110 185
7 180 13 186
87 180 93 186
103 180 109 186
140 180 146 186
102 182 108 188
117 183 123 189
186 183 192 189
185 184 191 190
49 185 55 191
109 185 115 191
168 185 174 191
126 186 132 192
138 186 144 192
167 187 173 193
13 188 19 194
36 188 42 194
85 188 91 194
21 189 27 195
58 189 64 195
161 189 167 195
169 189 175 195
178 189 184 195
156 190 162 196
193 190 199 196
119 191 125 197
152 191 158 197
187 191 193 197
194 191 200 197
140 192 146 198
36 194 42 200
131 194 137 200
191 194 197 200
13 195 19 201
65 195 71 201
73 195 79 201
4 196 10 202
8 196 14 202
19 196 25 202
119 196 125 202
