156
73 -2 79 4
48 -1 54 5
76 2 82 8
136 2 142 8
106 4 112 10
147 6 153 12
188 12 194 18
149 14 155 20
34 15 40 21
184 15 190 21
13 16 19 22
78 17 84 23
-1 18 5 24
44 18 50 24
56 18 62 24
153 18 159 24
58 20 64 26
173 22 179 28
183 22 189 28
192 23 198 29
167 24 173 30
49 26 55 32
38 27 44 33
124 31 130 37
171 31 177 37
114 32 120 38
99 34 105 40
3 35 9 41
195 35 201 41
180 36 186 42
187 36 193 42
-2 41 4 47
40 41 46 47
167 43 173 49
110 44 116 50
160 44 166 50
194 44 200 50
101 45 107 51
155 45 161 51
164 45 170 51
104 47 110 53
36 48 42 54
115 48 121 54
135 48 141 54
80 49 86 55
86 50 92 56
194 50 200 56
80 54 86 60
146 56 152 62
131 58 137 64
73 60 79 66
31 61 37 67
100 61 106 67
164 62 170 68
82 63 88 69
9 65 15 71
72 65 78 71
83 65 89 71
71 68 77 74
115 68 121 74
7 70 13 76
101 70 107 76
181 70 187 76
28 74 34 80
123 75 129 81
57 76 63 82
1 79 7 85
183 79 189 85
107 81 113 87
166 81 172 87
168 82 174 88
57 85 63 91
101 85 107 91
102 87 108 93
23 89 29 95
107 89 113 95
126 92 132 98
19 93 25 99
190 93 196 99
55 94 61 100
4 95 10 101
159 95 165 101
165 95 171 101
40 96 46 102
47 96 53 102
39 97 45 103
141 100 147 106
42 102 48 108
188 103 194 109
176 105 182 111
181 106 187 112
17 107 23 113
173 107 179 113
37 109 43 115
118 109 124 115
0 112 6 118
46 112 52 118
149 113 155 119
72 114 78 120
170 114 176 120
42 118 48 124
165 120 171 126
38 121 44 127
112 121 118 127
151 121 157 127
181 121 187 127
22 124 28 130
155 124 161 130
11 125 17 131
18 126 24 132
114 128 120 134
145 128 151 134
154 128 160 134
168 129 174 135
-1 131 5 137
158 132 164 138
57 133 63 139
173 134 179 140
120 135 126 141
166 138 172 144
40 142 46 148
108 142 114 148
116 145 122 151
33 147 39 153
137 148 143 154
23 151 29 157
12 153 18 159
99 153 105 159
109 154 115 160
71 155 77 161
97 155 103 161
109 161 115 167
45 164 51 170
135 164 141 170
11 165 17 171
93 165 99 171
155 166 161 172
194 166 200 172
111 167 117 173
116 167 122 173
81 169 87 175
189 169 195 175
153 170 159 176
40 174 46 180
59 174 65 180
121 178 127 184
87 180 93 186
105 181 111 187
119 183 125 189
107 185 113 191
126 186 132 192
58 189 64 195
146 189 152 195
170 189 176 195
178 189 184 195
44 192 50 198
