648
4 -3 10 3
30 -3 36 3
34 -3 40 3
57 -3 63 3
98 -3 104 3
152 -3 158 3
61 -2 67 4
131 -2 137 4
156 -2 162 4
173 -2 179 4
38 -1 44 5
50 -1 56 5
103 -1 109 5
129 -1 135 5
21 0 27 6
64 0 70 6
119 1 125 7
76 2 82 8
192 2 198 8
136 3 142 9
151 3 157 9
156 3 162 9
48 4 54 10
106 4 112 10
191 4 197 10
46 6 52 12
99 6 105 12
149 6 155 12
84 7 90 13
52 8 58 14
83 8 89 14
101 8 107 14
161 8 167 14
39 9 45 15
54 9 60 15
94 9 100 15
180 9 186 15
112 10 118 16
192 10 198 16
17 11 23 17
83 11 89 17
91 11 97 17
125 11 131 17
168 11 174 17
182 11 188 17
18 12 24 18
38 12 44 18
44 12 50 18
53 12 59 18
54 12 60 18
64 12 70 18
70 12 76 18
76 12 82 18
189 12 195 18
67 13 73 19
123 13 129 19
27 14 33 20
44 14 50 20
87 14 93 20
108 14 114 20
34 15 40 21
164 15 170 21
171 15 177 21
184 15 190 21
13 16 19 22
67 16 73 22
77 16 83 22
132 16 138 22
143 16 149 22
172 16 178 22
89 17 95 23
90 17 96 23
-1 18 5 24
43 18 49 24
63 18 69 24
144 18 150 24
154 18 160 24
74 19 80 25
87 19 93 25
96 19 102 25
102 20 108 26
83 21 89 27
19 22 25 28
36 22 42 28
134 22 140 28
172 22 178 28
183 22 189 28
192 23 198 29
158 24 164 30
72 25 78 31
136 25 142 31
167 25 173 31
39 27 45 33
73 29 79 35
131 29 137 35
156 29 162 35
32 30 38 36
170 30 176 36
5 31 11 37
38 31 44 37
55 31 61 37
100 31 106 37
124 31 130 37
128 31 134 37
1 32 7 38
51 32 57 38
108 32 114 38
114 32 120 38
15 33 21 39
29 33 35 39
103 33 109 39
145 33 151 39
45 34 51 40
73 34 79 40
96 34 102 40
3 35 9 41
38 35 44 41
169 35 175 41
195 35 201 41
26 36 32 42
49 36 55 42
60 36 66 42
89 36 95 42
180 36 186 42
167 37 173 43
12 38 18 44
61 38 67 44
81 38 87 44
114 38 120 44
118 38 124 44
8 39 14 45
22 39 28 45
34 39 40 45
55 39 61 45
147 39 153 45
184 39 190 45
15 40 21 46
45 40 51 46
58 40 64 46
99 40 105 46
143 40 149 46
149 40 155 46
13 41 19 47
21 41 27 47
40 41 46 47
52 41 58 47
90 41 96 47
96 41 102 47
160 41 166 47
183 41 189 47
43 42 49 48
25 43 31 49
167 43 173 49
32 44 38 50
80 44 86 50
101 44 107 50
110 44 116 50
191 44 197 50
155 45 161 51
29 47 35 53
69 47 75 53
104 47 110 53
135 48 141 54
73 49 79 55
78 49 84 55
142 49 148 55
149 49 155 55
26 50 32 56
85 50 91 56
91 50 97 56
93 50 99 56
151 50 157 56
164 50 170 56
10 51 16 57
115 51 121 57
144 51 150 57
188 51 194 57
194 51 200 57
55 52 61 58
80 52 86 58
116 53 122 59
186 53 192 59
11 54 17 60
15 54 21 60
46 54 52 60
135 54 141 60
49 55 55 61
53 55 59 61
104 55 110 61
144 55 150 61
185 55 191 61
93 56 99 62
140 56 146 62
147 56 153 62
182 56 188 62
15 57 21 63
116 57 122 63
126 57 132 63
136 57 142 63
186 57 192 63
37 58 43 64
44 58 50 64
92 58 98 64
114 58 120 64
123 58 129 64
170 58 176 64
37 59 43 65
73 60 79 66
112 60 118 66
43 61 49 67
100 61 106 67
131 61 137 67
145 61 151 67
154 61 160 67
145 62 151 68
164 62 170 68
169 62 175 68
187 62 193 68
132 63 138 69
134 63 140 69
178 63 184 69
17 64 23 70
54 64 60 70
59 64 65 70
113 64 119 70
188 64 194 70
10 65 16 71
72 65 78 71
21 66 27 72
130 66 136 72
182 66 188 72
83 67 89 73
142 67 148 73
92 68 98 74
131 68 137 74
183 68 189 74
26 70 32 76
64 70 70 76
101 70 107 76
174 70 180 76
6 71 12 77
21 71 27 77
66 71 72 77
70 71 76 77
89 71 95 77
183 71 189 77
161 72 167 78
144 73 150 79
169 73 175 79
27 74 33 80
33 74 39 80
101 74 107 80
154 74 160 80
51 75 57 81
163 75 169 81
170 75 176 81
57 76 63 82
136 76 142 82
155 76 161 82
7 77 13 83
20 77 26 83
70 77 76 83
6 78 12 84
35 78 41 84
50 78 56 84
97 78 103 84
1 79 7 85
164 79 170 85
107 80 113 86
62 81 68 87
32 82 38 88
142 82 148 88
172 82 178 88
127 83 133 89
26 84 32 90
182 84 188 90
57 85 63 91
99 85 105 91
156 85 162 91
43 86 49 92
120 86 126 92
183 86 189 92
152 87 158 93
158 87 164 93
177 87 183 93
190 87 196 93
23 88 29 94
162 88 168 94
191 88 197 94
37 89 43 95
85 89 91 95
102 89 108 95
108 89 114 95
155 89 161 95
172 89 178 95
181 89 187 95
32 90 38 96
40 90 46 96
51 90 57 96
126 90 132 96
80 91 86 97
96 91 102 97
128 91 134 97
133 91 139 97
136 91 142 97
164 91 170 97
172 91 178 97
27 92 33 98
130 92 136 98
138 93 144 99
190 93 196 99
19 94 25 100
32 94 38 100
75 94 81 100
124 94 130 100
142 94 148 100
4 95 10 101
40 95 46 101
81 95 87 101
109 95 115 101
149 95 155 101
159 95 165 101
18 96 24 102
26 96 32 102
47 96 53 102
74 96 80 102
79 96 85 102
125 96 131 102
88 97 94 103
169 97 175 103
18 98 24 104
69 98 75 104
89 98 95 104
134 98 140 104
36 99 42 105
61 99 67 105
80 99 86 105
96 99 102 105
132 99 138 105
93 100 99 106
42 101 48 107
148 101 154 107
29 102 35 108
56 102 62 108
80 102 86 108
90 102 96 108
149 103 155 109
157 103 163 109
33 104 39 110
77 104 83 110
50 105 56 111
162 105 168 111
177 105 183 111
36 106 42 112
38 106 44 112
111 106 117 112
158 106 164 112
170 106 176 112
181 106 187 112
4 107 10 113
17 107 23 113
58 107 64 113
121 107 127 113
173 107 179 113
76 108 82 114
108 108 114 114
122 108 128 114
38 109 44 115
51 109 57 115
118 109 124 115
99 110 105 116
8 111 14 117
141 111 147 117
-2 112 4 118
21 112 27 118
33 112 39 118
47 112 53 118
124 112 130 118
132 112 138 118
149 112 155 118
167 112 173 118
97 113 103 119
115 113 121 119
136 113 142 119
3 114 9 120
113 114 119 120
127 114 133 120
172 114 178 120
17 115 23 121
144 115 150 121
165 115 171 121
183 115 189 121
68 117 74 123
142 117 148 123
188 117 194 123
42 118 48 124
91 118 97 124
122 118 128 124
6 119 12 125
119 119 125 125
194 119 200 125
22 120 28 126
94 120 100 126
-3 121 3 127
35 121 41 127
73 121 79 127
110 121 116 127
146 121 152 127
151 121 157 127
182 121 188 127
11 122 17 128
71 122 77 128
120 122 126 128
16 123 22 129
143 123 149 129
167 123 173 129
19 124 25 130
50 124 56 130
156 124 162 130
187 124 193 130
76 126 82 132
82 126 88 132
189 126 195 132
84 127 90 133
93 127 99 133
114 127 120 133
41 128 47 134
70 128 76 134
137 128 143 134
145 128 151 134
154 128 160 134
58 129 64 135
120 129 126 135
69 130 75 136
0 131 6 137
9 131 15 137
15 131 21 137
122 131 128 137
32 132 38 138
78 132 84 138
116 132 122 138
158 132 164 138
188 132 194 138
137 133 143 139
15 134 21 140
57 134 63 140
71 134 77 140
117 134 123 140
123 134 129 140
173 134 179 140
30 135 36 141
193 135 199 141
37 136 43 142
42 136 48 142
196 136 202 142
182 137 188 143
-2 138 4 144
166 138 172 144
187 138 193 144
83 139 89 145
120 139 126 145
147 139 153 145
12 140 18 146
86 140 92 146
176 140 182 146
17 141 23 147
54 141 60 147
164 141 170 147
6 142 12 148
40 142 46 148
82 142 88 148
85 142 91 148
92 142 98 148
133 142 139 148
52 143 58 149
91 143 97 149
15 144 21 150
44 144 50 150
116 144 122 150
136 144 142 150
144 144 150 150
148 144 154 150
176 144 182 150
73 145 79 151
18 146 24 152
174 146 180 152
33 147 39 153
79 148 85 154
137 148 143 154
159 148 165 154
173 148 179 154
63 149 69 155
167 149 173 155
61 150 67 156
96 150 102 156
100 150 106 156
106 150 112 156
131 150 137 156
166 150 172 156
183 150 189 156
2 151 8 157
23 151 29 157
162 151 168 157
186 151 192 157
12 152 18 158
107 152 113 158
146 152 152 158
6 153 12 159
48 153 54 159
51 153 57 159
83 153 89 159
147 153 153 159
193 153 199 159
125 154 131 160
182 154 188 160
31 155 37 161
135 155 141 161
186 155 192 161
9 156 15 162
19 156 25 162
30 156 36 162
66 156 72 162
128 156 134 162
194 156 200 162
97 157 103 163
164 157 170 163
169 157 175 163
186 157 192 163
36 159 42 165
45 159 51 165
66 159 72 165
44 160 50 166
88 160 94 166
150 160 156 166
39 161 45 167
109 161 115 167
122 161 128 167
25 162 31 168
32 162 38 168
153 162 159 168
24 163 30 169
90 163 96 169
141 163 147 169
163 163 169 169
45 164 51 170
75 164 81 170
140 165 146 171
156 165 162 171
165 165 171 171
11 166 17 172
117 166 123 172
195 166 201 172
70 167 76 173
103 167 109 173
167 167 173 173
178 167 184 173
-1 168 5 174
30 168 36 174
45 168 51 174
111 168 117 174
115 168 121 174
161 168 167 174
175 168 181 174
62 169 68 175
81 169 87 175
169 169 175 175
189 169 195 175
27 170 33 176
113 170 119 176
151 170 157 176
158 170 164 176
171 170 177 176
196 170 202 176
43 171 49 177
159 171 165 177
165 171 171 177
26 173 32 179
160 173 166 179
175 173 181 179
4 174 10 180
40 174 46 180
156 174 162 180
59 175 65 181
145 176 151 182
182 176 188 182
184 176 190 182
5 177 11 183
9 178 15 184
121 178 127 184
0 179 6 185
105 179 111 185
158 179 164 185
87 180 93 186
103 180 109 186
140 180 146 186
7 181 13 187
151 181 157 187
152 181 158 187
186 181 192 187
-1 182 5 188
23 182 29 188
101 182 107 188
116 183 122 189
49 185 55 191
109 185 115 191
168 185 174 191
126 186 132 192
138 186 144 192
185 186 191 192
166 187 172 193
8 188 14 194
13 188 19 194
36 188 42 194
85 188 91 194
169 188 175 194
21 189 27 195
59 189 65 195
110 189 116 195
143 189 149 195
161 189 167 195
178 189 184 195
163 190 169 196
192 190 198 196
16 191 22 197
24 191 30 197
109 191 115 197
120 191 126 197
130 191 136 197
152 191 158 197
186 191 192 197
196 191 202 197
81 192 87 198
140 192 146 198
165 192 171 198
2 193 8 199
37 194 43 200
91 194 97 200
95 194 101 200
114 194 120 200
191 194 197 200
14 195 20 201
65 195 71 201
131 195 137 201
8 196 14 202
19 196 25 202
40 196 46 202
114 196 120 202
119 196 125 202
