227
21 -1 27 5
50 -1 56 5
76 2 82 8
136 2 142 8
106 4 112 10
147 6 153 12
168 12 174 18
189 12 195 18
148 14 154 20
34 15 40 21
165 15 171 21
184 15 190 21
13 16 19 22
44 18 50 24
55 18 61 24
154 18 160 24
60 21 66 27
82 21 88 27
133 22 139 28
173 22 179 28
183 22 189 28
192 23 198 29
131 24 137 30
167 24 173 30
49 26 55 32
39 27 45 33
145 27 151 33
81 29 87 35
85 30 91 36
145 31 151 37
100 32 106 38
103 33 109 39
195 35 201 41
180 36 186 42
187 36 193 42
167 37 173 43
81 40 87 46
-2 41 4 47
40 41 46 47
80 43 86 49
160 43 166 49
101 44 107 50
110 44 116 50
193 44 199 50
155 45 161 51
164 47 170 53
36 48 42 54
115 48 121 54
135 48 141 54
79 49 85 55
86 50 92 56
4 51 10 57
194 51 200 57
80 54 86 60
104 55 110 61
144 55 150 61
142 56 148 62
146 56 152 62
182 58 188 64
131 59 137 65
73 60 79 66
31 61 37 67
100 61 106 67
82 62 88 68
164 62 170 68
180 63 186 69
59 64 65 70
9 65 15 71
72 65 78 71
42 67 48 73
115 68 121 74
40 69 46 75
101 70 107 76
181 70 187 76
7 71 13 77
21 71 27 77
27 74 33 80
20 75 26 81
123 75 129 81
57 76 63 82
1 79 7 85
183 79 189 85
107 80 113 86
164 81 170 87
171 82 177 88
125 84 131 90
57 85 63 91
100 85 106 91
122 86 128 92
23 89 29 95
102 89 108 95
107 89 113 95
162 89 168 95
164 91 170 97
80 92 86 98
126 92 132 98
190 93 196 99
19 94 25 100
55 94 61 100
4 95 10 101
40 95 46 101
109 95 115 101
159 95 165 101
47 96 53 102
169 97 175 103
37 98 43 104
67 98 73 104
64 99 70 105
42 102 48 108
31 103 37 109
32 104 38 110
77 104 83 110
188 104 194 110
176 105 182 111
108 106 114 112
164 106 170 112
169 106 175 112
181 106 187 112
4 108 10 114
76 108 82 114
37 109 43 115
105 109 111 115
118 109 124 115
-1 112 5 118
46 112 52 118
149 113 155 119
60 115 66 121
72 115 78 121
183 115 189 121
4 116 10 122
188 117 194 123
5 118 11 124
42 118 48 124
92 118 98 124
165 118 171 124
194 119 200 125
-3 121 3 127
111 121 117 127
151 121 157 127
181 121 187 127
22 123 28 129
155 124 161 130
93 127 99 133
18 128 24 134
114 128 120 134
145 128 151 134
154 128 160 134
168 129 174 135
-1 131 5 137
9 131 15 137
78 131 84 137
32 132 38 138
57 133 63 139
31 134 37 140
173 134 179 140
120 135 126 141
37 136 43 142
71 136 77 142
103 136 109 142
187 136 193 142
70 137 76 143
166 138 172 144
18 141 24 147
6 142 12 148
40 142 46 148
108 142 114 148
23 144 29 150
116 145 122 151
33 147 39 153
80 148 86 154
137 148 143 154
159 148 165 154
162 150 168 156
23 151 29 157
99 151 105 157
12 153 18 159
109 154 115 160
71 155 77 161
9 156 15 162
19 156 25 162
122 160 128 166
109 161 115 167
45 164 51 170
135 164 141 170
11 165 17 171
155 165 161 171
194 166 200 172
167 167 173 173
111 168 117 174
30 169 36 175
81 169 87 175
189 169 195 175
152 170 158 176
160 173 166 179
40 174 46 180
59 174 65 180
156 174 162 180
121 178 127 184
87 180 93 186
104 181 110 187
139 181 145 187
118 183 124 189
23 184 29 190
48 185 54 191
108 185 114 191
47 186 53 192
126 186 132 192
139 186 145 192
7 188 13 194
21 188 27 194
36 188 42 194
58 189 64 195
140 189 146 195
145 189 151 195
161 189 167 195
169 189 175 195
178 189 184 195
156 190 162 196
152 191 158 197
42 192 48 198
119 192 125 198
188 192 194 198
190 194 196 200
119 195 125 201
19 196 25 202
34 196 40 202
73 196 79 202
