467
34 -3 40 3
40 -3 46 3
58 -3 64 3
39 -2 45 4
50 -1 56 5
103 -1 109 5
156 -1 162 5
21 0 27 6
64 0 70 6
119 1 125 7
76 2 82 8
136 2 142 8
48 4 54 10
106 4 112 10
118 4 124 10
46 6 52 12
149 6 155 12
99 7 105 13
101 8 107 14
193 8 199 14
39 9 45 15
94 9 100 15
180 9 186 15
192 10 198 16
83 11 89 17
91 11 97 17
38 12 44 18
64 12 70 18
70 12 76 18
75 12 81 18
27 13 33 19
87 14 93 20
148 14 154 20
164 15 170 21
184 15 190 21
13 16 19 22
77 16 83 22
-1 18 5 24
43 18 49 24
55 18 61 24
63 18 69 24
154 18 160 24
74 19 80 25
96 19 102 25
87 20 93 26
60 21 66 27
83 21 89 27
134 21 140 27
19 22 25 28
36 22 42 28
90 22 96 28
172 22 178 28
183 22 189 28
23 23 29 29
192 23 198 29
33 24 39 30
72 24 78 30
131 24 137 30
167 24 173 30
137 25 143 31
158 25 164 31
49 26 55 32
145 26 151 32
39 27 45 33
81 28 87 34
137 28 143 34
156 28 162 34
74 29 80 35
131 29 137 35
32 30 38 36
86 30 92 36
51 31 57 37
100 31 106 37
128 31 134 37
1 32 7 38
12 32 18 38
114 32 120 38
15 33 21 39
30 33 36 39
103 33 109 39
145 33 151 39
46 34 52 40
73 34 79 40
96 34 102 40
4 35 10 41
195 35 201 41
26 36 32 42
49 36 55 42
180 36 186 42
187 36 193 42
167 37 173 43
81 38 87 44
114 38 120 44
10 39 16 45
55 39 61 45
90 40 96 46
-2 41 4 47
40 41 46 47
45 41 51 47
160 41 166 47
44 42 50 48
32 43 38 49
167 43 173 49
80 44 86 50
101 44 107 50
110 44 116 50
192 44 198 50
155 45 161 51
69 47 75 53
104 47 110 53
36 48 42 54
115 48 121 54
135 48 141 54
73 49 79 55
78 49 84 55
26 50 32 56
85 50 91 56
142 50 148 56
143 50 149 56
164 50 170 56
4 51 10 57
10 51 16 57
188 51 194 57
194 51 200 57
23 53 29 59
55 53 61 59
46 54 52 60
13 55 19 61
104 55 110 61
138 55 144 61
144 55 150 61
185 55 191 61
15 56 21 62
140 56 146 62
146 56 152 62
182 56 188 62
125 57 131 63
136 57 142 63
186 57 192 63
123 58 129 64
44 59 50 65
170 59 176 65
43 60 49 66
31 61 37 67
52 61 58 67
100 61 106 67
112 61 118 67
131 61 137 67
164 62 170 68
187 62 193 68
113 63 119 69
179 63 185 69
18 64 24 70
59 64 65 70
42 65 48 71
72 65 78 71
83 67 89 73
182 67 188 73
101 70 107 76
171 70 177 76
175 70 181 76
21 71 27 77
40 71 46 77
70 71 76 77
161 72 167 78
144 73 150 79
92 74 98 80
100 74 106 80
33 75 39 81
67 75 73 81
163 75 169 81
136 76 142 82
180 76 186 82
20 77 26 83
35 77 41 83
70 77 76 83
97 78 103 84
1 79 7 85
138 79 144 85
183 79 189 85
107 80 113 86
164 80 170 86
63 81 69 87
65 81 71 87
42 82 48 88
172 82 178 88
26 83 32 89
32 83 38 89
126 83 132 89
182 84 188 90
57 85 63 91
157 85 163 91
43 86 49 92
121 86 127 92
183 86 189 92
30 87 36 93
152 87 158 93
157 87 163 93
178 87 184 93
23 88 29 94
162 88 168 94
38 89 44 95
39 89 45 95
46 89 52 95
97 89 103 95
102 89 108 95
156 89 162 95
180 89 186 95
50 90 56 96
32 91 38 97
80 91 86 97
126 91 132 97
27 93 33 99
138 93 144 99
190 93 196 99
19 94 25 100
32 94 38 100
55 94 61 100
124 94 130 100
142 94 148 100
150 94 156 100
4 95 10 101
26 95 32 101
40 95 46 101
81 95 87 101
109 95 115 101
125 95 131 101
159 95 165 101
165 95 171 101
80 96 86 102
169 97 175 103
69 98 75 104
36 99 42 105
62 99 68 105
92 100 98 106
29 102 35 108
42 102 48 108
90 102 96 108
141 103 147 109
157 103 163 109
33 104 39 110
77 104 83 110
162 105 168 111
177 105 183 111
188 105 194 111
170 106 176 112
4 107 10 113
17 107 23 113
57 107 63 113
173 107 179 113
51 108 57 114
76 108 82 114
38 109 44 115
105 109 111 115
118 109 124 115
8 110 14 116
99 110 105 116
125 110 131 116
141 111 147 117
-2 112 4 118
124 112 130 118
131 112 137 118
97 113 103 119
136 113 142 119
149 113 155 119
127 114 133 120
3 115 9 121
144 115 150 121
183 115 189 121
72 116 78 122
165 116 171 122
68 117 74 123
142 117 148 123
188 117 194 123
42 118 48 124
69 118 75 124
91 118 97 124
122 118 128 124
6 119 12 125
119 119 125 125
194 119 200 125
94 120 100 126
35 121 41 127
110 121 116 127
146 121 152 127
151 121 157 127
181 121 187 127
11 123 17 129
17 123 23 129
143 123 149 129
167 123 173 129
50 124 56 130
156 124 162 130
187 124 193 130
75 126 81 132
189 126 195 132
60 127 66 133
114 127 120 133
145 128 151 134
154 128 160 134
52 129 58 135
58 129 64 135
137 129 143 135
168 129 174 135
18 130 24 136
-1 131 5 137
9 131 15 137
78 131 84 137
122 131 128 137
32 132 38 138
116 132 122 138
138 132 144 138
158 132 164 138
188 132 194 138
123 133 129 139
40 134 46 140
57 134 63 140
71 134 77 140
117 134 123 140
173 134 179 140
-3 136 3 142
37 136 43 142
42 136 48 142
103 136 109 142
152 137 158 143
177 137 183 143
182 137 188 143
-2 138 4 144
120 138 126 144
166 138 172 144
187 138 193 144
83 139 89 145
148 139 154 145
13 140 19 146
86 140 92 146
18 141 24 147
176 141 182 147
6 142 12 148
40 142 46 148
83 142 89 148
133 142 139 148
52 143 58 149
70 143 76 149
164 143 170 149
23 144 29 150
116 144 122 150
135 144 141 150
147 144 153 150
164 144 170 150
186 144 192 150
15 145 21 151
47 145 53 151
73 145 79 151
184 145 190 151
17 146 23 152
33 147 39 153
80 148 86 154
137 148 143 154
159 148 165 154
126 150 132 156
130 150 136 156
183 150 189 156
23 151 29 157
162 151 168 157
2 152 8 158
6 153 12 159
12 153 18 159
125 154 131 160
182 154 188 160
71 155 77 161
19 156 25 162
66 157 72 163
97 157 103 163
165 157 171 163
168 157 174 163
36 159 42 165
66 159 72 165
122 160 128 166
38 161 44 167
88 161 94 167
109 161 115 167
150 161 156 167
181 161 187 167
32 162 38 168
57 162 63 168
62 162 68 168
153 162 159 168
53 163 59 169
90 163 96 169
38 164 44 170
45 164 51 170
75 164 81 170
163 164 169 170
78 165 84 171
92 165 98 171
135 165 141 171
156 165 162 171
100 166 106 172
117 166 123 172
195 166 201 172
103 167 109 173
167 167 173 173
177 167 183 173
-2 168 4 174
30 168 36 174
62 168 68 174
111 168 117 174
115 168 121 174
161 168 167 174
176 168 182 174
45 169 51 175
113 169 119 175
169 169 175 175
189 169 195 175
-3 170 3 176
27 170 33 176
151 170 157 176
171 170 177 176
43 171 49 177
165 171 171 177
5 174 11 180
40 174 46 180
156 174 162 180
59 175 65 181
9 178 15 184
121 178 127 184
38 179 44 185
105 179 111 185
87 180 93 186
103 180 109 186
140 180 146 186
158 180 164 186
23 182 29 188
102 182 108 188
186 182 192 188
49 185 55 191
109 185 115 191
168 185 174 191
185 185 191 191
46 186 52 192
126 186 132 192
138 186 144 192
167 187 173 193
8 188 14 194
36 188 42 194
85 188 91 194
21 189 27 195
143 189 149 195
161 189 167 195
169 189 175 195
156 190 162 196
163 190 169 196
192 190 198 196
120 191 126 197
152 191 158 197
186 191 192 197
195 191 201 197
140 192 146 198
2 194 8 200
36 194 42 200
131 194 137 200
65 195 71 201
73 195 79 201
4 196 10 202
8 196 14 202
19 196 25 202
119 196 125 202
