861
30 -3 36 3
34 -3 40 3
61 -3 67 3
98 -3 104 3
108 -3 114 3
153 -3 159 3
161 -3 167 3
83 -2 89 4
132 -2 138 4
140 -2 146 4
151 -2 157 4
173 -2 179 4
38 -1 44 5
50 -1 56 5
85 -1 91 5
103 -1 109 5
109 -1 115 5
129 -1 135 5
142 -1 148 5
64 1 70 7
76 2 82 8
193 2 199 8
136 3 142 9
151 3 157 9
157 3 163 9
48 4 54 10
106 4 112 10
116 4 122 10
177 4 183 10
191 4 197 10
152 5 158 11
8 6 14 12
11 6 17 12
62 6 68 12
99 6 105 12
142 6 148 12
149 6 155 12
178 6 184 12
-1 7 5 13
1 7 7 13
62 7 68 13
85 7 91 13
142 7 148 13
26 8 32 14
52 8 58 14
82 8 88 14
101 8 107 14
161 8 167 14
193 8 199 14
55 9 61 15
94 9 100 15
115 9 121 15
180 9 186 15
7 10 13 16
8 10 14 16
191 10 197 16
44 11 50 17
83 11 89 17
112 11 118 17
125 11 131 17
160 11 166 17
168 11 174 17
182 11 188 17
15 12 21 18
53 12 59 18
63 12 69 18
69 12 75 18
76 12 82 18
91 12 97 18
189 12 195 18
14 13 20 19
18 13 24 19
54 13 60 19
106 13 112 19
74 14 80 20
75 14 81 20
87 14 93 20
108 14 114 20
115 14 121 20
123 14 129 20
148 14 154 20
171 14 177 20
27 15 33 21
164 15 170 21
184 15 190 21
13 16 19 22
67 16 73 22
77 16 83 22
89 16 95 22
115 16 121 22
129 16 135 22
133 16 139 22
157 16 163 22
84 17 90 23
86 17 92 23
90 17 96 23
172 17 178 23
-1 18 5 24
43 18 49 24
55 18 61 24
63 18 69 24
154 18 160 24
191 18 197 24
40 19 46 25
74 19 80 25
87 19 93 25
121 19 127 25
144 19 150 25
118 20 124 26
160 20 166 26
61 21 67 27
77 21 83 27
84 21 90 27
121 21 127 27
150 21 156 27
36 22 42 28
76 22 82 28
134 22 140 28
172 22 178 28
23 23 29 29
91 23 97 29
149 23 155 29
158 23 164 29
184 23 190 29
33 24 39 30
131 24 137 30
190 24 196 30
71 25 77 31
112 25 118 31
145 25 151 31
167 25 173 31
188 25 194 31
49 26 55 32
39 27 45 33
81 27 87 33
113 27 119 33
162 27 168 33
17 28 23 34
131 28 137 34
138 28 144 34
156 29 162 35
32 30 38 36
86 30 92 36
170 30 176 36
6 31 12 37
17 31 23 37
38 31 44 37
55 31 61 37
100 31 106 37
128 31 134 37
11 32 17 38
23 32 29 38
51 32 57 38
62 32 68 38
109 32 115 38
114 32 120 38
29 33 35 39
61 33 67 39
103 33 109 39
107 33 113 39
24 34 30 40
44 34 50 40
57 34 63 40
96 34 102 40
145 34 151 40
169 34 175 40
195 34 201 40
3 35 9 41
31 35 37 41
38 35 44 41
73 35 79 41
26 36 32 42
49 36 55 42
56 36 62 42
60 36 66 42
89 36 95 42
171 36 177 42
180 36 186 42
187 36 193 42
142 37 148 43
167 37 173 43
62 38 68 44
80 38 86 44
114 38 120 44
147 38 153 44
180 38 186 44
8 39 14 45
22 39 28 45
34 39 40 45
45 39 51 45
54 39 60 45
123 39 129 45
124 39 130 45
184 39 190 45
16 40 22 46
57 40 63 46
99 40 105 46
13 41 19 47
20 41 26 47
40 41 46 47
52 41 58 47
59 41 65 47
90 41 96 47
96 41 102 47
149 41 155 47
160 41 166 47
182 41 188 47
43 42 49 48
25 43 31 49
54 43 60 49
167 43 173 49
32 44 38 50
80 44 86 50
101 44 107 50
110 44 116 50
190 44 196 50
29 46 35 52
16 47 22 53
31 47 37 53
48 47 54 53
69 47 75 53
104 47 110 53
16 48 22 54
115 48 121 54
142 48 148 54
49 49 55 55
74 49 80 55
148 49 154 55
10 50 16 56
26 50 32 56
69 50 75 56
72 50 78 56
84 50 90 56
151 50 157 56
163 50 169 56
93 51 99 57
144 51 150 57
189 51 195 57
194 51 200 57
34 52 40 58
55 52 61 58
81 52 87 58
2 53 8 59
14 53 20 59
22 53 28 59
46 53 52 59
117 53 123 59
137 53 143 59
171 53 177 59
186 53 192 59
134 54 140 60
13 55 19 61
53 55 59 61
104 55 110 61
138 55 144 61
144 55 150 61
49 56 55 62
93 56 99 62
140 56 146 62
147 56 153 62
182 56 188 62
15 57 21 63
117 57 123 63
126 57 132 63
136 57 142 63
186 57 192 63
37 58 43 64
44 58 50 64
113 58 119 64
123 58 129 64
170 58 176 64
92 59 98 65
38 60 44 66
73 60 79 66
112 60 118 66
145 60 151 66
43 61 49 67
50 61 56 67
131 61 137 67
153 61 159 67
156 61 162 67
48 62 54 68
164 62 170 68
169 62 175 68
48 63 54 69
132 63 138 69
135 63 141 69
144 63 150 69
178 63 184 69
17 64 23 70
59 64 65 70
113 64 119 70
189 64 195 70
42 65 48 71
54 65 60 71
72 65 78 71
26 66 32 72
130 66 136 72
142 66 148 72
182 66 188 72
84 67 90 73
92 67 98 73
115 67 121 73
132 68 138 74
183 68 189 74
66 69 72 75
126 69 132 75
138 69 144 75
26 70 32 76
64 70 70 76
67 70 73 76
93 70 99 76
101 70 107 76
137 70 143 76
174 70 180 76
6 71 12 77
21 71 27 77
39 71 45 77
66 71 72 77
70 71 76 77
89 71 95 77
105 71 111 77
74 72 80 78
106 72 112 78
126 72 132 78
129 72 135 78
161 72 167 78
183 72 189 78
33 73 39 79
73 73 79 79
115 73 121 79
144 73 150 79
169 73 175 79
27 74 33 80
51 74 57 80
153 74 159 80
67 75 73 81
92 75 98 81
170 75 176 81
7 76 13 82
123 76 129 82
136 76 142 82
155 76 161 82
163 76 169 82
181 76 187 82
20 77 26 83
70 77 76 83
5 78 11 84
35 78 41 84
50 78 56 84
115 78 121 84
142 78 148 84
1 79 7 85
97 79 103 85
107 79 113 85
138 79 144 85
183 79 189 85
23 81 29 87
62 81 68 87
66 81 72 87
79 81 85 87
42 82 48 88
80 82 86 88
105 82 111 88
128 83 134 89
142 83 148 89
26 84 32 90
113 84 119 90
182 84 188 90
57 85 63 91
98 85 104 91
114 85 120 91
155 85 161 91
42 86 48 92
87 86 93 92
183 86 189 92
29 87 35 93
120 87 126 93
143 87 149 93
152 87 158 93
159 87 165 93
177 87 183 93
190 87 196 93
22 88 28 94
85 88 91 94
97 88 103 94
162 88 168 94
192 88 198 94
37 89 43 95
46 89 52 95
102 89 108 95
108 89 114 95
145 89 151 95
171 89 177 95
182 89 188 95
32 90 38 96
40 90 46 96
126 90 132 96
136 90 142 96
80 91 86 97
128 91 134 97
164 91 170 97
27 92 33 98
58 92 64 98
86 92 92 98
96 92 102 98
130 92 136 98
172 92 178 98
9 93 15 99
19 93 25 99
57 93 63 99
150 93 156 99
190 93 196 99
32 94 38 100
54 94 60 100
75 94 81 100
123 94 129 100
138 94 144 100
142 94 148 100
4 95 10 101
40 95 46 101
109 95 115 101
159 95 165 101
165 95 171 101
9 96 15 102
18 96 24 102
78 96 84 102
88 96 94 102
126 96 132 102
26 97 32 103
74 97 80 103
134 97 140 103
169 97 175 103
19 98 25 104
69 98 75 104
90 98 96 104
98 98 104 104
60 99 66 105
80 99 86 105
96 99 102 105
101 99 107 105
43 101 49 107
56 101 62 107
72 101 78 107
132 101 138 107
148 101 154 107
29 102 35 108
41 102 47 108
73 102 79 108
80 102 86 108
89 102 95 108
149 103 155 109
33 104 39 110
41 104 47 110
50 105 56 111
133 105 139 111
162 105 168 111
177 105 183 111
188 105 194 111
194 105 200 111
196 105 202 111
4 106 10 112
36 106 42 112
39 106 45 112
158 106 164 112
170 106 176 112
17 107 23 113
120 107 126 113
173 107 179 113
58 108 64 114
76 108 82 114
107 108 113 114
109 108 115 114
123 108 129 114
12 109 18 115
51 109 57 115
99 109 105 115
104 109 110 115
118 109 124 115
125 110 131 116
8 111 14 117
12 111 18 117
141 111 147 117
-2 112 4 118
21 112 27 118
34 112 40 118
123 112 129 118
149 112 155 118
164 112 170 118
167 112 173 118
70 113 76 119
97 113 103 119
116 113 122 119
3 114 9 120
32 114 38 120
110 114 116 120
127 114 133 120
136 114 142 120
156 114 162 120
172 114 178 120
17 115 23 121
59 115 65 121
144 115 150 121
156 115 162 121
165 115 171 121
183 115 189 121
72 116 78 122
97 116 103 122
179 116 185 122
68 117 74 123
96 117 102 123
142 117 148 123
188 117 194 123
42 118 48 124
70 118 76 124
91 118 97 124
6 119 12 125
57 119 63 125
118 119 124 125
194 119 200 125
22 120 28 126
73 120 79 126
94 120 100 126
27 121 33 127
34 121 40 127
102 121 108 127
120 121 126 127
151 121 157 127
182 121 188 127
11 122 17 128
71 122 77 128
4 123 10 129
16 123 22 129
19 123 25 129
121 123 127 129
173 123 179 129
5 124 11 130
50 124 56 130
143 124 149 130
156 124 162 130
167 124 173 130
187 124 193 130
74 125 80 131
174 125 180 131
82 126 88 132
189 126 195 132
41 127 47 133
80 127 86 133
84 127 90 133
93 127 99 133
114 127 120 133
121 127 127 133
70 128 76 134
137 128 143 134
145 128 151 134
154 128 160 134
168 128 174 134
52 129 58 135
58 129 64 135
84 129 90 135
120 129 126 135
18 130 24 136
69 130 75 136
86 130 92 136
138 130 144 136
166 130 172 136
0 131 6 137
9 131 15 137
15 131 21 137
24 131 30 137
41 131 47 137
74 131 80 137
122 131 128 137
32 132 38 138
51 132 57 138
74 132 80 138
78 132 84 138
109 132 115 138
116 132 122 138
138 132 144 138
23 133 29 139
40 133 46 139
93 133 99 139
137 133 143 139
158 133 164 139
57 134 63 140
71 134 77 140
117 134 123 140
123 134 129 140
173 134 179 140
192 134 198 140
30 135 36 141
82 135 88 141
162 135 168 141
37 136 43 142
42 136 48 142
103 136 109 142
193 136 199 142
196 136 202 142
69 137 75 143
152 137 158 143
176 137 182 143
182 137 188 143
166 138 172 144
187 138 193 144
-2 139 4 145
83 139 89 145
92 139 98 145
147 139 153 145
12 140 18 146
87 140 93 146
90 140 96 146
120 140 126 146
176 140 182 146
17 141 23 147
54 141 60 147
133 141 139 147
164 141 170 147
6 142 12 148
70 142 76 148
82 142 88 148
93 142 99 148
98 142 104 148
15 143 21 149
52 143 58 149
78 143 84 149
91 143 97 149
97 143 103 149
108 143 114 149
186 143 192 149
23 144 29 150
44 144 50 150
77 144 83 150
116 144 122 150
136 144 142 150
144 144 150 150
176 144 182 150
47 145 53 151
73 145 79 151
103 145 109 151
140 145 146 151
184 145 190 151
104 146 110 152
139 146 145 152
164 146 170 152
18 147 24 153
33 147 39 153
191 147 197 153
57 148 63 154
79 148 85 154
137 148 143 154
159 148 165 154
173 148 179 154
63 149 69 155
96 149 102 155
126 149 132 155
168 149 174 155
100 150 106 156
131 150 137 156
165 150 171 156
183 150 189 156
23 151 29 157
61 151 67 157
146 151 152 157
162 151 168 157
186 151 192 157
191 151 197 157
68 152 74 158
82 152 88 158
118 152 124 158
6 153 12 159
47 153 53 159
52 153 58 159
84 153 90 159
119 153 125 159
182 153 188 159
193 153 199 159
31 154 37 160
93 154 99 160
109 154 115 160
124 154 130 160
135 154 141 160
147 154 153 160
2 155 8 161
86 155 92 161
106 155 112 161
119 155 125 161
187 155 193 161
3 156 9 162
9 156 15 162
19 156 25 162
29 156 35 162
58 156 64 162
66 156 72 162
71 156 77 162
85 156 91 162
105 156 111 162
128 156 134 162
120 157 126 163
138 157 144 163
164 157 170 163
194 157 200 163
97 158 103 164
135 158 141 164
159 158 165 164
161 158 167 164
36 159 42 165
58 159 64 165
43 160 49 166
88 160 94 166
150 160 156 166
25 161 31 167
39 161 45 167
62 161 68 167
122 161 128 167
13 162 19 168
32 162 38 168
141 162 147 168
153 162 159 168
181 162 187 168
1 163 7 169
12 163 18 169
90 163 96 169
144 163 150 169
163 163 169 169
24 164 30 170
38 164 44 170
45 164 51 170
53 164 59 170
75 164 81 170
129 164 135 170
92 165 98 171
135 165 141 171
143 165 149 171
156 165 162 171
165 165 171 171
78 166 84 172
140 166 146 172
195 166 201 172
11 167 17 173
70 167 76 173
103 167 109 173
167 167 173 173
178 167 184 173
30 168 36 174
45 168 51 174
72 168 78 174
106 168 112 174
107 168 113 174
111 168 117 174
161 168 167 174
169 169 175 175
175 169 181 175
189 169 195 175
3 170 9 176
4 170 10 176
27 170 33 176
96 170 102 176
113 170 119 176
151 170 157 176
157 170 163 176
171 170 177 176
195 170 201 176
43 171 49 177
94 171 100 177
159 171 165 177
14 172 20 178
4 173 10 179
26 173 32 179
119 173 125 179
160 173 166 179
13 174 19 180
30 174 36 180
40 174 46 180
146 174 152 180
177 174 183 180
120 175 126 181
184 175 190 181
30 176 36 182
5 177 11 183
9 177 15 183
133 177 139 183
135 177 141 183
145 177 151 183
182 177 188 183
121 178 127 184
157 178 163 184
172 178 178 184
38 179 44 185
105 179 111 185
87 180 93 186
103 180 109 186
140 180 146 186
186 180 192 186
153 181 159 187
7 182 13 188
23 182 29 188
159 182 165 188
5 184 11 190
156 184 162 190
17 185 23 191
49 185 55 191
109 185 115 191
134 185 140 191
138 186 144 192
157 186 163 192
185 186 191 192
126 187 132 193
165 187 171 193
8 188 14 194
36 188 42 194
64 188 70 194
85 188 91 194
134 188 140 194
169 188 175 194
189 188 195 194
59 189 65 195
63 189 69 195
110 189 116 195
142 189 148 195
161 189 167 195
178 189 184 195
21 190 27 196
102 190 108 196
156 190 162 196
163 190 169 196
192 190 198 196
16 191 22 197
41 191 47 197
50 191 56 197
104 191 110 197
121 191 127 197
130 191 136 197
152 191 158 197
196 191 202 197
-2 192 4 198
78 192 84 198
81 192 87 198
140 192 146 198
165 192 171 198
2 193 8 199
166 193 172 199
-2 194 4 200
27 194 33 200
37 194 43 200
88 194 94 200
91 194 97 200
95 194 101 200
168 194 174 200
14 195 20 201
65 195 71 201
73 195 79 201
89 195 95 201
131 195 137 201
8 196 14 202
19 196 25 202
40 196 46 202
106 196 112 202
115 196 121 202
118 196 124 202
175 196 181 202
