582
30 -3 36 3
34 -3 40 3
61 -2 67 4
156 -2 162 4
174 -2 180 4
39 -1 45 5
50 -1 56 5
103 -1 109 5
130 -1 136 5
21 0 27 6
64 0 70 6
119 1 125 7
76 2 82 8
136 2 142 8
156 3 162 9
192 3 198 9
48 4 54 10
106 4 112 10
118 4 124 10
191 4 197 10
46 6 52 12
149 6 155 12
84 7 90 13
101 8 107 14
193 8 199 14
39 9 45 15
161 9 167 15
180 9 186 15
112 10 118 16
115 10 121 16
160 10 166 16
192 10 198 16
83 11 89 17
168 11 174 17
182 11 188 17
38 12 44 18
70 12 76 18
76 12 82 18
125 12 131 18
189 12 195 18
67 13 73 19
106 13 112 19
123 13 129 19
27 14 33 20
148 14 154 20
34 15 40 21
164 15 170 21
184 15 190 21
13 16 19 22
67 16 73 22
77 16 83 22
130 16 136 22
132 16 138 22
143 17 149 23
-1 18 5 24
43 18 49 24
55 18 61 24
63 18 69 24
154 18 160 24
74 19 80 25
87 19 93 25
96 19 102 25
102 20 108 26
61 21 67 27
83 21 89 27
134 21 140 27
19 22 25 28
36 22 42 28
172 22 178 28
183 22 189 28
23 23 29 29
90 23 96 29
192 23 198 29
33 24 39 30
131 24 137 30
158 24 164 30
167 24 173 30
72 25 78 31
136 25 142 31
49 26 55 32
145 26 151 32
39 27 45 33
81 28 87 34
138 28 144 34
73 29 79 35
131 29 137 35
156 29 162 35
32 30 38 36
86 30 92 36
171 30 177 36
5 31 11 37
38 31 44 37
55 31 61 37
124 31 130 37
128 31 134 37
1 32 7 38
51 32 57 38
108 32 114 38
114 32 120 38
15 33 21 39
30 33 36 39
103 33 109 39
107 33 113 39
145 33 151 39
38 34 44 40
45 34 51 40
73 34 79 40
96 34 102 40
195 35 201 41
26 36 32 42
49 36 55 42
89 36 95 42
180 36 186 42
187 36 193 42
167 37 173 43
12 38 18 44
81 38 87 44
114 38 120 44
118 38 124 44
9 39 15 45
22 39 28 45
34 39 40 45
55 39 61 45
45 40 51 46
52 40 58 46
21 41 27 47
40 41 46 47
90 41 96 47
97 41 103 47
99 41 105 47
160 41 166 47
183 41 189 47
43 42 49 48
25 43 31 49
167 43 173 49
80 44 86 50
101 44 107 50
110 44 116 50
191 44 197 50
155 45 161 51
104 47 110 53
36 48 42 54
115 48 121 54
135 48 141 54
73 49 79 55
78 49 84 55
142 49 148 55
26 50 32 56
164 50 170 56
4 51 10 57
10 51 16 57
115 51 121 57
188 51 194 57
194 51 200 57
55 52 61 58
80 52 86 58
116 52 122 58
186 53 192 59
11 54 17 60
46 54 52 60
135 54 141 60
137 54 143 60
49 55 55 61
53 55 59 61
104 55 110 61
138 55 144 61
144 55 150 61
185 55 191 61
15 56 21 62
147 56 153 62
182 56 188 62
93 57 99 63
116 57 122 63
126 57 132 63
136 57 142 63
186 57 192 63
44 58 50 64
92 58 98 64
114 58 120 64
123 58 129 64
170 58 176 64
43 60 49 66
73 60 79 66
112 60 118 66
31 61 37 67
51 61 57 67
100 61 106 67
131 61 137 67
169 61 175 67
82 62 88 68
164 62 170 68
187 62 193 68
113 63 119 69
178 63 184 69
18 64 24 70
54 64 60 70
59 64 65 70
188 64 194 70
10 65 16 71
42 65 48 71
72 65 78 71
21 66 27 72
131 66 137 72
182 66 188 72
26 67 32 73
83 67 89 73
115 67 121 73
142 67 148 73
183 68 189 74
26 69 32 75
93 69 99 75
65 70 71 76
101 70 107 76
171 70 177 76
174 70 180 76
6 71 12 77
21 71 27 77
66 71 72 77
70 71 76 77
89 71 95 77
183 71 189 77
161 72 167 78
144 73 150 79
169 73 175 79
27 74 33 80
33 74 39 80
101 74 107 80
51 75 57 81
67 75 73 81
92 75 98 81
163 75 169 81
170 75 176 81
57 76 63 82
136 76 142 82
173 76 179 82
180 76 186 82
7 77 13 83
20 77 26 83
50 77 56 83
70 77 76 83
6 78 12 84
35 78 41 84
97 78 103 84
142 78 148 84
1 79 7 85
138 79 144 85
164 79 170 85
183 79 189 85
107 80 113 86
66 81 72 87
23 82 29 88
42 82 48 88
142 82 148 88
172 82 178 88
32 83 38 89
127 83 133 89
182 84 188 90
57 85 63 91
99 85 105 91
43 86 49 92
120 86 126 92
152 87 158 93
158 87 164 93
177 87 183 93
23 88 29 94
97 88 103 94
162 88 168 94
38 89 44 95
46 89 52 95
85 89 91 95
102 89 108 95
108 89 114 95
156 89 162 95
180 89 186 95
32 90 38 96
39 90 45 96
51 90 57 96
172 90 178 96
80 91 86 97
96 91 102 97
128 91 134 97
164 91 170 97
172 91 178 97
27 92 33 98
129 92 135 98
138 93 144 99
150 93 156 99
190 93 196 99
19 94 25 100
32 94 38 100
55 94 61 100
75 94 81 100
142 94 148 100
4 95 10 101
40 95 46 101
81 95 87 101
109 95 115 101
159 95 165 101
165 95 171 101
47 96 53 102
74 96 80 102
79 96 85 102
125 96 131 102
169 97 175 103
69 98 75 104
134 98 140 104
36 99 42 105
61 99 67 105
96 99 102 105
99 99 105 105
132 99 138 105
93 100 99 106
42 101 48 107
148 101 154 107
56 102 62 108
90 102 96 108
149 102 155 108
33 104 39 110
77 104 83 110
50 105 56 111
188 105 194 111
38 106 44 112
158 106 164 112
170 106 176 112
181 106 187 112
4 107 10 113
17 107 23 113
58 107 64 113
121 107 127 113
173 107 179 113
122 108 128 114
38 109 44 115
51 109 57 115
104 109 110 115
118 109 124 115
99 110 105 116
125 110 131 116
8 111 14 117
-2 112 4 118
21 112 27 118
46 112 52 118
124 112 130 118
132 112 138 118
149 112 155 118
165 112 171 118
167 112 173 118
97 113 103 119
115 113 121 119
136 113 142 119
3 114 9 120
113 114 119 120
127 114 133 120
59 115 65 121
183 115 189 121
72 116 78 122
68 117 74 123
142 117 148 123
188 117 194 123
42 118 48 124
70 118 76 124
122 118 128 124
119 119 125 125
194 119 200 125
22 120 28 126
94 120 100 126
-3 121 3 127
72 121 78 127
110 121 116 127
146 121 152 127
151 121 157 127
182 121 188 127
11 122 17 128
72 122 78 128
17 123 23 129
143 123 149 129
167 123 173 129
19 124 25 130
50 124 56 130
156 124 162 130
187 124 193 130
76 126 82 132
189 126 195 132
60 127 66 133
114 127 120 133
70 128 76 134
145 128 151 134
52 129 58 135
58 129 64 135
120 129 126 135
168 129 174 135
0 131 6 137
9 131 15 137
15 131 21 137
32 132 38 138
78 132 84 138
116 132 122 138
158 132 164 138
188 132 194 138
138 133 144 139
15 134 21 140
40 134 46 140
57 134 63 140
71 134 77 140
117 134 123 140
123 134 129 140
173 134 179 140
30 135 36 141
37 136 43 142
42 136 48 142
103 136 109 142
69 137 75 143
182 137 188 143
-2 138 4 144
166 138 172 144
187 138 193 144
83 139 89 145
120 139 126 145
13 140 19 146
86 140 92 146
17 141 23 147
164 141 170 147
176 141 182 147
6 142 12 148
40 142 46 148
54 142 60 148
82 142 88 148
85 142 91 148
133 142 139 148
52 143 58 149
70 143 76 149
108 143 114 149
15 144 21 150
23 144 29 150
44 144 50 150
116 144 122 150
144 144 150 150
148 144 154 150
176 144 182 150
73 145 79 151
164 145 170 151
18 146 24 152
174 146 180 152
33 147 39 153
173 147 179 153
79 148 85 154
159 148 165 154
63 149 69 155
61 150 67 156
96 150 102 156
99 150 105 156
183 150 189 156
23 151 29 157
94 151 100 157
106 151 112 157
162 151 168 157
186 151 192 157
2 152 8 158
107 152 113 158
146 152 152 158
6 153 12 159
49 153 55 159
50 153 56 159
147 153 153 159
193 153 199 159
109 154 115 160
125 154 131 160
182 154 188 160
71 155 77 161
19 156 25 162
66 156 72 162
128 156 134 162
135 156 141 162
164 157 170 163
168 157 174 163
135 158 141 164
36 159 42 165
66 159 72 165
44 160 50 166
122 160 128 166
150 160 156 166
38 161 44 167
88 161 94 167
109 161 115 167
32 162 38 168
57 162 63 168
62 162 68 168
153 162 159 168
181 162 187 168
53 163 59 169
90 163 96 169
38 164 44 170
75 164 81 170
163 164 169 170
78 165 84 171
92 165 98 171
135 165 141 171
141 165 147 171
165 165 171 171
11 166 17 172
100 166 106 172
117 166 123 172
195 166 201 172
71 167 77 173
103 167 109 173
-1 168 5 174
30 168 36 174
45 168 51 174
62 168 68 174
72 168 78 174
111 168 117 174
115 168 121 174
161 168 167 174
81 169 87 175
113 169 119 175
169 169 175 175
171 170 177 176
196 170 202 176
43 171 49 177
26 172 32 178
160 173 166 179
4 174 10 180
40 174 46 180
156 174 162 180
59 175 65 181
5 177 11 183
9 178 15 184
121 178 127 184
0 179 6 185
38 179 44 185
87 180 93 186
103 180 109 186
140 180 146 186
7 181 13 187
159 181 165 187
0 182 6 188
23 182 29 188
101 182 107 188
186 182 192 188
116 183 122 189
49 185 55 191
109 185 115 191
168 185 174 191
46 186 52 192
126 186 132 192
138 186 144 192
185 186 191 192
166 187 172 193
36 188 42 194
85 188 91 194
169 188 175 194
21 189 27 195
59 189 65 195
110 189 116 195
143 189 149 195
161 189 167 195
178 189 184 195
156 190 162 196
163 190 169 196
192 190 198 196
16 191 22 197
41 191 47 197
109 191 115 197
120 191 126 197
130 191 136 197
152 191 158 197
186 191 192 197
196 191 202 197
80 192 86 198
140 192 146 198
27 194 33 200
36 194 42 200
92 194 98 200
94 194 100 200
191 194 197 200
14 195 20 201
73 195 79 201
131 195 137 201
4 196 10 202
8 196 14 202
19 196 25 202
40 196 46 202
119 196 125 202
