225
34 -3 40 3
98 -3 104 3
21 -1 27 5
50 -1 56 5
76 2 82 8
136 2 142 8
148 6 154 12
168 12 174 18
189 12 195 18
148 14 154 20
34 15 40 21
165 15 171 21
184 15 190 21
13 16 19 22
77 17 83 23
-1 18 5 24
44 18 50 24
55 18 61 24
98 19 104 25
74 20 80 26
73 21 79 27
133 21 139 27
183 22 189 28
192 23 198 29
131 24 137 30
49 26 55 32
145 27 151 33
85 30 91 36
52 31 58 37
124 31 130 37
171 31 177 37
53 32 59 38
100 32 106 38
145 32 151 38
103 33 109 39
97 34 103 40
180 36 186 42
187 36 193 42
26 39 32 45
81 39 87 45
25 40 31 46
33 40 39 46
32 41 38 47
40 41 46 47
80 43 86 49
160 43 166 49
167 43 173 49
110 44 116 50
155 45 161 51
104 47 110 53
36 48 42 54
115 48 121 54
135 48 141 54
79 49 85 55
4 51 10 57
194 51 200 57
80 54 86 60
104 55 110 61
144 55 150 61
142 56 148 62
146 56 152 62
182 58 188 64
131 59 137 65
73 60 79 66
31 61 37 67
82 62 88 68
164 62 170 68
180 63 186 69
59 64 65 70
9 65 15 71
72 65 78 71
42 67 48 73
83 67 89 73
40 70 46 76
71 70 77 76
101 70 107 76
7 71 13 77
21 71 27 77
89 71 95 77
144 73 150 79
92 74 98 80
123 75 129 81
20 76 26 82
57 76 63 82
99 76 105 82
142 77 148 83
1 79 7 85
183 79 189 85
107 80 113 86
164 81 170 87
171 82 177 88
125 83 131 89
57 85 63 91
122 86 128 92
107 89 113 95
164 91 170 97
80 92 86 98
190 93 196 99
19 94 25 100
55 94 61 100
4 95 10 101
40 95 46 101
109 95 115 101
159 95 165 101
169 97 175 103
36 98 42 104
68 98 74 104
64 99 70 105
141 101 147 107
42 102 48 108
33 104 39 110
77 104 83 110
176 105 182 111
108 106 114 112
164 106 170 112
169 106 175 112
181 106 187 112
17 107 23 113
173 107 179 113
76 108 82 114
8 109 14 115
105 109 111 115
118 109 124 115
-1 112 5 118
46 112 52 118
149 113 155 119
171 114 177 120
72 115 78 121
183 115 189 121
4 116 10 122
188 117 194 123
6 118 12 124
42 118 48 124
92 118 98 124
194 119 200 125
-3 121 3 127
93 121 99 127
111 121 117 127
151 121 157 127
167 123 173 129
156 124 162 130
93 127 99 133
18 128 24 134
75 128 81 134
114 128 120 134
145 128 151 134
154 128 160 134
168 129 174 135
-1 131 5 137
78 131 84 137
32 132 38 138
188 132 194 138
173 134 179 140
31 135 37 141
71 135 77 141
37 136 43 142
103 136 109 142
120 136 126 142
187 136 193 142
69 137 75 143
166 138 172 144
15 140 21 146
6 142 12 148
40 142 46 148
108 142 114 148
23 144 29 150
116 145 122 151
33 147 39 153
80 148 86 154
137 148 143 154
159 148 165 154
23 151 29 157
99 151 105 157
12 153 18 159
109 154 115 160
71 155 77 161
9 156 15 162
19 156 25 162
97 156 103 162
122 160 128 166
109 161 115 167
57 162 63 168
53 163 59 169
45 164 51 170
135 164 141 170
11 165 17 171
92 165 98 171
155 165 161 171
194 166 200 172
116 167 122 173
167 167 173 173
81 169 87 175
189 169 195 175
152 170 158 176
163 171 169 177
160 173 166 179
40 174 46 180
59 174 65 180
156 174 162 180
38 179 44 185
87 180 93 186
104 181 110 187
139 181 145 187
23 183 29 189
118 183 124 189
48 185 54 191
108 185 114 191
46 186 52 192
126 186 132 192
139 186 145 192
7 188 13 194
85 188 91 194
58 189 64 195
145 189 151 195
161 189 167 195
169 189 175 195
178 189 184 195
140 190 146 196
156 190 162 196
152 191 158 197
42 192 48 198
188 192 194 198
36 194 42 200
190 194 196 200
119 196 125 202
