186
99 -3 105 3
21 -1 27 5
49 -1 55 5
103 -1 109 5
76 2 82 8
136 2 142 8
147 6 153 12
189 12 195 18
149 14 155 20
34 15 40 21
184 15 190 21
77 17 83 23
-1 18 5 24
44 18 50 24
59 21 65 27
173 22 179 28
183 22 189 28
131 23 137 29
192 23 198 29
49 26 55 32
38 27 44 33
124 31 130 37
171 31 177 37
114 32 120 38
98 34 104 40
3 35 9 41
195 35 201 41
180 36 186 42
187 36 193 42
167 37 173 43
40 41 46 47
160 43 166 49
167 43 173 49
110 44 116 50
194 44 200 50
155 45 161 51
164 46 170 52
104 47 110 53
36 48 42 54
115 48 121 54
135 48 141 54
86 50 92 56
4 51 10 57
194 51 200 57
80 54 86 60
104 55 110 61
146 56 152 62
131 59 137 65
182 59 188 65
31 61 37 67
100 61 106 67
82 62 88 68
164 62 170 68
180 63 186 69
9 65 15 71
72 65 78 71
83 67 89 73
115 68 121 74
71 70 77 76
101 70 107 76
181 70 187 76
7 71 13 77
90 71 96 77
91 73 97 79
20 75 26 81
123 75 129 81
57 76 63 82
1 79 7 85
183 79 189 85
107 81 113 87
164 81 170 87
170 82 176 88
124 84 130 90
57 85 63 91
100 85 106 91
123 85 129 91
102 88 108 94
107 89 113 95
163 89 169 95
164 90 170 96
80 92 86 98
126 92 132 98
19 93 25 99
55 94 61 100
4 95 10 101
109 95 115 101
159 95 165 101
165 95 171 101
47 96 53 102
169 97 175 103
141 100 147 106
42 102 48 108
77 104 83 110
188 104 194 110
176 105 182 111
108 106 114 112
181 106 187 112
17 107 23 113
173 107 179 113
76 108 82 114
106 108 112 114
4 109 10 115
7 109 13 115
37 109 43 115
118 109 124 115
-1 112 5 118
46 112 52 118
149 113 155 119
170 114 176 120
60 115 66 121
183 115 189 121
188 117 194 123
42 118 48 124
165 119 171 125
194 119 200 125
37 121 43 127
112 121 118 127
151 121 157 127
196 121 202 127
11 124 17 130
155 124 161 130
18 127 24 133
93 127 99 133
114 128 120 134
145 128 151 134
154 128 160 134
75 129 81 135
168 129 174 135
9 131 15 137
78 131 84 137
57 133 63 139
173 134 179 140
37 136 43 142
103 136 109 142
166 138 172 144
6 142 12 148
108 142 114 148
116 145 122 151
33 147 39 153
80 148 86 154
137 148 143 154
23 151 29 157
99 152 105 158
12 153 18 159
109 154 115 160
71 155 77 161
9 156 15 162
19 156 25 162
122 160 128 166
109 161 115 167
56 162 62 168
55 163 61 169
45 164 51 170
135 164 141 170
11 165 17 171
93 165 99 171
155 165 161 171
111 167 117 173
116 167 122 173
162 167 168 173
30 169 36 175
81 169 87 175
189 169 195 175
162 171 168 177
160 173 166 179
40 174 46 180
157 174 163 180
121 178 127 184
87 180 93 186
104 181 110 187
139 182 145 188
118 183 124 189
23 184 29 190
108 185 114 191
139 186 145 192
7 188 13 194
22 188 28 194
85 188 91 194
58 189 64 195
145 189 151 195
160 189 166 195
169 189 175 195
156 190 162 196
152 191 158 197
19 196 25 202
34 196 40 202
