922
2 -3 8 3
17 -3 23 3
31 -3 37 3
52 -3 58 3
134 -3 140 3
146 -3 152 3
157 -3 163 3
165 -3 171 3
182 -3 188 3
56 -2 62 4
90 -2 96 4
95 -2 101 4
127 -2 133 4
132 -2 138 4
180 -2 186 4
16 -1 22 5
53 -1 59 5
98 -1 104 5
101 -1 107 5
121 -1 127 5
5 0 11 6
88 0 94 6
103 0 109 6
115 0 121 6
-1 1 5 7
1 1 7 7
76 1 82 7
13 2 19 8
89 2 95 8
104 2 110 8
158 2 164 8
164 2 170 8
21 3 27 9
37 3 43 9
112 3 118 9
146 3 152 9
17 4 23 10
52 4 58 10
92 4 98 10
136 4 142 10
144 4 150 10
161 4 167 10
23 5 29 11
58 5 64 11
79 5 85 11
127 5 133 11
24 6 30 12
155 6 161 12
157 6 163 12
192 6 198 12
62 7 68 13
70 7 76 13
109 7 115 13
119 7 125 13
170 7 176 13
27 8 33 14
163 8 169 14
173 8 179 14
193 8 199 14
40 9 46 15
94 9 100 15
50 10 56 16
96 10 102 16
131 10 137 16
149 10 155 16
182 10 188 16
184 10 190 16
189 10 195 16
12 11 18 17
25 11 31 17
104 11 110 17
107 11 113 17
144 11 150 17
151 11 157 17
165 11 171 17
81 12 87 18
100 12 106 18
112 12 118 18
162 12 168 18
20 13 26 19
66 13 72 19
164 13 170 19
169 13 175 19
176 13 182 19
-3 14 3 20
101 14 107 20
114 14 120 20
6 15 12 21
21 15 27 21
89 15 95 21
167 15 173 21
186 15 192 21
103 16 109 22
120 16 126 22
161 16 167 22
196 16 202 22
10 17 16 23
61 17 67 23
68 17 74 23
85 17 91 23
102 17 108 23
116 17 122 23
138 17 144 23
54 18 60 24
76 18 82 24
80 18 86 24
101 18 107 24
145 18 151 24
151 18 157 24
162 18 168 24
28 19 34 25
41 19 47 25
71 19 77 25
89 19 95 25
123 19 129 25
135 19 141 25
165 19 171 25
182 19 188 25
39 20 45 26
154 20 160 26
163 20 169 26
116 21 122 27
155 21 161 27
190 21 196 27
15 22 21 28
113 22 119 28
189 22 195 28
24 23 30 29
55 23 61 29
105 23 111 29
32 24 38 30
85 24 91 30
162 24 168 30
1 25 7 31
7 25 13 31
45 25 51 31
137 25 143 31
156 25 162 31
191 25 197 31
0 26 6 32
46 26 52 32
80 26 86 32
99 26 105 32
123 26 129 32
143 26 149 32
173 26 179 32
180 26 186 32
27 27 33 33
64 27 70 33
88 27 94 33
18 28 24 34
42 28 48 34
45 28 51 34
63 28 69 34
74 28 80 34
129 28 135 34
145 28 151 34
40 29 46 35
52 29 58 35
94 29 100 35
133 29 139 35
153 29 159 35
176 29 182 35
28 30 34 36
38 30 44 36
46 30 52 36
55 30 61 36
77 30 83 36
123 30 129 36
178 30 184 36
190 30 196 36
25 31 31 37
108 31 114 37
153 31 159 37
45 32 51 38
106 32 112 38
156 32 162 38
25 33 31 39
34 33 40 39
50 33 56 39
163 33 169 39
192 33 198 39
2 34 8 40
30 34 36 40
46 34 52 40
49 34 55 40
58 34 64 40
82 34 88 40
90 34 96 40
103 34 109 40
24 35 30 41
36 35 42 41
53 35 59 41
133 35 139 41
141 35 147 41
149 35 155 41
38 36 44 42
98 36 104 42
137 36 143 42
142 36 148 42
159 36 165 42
15 37 21 43
19 37 25 43
39 37 45 43
46 37 52 43
62 37 68 43
69 37 75 43
81 37 87 43
127 37 133 43
129 37 135 43
153 37 159 43
48 38 54 44
94 38 100 44
165 38 171 44
-2 39 4 45
29 39 35 45
32 39 38 45
79 39 85 45
129 39 135 45
180 39 186 45
50 40 56 46
163 40 169 46
169 40 175 46
28 41 34 47
41 41 47 47
54 41 60 47
97 41 103 47
124 41 130 47
194 41 200 47
-2 42 4 48
20 42 26 48
36 42 42 48
121 42 127 48
134 42 140 48
141 42 147 48
2 43 8 49
6 43 12 49
7 43 13 49
40 43 46 49
64 43 70 49
86 43 92 49
92 43 98 49
103 43 109 49
120 43 126 49
129 43 135 49
176 43 182 49
21 44 27 50
51 44 57 50
73 44 79 50
98 44 104 50
133 44 139 50
18 45 24 51
67 45 73 51
70 45 76 51
93 45 99 51
128 45 134 51
145 45 151 51
189 45 195 51
6 46 12 52
13 46 19 52
63 46 69 52
86 46 92 52
137 46 143 52
169 46 175 52
44 47 50 53
85 47 91 53
109 47 115 53
164 47 170 53
1 48 7 54
16 48 22 54
38 48 44 54
100 48 106 54
116 48 122 54
124 48 130 54
147 48 153 54
160 48 166 54
76 49 82 55
85 49 91 55
130 49 136 55
135 49 141 55
181 49 187 55
13 50 19 56
24 50 30 56
178 50 184 56
-2 51 4 57
4 51 10 57
7 51 13 57
62 51 68 57
65 51 71 57
73 51 79 57
81 51 87 57
124 51 130 57
129 51 135 57
152 51 158 57
177 51 183 57
180 51 186 57
28 52 34 58
140 52 146 58
92 53 98 59
106 53 112 59
161 53 167 59
169 53 175 59
5 54 11 60
27 54 33 60
102 54 108 60
108 54 114 60
115 54 121 60
165 54 171 60
8 55 14 61
58 55 64 61
150 55 156 61
40 56 46 62
47 56 53 62
53 56 59 62
56 56 62 62
141 56 147 62
157 56 163 62
97 57 103 63
113 57 119 63
123 57 129 63
127 57 133 63
131 57 137 63
4 58 10 64
45 58 51 64
156 58 162 64
17 59 23 65
37 59 43 65
61 59 67 65
126 59 132 65
80 60 86 66
98 60 104 66
104 60 110 66
171 60 177 66
92 61 98 67
150 61 156 67
86 62 92 68
117 62 123 68
57 63 63 69
63 63 69 69
78 63 84 69
90 63 96 69
0 64 6 70
1 64 7 70
59 64 65 70
87 64 93 70
160 64 166 70
191 64 197 70
18 65 24 71
29 65 35 71
106 65 112 71
115 65 121 71
37 66 43 72
66 66 72 72
104 66 110 72
161 66 167 72
54 67 60 73
93 67 99 73
190 67 196 73
2 68 8 74
6 68 12 74
21 68 27 74
94 68 100 74
127 68 133 74
179 68 185 74
21 69 27 75
43 69 49 75
-3 70 3 76
13 70 19 76
56 70 62 76
9 71 15 77
96 71 102 77
127 71 133 77
132 71 138 77
170 71 176 77
188 71 194 77
41 72 47 78
65 72 71 78
105 72 111 78
150 72 156 78
171 72 177 78
15 73 21 79
30 73 36 79
104 73 110 79
114 73 120 79
74 74 80 80
83 74 89 80
90 74 96 80
134 74 140 80
138 74 144 80
178 74 184 80
10 75 16 81
27 75 33 81
119 75 125 81
123 75 129 81
136 75 142 81
49 76 55 82
53 76 59 82
-3 77 3 83
61 77 67 83
71 77 77 83
87 77 93 83
103 77 109 83
139 77 145 83
144 77 150 83
194 77 200 83
69 78 75 84
174 78 180 84
106 79 112 85
123 79 129 85
128 79 134 85
175 79 181 85
177 79 183 85
186 79 192 85
115 80 121 86
166 80 172 86
30 81 36 87
47 81 53 87
136 81 142 87
179 81 185 87
192 81 198 87
122 82 128 88
194 82 200 88
5 83 11 89
9 83 15 89
22 83 28 89
48 83 54 89
99 83 105 89
111 83 117 89
17 84 23 90
44 84 50 90
97 84 103 90
108 84 114 90
137 84 143 90
33 85 39 91
37 85 43 91
75 85 81 91
102 85 108 91
122 85 128 91
5 86 11 92
23 86 29 92
26 86 32 92
36 86 42 92
57 86 63 92
76 86 82 92
125 86 131 92
11 87 17 93
89 87 95 93
120 87 126 93
135 87 141 93
176 87 182 93
35 88 41 94
70 88 76 94
10 89 16 95
27 89 33 95
190 89 196 95
9 90 15 96
130 90 136 96
140 90 146 96
74 91 80 97
143 91 149 97
151 91 157 97
174 91 180 97
7 92 13 98
20 92 26 98
95 92 101 98
107 92 113 98
139 92 145 98
159 92 165 98
17 93 23 99
23 93 29 99
29 93 35 99
63 93 69 99
86 93 92 99
92 93 98 99
113 93 119 99
136 93 142 99
193 93 199 99
8 94 14 100
40 94 46 100
64 94 70 100
96 94 102 100
35 95 41 101
72 95 78 101
77 95 83 101
112 95 118 101
159 95 165 101
195 95 201 101
33 96 39 102
61 96 67 102
91 96 97 102
185 96 191 102
68 97 74 103
11 98 17 104
36 98 42 104
84 98 90 104
118 98 124 104
155 98 161 104
191 98 197 104
193 98 199 104
115 99 121 105
129 99 135 105
182 99 188 105
46 100 52 106
75 100 81 106
125 100 131 106
179 100 185 106
196 100 202 106
29 101 35 107
40 102 46 108
62 102 68 108
72 102 78 108
186 102 192 108
188 102 194 108
13 103 19 109
75 103 81 109
76 103 82 109
43 104 49 110
60 104 66 110
66 104 72 110
171 104 177 110
66 105 72 111
160 105 166 111
161 105 167 111
174 105 180 111
192 105 198 111
89 106 95 112
92 106 98 112
131 106 137 112
161 106 167 112
8 107 14 113
30 107 36 113
54 107 60 113
84 107 90 113
180 107 186 113
10 108 16 114
39 108 45 114
46 108 52 114
82 108 88 114
6 109 12 115
34 109 40 115
77 109 83 115
113 109 119 115
122 109 128 115
175 109 181 115
182 109 188 115
112 110 118 116
186 110 192 116
38 111 44 117
85 111 91 117
145 111 151 117
165 111 171 117
191 111 197 117
10 112 16 118
12 112 18 118
51 112 57 118
57 112 63 118
70 112 76 118
75 112 81 118
193 112 199 118
24 113 30 119
83 113 89 119
123 113 129 119
126 113 132 119
189 113 195 119
9 114 15 120
20 114 26 120
138 114 144 120
157 114 163 120
192 114 198 120
7 115 13 121
44 115 50 121
82 115 88 121
103 115 109 121
127 115 133 121
30 116 36 122
39 116 45 122
42 116 48 122
63 116 69 122
99 116 105 122
152 116 158 122
173 116 179 122
195 116 201 122
18 117 24 123
150 117 156 123
153 117 159 123
155 117 161 123
194 117 200 123
97 118 103 124
120 118 126 124
19 119 25 125
25 119 31 125
5 120 11 126
10 120 16 126
39 120 45 126
128 120 134 126
168 120 174 126
9 121 15 127
45 121 51 127
77 121 83 127
20 122 26 128
32 122 38 128
54 122 60 128
107 122 113 128
119 122 125 128
157 122 163 128
167 122 173 128
111 123 117 129
164 123 170 129
0 124 6 130
9 124 15 130
53 124 59 130
113 124 119 130
115 124 121 130
162 124 168 130
21 125 27 131
123 125 129 131
0 126 6 132
75 126 81 132
83 126 89 132
158 126 164 132
171 126 177 132
19 127 25 133
69 127 75 133
178 127 184 133
41 128 47 134
62 128 68 134
82 128 88 134
125 128 131 134
5 129 11 135
26 129 32 135
38 129 44 135
42 129 48 135
119 129 125 135
176 129 182 135
75 130 81 136
87 130 93 136
180 130 186 136
7 131 13 137
42 131 48 137
158 131 164 137
177 131 183 137
20 132 26 138
40 132 46 138
117 132 123 138
137 132 143 138
141 132 147 138
159 132 165 138
185 132 191 138
31 133 37 139
77 133 83 139
132 133 138 139
139 133 145 139
171 133 177 139
98 134 104 140
104 134 110 140
192 134 198 140
94 135 100 141
17 136 23 142
153 136 159 142
-1 137 5 143
70 137 76 143
85 137 91 143
106 137 112 143
116 137 122 143
134 137 140 143
158 137 164 143
174 137 180 143
23 138 29 144
117 138 123 144
152 138 158 144
182 138 188 144
68 139 74 145
85 139 91 145
122 139 128 145
140 139 146 145
166 139 172 145
8 140 14 146
87 140 93 146
153 140 159 146
158 140 164 146
195 140 201 146
1 141 7 147
11 141 17 147
65 141 71 147
179 141 185 147
67 142 73 148
155 143 161 149
8 144 14 150
13 144 19 150
42 144 48 150
74 144 80 150
162 144 168 150
10 145 16 151
16 145 22 151
90 145 96 151
119 145 125 151
137 145 143 151
180 145 186 151
183 145 189 151
190 145 196 151
18 146 24 152
19 146 25 152
53 146 59 152
102 146 108 152
120 146 126 152
35 147 41 153
43 147 49 153
173 147 179 153
176 147 182 153
196 147 202 153
1 148 7 154
25 148 31 154
51 148 57 154
126 148 132 154
155 148 161 154
167 148 173 154
181 148 187 154
-1 149 5 155
92 149 98 155
150 149 156 155
154 149 160 155
17 150 23 156
20 150 26 156
71 150 77 156
190 150 196 156
27 151 33 157
77 151 83 157
50 152 56 158
125 152 131 158
179 152 185 158
188 152 194 158
35 153 41 159
59 153 65 159
80 153 86 159
88 153 94 159
22 154 28 160
30 154 36 160
129 154 135 160
133 154 139 160
152 154 158 160
165 154 171 160
133 155 139 161
3 156 9 162
8 156 14 162
17 156 23 162
21 156 27 162
125 156 131 162
133 156 139 162
7 157 13 163
18 157 24 163
41 157 47 163
88 157 94 163
192 157 198 163
5 158 11 164
13 158 19 164
56 158 62 164
82 158 88 164
133 158 139 164
80 159 86 165
164 159 170 165
189 159 195 165
102 160 108 166
114 160 120 166
177 160 183 166
196 160 202 166
134 161 140 167
153 161 159 167
52 162 58 168
161 162 167 168
15 163 21 169
102 163 108 169
107 163 113 169
108 163 114 169
180 163 186 169
51 164 57 170
56 164 62 170
87 164 93 170
108 164 114 170
2 165 8 171
3 165 9 171
5 165 11 171
28 165 34 171
186 165 192 171
69 166 75 172
71 167 77 173
123 167 129 173
139 167 145 173
178 168 184 174
185 168 191 174
15 169 21 175
37 169 43 175
95 169 101 175
159 169 165 175
166 169 172 175
7 170 13 176
59 170 65 176
77 170 83 176
80 170 86 176
96 170 102 176
107 170 113 176
172 170 178 176
178 170 184 176
-1 171 5 177
151 171 157 177
186 171 192 177
84 172 90 178
105 172 111 178
147 172 153 178
155 172 161 178
32 173 38 179
50 173 56 179
102 173 108 179
133 173 139 179
149 173 155 179
6 174 12 180
11 174 17 180
90 174 96 180
95 174 101 180
124 174 130 180
139 174 145 180
17 175 23 181
57 175 63 181
70 175 76 181
82 175 88 181
127 175 133 181
139 175 145 181
161 175 167 181
97 176 103 182
121 176 127 182
153 176 159 182
164 176 170 182
36 177 42 183
59 177 65 183
74 177 80 183
83 177 89 183
139 177 145 183
98 178 104 184
175 178 181 184
39 179 45 185
127 179 133 185
177 179 183 185
15 180 21 186
23 180 29 186
129 180 135 186
50 181 56 187
75 181 81 187
96 181 102 187
86 182 92 188
89 182 95 188
108 182 114 188
117 182 123 188
126 182 132 188
9 183 15 189
13 183 19 189
51 183 57 189
61 183 67 189
127 183 133 189
146 183 152 189
7 184 13 190
24 184 30 190
41 184 47 190
83 184 89 190
112 184 118 190
113 184 119 190
175 184 181 190
187 184 193 190
19 185 25 191
158 185 164 191
176 185 182 191
40 186 46 192
148 186 154 192
32 187 38 193
120 187 126 193
169 187 175 193
14 188 20 194
38 188 44 194
124 188 130 194
25 189 31 195
62 189 68 195
65 189 71 195
69 189 75 195
76 189 82 195
66 190 72 196
90 190 96 196
107 190 113 196
112 190 118 196
128 190 134 196
140 190 146 196
-1 191 5 197
6 191 12 197
41 191 47 197
43 191 49 197
55 191 61 197
85 191 91 197
91 191 97 197
105 191 111 197
120 191 126 197
141 191 147 197
40 192 46 198
79 192 85 198
101 192 107 198
109 192 115 198
5 193 11 199
33 193 39 199
61 193 67 199
84 193 90 199
124 193 130 199
139 193 145 199
163 193 169 199
17 194 23 200
74 194 80 200
80 194 86 200
132 194 138 200
24 195 30 201
68 195 74 201
82 195 88 201
109 195 115 201
129 195 135 201
110 196 116 202
130 196 136 202
149 196 155 202
170 196 176 202
