300
56 -3 62 3
157 -3 163 3
5 -2 11 4
40 -2 46 4
127 -2 133 4
174 -2 180 4
31 -1 37 5
90 -1 96 5
100 -1 106 5
-1 0 5 6
75 1 81 7
71 2 77 8
159 2 165 8
164 2 170 8
161 3 167 9
170 3 176 9
4 4 10 10
21 4 27 10
52 4 58 10
58 5 64 11
79 5 85 11
127 5 133 11
27 6 33 12
61 7 67 13
9 8 15 14
109 8 115 14
118 8 124 14
40 9 46 15
50 10 56 16
131 10 137 16
173 10 179 16
187 11 193 17
112 12 118 18
144 13 150 19
169 13 175 19
108 14 114 20
114 14 120 20
186 14 192 20
6 15 12 21
31 15 37 21
165 15 171 21
121 16 127 22
163 16 169 22
8 17 14 23
80 17 86 23
116 17 122 23
75 18 81 24
101 18 107 24
123 18 129 24
143 18 149 24
28 19 34 25
72 19 78 25
136 19 142 25
24 23 30 29
55 23 61 29
7 24 13 30
156 24 162 30
162 24 168 30
180 24 186 30
79 26 85 32
35 27 41 33
69 27 75 33
114 27 120 33
173 27 179 33
93 29 99 35
18 30 24 36
46 30 52 36
116 31 122 37
127 32 133 38
24 33 30 39
30 33 36 39
192 33 198 39
91 34 97 40
103 34 109 40
82 35 88 41
133 35 139 41
151 35 157 41
62 36 68 42
98 36 104 42
137 36 143 42
69 37 75 43
153 37 159 43
-2 38 4 44
2 38 8 44
67 39 73 45
138 39 144 45
124 40 130 46
-2 41 4 47
2 41 8 47
54 41 60 47
141 42 147 48
176 43 182 49
51 44 57 50
21 45 27 51
189 45 195 51
44 47 50 53
109 47 115 53
146 47 152 53
40 48 46 54
147 48 153 54
100 49 106 55
62 50 68 56
129 50 135 56
137 50 143 56
92 53 98 59
161 53 167 59
169 53 175 59
102 54 108 60
165 54 171 60
5 55 11 61
12 55 18 61
171 55 177 61
53 56 59 62
142 56 148 62
88 57 94 63
4 58 10 64
87 58 93 64
17 59 23 65
104 60 110 66
123 60 129 66
171 60 177 66
6 61 12 67
117 61 123 67
150 61 156 67
188 63 194 69
18 65 24 71
115 65 121 71
30 66 36 72
37 66 43 72
179 68 185 74
-3 70 3 76
93 70 99 76
82 71 88 77
188 72 194 78
61 73 67 79
114 73 120 79
74 74 80 80
132 74 138 80
138 74 144 80
61 75 67 81
177 75 183 81
103 76 109 82
139 77 145 83
144 77 150 83
176 77 182 83
178 81 184 87
29 82 35 88
71 83 77 89
23 85 29 91
26 85 32 91
103 86 109 92
10 87 16 93
110 87 116 93
176 87 182 93
46 88 52 94
89 88 95 94
84 89 90 95
174 89 180 95
69 90 75 96
130 90 136 96
142 91 148 97
190 91 196 97
23 92 29 98
105 92 111 98
136 92 142 98
159 92 165 98
153 93 159 99
39 95 45 101
155 95 161 101
84 96 90 102
2 97 8 103
11 97 17 103
36 98 42 104
161 98 167 104
146 99 152 105
175 99 181 105
29 101 35 107
40 103 46 109
194 105 200 111
91 106 97 112
114 106 120 112
180 107 186 113
34 108 40 114
5 109 11 115
51 110 57 116
54 110 60 116
165 110 171 116
38 111 44 117
57 111 63 117
77 111 83 117
147 111 153 117
9 112 15 118
71 112 77 118
75 112 81 118
43 114 49 120
103 115 109 121
185 115 191 121
64 116 70 122
150 117 156 123
28 118 34 124
5 120 11 126
45 121 51 127
136 121 142 127
31 122 37 128
107 123 113 129
167 123 173 129
123 125 129 131
69 126 75 132
62 128 68 134
125 128 131 134
26 129 32 135
75 130 81 136
20 131 26 137
97 131 103 137
151 131 157 137
171 131 177 137
77 133 83 139
31 135 37 141
18 137 24 143
174 137 180 143
19 138 25 144
28 138 34 144
166 139 172 145
195 139 201 145
87 140 93 146
140 140 146 146
154 140 160 146
114 142 120 148
180 142 186 148
90 145 96 151
125 145 131 151
137 145 143 151
190 145 196 151
196 146 202 152
34 147 40 153
126 147 132 153
155 147 161 153
167 148 173 154
181 148 187 154
74 150 80 156
77 151 83 157
41 152 47 158
50 152 56 158
190 152 196 158
59 153 65 159
80 153 86 159
129 154 135 160
120 156 126 162
133 157 139 163
41 158 47 164
56 158 62 164
80 159 86 165
153 161 159 167
177 162 183 168
194 163 200 169
87 164 93 170
122 167 128 173
58 169 64 175
143 169 149 175
159 169 165 175
-2 170 4 176
15 170 21 176
186 170 192 176
172 171 178 177
19 172 25 178
85 172 91 178
50 173 56 179
13 174 19 180
90 174 96 180
95 174 101 180
17 175 23 181
121 176 127 182
151 176 157 182
37 178 43 184
23 180 29 186
58 180 64 186
54 181 60 187
108 181 114 187
117 182 123 188
61 183 67 189
24 184 30 190
41 184 47 190
189 185 195 191
72 186 78 192
148 187 154 193
69 188 75 194
191 188 197 194
25 189 31 195
60 189 66 195
49 190 55 196
76 190 82 196
111 190 117 196
8 192 14 198
44 192 50 198
62 193 68 199
109 193 115 199
15 194 21 200
24 194 30 200
74 194 80 200
68 195 74 201
