831
17 -3 23 3
52 -3 58 3
134 -3 140 3
146 -3 152 3
165 -3 171 3
174 -3 180 3
182 -3 188 3
31 -2 37 4
40 -2 46 4
56 -2 62 4
90 -2 96 4
96 -2 102 4
180 -2 186 4
16 -1 22 5
98 -1 104 5
101 -1 107 5
121 -1 127 5
-3 0 3 6
88 0 94 6
115 0 121 6
76 1 82 7
14 2 20 8
46 2 52 8
71 2 77 8
89 2 95 8
104 2 110 8
164 2 170 8
112 3 118 9
146 3 152 9
4 4 10 10
17 4 23 10
48 4 54 10
52 4 58 10
92 4 98 10
145 4 151 10
161 4 167 10
58 5 64 11
113 5 119 11
127 5 133 11
192 6 198 12
62 7 68 13
70 7 76 13
109 7 115 13
170 7 176 13
9 8 15 14
163 8 169 14
173 8 179 14
193 8 199 14
27 9 33 15
40 9 46 15
71 9 77 15
94 9 100 15
50 10 56 16
72 10 78 16
96 10 102 16
149 10 155 16
182 10 188 16
184 10 190 16
189 10 195 16
12 11 18 17
104 11 110 17
106 11 112 17
144 11 150 17
150 11 156 17
165 11 171 17
85 12 91 18
100 12 106 18
162 12 168 18
176 12 182 18
13 13 19 19
164 13 170 19
169 13 175 19
-3 14 3 20
20 14 26 20
101 14 107 20
108 14 114 20
114 14 120 20
6 15 12 21
21 15 27 21
31 15 37 21
69 15 75 21
186 15 192 21
89 16 95 22
120 16 126 22
161 16 167 22
196 16 202 22
10 17 16 23
68 17 74 23
102 17 108 23
116 17 122 23
138 17 144 23
76 18 82 24
80 18 86 24
89 18 95 24
101 18 107 24
145 18 151 24
162 18 168 24
166 18 172 24
28 19 34 25
41 19 47 25
54 19 60 25
71 19 77 25
123 19 129 25
135 19 141 25
163 19 169 25
165 19 171 25
182 19 188 25
40 20 46 26
53 20 59 26
116 21 122 27
113 22 119 28
151 22 157 28
24 23 30 29
35 23 41 29
55 23 61 29
105 23 111 29
107 23 113 29
171 23 177 29
32 24 38 30
85 24 91 30
7 25 13 31
156 25 162 31
191 25 197 31
80 26 86 32
99 26 105 32
180 26 186 32
28 27 34 33
35 27 41 33
64 27 70 33
88 27 94 33
114 27 120 33
145 27 151 33
18 28 24 34
42 28 48 34
45 28 51 34
63 28 69 34
74 28 80 34
129 28 135 34
40 29 46 35
52 29 58 35
94 29 100 35
133 29 139 35
176 29 182 35
28 30 34 36
38 30 44 36
46 30 52 36
55 30 61 36
77 30 83 36
123 30 129 36
178 30 184 36
190 30 196 36
25 31 31 37
75 31 81 37
108 31 114 37
116 31 122 37
153 31 159 37
45 32 51 38
106 32 112 38
127 32 133 38
156 32 162 38
46 33 52 39
50 33 56 39
163 33 169 39
192 33 198 39
30 34 36 40
34 34 40 40
49 34 55 40
58 34 64 40
82 34 88 40
90 34 96 40
103 34 109 40
112 34 118 40
2 35 8 41
24 35 30 41
36 35 42 41
53 35 59 41
133 35 139 41
149 35 155 41
51 36 57 42
77 36 83 42
98 36 104 42
137 36 143 42
141 36 147 42
159 36 165 42
15 37 21 43
19 37 25 43
43 37 49 43
46 37 52 43
59 37 65 43
62 37 68 43
69 37 75 43
101 37 107 43
127 37 133 43
48 38 54 44
165 38 171 44
-2 39 4 45
29 39 35 45
32 39 38 45
79 39 85 45
138 39 144 45
180 39 186 45
22 40 28 46
67 40 73 46
163 40 169 46
28 41 34 47
40 41 46 47
54 41 60 47
97 41 103 47
124 41 130 47
169 41 175 47
194 41 200 47
-2 42 4 48
20 42 26 48
36 42 42 48
134 42 140 48
141 42 147 48
181 42 187 48
2 43 8 49
40 43 46 49
64 43 70 49
86 43 92 49
129 43 135 49
133 43 139 49
176 43 182 49
16 44 22 50
21 44 27 50
73 44 79 50
98 44 104 50
17 45 23 51
67 45 73 51
70 45 76 51
75 45 81 51
93 45 99 51
116 45 122 51
128 45 134 51
189 45 195 51
13 46 19 52
63 46 69 52
86 46 92 52
169 46 175 52
8 47 14 53
44 47 50 53
85 47 91 53
109 47 115 53
130 47 136 53
164 47 170 53
100 48 106 54
130 48 136 54
147 48 153 54
160 48 166 54
170 48 176 54
1 49 7 55
27 49 33 55
76 49 82 55
85 49 91 55
130 49 136 55
135 49 141 55
181 49 187 55
13 50 19 56
118 50 124 56
-2 51 4 57
4 51 10 57
7 51 13 57
11 51 17 57
62 51 68 57
73 51 79 57
81 51 87 57
124 51 130 57
129 51 135 57
135 51 141 57
84 52 90 58
140 52 146 58
152 52 158 58
92 53 98 59
107 53 113 59
153 53 159 59
161 53 167 59
27 54 33 60
102 54 108 60
108 54 114 60
165 54 171 60
58 55 64 61
115 55 121 61
150 55 156 61
171 55 177 61
40 56 46 62
47 56 53 62
53 56 59 62
57 56 63 62
142 56 148 62
152 56 158 62
157 56 163 62
89 57 95 63
97 57 103 63
123 57 129 63
127 57 133 63
131 57 137 63
4 58 10 64
63 58 69 64
85 58 91 64
156 58 162 64
37 59 43 65
61 59 67 65
126 59 132 65
80 60 86 66
98 60 104 66
104 60 110 66
6 61 12 67
92 61 98 67
150 61 156 67
117 62 123 68
57 63 63 69
64 63 70 69
78 63 84 69
188 63 194 69
59 64 65 70
87 64 93 70
110 64 116 70
129 64 135 70
191 64 197 70
18 65 24 71
29 65 35 71
106 65 112 71
115 65 121 71
37 66 43 72
66 66 72 72
104 66 110 72
160 66 166 72
190 66 196 72
54 67 60 73
93 67 99 73
100 67 106 73
2 68 8 74
6 68 12 74
94 68 100 74
127 68 133 74
152 68 158 74
179 68 185 74
43 69 49 75
61 70 67 76
101 70 107 76
9 71 15 77
81 71 87 77
91 71 97 77
127 71 133 77
132 71 138 77
188 71 194 77
65 72 71 78
150 72 156 78
15 73 21 79
30 73 36 79
114 73 120 79
74 74 80 80
90 74 96 80
134 74 140 80
138 74 144 80
178 74 184 80
10 75 16 81
27 75 33 81
119 75 125 81
123 75 129 81
53 76 59 82
-3 77 3 83
69 77 75 83
70 77 76 83
103 77 109 83
139 77 145 83
144 77 150 83
194 77 200 83
90 78 96 84
106 79 112 85
123 79 129 85
128 79 134 85
175 79 181 85
188 79 194 85
37 80 43 86
115 80 121 86
47 81 53 87
117 81 123 87
136 81 142 87
179 81 185 87
192 81 198 87
122 82 128 88
194 82 200 88
5 83 11 89
9 83 15 89
22 83 28 89
48 83 54 89
71 83 77 89
99 83 105 89
111 83 117 89
17 84 23 90
44 84 50 90
56 84 62 90
97 84 103 90
108 84 114 90
137 84 143 90
33 85 39 91
37 85 43 91
57 85 63 91
102 85 108 91
5 86 11 92
23 86 29 92
26 86 32 92
36 86 42 92
71 87 77 93
89 87 95 93
120 87 126 93
70 88 76 94
110 88 116 94
135 88 141 94
10 89 16 95
27 89 33 95
83 89 89 95
136 89 142 95
190 89 196 95
9 90 15 96
69 90 75 96
130 90 136 96
140 90 146 96
143 91 149 97
174 91 180 97
7 92 13 98
20 92 26 98
49 92 55 98
95 92 101 98
107 92 113 98
139 92 145 98
159 92 165 98
17 93 23 99
23 93 29 99
63 93 69 99
86 93 92 99
92 93 98 99
113 93 119 99
136 93 142 99
193 93 199 99
8 94 14 100
40 94 46 100
64 94 70 100
96 94 102 100
35 95 41 101
73 95 79 101
77 95 83 101
113 95 119 101
33 96 39 102
61 96 67 102
68 97 74 103
138 97 144 103
11 98 17 104
36 98 42 104
84 98 90 104
118 98 124 104
155 98 161 104
162 98 168 104
191 98 197 104
193 98 199 104
115 99 121 105
129 99 135 105
146 99 152 105
175 99 181 105
182 99 188 105
45 100 51 106
125 100 131 106
137 100 143 106
179 100 185 106
196 100 202 106
29 101 35 107
13 102 19 108
40 102 46 108
62 102 68 108
68 102 74 108
72 102 78 108
159 103 165 109
43 104 49 110
192 105 198 111
48 106 54 112
61 106 67 112
89 106 95 112
92 106 98 112
95 106 101 112
114 106 120 112
131 106 137 112
8 107 14 113
30 107 36 113
84 107 90 113
180 107 186 113
10 108 16 114
39 108 45 114
46 108 52 114
6 109 12 115
34 109 40 115
113 109 119 115
122 109 128 115
175 109 181 115
183 109 189 115
77 110 83 116
38 111 44 117
85 111 91 117
165 111 171 117
191 111 197 117
10 112 16 118
51 112 57 118
57 112 63 118
70 112 76 118
75 112 81 118
193 112 199 118
24 113 30 119
82 113 88 119
123 113 129 119
126 113 132 119
189 113 195 119
9 114 15 120
20 114 26 120
138 114 144 120
156 114 162 120
192 114 198 120
44 115 50 121
82 115 88 121
185 115 191 121
42 116 48 122
63 116 69 122
99 116 105 122
152 116 158 122
150 117 156 123
154 117 160 123
97 118 103 124
120 118 126 124
19 119 25 125
25 119 31 125
39 120 45 126
168 120 174 126
45 121 51 127
77 121 83 127
131 121 137 127
173 121 179 127
20 122 26 128
32 122 38 128
107 122 113 128
119 122 125 128
157 122 163 128
167 122 173 128
54 123 60 129
164 123 170 129
148 124 154 130
162 124 168 130
167 124 173 130
21 125 27 131
110 125 116 131
123 125 129 131
75 126 81 132
83 126 89 132
86 126 92 132
158 126 164 132
171 126 177 132
19 127 25 133
38 127 44 133
69 127 75 133
178 127 184 133
38 128 44 134
41 128 47 134
62 128 68 134
82 128 88 134
125 128 131 134
5 129 11 135
26 129 32 135
172 129 178 135
176 129 182 135
87 130 93 136
137 130 143 136
7 131 13 137
42 131 48 137
98 131 104 137
151 131 157 137
177 131 183 137
20 132 26 138
117 132 123 138
137 132 143 138
31 133 37 139
77 133 83 139
139 133 145 139
44 134 50 140
104 134 110 140
192 134 198 140
94 135 100 141
17 136 23 142
153 136 159 142
-1 137 5 143
70 137 76 143
106 137 112 143
134 137 140 143
174 137 180 143
23 138 29 144
152 138 158 144
158 138 164 144
182 138 188 144
27 139 33 145
68 139 74 145
85 139 91 145
122 139 128 145
158 139 164 145
166 139 172 145
87 140 93 146
153 140 159 146
183 140 189 146
195 140 201 146
11 141 17 147
65 141 71 147
179 141 185 147
185 141 191 147
67 142 73 148
114 142 120 148
155 143 161 149
8 144 14 150
13 144 19 150
42 144 48 150
74 144 80 150
163 144 169 150
10 145 16 151
90 145 96 151
119 145 125 151
125 145 131 151
137 145 143 151
164 145 170 151
183 145 189 151
190 145 196 151
53 146 59 152
102 146 108 152
120 146 126 152
35 147 41 153
43 147 49 153
156 147 162 153
173 147 179 153
196 147 202 153
1 148 7 154
25 148 31 154
51 148 57 154
126 148 132 154
155 148 161 154
167 148 173 154
181 148 187 154
92 149 98 155
154 149 160 155
17 150 23 156
20 150 26 156
72 150 78 156
190 150 196 156
192 150 198 156
27 151 33 157
77 151 83 157
90 151 96 157
50 152 56 158
125 152 131 158
179 152 185 158
188 152 194 158
35 153 41 159
59 153 65 159
80 153 86 159
88 153 94 159
129 154 135 160
152 154 158 160
165 154 171 160
179 154 185 160
22 155 28 161
125 155 131 161
8 156 14 162
18 156 24 162
21 156 27 162
83 156 89 162
120 156 126 162
152 156 158 162
88 157 94 163
191 157 197 163
13 158 19 164
56 158 62 164
133 158 139 164
46 159 52 165
80 159 86 165
189 159 195 165
177 160 183 166
196 160 202 166
102 161 108 167
153 161 159 167
102 162 108 168
52 163 58 169
180 163 186 169
193 163 199 169
56 164 62 170
87 164 93 170
5 165 11 171
70 166 76 172
186 166 192 172
7 167 13 173
71 167 77 173
123 167 129 173
139 167 145 173
170 167 176 173
150 168 156 174
178 168 184 174
15 169 21 175
37 169 43 175
95 169 101 175
129 169 135 175
143 169 149 175
159 169 165 175
166 169 172 175
7 170 13 176
59 170 65 176
77 170 83 176
80 170 86 176
107 170 113 176
172 170 178 176
178 170 184 176
-1 171 5 177
135 171 141 177
19 172 25 178
37 172 43 178
105 172 111 178
147 172 153 178
155 172 161 178
32 173 38 179
50 173 56 179
65 173 71 179
103 173 109 179
133 173 139 179
149 173 155 179
11 174 17 180
25 174 31 180
90 174 96 180
95 174 101 180
124 174 130 180
17 175 23 181
57 175 63 181
82 175 88 181
127 175 133 181
161 175 167 181
97 176 103 182
121 176 127 182
152 176 158 182
164 176 170 182
36 177 42 183
59 177 65 183
83 177 89 183
139 177 145 183
12 178 18 184
98 178 104 184
120 178 126 184
175 178 181 184
38 179 44 185
127 179 133 185
15 180 21 186
23 180 29 186
58 180 64 186
128 180 134 186
54 181 60 187
75 181 81 187
96 181 102 187
108 181 114 187
38 182 44 188
50 182 56 188
89 182 95 188
117 182 123 188
126 182 132 188
9 183 15 189
51 183 57 189
61 183 67 189
86 183 92 189
127 183 133 189
146 183 152 189
7 184 13 190
41 184 47 190
83 184 89 190
144 184 150 190
19 185 25 191
72 185 78 191
158 185 164 191
40 186 46 192
81 186 87 192
148 186 154 192
120 187 126 193
14 188 20 194
32 188 38 194
38 188 44 194
124 188 130 194
192 188 198 194
25 189 31 195
65 189 71 195
69 189 75 195
76 189 82 195
8 190 14 196
51 190 57 196
66 190 72 196
107 190 113 196
112 190 118 196
128 190 134 196
140 190 146 196
171 190 177 196
2 191 8 197
6 191 12 197
43 191 49 197
55 191 61 197
85 191 91 197
106 191 112 197
120 191 126 197
79 192 85 198
84 192 90 198
101 192 107 198
109 192 115 198
5 193 11 199
33 193 39 199
46 193 52 199
61 193 67 199
124 193 130 199
139 193 145 199
163 193 169 199
17 194 23 200
74 194 80 200
80 194 86 200
132 194 138 200
24 195 30 201
68 195 74 201
82 195 88 201
109 195 115 201
129 195 135 201
168 195 174 201
1 196 7 202
110 196 116 202
130 196 136 202
141 196 147 202
148 196 154 202
169 196 175 202
