687
17 -3 23 3
147 -3 153 3
157 -3 163 3
165 -3 171 3
174 -3 180 3
16 -2 22 4
31 -2 37 4
40 -2 46 4
53 -2 59 4
56 -2 62 4
90 -2 96 4
96 -2 102 4
127 -2 133 4
5 -1 11 5
98 -1 104 5
101 -1 107 5
120 -1 126 5
88 0 94 6
115 0 121 6
76 1 82 7
14 2 20 8
46 2 52 8
71 2 77 8
89 2 95 8
158 2 164 8
164 2 170 8
21 3 27 9
112 3 118 9
4 4 10 10
17 4 23 10
48 4 54 10
92 4 98 10
113 4 119 10
161 4 167 10
58 5 64 11
79 5 85 11
127 5 133 11
170 6 176 12
192 6 198 12
62 7 68 13
70 7 76 13
9 8 15 14
27 8 33 14
109 8 115 14
119 8 125 14
163 8 169 14
173 8 179 14
193 8 199 14
40 9 46 15
71 9 77 15
95 9 101 15
50 10 56 16
96 10 102 16
131 10 137 16
150 10 156 16
189 10 195 16
12 11 18 17
144 11 150 17
150 11 156 17
80 12 86 18
112 12 118 18
162 12 168 18
176 12 182 18
13 13 19 19
164 13 170 19
169 13 175 19
-3 14 3 20
20 14 26 20
108 14 114 20
114 14 120 20
6 15 12 21
31 15 37 21
69 15 75 21
167 15 173 21
186 15 192 21
10 17 16 23
85 17 91 23
116 17 122 23
76 18 82 24
80 18 86 24
101 18 107 24
144 18 150 24
28 19 34 25
71 19 77 25
123 19 129 25
135 19 141 25
151 19 157 25
173 19 179 25
182 19 188 25
151 21 157 27
113 22 119 28
24 23 30 29
35 23 41 29
55 23 61 29
171 23 177 29
7 24 13 30
32 24 38 30
85 24 91 30
156 24 162 30
162 24 168 30
80 26 86 32
99 26 105 32
173 26 179 32
180 26 186 32
28 27 34 33
35 27 41 33
69 27 75 33
88 27 94 33
114 27 120 33
18 28 24 34
43 28 49 34
44 28 50 34
74 28 80 34
129 28 135 34
40 29 46 35
52 29 58 35
93 29 99 35
133 29 139 35
190 29 196 35
28 30 34 36
38 30 44 36
46 30 52 36
55 30 61 36
77 30 83 36
75 31 81 37
108 31 114 37
116 31 122 37
153 31 159 37
156 31 162 37
45 32 51 38
106 32 112 38
127 32 133 38
46 33 52 39
163 33 169 39
192 33 198 39
30 34 36 40
58 34 64 40
82 34 88 40
90 34 96 40
103 34 109 40
112 34 118 40
36 35 42 41
150 35 156 41
77 36 83 42
98 36 104 42
137 36 143 42
159 36 165 42
44 37 50 43
46 37 52 43
62 37 68 43
69 37 75 43
81 37 87 43
94 37 100 43
101 37 107 43
127 37 133 43
153 37 159 43
48 38 54 44
79 38 85 44
165 38 171 44
-2 39 4 45
29 39 35 45
138 39 144 45
180 39 186 45
21 40 27 46
50 40 56 46
67 40 73 46
163 40 169 46
20 41 26 47
28 41 34 47
54 41 60 47
97 41 103 47
124 41 130 47
169 41 175 47
-2 42 4 48
2 42 8 48
36 42 42 48
141 42 147 48
181 42 187 48
64 43 70 49
86 43 92 49
103 43 109 49
133 43 139 49
98 44 104 50
21 45 27 51
63 45 69 51
105 45 111 51
128 45 134 51
145 45 151 51
189 45 195 51
7 46 13 52
13 46 19 52
86 46 92 52
169 46 175 52
8 47 14 53
109 47 115 53
137 47 143 53
164 47 170 53
16 48 22 54
38 48 44 54
100 48 106 54
147 48 153 54
161 48 167 54
170 48 176 54
1 49 7 55
76 49 82 55
24 50 30 56
62 50 68 56
118 50 124 56
-2 51 4 57
5 51 11 57
81 51 87 57
129 51 135 57
180 51 186 57
28 52 34 58
84 52 90 58
139 52 145 58
92 53 98 59
161 53 167 59
169 53 175 59
5 54 11 60
27 54 33 60
65 54 71 60
102 54 108 60
165 54 171 60
150 55 156 61
47 56 53 62
53 56 59 62
142 56 148 62
152 56 158 62
157 56 163 62
89 57 95 63
97 57 103 63
113 57 119 63
123 57 129 63
131 57 137 63
4 58 10 64
45 58 51 64
85 58 91 64
156 58 162 64
38 59 44 65
62 59 68 65
80 60 86 66
98 60 104 66
104 60 110 66
171 60 177 66
6 61 12 67
92 61 98 67
117 61 123 67
150 61 156 67
57 63 63 69
64 63 70 69
78 63 84 69
90 63 96 69
188 63 194 69
59 64 65 70
110 64 116 70
129 64 135 70
190 64 196 70
18 65 24 71
106 65 112 71
115 65 121 71
29 66 35 72
37 66 43 72
66 66 72 72
104 66 110 72
54 67 60 73
100 67 106 73
2 68 8 74
6 68 12 74
152 68 158 74
179 68 185 74
43 69 49 75
127 69 133 75
-3 70 3 76
13 70 19 76
56 70 62 76
101 70 107 76
61 71 67 77
82 71 88 77
96 71 102 77
188 71 194 77
41 72 47 78
65 72 71 78
151 72 157 78
15 73 21 79
30 73 36 79
114 73 120 79
74 74 80 80
90 74 96 80
134 74 140 80
138 74 144 80
178 74 184 80
10 75 16 81
27 75 33 81
65 75 71 81
119 75 125 81
123 75 129 81
135 75 141 81
38 76 44 82
61 77 67 83
103 77 109 83
139 77 145 83
144 77 150 83
87 78 93 84
90 78 96 84
174 78 180 84
128 79 134 85
37 80 43 86
115 80 121 86
123 80 129 86
30 81 36 87
117 81 123 87
179 81 185 87
47 82 53 88
122 82 128 88
136 82 142 88
5 83 11 89
22 83 28 89
71 83 77 89
99 83 105 89
111 83 117 89
44 84 50 90
97 84 103 90
108 84 114 90
33 85 39 91
103 85 109 91
5 86 11 92
23 86 29 92
26 86 32 92
11 87 17 93
89 87 95 93
120 87 126 93
176 87 182 93
19 88 25 94
46 88 52 94
110 88 116 94
83 89 89 95
190 89 196 95
27 90 33 96
69 90 75 96
140 90 146 96
74 91 80 97
151 91 157 97
174 91 180 97
7 92 13 98
20 92 26 98
29 92 35 98
49 92 55 98
95 92 101 98
106 92 112 98
136 92 142 98
139 92 145 98
159 92 165 98
18 93 24 99
23 93 29 99
86 93 92 99
193 93 199 99
8 94 14 100
40 94 46 100
92 94 98 100
96 94 102 100
35 95 41 101
73 95 79 101
77 95 83 101
159 95 165 101
195 95 201 101
34 96 40 102
91 96 97 102
185 96 191 102
3 97 9 103
62 97 68 103
68 97 74 103
138 97 144 103
155 97 161 103
11 98 17 104
36 98 42 104
118 98 124 104
161 98 167 104
115 99 121 105
129 99 135 105
146 99 152 105
175 99 181 105
182 99 188 105
45 100 51 106
62 100 68 106
75 100 81 106
126 100 132 106
137 100 143 106
179 100 185 106
196 100 202 106
29 101 35 107
40 102 46 108
62 102 68 108
68 102 74 108
73 102 79 108
159 103 165 109
43 104 49 110
171 104 177 110
129 105 135 111
175 105 181 111
193 105 199 111
48 106 54 112
89 106 95 112
92 106 98 112
95 106 101 112
114 106 120 112
131 106 137 112
30 107 36 113
54 107 60 113
84 107 90 113
180 107 186 113
39 108 45 114
46 108 52 114
5 109 11 115
34 109 40 115
86 109 92 115
175 109 181 115
183 109 189 115
77 110 83 116
85 110 91 116
122 110 128 116
165 110 171 116
186 110 192 116
51 111 57 117
145 111 151 117
191 111 197 117
10 112 16 118
57 112 63 118
70 112 76 118
75 112 81 118
193 112 199 118
24 113 30 119
123 113 129 119
190 113 196 119
20 114 26 120
156 114 162 120
192 114 198 120
44 115 50 121
103 115 109 121
138 115 144 121
30 116 36 122
63 116 69 122
99 116 105 122
152 116 158 122
173 116 179 122
18 117 24 123
150 117 156 123
120 118 126 124
19 119 25 125
26 119 32 125
5 120 11 126
128 120 134 126
167 120 173 126
45 121 51 127
77 121 83 127
130 121 136 127
136 121 142 127
173 121 179 127
32 122 38 128
119 122 125 128
107 123 113 129
111 123 117 129
157 123 163 129
164 123 170 129
167 123 173 129
110 124 116 130
148 124 154 130
21 125 27 131
123 125 129 131
75 126 81 132
83 126 89 132
86 126 92 132
158 126 164 132
171 126 177 132
69 127 75 133
82 127 88 133
62 128 68 134
125 128 131 134
178 128 184 134
26 129 32 135
75 130 81 136
87 130 93 136
119 130 125 136
7 131 13 137
98 131 104 137
113 131 119 137
151 131 157 137
20 132 26 138
41 132 47 138
117 132 123 138
141 132 147 138
31 133 37 139
77 133 83 139
139 133 145 139
171 133 177 139
45 134 51 140
104 134 110 140
132 134 138 140
192 134 198 140
95 135 101 141
17 136 23 142
153 136 159 142
85 137 91 143
134 137 140 143
174 137 180 143
-1 138 5 144
22 138 28 144
152 138 158 144
182 138 188 144
28 139 34 145
68 139 74 145
122 139 128 145
140 139 146 145
166 139 172 145
87 140 93 146
195 140 201 146
1 141 7 147
9 141 15 147
184 141 190 147
114 142 120 148
179 142 185 148
155 143 161 149
9 144 15 150
14 144 20 150
42 144 48 150
16 145 22 151
90 145 96 151
125 145 131 151
137 145 143 151
180 145 186 151
182 145 188 151
190 145 196 151
53 146 59 152
102 146 108 152
35 147 41 153
43 147 49 153
155 147 161 153
175 147 181 153
196 147 202 153
25 148 31 154
51 148 57 154
102 148 108 154
126 148 132 154
167 148 173 154
182 148 188 154
92 149 98 155
150 149 156 155
72 150 78 156
27 151 33 157
90 151 96 157
50 152 56 158
125 152 131 158
188 152 194 158
30 153 36 159
35 153 41 159
41 153 47 159
59 153 65 159
80 153 86 159
88 153 94 159
129 154 135 160
165 154 171 160
21 156 27 162
120 156 126 162
3 157 9 163
41 157 47 163
88 157 94 163
133 157 139 163
191 157 197 163
-2 158 4 164
5 158 11 164
13 158 19 164
46 158 52 164
56 158 62 164
164 158 170 164
80 159 86 165
189 159 195 165
196 159 202 165
134 161 140 167
177 161 183 167
15 163 21 169
193 163 199 169
56 164 62 170
87 164 93 170
5 165 11 171
132 166 138 172
186 166 192 172
7 167 13 173
123 167 129 173
139 167 145 173
151 168 157 174
15 169 21 175
129 169 135 175
143 169 149 175
159 169 165 175
167 169 173 175
7 170 13 176
58 170 64 176
107 170 113 176
-1 171 5 177
135 171 141 177
151 171 157 177
19 172 25 178
84 172 90 178
104 172 110 178
147 172 153 178
6 173 12 179
32 173 38 179
50 173 56 179
65 173 71 179
103 173 109 179
133 173 139 179
11 174 17 180
90 174 96 180
95 174 101 180
124 174 130 180
17 175 23 181
58 175 64 181
70 175 76 181
82 175 88 181
127 175 133 181
142 175 148 181
121 176 127 182
139 176 145 182
152 176 158 182
164 176 170 182
36 177 42 183
59 177 65 183
74 177 80 183
82 177 88 183
12 178 18 184
98 178 104 184
119 178 125 184
15 179 21 185
38 179 44 185
23 180 29 186
58 180 64 186
54 181 60 187
75 181 81 187
96 181 102 187
89 182 95 188
117 182 123 188
8 183 14 189
61 183 67 189
146 183 152 189
7 184 13 190
24 184 30 190
41 184 47 190
83 184 89 190
188 184 194 190
18 185 24 191
72 185 78 191
158 185 164 191
40 186 46 192
148 186 154 192
38 187 44 193
120 187 126 193
14 188 20 194
32 188 38 194
124 188 130 194
192 188 198 194
25 189 31 195
61 189 67 195
69 189 75 195
76 189 82 195
170 189 176 195
50 190 56 196
112 190 118 196
43 191 49 197
55 191 61 197
84 191 90 197
120 191 126 197
33 192 39 198
79 192 85 198
84 192 90 198
109 192 115 198
46 193 52 199
61 193 67 199
16 194 22 200
44 194 50 200
124 194 130 200
132 194 138 200
144 194 150 200
68 195 74 201
82 195 88 201
129 195 135 201
130 195 136 201
142 196 148 202
