151
157 -3 163 3
4 -2 10 4
40 -2 46 4
31 -1 37 5
100 -1 106 5
174 -1 180 5
3 0 9 6
170 3 176 9
22 4 28 10
52 4 58 10
137 4 143 10
27 5 33 11
77 5 83 11
129 5 135 11
118 8 124 14
40 9 46 15
50 10 56 16
131 10 137 16
109 13 115 19
169 13 175 19
31 15 37 21
101 18 107 24
28 19 34 25
55 23 61 29
7 24 13 30
159 24 165 30
99 25 105 31
161 25 167 31
35 27 41 33
69 28 75 34
93 30 99 36
24 33 30 39
30 33 36 39
92 34 98 40
111 34 117 40
103 35 109 41
133 35 139 41
62 36 68 42
95 37 101 43
194 41 200 47
141 42 147 48
21 45 27 51
189 45 195 51
109 47 115 53
129 49 135 55
118 50 124 56
102 54 108 60
10 55 16 61
53 56 59 62
142 56 148 62
104 58 110 64
6 60 12 66
123 60 129 66
118 61 124 67
151 61 157 67
188 63 194 69
110 64 116 70
115 65 121 71
179 67 185 73
-3 70 3 76
188 72 194 78
74 74 80 80
103 75 109 81
166 80 172 86
178 81 184 87
71 83 77 89
10 88 16 94
69 90 75 96
23 92 29 98
136 92 142 98
142 92 148 98
190 92 196 98
185 95 191 101
2 97 8 103
11 97 17 103
161 98 167 104
146 99 152 105
29 100 35 106
175 100 181 106
160 103 166 109
171 104 177 110
91 106 97 112
114 106 120 112
84 107 90 113
180 107 186 113
165 108 171 114
5 109 11 115
54 111 60 117
71 112 77 118
43 113 49 119
103 115 109 121
185 115 191 121
64 117 70 123
5 120 11 126
31 122 37 128
107 123 113 129
69 126 75 132
60 128 66 134
75 130 81 136
97 131 103 137
113 131 119 137
77 133 83 139
46 134 52 140
174 137 180 143
166 139 172 145
88 140 94 146
195 140 201 146
117 142 123 148
122 142 128 148
196 143 202 149
74 144 80 150
90 145 96 151
181 146 187 152
155 147 161 153
190 147 196 153
35 148 41 154
167 148 173 154
38 151 44 157
58 153 64 159
129 154 135 160
120 156 126 162
56 158 62 164
177 163 183 169
194 163 200 169
87 164 93 170
159 169 165 175
107 170 113 176
187 170 193 176
196 170 202 176
172 171 178 177
32 173 38 179
50 173 56 179
95 174 101 180
25 175 31 181
121 176 127 182
37 178 43 184
96 180 102 186
107 181 113 187
41 183 47 189
157 183 163 189
24 184 30 190
61 184 67 190
148 188 154 194
25 189 31 195
60 189 66 195
111 190 117 196
8 192 14 198
62 192 68 198
25 193 31 199
109 193 115 199
14 194 20 200
