466
157 -3 163 3
174 -3 180 3
31 -2 37 4
40 -2 46 4
56 -2 62 4
90 -2 96 4
97 -2 103 4
127 -2 133 4
5 -1 11 5
98 -1 104 5
115 -1 121 5
120 -1 126 5
-2 0 4 6
88 0 94 6
15 2 21 8
46 2 52 8
71 2 77 8
89 2 95 8
158 2 164 8
161 3 167 9
4 4 10 10
17 4 23 10
48 4 54 10
92 4 98 10
79 5 85 11
127 5 133 11
170 5 176 11
9 8 15 14
119 8 125 14
40 9 46 15
163 9 169 15
173 9 179 15
50 10 56 16
131 10 137 16
188 10 194 16
144 11 150 17
80 12 86 18
84 12 90 18
162 12 168 18
176 12 182 18
169 13 175 19
108 14 114 20
114 14 120 20
6 15 12 21
31 15 37 21
166 15 172 21
186 15 192 21
161 16 167 22
9 17 15 23
80 17 86 23
85 17 91 23
116 17 122 23
76 18 82 24
101 18 107 24
143 18 149 24
71 19 77 25
123 19 129 25
136 19 142 25
182 19 188 25
24 23 30 29
55 23 61 29
172 23 178 29
7 24 13 30
33 24 39 30
34 24 40 30
85 24 91 30
156 24 162 30
162 24 168 30
99 25 105 31
180 25 186 31
80 26 86 32
88 26 94 32
123 26 129 32
191 26 197 32
35 27 41 33
69 27 75 33
114 27 120 33
74 28 80 34
129 28 135 34
18 29 24 35
93 29 99 35
133 29 139 35
190 29 196 35
46 30 52 36
55 30 61 36
123 30 129 36
116 31 122 37
127 32 133 38
30 33 36 39
163 33 169 39
192 33 198 39
90 34 96 40
103 34 109 40
82 35 88 41
133 35 139 41
150 35 156 41
2 36 8 42
77 36 83 42
98 36 104 42
101 36 107 42
137 36 143 42
159 36 165 42
62 37 68 43
69 37 75 43
94 37 100 43
153 37 159 43
-2 38 4 44
80 38 86 44
127 38 133 44
29 39 35 45
32 39 38 45
48 39 54 45
138 39 144 45
165 39 171 45
50 40 56 46
67 40 73 46
28 41 34 47
54 41 60 47
181 41 187 47
194 41 200 47
-2 42 4 48
2 42 8 48
98 42 104 48
141 42 147 48
169 42 175 48
98 43 104 49
103 43 109 49
176 43 182 49
51 44 57 50
129 44 135 50
21 45 27 51
105 45 111 51
189 45 195 51
15 46 21 52
145 46 151 52
109 47 115 53
16 48 22 54
39 48 45 54
147 48 153 54
-1 50 5 56
62 50 68 56
74 50 80 56
76 50 82 56
129 50 135 56
81 51 87 57
84 52 90 58
139 52 145 58
92 53 98 59
161 53 167 59
169 53 175 59
5 54 11 60
102 54 108 60
165 54 171 60
171 55 177 61
53 56 59 62
142 56 148 62
89 57 95 63
4 58 10 64
38 58 44 64
85 58 91 64
97 58 103 64
131 58 137 64
17 59 23 65
98 59 104 65
123 59 129 65
171 60 177 66
6 61 12 67
117 61 123 67
150 61 156 67
129 62 135 68
65 63 71 69
90 63 96 69
188 63 194 69
110 64 116 70
18 65 24 71
115 65 121 71
29 66 35 72
37 66 43 72
55 67 61 73
100 67 106 73
151 68 157 74
179 68 185 74
-3 70 3 76
95 70 101 76
101 70 107 76
13 71 19 77
61 71 67 77
82 71 88 77
9 72 15 78
14 72 20 78
65 72 71 78
91 72 97 78
151 72 157 78
188 72 194 78
29 73 35 79
132 73 138 79
10 74 16 80
177 74 183 80
27 75 33 81
103 76 109 82
139 77 145 83
144 77 150 83
87 78 93 84
175 78 181 84
107 79 113 85
166 80 172 86
179 81 185 87
22 83 28 89
71 83 77 89
107 83 113 89
18 84 24 90
111 84 117 90
26 85 32 91
103 85 109 91
23 86 29 92
5 87 11 93
11 87 17 93
19 87 25 93
176 87 182 93
46 88 52 94
89 88 95 94
110 88 116 94
5 89 11 95
83 89 89 95
28 90 34 96
130 90 136 96
174 90 180 96
190 90 196 96
74 91 80 97
143 91 149 97
7 92 13 98
19 92 25 98
20 92 26 98
29 92 35 98
49 92 55 98
105 92 111 98
136 92 142 98
152 92 158 98
159 92 165 98
8 93 14 99
85 93 91 99
193 93 199 99
39 94 45 100
159 95 165 101
194 95 200 101
155 96 161 102
185 96 191 102
11 97 17 103
68 97 74 103
36 98 42 104
84 98 90 104
146 99 152 105
175 99 181 105
182 99 188 105
179 100 185 106
196 100 202 106
29 101 35 107
45 101 51 107
68 102 74 108
160 103 166 109
44 104 50 110
171 104 177 110
193 105 199 111
48 106 54 112
91 106 97 112
114 106 120 112
30 107 36 113
85 107 91 113
180 107 186 113
40 108 46 114
46 108 52 114
5 109 11 115
34 109 40 115
54 109 60 115
183 109 189 115
77 110 83 116
122 110 128 116
165 110 171 116
185 110 191 116
38 111 44 117
51 111 57 117
146 111 152 117
10 112 16 118
57 112 63 118
70 112 76 118
75 112 81 118
23 113 29 119
21 114 27 120
191 114 197 120
43 115 49 121
103 115 109 121
138 115 144 121
156 115 162 121
185 115 191 121
29 116 35 122
153 116 159 122
150 117 156 123
173 117 179 123
27 119 33 125
120 119 126 125
5 120 11 126
39 120 45 126
45 121 51 127
136 121 142 127
173 121 179 127
31 122 37 128
77 122 83 128
119 122 125 128
107 123 113 129
167 123 173 129
148 124 154 130
157 124 163 130
21 125 27 131
123 125 129 131
86 126 92 132
146 126 152 132
158 126 164 132
171 126 177 132
19 127 25 133
62 128 68 134
125 128 131 134
26 129 32 135
172 129 178 135
75 130 81 136
86 130 92 136
118 130 124 136
97 131 103 137
113 131 119 137
117 131 123 137
151 131 157 137
20 132 26 138
171 132 177 138
187 132 193 138
77 133 83 139
31 134 37 140
45 134 51 140
104 134 110 140
132 135 138 141
134 136 140 142
153 136 159 142
17 137 23 143
-1 138 5 144
21 138 27 144
152 138 158 144
28 139 34 145
140 139 146 145
166 139 172 145
182 139 188 145
195 139 201 145
87 140 93 146
122 140 128 146
153 140 159 146
1 141 7 147
155 143 161 149
42 144 48 150
74 144 80 150
90 145 96 151
125 145 131 151
137 145 143 151
190 145 196 151
43 146 49 152
196 146 202 152
34 147 40 153
155 147 161 153
167 148 173 154
182 148 188 154
26 149 32 155
92 149 98 155
27 151 33 157
77 151 83 157
41 152 47 158
50 152 56 158
35 153 41 159
59 153 65 159
80 153 86 159
88 153 94 159
165 155 171 161
88 156 94 162
120 156 126 162
41 157 47 163
133 157 139 163
14 158 20 164
46 158 52 164
56 158 62 164
80 159 86 165
134 161 140 167
153 161 159 167
177 161 183 167
15 162 21 168
87 164 93 170
131 166 137 172
122 167 128 173
139 167 145 173
151 168 157 174
129 169 135 175
143 169 149 175
159 169 165 175
58 170 64 176
107 170 113 176
186 170 192 176
-2 171 4 177
152 171 158 177
172 171 178 177
19 172 25 178
84 172 90 178
134 172 140 178
135 172 141 178
154 172 160 178
32 173 38 179
50 173 56 179
66 173 72 179
12 174 18 180
90 174 96 180
95 174 101 180
17 175 23 181
25 175 31 181
69 175 75 181
141 175 147 181
162 175 168 181
121 176 127 182
140 176 146 182
151 176 157 182
163 176 169 182
37 177 43 183
74 177 80 183
13 179 19 185
15 179 21 185
23 180 29 186
58 180 64 186
75 180 81 186
96 180 102 186
38 181 44 187
54 181 60 187
108 181 114 187
89 182 95 188
61 183 67 189
24 184 30 190
41 184 47 190
158 184 164 190
18 185 24 191
188 185 194 191
72 186 78 192
148 187 154 193
69 188 75 194
191 188 197 194
25 189 31 195
61 189 67 195
76 189 82 195
50 190 56 196
111 190 117 196
127 190 133 196
8 191 14 197
33 191 39 197
55 191 61 197
43 192 49 198
46 193 52 199
132 193 138 199
137 193 143 199
15 194 21 200
74 194 80 200
80 194 86 200
143 194 149 200
24 195 30 201
82 195 88 201
142 196 148 202
165 196 171 202
