264
5 -2 11 4
40 -2 46 4
127 -2 133 4
174 -2 180 4
31 -1 37 5
100 -1 106 5
0 0 6 6
75 1 81 7
71 2 77 8
170 3 176 9
4 4 10 10
21 4 27 10
52 4 58 10
137 4 143 10
79 5 85 11
127 5 133 11
58 6 64 12
70 6 76 12
60 7 66 13
9 8 15 14
110 8 116 14
118 8 124 14
40 9 46 15
50 10 56 16
131 10 137 16
174 10 180 16
175 11 181 17
111 12 117 18
169 13 175 19
108 14 114 20
114 14 120 20
144 14 150 20
31 15 37 21
115 16 121 22
143 16 149 22
83 17 89 23
121 17 127 23
101 18 107 24
28 19 34 25
137 19 143 25
182 21 188 27
24 23 30 29
55 23 61 29
7 24 13 30
156 24 162 30
99 25 105 31
162 25 168 31
78 26 84 32
35 27 41 33
69 27 75 33
114 27 120 33
173 27 179 33
74 28 80 34
93 29 99 35
18 30 24 36
46 30 52 36
116 31 122 37
127 32 133 38
24 33 30 39
30 33 36 39
162 33 168 39
192 33 198 39
91 34 97 40
112 34 118 40
80 35 86 41
103 35 109 41
133 35 139 41
78 36 84 42
98 36 104 42
101 36 107 42
137 36 143 42
95 37 101 43
159 37 165 43
69 38 75 44
67 39 73 45
138 39 144 45
194 41 200 47
54 42 60 48
141 42 147 48
171 43 177 49
51 44 57 50
21 45 27 51
189 45 195 51
43 47 49 53
109 47 115 53
41 48 47 54
100 49 106 55
129 49 135 55
61 50 67 56
118 50 124 56
92 53 98 59
102 54 108 60
165 54 171 60
12 55 18 61
171 55 177 61
5 56 11 62
53 56 59 62
142 56 148 62
4 58 10 64
17 59 23 65
104 59 110 65
123 60 129 66
6 61 12 67
117 61 123 67
150 61 156 67
188 63 194 69
110 64 116 70
18 65 24 71
115 65 121 71
30 66 36 72
37 66 43 72
179 67 185 73
-3 70 3 76
92 70 98 76
83 71 89 77
188 72 194 78
114 73 120 79
74 74 80 80
138 74 144 80
103 75 109 81
132 75 138 81
139 76 145 82
128 77 134 83
144 77 150 83
166 80 172 86
178 81 184 87
71 83 77 89
26 84 32 90
104 86 110 92
10 88 16 94
89 88 95 94
84 89 90 95
69 90 75 96
130 90 136 96
49 91 55 97
23 92 29 98
104 92 110 98
136 92 142 98
142 92 148 98
38 95 44 101
185 96 191 102
2 97 8 103
11 97 17 103
36 98 42 104
161 98 167 104
146 99 152 105
175 99 181 105
196 102 202 108
160 103 166 109
171 104 177 110
195 104 201 110
91 106 97 112
114 106 120 112
84 107 90 113
180 107 186 113
5 109 11 115
122 110 128 116
38 111 44 117
56 111 62 117
147 111 153 117
9 112 15 118
71 112 77 118
43 114 49 120
103 115 109 121
185 115 191 121
64 116 70 122
138 117 144 123
149 117 155 123
5 120 11 126
40 120 46 126
44 121 50 127
136 121 142 127
31 122 37 128
107 123 113 129
167 123 173 129
124 125 130 131
69 126 75 132
170 126 176 132
125 127 131 133
25 129 31 135
20 130 26 136
75 130 81 136
97 131 103 137
113 131 119 137
151 131 157 137
46 134 52 140
31 136 37 142
28 137 34 143
174 137 180 143
166 139 172 145
195 139 201 145
87 140 93 146
140 140 146 146
181 140 187 146
114 142 120 148
122 142 128 148
180 142 186 148
74 144 80 150
90 145 96 151
137 145 143 151
196 145 202 151
34 147 40 153
155 147 161 153
181 147 187 153
167 148 173 154
41 152 47 158
50 152 56 158
59 153 65 159
80 153 86 159
129 154 135 160
120 156 126 162
45 157 51 163
133 157 139 163
42 158 48 164
56 158 62 164
134 161 140 167
153 161 159 167
177 162 183 168
194 163 200 169
87 164 93 170
122 167 128 173
140 167 146 173
58 169 64 175
143 169 149 175
159 169 165 175
-3 170 3 176
107 170 113 176
186 170 192 176
86 172 92 178
32 173 38 179
50 173 56 179
15 174 21 180
90 174 96 180
95 174 101 180
17 175 23 181
25 175 31 181
121 176 127 182
151 176 157 182
37 178 43 184
23 180 29 186
96 180 102 186
108 181 114 187
41 183 47 189
61 183 67 189
24 184 30 190
158 184 164 190
189 186 195 192
69 187 75 193
190 188 196 194
25 189 31 195
60 189 66 195
48 190 54 196
111 190 117 196
76 191 82 197
8 192 14 198
45 192 51 198
55 193 61 199
62 193 68 199
109 193 115 199
14 194 20 200
24 194 30 200
124 194 130 200
82 195 88 201
56 196 62 202
