139
157 -3 163 3
40 -2 46 4
31 -1 37 5
174 -1 180 5
164 2 170 8
170 3 176 9
23 4 29 10
137 4 143 10
6 5 12 11
27 5 33 11
6 6 12 12
118 8 124 14
40 9 46 15
50 10 56 16
131 10 137 16
109 13 115 19
169 13 175 19
31 15 37 21
101 19 107 25
25 23 31 29
55 23 61 29
99 25 105 31
173 27 179 33
69 28 75 34
46 30 52 36
93 30 99 36
127 32 133 38
24 33 30 39
193 33 199 39
92 34 98 40
111 34 117 40
103 35 109 41
133 35 139 41
62 36 68 42
95 37 101 43
141 42 147 48
21 45 27 51
189 45 195 51
129 49 135 55
60 50 66 56
118 50 124 56
92 53 98 59
102 54 108 60
10 55 16 61
53 56 59 62
142 56 148 62
104 57 110 63
122 60 128 66
171 60 177 66
119 61 125 67
151 61 157 67
188 63 194 69
110 64 116 70
115 65 121 71
179 67 185 73
-3 70 3 76
188 72 194 78
114 73 120 79
74 74 80 80
103 75 109 81
144 75 150 81
166 80 172 86
178 81 184 87
71 83 77 89
10 88 16 94
69 90 75 96
131 90 137 96
136 92 142 98
190 92 196 98
185 95 191 101
11 96 17 102
2 97 8 103
146 99 152 105
161 99 167 105
29 100 35 106
175 100 181 106
160 103 166 109
171 104 177 110
91 106 97 112
114 106 120 112
180 107 186 113
122 110 128 116
38 111 44 117
53 111 59 117
71 112 77 118
103 115 109 121
184 115 190 121
64 117 70 123
5 120 11 126
31 122 37 128
69 126 75 132
60 128 66 134
75 130 81 136
97 131 103 137
113 131 119 137
151 131 157 137
77 133 83 139
46 134 52 140
174 137 180 143
166 139 172 145
74 144 80 150
181 146 187 152
155 147 161 153
167 148 173 154
50 152 56 158
58 153 64 159
129 154 135 160
120 156 126 162
56 158 62 164
153 161 159 167
177 163 183 169
194 163 200 169
87 164 93 170
122 167 128 173
159 169 165 175
107 170 113 176
187 170 193 176
195 170 201 176
172 171 178 177
32 173 38 179
95 174 101 180
25 175 31 181
121 176 127 182
151 176 157 182
37 178 43 184
96 180 102 186
107 181 113 187
157 183 163 189
24 184 30 190
61 184 67 190
60 189 66 195
148 189 154 195
111 190 117 196
8 192 14 198
62 192 68 198
109 193 115 199
13 194 19 200
82 194 88 200
68 195 74 201
