141
157 -3 163 3
40 -2 46 4
100 -1 106 5
174 -1 180 5
164 2 170 8
76 3 82 9
22 4 28 10
77 4 83 10
137 4 143 10
27 5 33 11
129 5 135 11
7 7 13 13
118 8 124 14
40 9 46 15
50 10 56 16
131 10 137 16
169 13 175 19
31 15 37 21
101 18 107 24
28 19 34 25
137 19 143 25
25 23 31 29
55 23 61 29
7 24 13 30
99 25 105 31
35 27 41 33
46 30 52 36
93 30 99 36
18 31 24 37
24 33 30 39
30 33 36 39
193 33 199 39
92 34 98 40
62 36 68 42
194 41 200 47
141 42 147 48
189 45 195 51
109 47 115 53
60 50 66 56
118 50 124 56
100 51 106 57
92 53 98 59
53 56 59 62
142 56 148 62
104 57 110 63
6 60 12 66
123 60 129 66
171 60 177 66
118 61 124 67
151 61 157 67
188 63 194 69
110 64 116 70
115 65 121 71
-3 70 3 76
188 72 194 78
114 73 120 79
103 75 109 81
144 75 150 81
166 80 172 86
178 81 184 87
71 83 77 89
10 88 16 94
69 90 75 96
136 92 142 98
190 92 196 98
185 95 191 101
11 96 17 102
2 97 8 103
161 98 167 104
146 99 152 105
175 100 181 106
160 103 166 109
171 104 177 110
91 106 97 112
114 106 120 112
84 107 90 113
180 107 186 113
165 108 171 114
5 109 11 115
122 110 128 116
8 111 14 117
38 111 44 117
71 112 77 118
43 113 49 119
103 115 109 121
184 115 190 121
64 117 70 123
5 120 11 126
31 122 37 128
107 123 113 129
69 126 75 132
60 128 66 134
75 130 81 136
97 131 103 137
113 131 119 137
151 131 157 137
77 133 83 139
46 134 52 140
174 137 180 143
166 139 172 145
88 140 94 146
195 140 201 146
120 142 126 148
196 142 202 148
74 144 80 150
90 145 96 151
181 146 187 152
155 147 161 153
167 148 173 154
38 150 44 156
50 152 56 158
190 152 196 158
58 153 64 159
120 156 126 162
153 161 159 167
177 163 183 169
194 163 200 169
87 164 93 170
122 167 128 173
159 169 165 175
107 170 113 176
187 170 193 176
196 170 202 176
172 171 178 177
50 173 56 179
95 174 101 180
25 175 31 181
121 176 127 182
151 176 157 182
37 178 43 184
23 180 29 186
41 183 47 189
24 184 30 190
61 184 67 190
25 189 31 195
62 192 68 198
25 193 31 199
109 193 115 199
14 194 20 200
82 194 88 200
68 195 74 201
