343
56 -3 62 3
157 -3 163 3
31 -2 37 4
127 -2 133 4
174 -2 180 4
100 -1 106 5
115 -1 121 5
119 -1 125 5
-2 0 4 6
88 0 94 6
75 1 81 7
15 2 21 8
71 2 77 8
89 2 95 8
159 2 165 8
164 2 170 8
17 3 23 9
21 3 27 9
46 3 52 9
47 4 53 10
52 4 58 10
91 4 97 10
136 4 142 10
170 4 176 10
79 5 85 11
127 5 133 11
27 7 33 13
61 7 67 13
70 7 76 13
9 8 15 14
109 8 115 14
40 9 46 15
173 9 179 15
50 10 56 16
131 10 137 16
176 11 182 17
188 11 194 17
81 12 87 18
83 12 89 18
112 12 118 18
169 13 175 19
114 14 120 20
6 15 12 21
31 15 37 21
186 15 192 21
9 17 15 23
80 17 86 23
85 17 91 23
116 17 122 23
76 18 82 24
101 18 107 24
143 18 149 24
28 19 34 25
71 19 77 25
136 19 142 25
182 20 188 26
172 22 178 28
24 23 30 29
55 23 61 29
7 24 13 30
162 24 168 30
180 24 186 30
99 25 105 31
79 26 85 32
35 27 41 33
69 27 75 33
114 27 120 33
173 27 179 33
191 27 197 33
123 28 129 34
130 28 136 34
93 29 99 35
123 29 129 35
132 29 138 35
18 30 24 36
116 31 122 37
127 32 133 38
30 33 36 39
192 33 198 39
24 34 30 40
103 34 109 40
112 34 118 40
82 35 88 41
133 35 139 41
62 36 68 42
77 36 83 42
98 36 104 42
101 36 107 42
137 36 143 42
2 37 8 43
69 37 75 43
94 37 100 43
153 37 159 43
159 37 165 43
-2 38 4 44
127 39 133 45
138 39 144 45
36 40 42 46
54 41 60 47
-2 42 4 48
2 42 8 48
141 42 147 48
176 43 182 49
51 44 57 50
103 44 109 50
21 45 27 51
145 46 151 52
44 47 50 53
39 48 45 54
147 48 153 54
100 49 106 55
137 49 143 55
62 50 68 56
129 50 135 56
92 53 98 59
161 53 167 59
169 53 175 59
102 54 108 60
171 55 177 61
53 56 59 62
142 56 148 62
4 58 10 64
86 58 92 64
123 59 129 65
104 60 110 66
131 60 137 66
171 60 177 66
6 61 12 67
129 61 135 67
150 61 156 67
188 63 194 69
110 64 116 70
18 65 24 71
115 65 121 71
29 66 35 72
37 66 43 72
179 68 185 74
151 69 157 75
-3 70 3 76
94 70 100 76
61 71 67 77
82 71 88 77
151 71 157 77
188 72 194 78
29 73 35 79
114 73 120 79
74 74 80 80
132 74 138 80
138 74 144 80
27 75 33 81
61 76 67 82
103 76 109 82
139 77 145 83
144 77 150 83
128 78 134 84
176 78 182 84
107 80 113 86
166 80 172 86
178 81 184 87
107 82 113 88
71 83 77 89
18 84 24 90
111 84 117 90
26 85 32 91
103 86 109 92
10 87 16 93
176 87 182 93
46 88 52 94
89 88 95 94
110 88 116 94
83 89 89 95
69 90 75 96
130 90 136 96
174 90 180 96
190 90 196 96
142 91 148 97
23 92 29 98
49 92 55 98
136 92 142 98
159 92 165 98
152 93 158 99
39 94 45 100
155 95 161 101
185 96 191 102
2 97 8 103
68 97 74 103
36 98 42 104
146 99 152 105
175 99 181 105
196 100 202 106
29 101 35 107
44 101 50 107
68 101 74 107
40 102 46 108
160 103 166 109
44 104 50 110
171 104 177 110
194 105 200 111
91 106 97 112
114 106 120 112
40 107 46 113
84 107 90 113
180 107 186 113
34 108 40 114
5 109 11 115
54 109 60 115
51 110 57 116
122 110 128 116
38 111 44 117
57 111 63 117
77 111 83 117
9 112 15 118
70 112 76 118
75 112 81 118
43 114 49 120
64 116 70 122
138 116 144 122
150 117 156 123
173 117 179 123
27 118 33 124
5 120 11 126
39 120 45 126
173 120 179 126
45 121 51 127
120 121 126 127
136 121 142 127
31 122 37 128
76 122 82 128
107 123 113 129
167 123 173 129
148 124 154 130
20 125 26 131
75 125 81 131
123 125 129 131
69 126 75 132
147 126 153 132
171 126 177 132
19 127 25 133
62 128 68 134
26 129 32 135
172 129 178 135
75 130 81 136
20 131 26 137
113 131 119 137
151 131 157 137
171 132 177 138
188 132 194 138
77 133 83 139
31 134 37 140
45 134 51 140
190 134 196 140
17 137 23 143
174 137 180 143
20 138 26 144
-1 139 5 145
28 139 34 145
166 139 172 145
195 139 201 145
87 140 93 146
140 140 146 146
1 141 7 147
122 141 128 147
114 142 120 148
179 142 185 148
155 143 161 149
74 144 80 150
90 145 96 151
125 145 131 151
137 145 143 151
190 145 196 151
196 146 202 152
34 147 40 153
155 147 161 153
126 148 132 154
167 148 173 154
74 150 80 156
91 150 97 156
77 151 83 157
41 152 47 158
50 152 56 158
190 152 196 158
59 153 65 159
80 153 86 159
129 154 135 160
120 156 126 162
41 157 47 163
133 157 139 163
46 158 52 164
56 158 62 164
14 159 20 165
80 159 86 165
153 161 159 167
15 162 21 168
177 162 183 168
193 163 199 169
56 164 62 170
131 166 137 172
139 167 145 173
130 169 136 175
159 169 165 175
-2 170 4 176
15 170 21 176
58 170 64 176
107 170 113 176
186 170 192 176
172 171 178 177
19 172 25 178
32 173 38 179
50 173 56 179
67 173 73 179
13 174 19 180
95 174 101 180
17 175 23 181
25 175 31 181
37 178 43 184
58 180 64 186
54 181 60 187
108 181 114 187
61 183 67 189
41 184 47 190
158 184 164 190
17 185 23 191
188 185 194 191
72 186 78 192
148 187 154 193
16 188 22 194
69 188 75 194
25 189 31 195
60 189 66 195
49 190 55 196
76 190 82 196
111 190 117 196
8 191 14 197
44 192 50 198
55 192 61 198
61 193 67 199
109 193 115 199
133 193 139 199
136 193 142 199
15 194 21 200
124 194 130 200
24 195 30 201
82 195 88 201
