228
5 -2 11 4
40 -2 46 4
127 -2 133 4
31 -1 37 5
100 -1 106 5
0 0 6 6
71 2 77 8
170 3 176 9
21 4 27 10
52 4 58 10
137 4 143 10
79 5 85 11
127 5 133 11
27 6 33 12
58 6 64 12
70 6 76 12
60 7 66 13
9 8 15 14
118 8 124 14
40 9 46 15
50 10 56 16
131 10 137 16
111 12 117 18
108 14 114 20
31 15 37 21
101 18 107 24
28 19 34 25
137 19 143 25
182 21 188 27
55 23 61 29
180 23 186 29
7 24 13 30
99 25 105 31
162 25 168 31
78 26 84 32
35 27 41 33
69 27 75 33
173 27 179 33
93 29 99 35
18 30 24 36
46 30 52 36
115 31 121 37
127 32 133 38
24 33 30 39
30 33 36 39
192 33 198 39
112 34 118 40
80 35 86 41
103 35 109 41
133 35 139 41
78 36 84 42
137 36 143 42
95 37 101 43
159 37 165 43
69 38 75 44
68 39 74 45
138 39 144 45
54 42 60 48
141 42 147 48
171 43 177 49
175 43 181 49
51 44 57 50
43 47 49 53
109 47 115 53
41 48 47 54
100 49 106 55
129 49 135 55
61 50 67 56
118 50 124 56
92 53 98 59
165 54 171 60
169 54 175 60
11 55 17 61
171 55 177 61
5 56 11 62
53 56 59 62
4 58 10 64
17 60 23 66
123 60 129 66
171 60 177 66
6 61 12 67
117 61 123 67
150 61 156 67
188 63 194 69
110 64 116 70
18 65 24 71
115 65 121 71
31 66 37 72
37 66 43 72
179 67 185 73
-3 70 3 76
92 70 98 76
83 71 89 77
188 72 194 78
114 73 120 79
74 74 80 80
138 74 144 80
103 75 109 81
132 75 138 81
139 76 145 82
128 77 134 83
166 80 172 86
178 81 184 87
71 83 77 89
104 86 110 92
10 88 16 94
89 88 95 94
46 89 52 95
84 89 90 95
69 90 75 96
130 90 136 96
49 91 55 97
190 91 196 97
23 92 29 98
104 92 110 98
136 92 142 98
38 96 44 102
185 96 191 102
2 97 8 103
11 97 17 103
36 98 42 104
161 98 167 104
146 99 152 105
175 99 181 105
29 101 35 107
196 102 202 108
195 103 201 109
171 104 177 110
91 106 97 112
114 106 120 112
84 107 90 113
180 107 186 113
5 109 11 115
122 110 128 116
38 111 44 117
147 111 153 117
9 112 15 118
43 114 49 120
103 115 109 121
185 115 191 121
64 116 70 122
149 117 155 123
5 120 11 126
40 120 46 126
136 120 142 126
44 121 50 127
31 122 37 128
107 123 113 129
168 123 174 129
69 126 75 132
170 126 176 132
25 129 31 135
97 131 103 137
113 131 119 137
151 131 157 137
77 133 83 139
31 136 37 142
174 137 180 143
166 139 172 145
87 140 93 146
181 140 187 146
140 141 146 147
114 142 120 148
74 144 80 150
90 145 96 151
137 145 143 151
196 145 202 151
190 146 196 152
155 147 161 153
181 147 187 153
167 148 173 154
41 152 47 158
50 152 56 158
59 153 65 159
129 154 135 160
120 156 126 162
45 157 51 163
133 157 139 163
42 158 48 164
56 158 62 164
134 161 140 167
153 161 159 167
177 163 183 169
194 163 200 169
87 164 93 170
56 165 62 171
122 167 128 173
140 167 146 173
58 169 64 175
143 169 149 175
159 169 165 175
-3 170 3 176
186 170 192 176
172 171 178 177
17 172 23 178
86 172 92 178
32 173 38 179
90 174 96 180
95 174 101 180
16 175 22 181
25 175 31 181
121 176 127 182
151 176 157 182
37 178 43 184
23 180 29 186
108 181 114 187
117 182 123 188
41 183 47 189
61 183 67 189
24 184 30 190
158 184 164 190
71 186 77 192
70 187 76 193
148 188 154 194
25 189 31 195
60 189 66 195
48 190 54 196
111 190 117 196
8 192 14 198
55 193 61 199
62 193 68 199
74 193 80 199
109 193 115 199
24 194 30 200
124 194 130 200
56 195 62 201
68 195 74 201
82 195 88 201
