200
157 -3 163 3
5 -2 11 4
40 -2 46 4
126 -2 132 4
174 -2 180 4
31 -1 37 5
100 -1 106 5
75 1 81 7
71 2 77 8
164 2 170 8
4 4 10 10
21 4 27 10
52 4 58 10
137 4 143 10
27 5 33 11
70 5 76 11
78 5 84 11
9 8 15 14
110 8 116 14
118 8 124 14
40 9 46 15
50 10 56 16
131 10 137 16
110 12 116 18
169 13 175 19
31 15 37 21
101 18 107 24
28 19 34 25
55 23 61 29
7 24 13 30
162 25 168 31
77 26 83 32
35 27 41 33
173 27 179 33
69 28 75 34
93 29 99 35
18 30 24 36
46 30 52 36
127 32 133 38
24 33 30 39
30 33 36 39
162 33 168 39
193 33 199 39
103 35 109 41
133 35 139 41
62 36 68 42
137 36 143 42
159 36 165 42
95 37 101 43
194 41 200 47
53 42 59 48
141 42 147 48
51 44 57 50
21 45 27 51
109 47 115 53
129 49 135 55
100 50 106 56
118 50 124 56
92 53 98 59
162 53 168 59
102 54 108 60
165 54 171 60
11 55 17 61
53 56 59 62
142 56 148 62
104 59 110 65
6 60 12 66
123 60 129 66
171 60 177 66
17 61 23 67
117 61 123 67
150 61 156 67
110 64 116 70
18 65 24 71
115 65 121 71
31 66 37 72
36 66 42 72
179 67 185 73
91 70 97 76
84 71 90 77
188 72 194 78
114 73 120 79
74 74 80 80
132 75 138 81
144 77 150 83
166 80 172 86
178 81 184 87
71 83 77 89
104 87 110 93
10 88 16 94
87 88 93 94
47 89 53 95
86 89 92 95
49 90 55 96
131 90 137 96
23 92 29 98
104 92 110 98
136 92 142 98
142 92 148 98
190 92 196 98
185 95 191 101
2 97 8 103
11 97 17 103
175 99 181 105
29 101 35 107
160 103 166 109
171 104 177 110
91 106 97 112
114 106 120 112
84 107 90 113
180 107 186 113
5 109 11 115
165 109 171 115
122 110 128 116
38 111 44 117
55 111 61 117
147 111 153 117
9 112 15 118
71 112 77 118
43 114 49 120
103 115 109 121
185 115 191 121
149 116 155 122
64 117 70 123
138 118 144 124
5 120 11 126
41 120 47 126
137 120 143 126
43 121 49 127
107 123 113 129
69 126 75 132
61 128 67 134
23 129 29 135
22 130 28 136
75 130 81 136
97 131 103 137
113 131 119 137
151 131 157 137
77 133 83 139
174 137 180 143
166 139 172 145
87 140 93 146
140 141 146 147
115 142 121 148
122 142 128 148
137 144 143 150
90 145 96 151
196 145 202 151
190 146 196 152
181 147 187 153
34 148 40 154
167 148 173 154
40 152 46 158
50 152 56 158
190 152 196 158
58 153 64 159
129 154 135 160
120 156 126 162
133 158 139 164
134 160 140 166
153 161 159 167
177 163 183 169
194 163 200 169
87 164 93 170
56 165 62 171
122 167 128 173
140 167 146 173
58 168 64 174
143 169 149 175
159 169 165 175
-3 170 3 176
107 170 113 176
187 170 193 176
172 171 178 177
87 172 93 178
32 173 38 179
50 173 56 179
95 174 101 180
25 175 31 181
121 176 127 182
23 180 29 186
96 180 102 186
107 181 113 187
41 183 47 189
158 183 164 189
24 184 30 190
61 184 67 190
148 188 154 194
25 189 31 195
60 189 66 195
47 190 53 196
111 190 117 196
8 192 14 198
45 192 51 198
62 193 68 199
109 193 115 199
14 194 20 200
24 194 30 200
82 194 88 200
68 195 74 201
