570
17 -3 23 3
17 -2 23 4
40 -2 46 4
56 -2 62 4
90 -2 96 4
96 -2 102 4
5 -1 11 5
98 -1 104 5
101 -1 107 5
115 -1 121 5
120 -1 126 5
-3 0 3 6
88 0 94 6
76 1 82 7
14 2 20 8
46 2 52 8
71 2 77 8
158 2 164 8
164 2 170 8
21 3 27 9
4 4 10 10
17 4 23 10
48 4 54 10
92 4 98 10
136 4 142 10
161 4 167 10
58 5 64 11
79 5 85 11
170 5 176 11
62 7 68 13
70 7 76 13
9 8 15 14
27 8 33 14
119 8 125 14
40 9 46 15
163 9 169 15
50 10 56 16
131 10 137 16
189 10 195 16
12 11 18 17
80 12 86 18
85 12 91 18
162 12 168 18
176 12 182 18
13 13 19 19
164 13 170 19
169 13 175 19
108 14 114 20
114 14 120 20
-3 15 3 21
6 15 12 21
31 15 37 21
166 15 172 21
186 15 192 21
196 15 202 21
120 16 126 22
161 16 167 22
10 17 16 23
85 17 91 23
116 17 122 23
76 18 82 24
80 18 86 24
101 18 107 24
144 18 150 24
71 19 77 25
123 19 129 25
135 19 141 25
173 19 179 25
115 21 121 27
113 22 119 28
24 23 30 29
35 23 41 29
55 23 61 29
171 23 177 29
7 24 13 30
32 24 38 30
85 24 91 30
156 24 162 30
162 24 168 30
180 25 186 31
80 26 86 32
88 26 94 32
99 26 105 32
191 26 197 32
35 27 41 33
69 27 75 33
114 27 120 33
173 27 179 33
74 28 80 34
129 28 135 34
18 29 24 35
38 29 44 35
40 29 46 35
52 29 58 35
93 29 99 35
133 29 139 35
190 29 196 35
46 30 52 36
55 30 61 36
77 30 83 36
123 30 129 36
108 31 114 37
116 31 122 37
106 32 112 38
127 32 133 38
163 33 169 39
192 33 198 39
24 34 30 40
35 34 41 40
58 34 64 40
90 34 96 40
112 34 118 40
133 35 139 41
59 36 65 42
77 36 83 42
98 36 104 42
137 36 143 42
159 36 165 42
62 37 68 43
69 37 75 43
81 37 87 43
101 37 107 43
127 37 133 43
153 37 159 43
-2 38 4 44
48 38 54 44
79 38 85 44
165 38 171 44
29 39 35 45
32 39 38 45
138 39 144 45
180 39 186 45
50 40 56 46
67 40 73 46
163 40 169 46
28 41 34 47
36 41 42 47
54 41 60 47
97 41 103 47
124 41 130 47
194 41 200 47
-2 42 4 48
2 42 8 48
141 42 147 48
169 42 175 48
181 42 187 48
103 43 109 49
129 43 135 49
176 43 182 49
51 44 57 50
64 44 70 50
21 45 27 51
64 45 70 51
105 45 111 51
128 45 134 51
145 45 151 51
189 45 195 51
14 46 20 52
169 46 175 52
44 47 50 53
109 47 115 53
137 47 143 53
170 47 176 53
16 48 22 54
39 48 45 54
162 48 168 54
1 49 7 55
26 49 32 55
76 49 82 55
100 49 106 55
25 50 31 56
62 50 68 56
118 50 124 56
129 50 135 56
7 51 13 57
74 51 80 57
81 51 87 57
84 52 90 58
139 52 145 58
65 53 71 59
92 53 98 59
161 53 167 59
5 54 11 60
102 54 108 60
165 54 171 60
13 56 19 62
40 56 46 62
47 56 53 62
53 56 59 62
142 56 148 62
157 56 163 62
89 57 95 63
97 57 103 63
4 58 10 64
38 58 44 64
46 58 52 64
85 58 91 64
123 58 129 64
156 58 162 64
17 59 23 65
98 60 104 66
104 60 110 66
171 60 177 66
6 61 12 67
80 61 86 67
92 61 98 67
117 61 123 67
78 62 84 68
57 63 63 69
64 63 70 69
90 63 96 69
188 63 194 69
59 64 65 70
110 64 116 70
18 65 24 71
115 65 121 71
29 66 35 72
66 66 72 72
54 67 60 73
100 67 106 73
3 68 9 74
5 68 11 74
179 68 185 74
13 70 19 76
43 70 49 76
9 71 15 77
41 71 47 77
61 71 67 77
82 71 88 77
91 71 97 77
65 72 71 78
132 72 138 78
151 72 157 78
29 73 35 79
114 73 120 79
10 74 16 80
90 74 96 80
138 74 144 80
178 74 184 80
27 75 33 81
65 75 71 81
119 75 125 81
122 75 128 81
103 76 109 82
38 77 44 83
61 77 67 83
144 77 150 83
87 78 93 84
90 78 96 84
128 78 134 84
175 78 181 84
37 79 43 85
107 79 113 85
123 80 129 86
166 80 172 86
122 81 128 87
179 81 185 87
6 83 12 89
22 83 28 89
71 83 77 89
98 83 104 89
111 83 117 89
17 84 23 90
97 84 103 90
107 84 113 90
33 85 39 91
44 85 50 91
103 85 109 91
23 86 29 92
45 86 51 92
11 87 17 93
19 87 25 93
35 87 41 93
120 87 126 93
176 87 182 93
46 88 52 94
110 88 116 94
83 89 89 95
190 89 196 95
27 90 33 96
69 90 75 96
130 90 136 96
74 91 80 97
174 91 180 97
7 92 13 98
29 92 35 98
49 92 55 98
95 92 101 98
106 92 112 98
136 92 142 98
139 92 145 98
151 92 157 98
159 92 165 98
23 93 29 99
39 94 45 100
96 94 102 100
73 95 79 101
76 95 82 101
159 95 165 101
194 95 200 101
91 96 97 102
185 96 191 102
68 97 74 103
11 98 17 104
36 98 42 104
84 98 90 104
118 98 124 104
138 98 144 104
161 98 167 104
116 99 122 105
129 99 135 105
146 99 152 105
175 99 181 105
182 99 188 105
45 100 51 106
74 100 80 106
126 100 132 106
179 100 185 106
196 100 202 106
40 102 46 108
68 102 74 108
73 102 79 108
160 103 166 109
44 104 50 110
171 104 177 110
193 105 199 111
48 106 54 112
89 106 95 112
92 106 98 112
94 106 100 112
114 106 120 112
131 106 137 112
175 106 181 112
30 107 36 113
85 107 91 113
180 107 186 113
40 108 46 114
46 108 52 114
54 108 60 114
5 109 11 115
34 109 40 115
175 109 181 115
77 110 83 116
122 110 128 116
165 110 171 116
186 110 192 116
38 111 44 117
51 111 57 117
191 111 197 117
10 112 16 118
57 112 63 118
70 112 76 118
75 112 81 118
193 112 199 118
24 113 30 119
124 113 130 119
190 113 196 119
20 114 26 120
156 114 162 120
43 115 49 121
103 115 109 121
138 115 144 121
185 115 191 121
30 116 36 122
40 116 46 122
64 116 70 122
99 116 105 122
153 116 159 122
173 116 179 122
150 117 156 123
98 118 104 124
120 118 126 124
26 119 32 125
5 120 11 126
129 120 135 126
130 120 136 126
45 121 51 127
136 121 142 127
32 122 38 128
77 122 83 128
119 122 125 128
107 123 113 129
157 123 163 129
167 123 173 129
148 124 154 130
21 125 27 131
123 125 129 131
86 126 92 132
146 126 152 132
158 126 164 132
171 126 177 132
19 127 25 133
62 128 68 134
125 128 131 134
178 128 184 134
6 129 12 135
26 129 32 135
180 129 186 135
7 130 13 136
75 130 81 136
87 130 93 136
119 130 125 136
97 131 103 137
151 131 157 137
20 132 26 138
117 132 123 138
186 132 192 138
31 133 37 139
77 133 83 139
45 134 51 140
104 134 110 140
191 134 197 140
95 135 101 141
17 136 23 142
134 136 140 142
153 136 159 142
106 137 112 143
174 137 180 143
-1 138 5 144
152 138 158 144
28 139 34 145
68 139 74 145
140 139 146 145
182 139 188 145
87 140 93 146
195 140 201 146
1 141 7 147
114 142 120 148
179 142 185 148
42 144 48 150
74 144 80 150
14 145 20 151
15 145 21 151
125 145 131 151
137 145 143 151
190 145 196 151
52 146 58 152
196 146 202 152
34 147 40 153
155 147 161 153
26 148 32 154
51 148 57 154
126 148 132 154
167 148 173 154
182 148 188 154
92 149 98 155
72 150 78 156
27 151 33 157
77 151 83 157
90 151 96 157
50 152 56 158
189 152 195 158
30 153 36 159
41 153 47 159
59 153 65 159
80 153 86 159
88 153 94 159
125 153 131 159
129 154 135 160
125 155 131 161
120 156 126 162
3 157 9 163
41 157 47 163
88 157 94 163
133 157 139 163
191 157 197 163
-2 158 4 164
5 158 11 164
13 158 19 164
46 158 52 164
56 158 62 164
80 159 86 165
134 161 140 167
153 161 159 167
177 161 183 167
15 163 21 169
193 163 199 169
87 164 93 170
5 165 11 171
7 167 13 173
139 167 145 173
169 167 175 173
151 168 157 174
154 168 160 174
15 169 21 175
129 169 135 175
143 169 149 175
167 169 173 175
7 170 13 176
58 170 64 176
107 170 113 176
186 170 192 176
135 171 141 177
151 171 157 177
172 171 178 177
19 172 25 178
84 172 90 178
155 172 161 178
6 173 12 179
32 173 38 179
65 173 71 179
133 173 139 179
12 174 18 180
25 174 31 180
90 174 96 180
95 174 101 180
17 175 23 181
58 175 64 181
70 175 76 181
124 175 130 181
127 175 133 181
142 175 148 181
161 175 167 181
121 176 127 182
139 176 145 182
152 176 158 182
164 176 170 182
37 177 43 183
59 177 65 183
74 177 80 183
98 178 104 184
15 179 21 185
23 180 29 186
58 180 64 186
54 181 60 187
75 181 81 187
96 181 102 187
108 181 114 187
89 182 95 188
86 183 92 189
24 184 30 190
41 184 47 190
83 184 89 190
188 184 194 190
18 185 24 191
72 185 78 191
158 185 164 191
40 186 46 192
82 186 88 192
15 188 21 194
120 188 126 194
124 188 130 194
192 188 198 194
25 189 31 195
32 189 38 195
61 189 67 195
69 189 75 195
76 189 82 195
8 190 14 196
50 190 56 196
112 190 118 196
127 190 133 196
43 191 49 197
55 191 61 197
79 192 85 198
46 193 52 199
109 193 115 199
138 193 144 199
16 194 22 200
45 194 51 200
74 194 80 200
80 194 86 200
124 194 130 200
132 194 138 200
144 194 150 200
163 194 169 200
68 195 74 201
82 195 88 201
142 196 148 202
165 196 171 202
