420
157 -3 163 3
174 -3 180 3
31 -2 37 4
40 -2 46 4
56 -2 62 4
90 -2 96 4
127 -2 133 4
5 -1 11 5
100 -1 106 5
115 -1 121 5
119 -1 125 5
-2 0 4 6
88 0 94 6
75 1 81 7
15 2 21 8
46 2 52 8
71 2 77 8
89 2 95 8
158 2 164 8
164 2 170 8
21 3 27 9
161 3 167 9
4 4 10 10
48 4 54 10
52 4 58 10
91 4 97 10
170 4 176 10
58 5 64 11
127 5 133 11
27 7 33 13
70 7 76 13
9 8 15 14
109 8 115 14
118 8 124 14
173 9 179 15
50 10 56 16
131 10 137 16
163 10 169 16
188 10 194 16
80 12 86 18
84 12 90 18
112 12 118 18
176 12 182 18
169 13 175 19
108 14 114 20
6 15 12 21
31 15 37 21
166 15 172 21
120 16 126 22
161 16 167 22
9 17 15 23
85 17 91 23
116 17 122 23
101 18 107 24
123 18 129 24
28 19 34 25
71 19 77 25
136 19 142 25
172 19 178 25
182 19 188 25
24 23 30 29
55 23 61 29
172 23 178 29
7 24 13 30
86 24 92 30
156 24 162 30
162 24 168 30
99 25 105 31
180 25 186 31
79 26 85 32
88 26 94 32
123 26 129 32
69 27 75 33
114 27 120 33
173 27 179 33
191 27 197 33
129 28 135 34
18 29 24 35
132 29 138 35
190 29 196 35
46 30 52 36
54 30 60 36
123 30 129 36
116 31 122 37
127 32 133 38
192 33 198 39
24 34 30 40
90 34 96 40
103 34 109 40
112 34 118 40
82 35 88 41
133 35 139 41
150 35 156 41
77 36 83 42
98 36 104 42
101 36 107 42
137 36 143 42
2 37 8 43
69 37 75 43
81 37 87 43
94 37 100 43
153 37 159 43
-2 38 4 44
80 38 86 44
32 39 38 45
49 39 55 45
36 40 42 46
50 40 56 46
67 40 73 46
54 41 60 47
124 41 130 47
180 41 186 47
181 41 187 47
194 41 200 47
-2 42 4 48
2 42 8 48
141 42 147 48
103 43 109 49
169 43 175 49
176 43 182 49
21 45 27 51
189 45 195 51
145 46 151 52
44 47 50 53
109 47 115 53
39 48 45 54
137 48 143 54
147 48 153 54
100 49 106 55
62 50 68 56
118 50 124 56
129 50 135 56
82 51 88 57
84 52 90 58
139 52 145 58
92 53 98 59
161 53 167 59
169 53 175 59
5 54 11 60
102 54 108 60
165 54 171 60
171 55 177 61
39 56 45 62
53 56 59 62
89 57 95 63
4 58 10 64
38 58 44 64
97 58 103 64
17 59 23 65
98 59 104 65
131 59 137 65
104 60 110 66
171 60 177 66
6 61 12 67
117 61 123 67
129 61 135 67
150 61 156 67
188 63 194 69
110 64 116 70
18 65 24 71
29 66 35 72
37 66 43 72
179 68 185 74
101 69 107 75
61 71 67 77
82 71 88 77
91 72 97 78
151 72 157 78
188 72 194 78
29 73 35 79
65 73 71 79
114 73 120 79
132 73 138 79
65 74 71 80
74 74 80 80
90 74 96 80
138 74 144 80
177 74 183 80
27 75 33 81
61 76 67 82
103 76 109 82
139 77 145 83
144 77 150 83
128 78 134 84
107 79 113 85
166 80 172 86
22 83 28 89
71 83 77 89
107 83 113 89
18 84 24 90
111 84 117 90
26 85 32 91
103 85 109 91
23 86 29 92
11 87 17 93
19 87 25 93
176 87 182 93
89 88 95 94
83 89 89 95
69 90 75 96
130 90 136 96
190 90 196 96
142 91 148 97
23 92 29 98
105 92 111 98
136 92 142 98
152 92 158 98
159 92 165 98
85 93 91 99
39 94 45 100
159 95 165 101
185 96 191 102
2 97 8 103
68 97 74 103
36 98 42 104
84 98 90 104
161 98 167 104
146 99 152 105
175 99 181 105
179 100 185 106
196 100 202 106
29 101 35 107
45 101 51 107
40 102 46 108
68 102 74 108
44 104 50 110
171 104 177 110
194 105 200 111
47 106 53 112
91 106 97 112
114 106 120 112
40 107 46 113
84 107 90 113
180 107 186 113
30 108 36 114
46 108 52 114
5 109 11 115
54 109 60 115
183 109 189 115
77 110 83 116
122 110 128 116
165 110 171 116
185 110 191 116
38 111 44 117
51 111 57 117
146 111 152 117
10 112 16 118
57 112 63 118
70 112 76 118
75 112 81 118
22 113 28 119
21 114 27 120
103 115 109 121
155 115 161 121
185 115 191 121
29 116 35 122
64 116 70 122
138 116 144 122
150 117 156 123
173 117 179 123
27 119 33 125
120 119 126 125
5 120 11 126
39 120 45 126
45 121 51 127
136 121 142 127
173 121 179 127
31 122 37 128
77 122 83 128
119 122 125 128
107 123 113 129
167 123 173 129
148 124 154 130
21 125 27 131
75 125 81 131
123 125 129 131
69 126 75 132
147 126 153 132
158 126 164 132
171 126 177 132
19 127 25 133
62 128 68 134
125 128 131 134
26 129 32 135
172 129 178 135
75 130 81 136
86 130 92 136
20 131 26 137
113 131 119 137
151 131 157 137
171 132 177 138
187 132 193 138
77 133 83 139
31 134 37 140
45 134 51 140
104 134 110 140
190 134 196 140
133 135 139 141
106 136 112 142
134 136 140 142
17 137 23 143
21 138 27 144
-1 139 5 145
28 139 34 145
140 139 146 145
166 139 172 145
182 139 188 145
195 139 201 145
87 140 93 146
122 140 128 146
153 140 159 146
1 141 7 147
114 142 120 148
179 142 185 148
155 143 161 149
42 144 48 150
74 144 80 150
90 145 96 151
137 145 143 151
190 145 196 151
43 146 49 152
34 147 40 153
155 147 161 153
167 148 173 154
26 149 32 155
91 149 97 155
73 150 79 156
27 151 33 157
77 151 83 157
41 152 47 158
50 152 56 158
31 153 37 159
59 153 65 159
80 153 86 159
88 154 94 160
129 154 135 160
88 155 94 161
120 156 126 162
165 156 171 162
41 157 47 163
133 157 139 163
164 157 170 163
14 158 20 164
46 158 52 164
56 158 62 164
80 159 86 165
134 161 140 167
153 161 159 167
177 161 183 167
15 162 21 168
193 163 199 169
56 164 62 170
87 164 93 170
131 166 137 172
122 167 128 173
139 167 145 173
143 169 149 175
159 169 165 175
15 170 21 176
58 170 64 176
107 170 113 176
186 170 192 176
152 171 158 177
172 171 178 177
19 172 25 178
84 172 90 178
154 172 160 178
50 173 56 179
66 173 72 179
12 174 18 180
90 174 96 180
95 174 101 180
17 175 23 181
25 175 31 181
69 175 75 181
121 176 127 182
151 176 157 182
37 177 43 183
74 177 80 183
75 179 81 185
23 180 29 186
58 180 64 186
96 180 102 186
54 181 60 187
108 181 114 187
117 182 123 188
61 183 67 189
24 184 30 190
41 184 47 190
158 184 164 190
17 185 23 191
72 186 78 192
148 187 154 193
15 188 21 194
69 188 75 194
125 188 131 194
191 188 197 194
61 189 67 195
76 189 82 195
49 190 55 196
111 190 117 196
127 190 133 196
8 191 14 197
43 192 49 198
55 192 61 198
61 193 67 199
79 193 85 199
109 193 115 199
132 193 138 199
137 193 143 199
15 194 21 200
74 194 80 200
80 194 86 200
124 194 130 200
24 195 30 201
68 195 74 201
82 195 88 201
163 195 169 201
143 196 149 202
164 196 170 202
