178
17 -1 23 5
132 -1 138 5
22 0 28 6
86 3 92 9
100 3 106 9
135 3 141 9
159 3 165 9
74 5 80 11
67 8 73 14
179 8 185 14
10 11 16 17
33 11 39 17
141 14 147 20
154 15 160 21
3 18 9 24
43 18 49 24
55 19 61 25
165 19 171 25
140 20 146 26
21 21 27 27
58 22 64 28
196 23 202 29
49 24 55 30
69 24 75 30
138 24 144 30
180 24 186 30
164 25 170 31
91 27 97 33
124 29 130 35
39 30 45 36
2 31 8 37
54 32 60 38
62 34 68 40
195 34 201 40
142 35 148 41
55 38 61 44
98 38 104 44
52 41 58 47
165 42 171 48
104 43 110 49
151 43 157 49
189 43 195 49
164 49 170 55
169 49 175 55
6 51 12 57
121 52 127 58
3 53 9 59
164 54 170 60
179 56 185 62
14 58 20 64
160 59 166 65
-1 63 5 69
192 63 198 69
69 64 75 70
16 66 22 72
42 66 48 72
89 67 95 73
11 68 17 74
188 68 194 74
54 69 60 75
127 70 133 76
133 70 139 76
103 72 109 78
107 72 113 78
121 72 127 78
172 72 178 78
67 73 73 79
138 73 144 79
109 74 115 80
159 75 165 81
165 77 171 83
103 78 109 84
55 79 61 85
145 79 151 85
49 80 55 86
125 80 131 86
5 81 11 87
45 83 51 89
62 83 68 89
141 83 147 89
30 85 36 91
157 86 163 92
34 87 40 93
107 90 113 96
144 90 150 96
95 93 101 99
81 94 87 100
0 95 6 101
42 95 48 101
10 98 16 104
52 98 58 104
139 98 145 104
57 100 63 106
106 100 112 106
71 101 77 107
84 102 90 108
5 103 11 109
109 103 115 109
118 103 124 109
168 103 174 109
88 104 94 110
55 105 61 111
142 105 148 111
53 108 59 114
150 110 156 116
75 111 81 117
59 115 65 121
26 117 32 123
65 117 71 123
107 117 113 123
129 117 135 123
51 118 57 124
105 119 111 125
87 122 93 128
101 124 107 130
25 125 31 131
75 125 81 131
178 127 184 133
142 129 148 135
181 130 187 136
164 132 170 138
48 133 54 139
130 133 136 139
168 134 174 140
46 135 52 141
73 135 79 141
86 135 92 141
131 135 137 141
125 136 131 142
158 138 164 144
17 144 23 150
164 148 170 154
51 149 57 155
73 149 79 155
42 151 48 157
154 151 160 157
38 152 44 158
46 152 52 158
102 152 108 158
79 155 85 161
141 157 147 163
67 158 73 164
126 158 132 164
20 160 26 166
174 161 180 167
127 163 133 169
137 163 143 169
86 168 92 174
169 169 175 175
193 169 199 175
33 170 39 176
89 170 95 176
7 171 13 177
95 171 101 177
177 175 183 181
119 176 125 182
124 176 130 182
126 178 132 184
180 178 186 184
132 179 138 185
27 180 33 186
163 180 169 186
104 181 110 187
188 181 194 187
182 182 188 188
141 184 147 190
174 185 180 191
114 186 120 192
139 188 145 194
128 190 134 196
21 191 27 197
80 191 86 197
4 192 10 198
60 192 66 198
196 192 202 198
112 193 118 199
117 193 123 199
77 194 83 200
