699
22 -3 28 3
121 -3 127 3
132 -3 138 3
159 -3 165 3
160 -2 166 4
175 -2 181 4
193 -2 199 4
17 -1 23 5
63 -1 69 5
77 -1 83 5
81 -1 87 5
111 -1 117 5
120 -1 126 5
125 -1 131 5
146 -1 152 5
10 0 16 6
23 0 29 6
61 0 67 6
87 0 93 6
145 0 151 6
50 1 56 7
58 1 64 7
74 1 80 7
91 1 97 7
126 1 132 7
181 1 187 7
100 2 106 8
180 2 186 8
44 3 50 9
55 3 61 9
103 3 109 9
105 3 111 9
122 3 128 9
174 3 180 9
176 3 182 9
48 4 54 10
86 4 92 10
152 4 158 10
3 5 9 11
74 5 80 11
0 6 6 12
164 6 170 12
167 6 173 12
6 7 12 13
186 7 192 13
67 8 73 14
78 8 84 14
90 8 96 14
41 9 47 15
43 10 49 16
52 10 58 16
147 10 153 16
161 10 167 16
4 11 10 17
10 11 16 17
32 11 38 17
51 11 57 17
92 11 98 17
164 11 170 17
171 11 177 17
35 12 41 18
45 12 51 18
64 12 70 18
93 12 99 18
131 12 137 18
24 13 30 19
82 13 88 19
108 13 114 19
65 14 71 20
71 14 77 20
72 14 78 20
83 14 89 20
100 14 106 20
143 14 149 20
26 15 32 21
91 15 97 21
133 15 139 21
154 15 160 21
186 15 192 21
63 16 69 22
128 16 134 22
3 17 9 23
63 17 69 23
160 17 166 23
29 18 35 24
43 18 49 24
67 18 73 24
100 18 106 24
13 19 19 25
55 19 61 25
92 19 98 25
196 19 202 25
27 20 33 26
158 20 164 26
10 21 16 27
22 21 28 27
43 21 49 27
184 21 190 27
4 22 10 28
26 22 32 28
60 22 66 28
67 22 73 28
93 22 99 28
106 22 112 28
108 22 114 28
120 23 126 29
196 23 202 29
49 24 55 30
71 24 77 30
81 24 87 30
100 24 106 30
139 24 145 30
156 24 162 30
180 24 186 30
-3 25 3 31
41 25 47 31
102 25 108 31
124 25 130 31
164 25 170 31
-2 26 4 32
91 26 97 32
113 26 119 32
123 27 129 33
128 27 134 33
132 27 138 33
157 28 163 34
75 29 81 35
78 29 84 35
124 29 130 35
137 29 143 35
26 30 32 36
39 30 45 36
76 30 82 36
184 30 190 36
2 31 8 37
11 31 17 37
117 31 123 37
134 31 140 37
181 31 187 37
7 32 13 38
46 32 52 38
54 32 60 38
111 32 117 38
156 32 162 38
23 33 29 39
48 33 54 39
87 33 93 39
93 33 99 39
179 33 185 39
62 34 68 40
115 34 121 40
194 34 200 40
85 35 91 41
97 35 103 41
139 35 145 41
144 35 150 41
162 36 168 42
188 36 194 42
96 37 102 43
26 38 32 44
55 38 61 44
124 38 130 44
146 38 152 44
180 38 186 44
12 39 18 45
132 39 138 45
188 39 194 45
13 40 19 46
29 40 35 46
83 40 89 46
108 40 114 46
121 40 127 46
43 41 49 47
52 41 58 47
130 41 136 47
142 41 148 47
165 41 171 47
-1 42 5 48
8 42 14 48
42 42 48 48
75 42 81 48
82 42 88 48
2 43 8 49
16 43 22 49
25 43 31 49
40 43 46 49
50 43 56 49
79 43 85 49
151 43 157 49
179 43 185 49
47 44 53 50
84 44 90 50
162 44 168 50
-2 45 4 51
41 45 47 51
92 45 98 51
189 45 195 51
15 46 21 52
62 46 68 52
41 47 47 53
66 47 72 53
195 47 201 53
71 48 77 54
93 48 99 54
146 48 152 54
1 49 7 55
80 49 86 55
170 49 176 55
103 50 109 56
140 50 146 56
162 50 168 56
15 51 21 57
152 51 158 57
36 52 42 58
41 52 47 58
62 52 68 58
121 52 127 58
131 52 137 58
139 52 145 58
18 53 24 59
100 53 106 59
187 53 193 59
3 54 9 60
48 54 54 60
70 54 76 60
166 54 172 60
191 54 197 60
44 55 50 61
134 55 140 61
71 56 77 62
88 56 94 62
58 57 64 63
101 57 107 63
26 58 32 64
44 58 50 64
49 58 55 64
100 58 106 64
105 58 111 64
112 58 118 64
115 58 121 64
153 58 159 64
194 58 200 64
4 59 10 65
14 59 20 65
160 59 166 65
192 59 198 65
24 60 30 66
34 60 40 66
3 61 9 67
68 61 74 67
168 61 174 67
105 63 111 69
147 63 153 69
192 63 198 69
29 64 35 70
119 64 125 70
172 64 178 70
26 65 32 71
69 65 75 71
115 65 121 71
148 65 154 71
42 66 48 72
162 66 168 72
175 66 181 72
4 67 10 73
18 67 24 73
89 67 95 73
110 67 116 73
170 67 176 73
11 68 17 74
133 68 139 74
176 68 182 74
53 69 59 75
98 69 104 75
111 69 117 75
115 69 121 75
6 70 12 76
83 70 89 76
94 70 100 76
127 70 133 76
102 71 108 77
107 71 113 77
121 72 127 78
100 73 106 79
172 73 178 79
111 74 117 80
138 74 144 80
98 75 104 81
158 75 164 81
123 76 129 82
22 77 28 83
83 77 89 83
165 77 171 83
103 78 109 84
10 79 16 85
55 79 61 85
62 79 68 85
74 79 80 85
145 79 151 85
11 80 17 86
49 80 55 86
181 80 187 86
190 80 196 86
62 81 68 87
5 82 11 88
99 82 105 88
178 82 184 88
45 83 51 89
62 83 68 89
80 83 86 89
193 83 199 89
28 84 34 90
125 85 131 91
157 85 163 91
193 85 199 91
-3 86 3 92
47 86 53 92
152 86 158 92
68 87 74 93
154 87 160 93
4 88 10 94
72 88 78 94
191 88 197 94
29 89 35 95
49 89 55 95
84 89 90 95
107 89 113 95
172 89 178 95
5 90 11 96
31 90 37 96
141 90 147 96
196 90 202 96
73 91 79 97
178 91 184 97
64 92 70 98
69 92 75 98
136 92 142 98
160 92 166 98
171 92 177 98
95 93 101 99
108 93 114 99
41 94 47 100
81 94 87 100
175 94 181 100
189 95 195 101
193 95 199 101
1 96 7 102
20 96 26 102
21 96 27 102
62 96 68 102
65 96 71 102
93 96 99 102
52 97 58 103
143 97 149 103
148 97 154 103
159 97 165 103
10 98 16 104
24 98 30 104
63 98 69 104
139 98 145 104
92 99 98 105
118 99 124 105
17 100 23 106
57 100 63 106
71 100 77 106
106 100 112 106
117 100 123 106
23 101 29 107
51 101 57 107
122 101 128 107
128 101 134 107
64 102 70 108
149 102 155 108
156 102 162 108
5 103 11 109
25 103 31 109
109 103 115 109
118 103 124 109
151 103 157 109
162 103 168 109
167 103 173 109
88 104 94 110
98 104 104 110
134 104 140 110
143 104 149 110
19 105 25 111
55 105 61 111
68 106 74 112
158 106 164 112
33 107 39 113
111 107 117 113
116 107 122 113
138 107 144 113
47 108 53 114
89 108 95 114
107 108 113 114
191 108 197 114
14 109 20 115
26 109 32 115
39 109 45 115
43 109 49 115
81 109 87 115
193 109 199 115
16 110 22 116
52 110 58 116
106 110 112 116
149 110 155 116
75 111 81 117
182 111 188 117
18 112 24 118
175 112 181 118
87 113 93 119
132 113 138 119
-2 114 4 120
1 114 7 120
24 114 30 120
79 114 85 120
131 114 137 120
173 114 179 120
187 114 193 120
23 115 29 121
109 115 115 121
26 116 32 122
120 116 126 122
137 116 143 122
173 116 179 122
38 117 44 123
46 117 52 123
62 117 68 123
117 117 123 123
24 118 30 124
65 118 71 124
86 118 92 124
141 118 147 124
4 119 10 125
59 119 65 125
105 119 111 125
195 119 201 125
13 120 19 126
25 120 31 126
135 120 141 126
158 120 164 126
183 120 189 126
188 120 194 126
16 121 22 127
33 121 39 127
46 121 52 127
87 121 93 127
162 121 168 127
123 122 129 128
48 123 54 129
177 123 183 129
180 123 186 129
36 124 42 130
81 124 87 130
85 124 91 130
101 124 107 130
113 124 119 130
25 125 31 131
57 125 63 131
157 125 163 131
16 126 22 132
65 126 71 132
161 126 167 132
193 126 199 132
65 127 71 133
144 127 150 133
173 127 179 133
177 127 183 133
36 128 42 134
45 128 51 134
103 128 109 134
175 128 181 134
12 130 18 136
94 130 100 136
96 130 102 136
101 130 107 136
5 131 11 137
140 131 146 137
164 131 170 137
173 131 179 137
94 132 100 138
97 132 103 138
99 132 105 138
129 132 135 138
16 133 22 139
49 133 55 139
112 133 118 139
145 133 151 139
27 134 33 140
38 134 44 140
24 135 30 141
28 135 34 141
86 135 92 141
114 135 120 141
133 135 139 141
148 135 154 141
177 135 183 141
46 136 52 142
57 136 63 142
73 136 79 142
123 136 129 142
168 136 174 142
21 137 27 143
146 137 152 143
153 137 159 143
13 138 19 144
158 138 164 144
32 139 38 145
37 139 43 145
129 139 135 145
95 140 101 146
108 140 114 146
141 141 147 147
153 141 159 147
67 142 73 148
132 142 138 148
17 143 23 149
126 143 132 149
69 144 75 150
124 144 130 150
175 144 181 150
94 145 100 151
160 145 166 151
97 146 103 152
78 147 84 153
158 147 164 153
164 147 170 153
24 148 30 154
42 148 48 154
50 148 56 154
9 149 15 155
62 149 68 155
70 149 76 155
178 149 184 155
196 149 202 155
109 150 115 156
183 150 189 156
92 151 98 157
154 151 160 157
178 151 184 157
62 152 68 158
100 152 106 158
107 152 113 158
181 152 187 158
53 153 59 159
116 153 122 159
131 153 137 159
165 153 171 159
168 153 174 159
193 153 199 159
15 154 21 160
37 154 43 160
46 154 52 160
163 154 169 160
55 155 61 161
79 155 85 161
103 155 109 161
140 155 146 161
184 155 190 161
194 155 200 161
17 156 23 162
103 156 109 162
127 156 133 162
141 156 147 162
152 156 158 162
5 157 11 163
113 157 119 163
187 157 193 163
121 158 127 164
124 158 130 164
142 158 148 164
158 158 164 164
10 159 16 165
37 159 43 165
166 159 172 165
183 159 189 165
187 159 193 165
20 160 26 166
33 160 39 166
171 160 177 166
121 161 127 167
152 161 158 167
170 161 176 167
175 161 181 167
24 163 30 169
137 163 143 169
150 163 156 169
166 163 172 169
11 164 17 170
28 164 34 170
44 165 50 171
127 165 133 171
158 165 164 171
24 166 30 172
76 166 82 172
7 167 13 173
23 167 29 173
184 167 190 173
193 167 199 173
9 168 15 174
13 168 19 174
74 168 80 174
86 168 92 174
156 168 162 174
169 168 175 174
5 169 11 175
41 169 47 175
165 169 171 175
44 171 50 177
89 171 95 177
95 171 101 177
135 171 141 177
7 172 13 178
41 172 47 178
60 172 66 178
79 172 85 178
144 172 150 178
30 173 36 179
189 173 195 179
-3 174 3 180
2 174 8 180
81 174 87 180
177 174 183 180
124 175 130 181
58 176 64 182
64 176 70 182
71 176 77 182
191 176 197 182
50 177 56 183
76 177 82 183
168 177 174 183
126 178 132 184
181 178 187 184
59 179 65 185
133 179 139 185
160 179 166 185
18 180 24 186
78 180 84 186
83 180 89 186
88 180 94 186
163 180 169 186
16 181 22 187
61 181 67 187
73 181 79 187
108 181 114 187
77 182 83 188
119 182 125 188
141 182 147 188
160 182 166 188
182 182 188 188
28 183 34 189
110 183 116 189
18 185 24 191
32 185 38 191
99 185 105 191
118 185 124 191
148 185 154 191
174 185 180 191
186 185 192 191
20 186 26 192
71 186 77 192
107 186 113 192
139 186 145 192
146 186 152 192
183 186 189 192
56 188 62 194
80 188 86 194
88 188 94 194
114 188 120 194
192 188 198 194
92 189 98 195
189 189 195 195
16 190 22 196
128 190 134 196
139 190 145 196
4 191 10 197
17 191 23 197
21 191 27 197
40 192 46 198
60 192 66 198
195 192 201 198
42 193 48 199
54 193 60 199
83 193 89 199
89 193 95 199
109 193 115 199
117 193 123 199
8 194 14 200
24 194 30 200
72 194 78 200
77 194 83 200
88 194 94 200
153 194 159 200
9 195 15 201
81 195 87 201
175 195 181 201
70 196 76 202
194 196 200 202
