361
7 -3 13 3
10 -2 16 4
132 -2 138 4
17 -1 23 5
111 -1 117 5
22 0 28 6
46 0 52 6
14 1 20 7
49 1 55 7
57 2 63 8
46 3 52 9
48 3 54 9
56 3 62 9
86 3 92 9
100 3 106 9
135 3 141 9
159 3 165 9
188 3 194 9
74 5 80 11
117 6 123 12
186 6 192 12
5 8 11 14
67 8 73 14
179 8 185 14
5 9 11 15
90 10 96 16
147 10 153 16
10 11 16 17
33 11 39 17
91 12 97 18
149 12 155 18
171 13 177 19
100 14 106 20
108 14 114 20
143 14 149 20
3 17 9 23
111 17 117 23
43 18 49 24
67 18 73 24
100 18 106 24
55 19 61 25
165 19 171 25
140 20 146 26
158 20 164 26
21 21 27 27
59 22 65 28
67 22 73 28
196 23 202 29
49 24 55 30
70 24 76 30
138 24 144 30
156 24 162 30
180 24 186 30
81 25 87 31
164 25 170 31
78 27 84 33
113 27 119 33
128 27 134 33
132 27 138 33
157 28 163 34
173 29 179 35
39 30 45 36
2 31 8 37
11 31 17 37
117 31 123 37
7 32 13 38
54 32 60 38
112 32 118 38
135 32 141 38
24 33 30 39
115 33 121 39
62 34 68 40
139 34 145 40
194 34 200 40
97 37 103 43
184 37 190 43
26 38 32 44
55 38 61 44
108 39 114 45
146 39 152 45
144 40 150 46
52 41 58 47
25 43 31 49
75 43 81 49
80 43 86 49
105 43 111 49
151 43 157 49
179 43 185 49
162 44 168 50
189 44 195 50
83 45 89 51
38 46 44 52
67 47 73 53
71 48 77 54
76 48 82 54
93 48 99 54
137 48 143 54
146 48 152 54
7 49 13 55
136 49 142 55
163 49 169 55
170 49 176 55
57 51 63 57
103 51 109 57
41 52 47 58
62 52 68 58
100 52 106 58
3 53 9 59
164 54 170 60
48 55 54 61
179 56 185 62
58 57 64 63
14 58 20 64
49 58 55 64
153 58 159 64
160 59 166 65
170 61 176 67
176 62 182 68
192 63 198 69
69 65 75 71
119 65 125 71
18 66 24 72
42 66 48 72
124 66 130 72
162 66 168 72
89 67 95 73
5 68 11 74
11 68 17 74
80 68 86 74
6 69 12 75
54 69 60 75
83 70 89 76
107 70 113 76
127 70 133 76
133 70 139 76
102 72 108 78
121 72 127 78
67 73 73 79
138 73 144 79
172 73 178 79
110 74 116 80
158 75 164 81
22 76 28 82
73 77 79 83
123 77 129 83
165 77 171 83
83 78 89 84
103 78 109 84
55 79 61 85
74 79 80 85
5 81 11 87
80 81 86 87
45 83 51 89
125 83 131 89
141 83 147 89
28 85 34 91
-3 86 3 92
47 86 53 92
157 86 163 92
35 87 41 93
48 88 54 94
72 88 78 94
107 90 113 96
144 90 150 96
196 90 202 96
138 92 144 98
160 92 166 98
95 93 101 99
81 94 87 100
1 95 7 101
42 95 48 101
193 95 199 101
189 96 195 102
10 98 16 104
52 98 58 104
139 98 145 104
24 99 30 105
84 100 90 106
106 100 112 106
127 100 133 106
159 100 165 106
23 101 29 107
71 101 77 107
122 101 128 107
156 101 162 107
49 102 55 108
5 103 11 109
19 103 25 109
109 103 115 109
118 103 124 109
168 103 174 109
82 104 88 110
88 104 94 110
99 104 105 110
55 105 61 111
67 105 73 111
143 105 149 111
138 106 144 112
158 106 164 112
32 107 38 113
111 107 117 113
116 107 122 113
26 108 32 114
52 109 58 115
82 109 88 115
150 110 156 116
75 111 81 117
175 111 181 117
17 112 23 118
182 113 188 119
80 114 86 120
184 114 190 120
12 115 18 121
59 115 65 121
108 115 114 121
26 117 32 123
38 117 44 123
51 117 57 123
65 117 71 123
129 117 135 123
138 117 144 123
86 118 92 124
89 118 95 124
140 118 146 124
-3 119 3 125
105 119 111 125
183 120 189 126
188 120 194 126
33 121 39 127
47 121 53 127
-1 122 5 128
36 122 42 128
87 122 93 128
111 122 117 128
139 122 145 128
5 123 11 129
48 123 54 129
83 124 89 130
101 124 107 130
25 125 31 131
75 125 81 131
159 125 165 131
16 126 22 132
57 127 63 133
143 127 149 133
177 127 183 133
13 129 19 135
36 130 42 136
182 130 188 136
6 131 12 137
141 131 147 137
164 131 170 137
38 132 44 138
96 132 102 138
129 132 135 138
173 132 179 138
7 133 13 139
16 133 22 139
48 133 54 139
114 134 120 140
176 134 182 140
57 135 63 141
86 135 92 141
133 135 139 141
168 135 174 141
124 136 130 142
129 139 135 145
95 140 101 146
139 141 145 147
134 142 140 148
171 143 177 149
175 145 181 151
78 147 84 153
24 148 30 154
51 148 57 154
10 149 16 155
71 149 77 155
42 151 48 157
154 151 160 157
37 152 43 158
101 152 107 158
107 152 113 158
46 153 52 159
130 153 136 159
15 154 21 160
114 154 120 160
165 154 171 160
79 155 85 161
17 156 23 162
127 156 133 162
153 156 159 162
184 156 190 162
5 157 11 163
141 157 147 163
67 158 73 164
125 158 131 164
156 158 162 164
166 158 172 164
183 158 189 164
9 159 15 165
20 160 26 166
108 160 114 166
175 161 181 167
28 163 34 169
137 163 143 169
24 164 30 170
127 165 133 171
164 167 170 173
165 167 171 173
86 168 92 174
193 168 199 174
35 169 41 175
169 169 175 175
44 170 50 176
7 171 13 177
89 171 95 177
95 171 101 177
55 172 61 178
60 172 66 178
146 172 152 178
-3 173 3 179
31 173 37 179
189 173 195 179
2 174 8 180
177 174 183 180
63 176 69 182
72 176 78 182
119 176 125 182
124 176 130 182
191 176 197 182
58 177 64 183
74 177 80 183
168 177 174 183
126 178 132 184
180 178 186 184
59 179 65 185
163 180 169 186
104 181 110 187
188 181 194 187
141 182 147 188
119 183 125 189
99 184 105 190
158 184 164 190
107 185 113 191
118 185 124 191
71 186 77 192
139 186 145 192
114 187 120 193
80 189 86 195
56 190 62 196
128 190 134 196
139 190 145 196
21 191 27 197
4 192 10 198
54 192 60 198
60 192 66 198
83 193 89 199
110 193 116 199
117 193 123 199
77 194 83 200
82 194 88 200
