261
17 -1 23 5
110 -1 116 5
22 0 28 6
14 1 20 7
86 3 92 9
100 3 106 9
135 3 141 9
159 3 165 9
188 4 194 10
74 5 80 11
186 5 192 11
117 7 123 13
67 8 73 14
179 8 185 14
114 10 120 16
10 11 16 17
33 11 39 17
142 14 148 20
100 15 106 21
108 15 114 21
154 15 160 21
110 16 116 22
3 17 9 23
43 18 49 24
67 18 73 24
160 18 166 24
55 19 61 25
165 19 171 25
140 20 146 26
158 20 164 26
21 21 27 27
59 22 65 28
67 22 73 28
196 23 202 29
70 24 76 30
138 24 144 30
156 24 162 30
164 25 170 31
91 27 97 33
157 27 163 33
113 29 119 35
124 29 130 35
173 29 179 35
39 30 45 36
2 31 8 37
54 32 60 38
24 33 30 39
115 33 121 39
139 34 145 40
181 34 187 40
195 34 201 40
142 35 148 41
98 37 104 43
184 37 190 43
55 38 61 44
27 40 33 46
52 41 58 47
165 41 171 47
25 43 31 49
80 43 86 49
151 43 157 49
179 43 185 49
189 43 195 49
76 44 82 50
162 44 168 50
82 45 88 51
76 46 82 52
92 46 98 52
93 47 99 53
146 48 152 54
164 49 170 55
170 49 176 55
58 52 64 58
62 52 68 58
121 52 127 58
3 53 9 59
152 53 158 59
164 54 170 60
179 56 185 62
58 57 64 63
153 57 159 63
14 58 20 64
160 59 166 65
-1 63 5 69
192 63 198 69
69 64 75 70
121 65 127 71
42 66 48 72
122 66 128 72
162 66 168 72
11 68 17 74
80 68 86 74
188 68 194 74
54 69 60 75
83 69 89 75
127 70 133 76
107 71 113 77
121 72 127 78
67 73 73 79
138 73 144 79
110 74 116 80
159 75 165 81
22 76 28 82
165 77 171 83
103 78 109 84
55 79 61 85
82 79 88 85
145 79 151 85
49 80 55 86
5 81 11 87
80 81 86 87
125 82 131 88
29 85 35 91
157 86 163 92
35 87 41 93
107 90 113 96
144 90 150 96
160 92 166 98
95 93 101 99
81 94 87 100
0 95 6 101
42 95 48 101
193 95 199 101
190 96 196 102
10 98 16 104
139 98 145 104
57 100 63 106
106 100 112 106
125 100 131 106
84 101 90 107
123 101 129 107
160 102 166 108
5 103 11 109
109 103 115 109
118 103 124 109
82 104 88 110
88 104 94 110
135 104 141 110
55 105 61 111
101 105 107 111
143 105 149 111
158 105 164 111
101 106 107 112
138 106 144 112
31 107 37 113
82 107 88 113
112 107 118 113
116 107 122 113
28 108 34 114
52 109 58 115
75 111 81 117
175 111 181 117
17 112 23 118
85 113 91 119
80 114 86 120
13 115 19 121
59 115 65 121
68 115 74 121
108 116 114 122
26 117 32 123
38 117 44 123
51 117 57 123
129 117 135 123
4 119 10 125
105 119 111 125
136 119 142 125
138 121 144 127
87 122 93 128
101 124 107 130
25 125 31 131
75 125 81 131
15 126 21 132
143 127 149 133
177 127 183 133
13 129 19 135
57 129 63 135
141 130 147 136
182 130 188 136
96 132 102 138
129 132 135 138
164 132 170 138
15 133 21 139
48 133 54 139
57 134 63 140
114 134 120 140
73 135 79 141
13 136 19 142
46 136 52 142
125 136 131 142
158 138 164 144
129 139 135 145
95 140 101 146
137 141 143 147
135 142 141 148
17 143 23 149
175 145 181 151
78 147 84 153
164 147 170 153
24 148 30 154
51 148 57 154
11 149 17 155
42 151 48 157
154 151 160 157
107 152 113 158
46 153 52 159
130 153 136 159
165 154 171 160
15 155 21 161
79 155 85 161
16 156 22 162
127 156 133 162
153 156 159 162
141 157 147 163
154 157 160 163
166 157 172 163
67 158 73 164
126 158 132 164
20 160 26 166
108 160 114 166
174 161 180 167
28 163 34 169
137 163 143 169
10 164 16 170
24 164 30 170
127 165 133 171
86 168 92 174
34 169 40 175
193 169 199 175
7 171 13 177
89 171 95 177
95 171 101 177
56 172 62 178
60 172 66 178
-3 173 3 179
32 173 38 179
189 173 195 179
1 174 7 180
119 176 125 182
124 176 130 182
191 176 197 182
126 178 132 184
168 178 174 184
180 178 186 184
132 179 138 185
27 180 33 186
104 181 110 187
188 181 194 187
182 182 188 188
141 183 147 189
158 183 164 189
107 184 113 190
139 186 145 192
114 187 120 193
80 190 86 196
139 190 145 196
21 191 27 197
4 192 10 198
196 192 202 198
111 193 117 199
117 193 123 199
77 194 83 200
