147
17 -1 23 5
110 -1 116 5
132 -1 138 5
21 0 27 6
14 1 20 7
86 3 92 9
100 3 106 9
135 3 141 9
74 5 80 11
67 8 73 14
179 8 185 14
10 11 16 17
33 11 39 17
141 14 147 20
154 15 160 21
43 18 49 24
55 20 61 26
140 20 146 26
165 20 171 26
21 21 27 27
58 22 64 28
164 23 170 29
49 24 55 30
69 24 75 30
138 24 144 30
180 24 186 30
91 27 97 33
173 29 179 35
39 30 45 36
2 31 8 37
54 32 60 38
62 34 68 40
24 35 30 41
142 35 148 41
55 38 61 44
99 39 105 45
25 43 31 49
150 43 156 49
179 43 185 49
189 43 195 49
146 48 152 54
121 52 127 58
164 54 170 60
179 56 185 62
58 57 64 63
14 58 20 64
176 62 182 68
-1 63 5 69
192 63 198 69
69 64 75 70
15 66 21 72
42 66 48 72
162 66 168 72
89 67 95 73
12 68 18 74
188 68 194 74
54 69 60 75
133 70 139 76
121 72 127 78
172 72 178 78
67 73 73 79
138 73 144 79
103 74 109 80
103 75 109 81
160 75 166 81
22 76 28 82
165 77 171 83
55 79 61 85
145 79 151 85
49 80 55 86
5 81 11 87
45 83 51 89
62 83 68 89
157 86 163 92
144 90 150 96
160 92 166 98
95 93 101 99
81 94 87 100
0 95 6 101
42 95 48 101
52 98 58 104
139 98 145 104
10 99 16 105
56 100 62 106
71 101 77 107
6 103 12 109
118 103 124 109
168 103 174 109
142 105 148 111
175 109 181 115
150 110 156 116
75 111 81 117
67 115 73 121
26 117 32 123
38 117 44 123
129 117 135 123
51 118 57 124
101 124 107 130
75 125 81 131
164 132 170 138
96 133 102 139
73 134 79 140
114 134 120 140
167 134 173 140
158 138 164 144
95 140 101 146
171 143 177 149
175 145 181 151
78 147 84 153
24 148 30 154
11 149 17 155
51 149 57 155
75 149 81 155
164 149 170 155
41 151 47 157
154 151 160 157
40 152 46 158
46 152 52 158
102 152 108 158
79 155 85 161
141 157 147 163
108 160 114 166
174 161 180 167
137 163 143 169
10 164 16 170
169 169 175 175
7 170 13 176
193 170 199 176
95 171 101 177
119 176 125 182
168 178 174 184
132 179 138 185
27 180 33 186
163 180 169 186
188 181 194 187
104 182 110 188
182 182 188 188
106 184 112 190
114 186 120 192
128 190 134 196
21 191 27 197
79 191 85 197
-3 192 3 198
4 192 10 198
60 192 66 198
77 193 83 199
117 193 123 199
