606
6 -3 12 3
22 -3 28 3
132 -3 138 3
193 -2 199 4
17 -1 23 5
62 -1 68 5
81 -1 87 5
111 -1 117 5
125 -1 131 5
23 0 29 6
46 0 52 6
61 0 67 6
87 0 93 6
14 1 20 7
50 1 56 7
58 1 64 7
75 1 81 7
91 1 97 7
126 1 132 7
82 2 88 8
100 2 106 8
44 3 50 9
55 3 61 9
122 3 128 9
135 3 141 9
174 3 180 9
175 3 181 9
176 3 182 9
48 4 54 10
86 4 92 10
152 4 158 10
3 5 9 11
74 5 80 11
117 6 123 12
125 6 131 12
6 7 12 13
42 7 48 13
186 7 192 13
41 8 47 14
67 8 73 14
179 8 185 14
90 9 96 15
44 10 50 16
113 10 119 16
147 10 153 16
162 10 168 16
4 11 10 17
10 11 16 17
32 11 38 17
34 11 40 17
35 11 41 17
47 11 53 17
163 11 169 17
171 11 177 17
45 12 51 18
24 13 30 19
108 13 114 19
131 13 137 19
26 14 32 20
65 14 71 20
100 14 106 20
143 14 149 20
91 15 97 21
126 15 132 21
133 15 139 21
154 15 160 21
128 16 134 22
172 16 178 22
-3 17 3 23
3 17 9 23
160 17 166 23
29 18 35 24
43 18 49 24
67 18 73 24
100 18 106 24
6 19 12 25
13 19 19 25
55 19 61 25
92 19 98 25
165 19 171 25
196 19 202 25
27 20 33 26
158 20 164 26
10 21 16 27
21 21 27 27
184 21 190 27
5 22 11 28
27 22 33 28
60 22 66 28
67 22 73 28
93 22 99 28
196 23 202 29
28 24 34 30
49 24 55 30
71 24 77 30
81 24 87 30
100 24 106 30
139 24 145 30
156 24 162 30
180 24 186 30
102 25 108 31
124 25 130 31
164 25 170 31
91 26 97 32
113 26 119 32
123 27 129 33
132 27 138 33
157 28 163 34
28 29 34 35
78 29 84 35
124 29 130 35
173 29 179 35
26 30 32 36
39 30 45 36
183 30 189 36
2 31 8 37
11 31 17 37
91 31 97 37
117 31 123 37
134 31 140 37
7 32 13 38
46 32 52 38
47 32 53 38
54 32 60 38
111 32 117 38
156 32 162 38
24 33 30 39
93 33 99 39
179 33 185 39
62 34 68 40
115 34 121 40
154 34 160 40
194 34 200 40
86 35 92 41
97 35 103 41
99 35 105 41
107 35 113 41
139 35 145 41
144 35 150 41
162 36 168 42
188 36 194 42
96 37 102 43
184 37 190 43
26 38 32 44
55 38 61 44
123 38 129 44
146 38 152 44
180 38 186 44
163 39 169 45
188 39 194 45
29 40 35 46
108 40 114 46
121 40 127 46
52 41 58 47
142 41 148 47
165 41 171 47
0 42 6 48
8 42 14 48
75 42 81 48
1 43 7 49
16 43 22 49
25 43 31 49
61 43 67 49
79 43 85 49
105 43 111 49
151 43 157 49
48 44 54 50
162 44 168 50
-2 45 4 51
62 45 68 51
84 45 90 51
92 45 98 51
189 45 195 51
15 46 21 52
37 46 43 52
137 46 143 52
66 47 72 53
195 47 201 53
7 48 13 54
71 48 77 54
93 48 99 54
146 48 152 54
80 49 86 55
162 49 168 55
170 49 176 55
57 50 63 56
79 50 85 56
103 50 109 56
15 51 21 57
136 51 142 57
140 51 146 57
152 51 158 57
36 52 42 58
41 52 47 58
62 52 68 58
121 52 127 58
132 52 138 58
187 53 193 59
48 54 54 60
166 54 172 60
191 54 197 60
44 55 50 61
134 55 140 61
88 56 94 62
91 56 97 62
179 56 185 62
34 57 40 63
58 57 64 63
26 58 32 64
44 58 50 64
49 58 55 64
105 58 111 64
112 58 118 64
115 58 121 64
153 58 159 64
194 58 200 64
14 59 20 65
66 59 72 65
160 59 166 65
24 60 30 66
34 60 40 66
67 61 73 67
168 61 174 67
105 62 111 68
176 62 182 68
-1 63 5 69
192 63 198 69
29 64 35 70
119 64 125 70
172 64 178 70
26 65 32 71
69 65 75 71
74 65 80 71
115 65 121 71
95 66 101 72
124 66 130 72
162 66 168 72
4 67 10 73
18 67 24 73
106 67 112 73
110 67 116 73
170 67 176 73
11 68 17 74
80 68 86 74
98 68 104 74
107 68 113 74
111 68 117 74
168 68 174 74
188 68 194 74
53 69 59 75
115 69 121 75
133 69 139 75
6 70 12 76
83 70 89 76
94 70 100 76
107 70 113 76
127 70 133 76
95 72 101 78
121 72 127 78
67 73 73 79
100 73 106 79
172 73 178 79
110 74 116 80
98 75 104 81
158 75 164 81
22 76 28 82
123 76 129 82
188 76 194 82
83 77 89 83
165 77 171 83
103 78 109 84
55 79 61 85
74 79 80 85
145 79 151 85
180 80 186 86
5 82 11 88
99 82 105 88
45 83 51 89
62 83 68 89
80 83 86 89
141 83 147 89
28 84 34 90
37 84 43 90
40 84 46 90
125 84 131 90
157 85 163 91
-3 86 3 92
47 86 53 92
193 86 199 92
35 87 41 93
68 87 74 93
4 88 10 94
72 88 78 94
191 88 197 94
30 89 36 95
49 89 55 95
31 90 37 96
107 90 113 96
140 90 146 96
144 90 150 96
196 90 202 96
73 91 79 97
64 92 70 98
69 92 75 98
171 92 177 98
95 93 101 99
108 93 114 99
81 94 87 100
109 94 115 100
175 94 181 100
1 95 7 101
41 95 47 101
193 95 199 101
189 96 195 102
143 97 149 103
148 97 154 103
10 98 16 104
139 98 145 104
84 99 90 105
92 99 98 105
17 100 23 106
57 100 63 106
71 100 77 106
106 100 112 106
128 100 134 106
23 101 29 107
51 101 57 107
122 101 128 107
48 102 54 108
64 102 70 108
149 102 155 108
5 103 11 109
109 103 115 109
118 103 124 109
150 103 156 109
162 103 168 109
167 103 173 109
19 104 25 110
82 104 88 110
88 104 94 110
98 104 104 110
134 104 140 110
24 105 30 111
55 105 61 111
143 105 149 111
158 106 164 112
103 107 109 113
111 107 117 113
116 107 122 113
138 107 144 113
49 108 55 114
191 108 197 114
15 109 21 115
26 109 32 115
81 109 87 115
192 109 198 115
16 110 22 116
52 110 58 116
149 110 155 116
75 111 81 117
18 112 24 118
188 112 194 118
87 113 93 119
-2 114 4 120
0 114 6 120
59 114 65 120
79 114 85 120
131 114 137 120
132 114 138 120
187 114 193 120
12 115 18 121
68 115 74 121
109 115 115 121
184 115 190 121
26 116 32 122
120 116 126 122
137 116 143 122
46 117 52 123
51 117 57 123
61 117 67 123
117 117 123 123
129 117 135 123
65 118 71 124
86 118 92 124
90 118 96 124
141 118 147 124
4 119 10 125
60 119 66 125
105 119 111 125
196 119 202 125
13 120 19 126
25 120 31 126
135 120 141 126
158 120 164 126
183 120 189 126
33 121 39 127
87 121 93 127
161 121 167 127
0 122 6 128
110 122 116 128
123 122 129 128
139 122 145 128
5 123 11 129
36 123 42 129
48 123 54 129
81 124 87 130
101 124 107 130
113 124 119 130
25 125 31 131
16 126 22 132
47 126 53 132
161 126 167 132
192 126 198 132
144 127 150 133
174 127 180 133
191 127 197 133
36 128 42 134
46 128 52 134
103 128 109 134
175 128 181 134
12 130 18 136
101 130 107 136
182 130 188 136
164 131 170 137
173 131 179 137
190 131 196 137
94 132 100 138
98 132 104 138
129 132 135 138
49 133 55 139
38 134 44 140
192 134 198 140
24 135 30 141
86 135 92 141
114 135 120 141
133 135 139 141
148 135 154 141
168 135 174 141
176 135 182 141
73 136 79 142
123 136 129 142
146 137 152 143
13 138 19 144
158 138 164 144
33 139 39 145
37 139 43 145
104 139 110 145
129 139 135 145
95 140 101 146
108 140 114 146
141 141 147 147
153 141 159 147
132 142 138 148
17 143 23 149
171 143 177 149
124 144 130 150
175 144 181 150
94 145 100 151
160 145 166 151
96 146 102 152
78 147 84 153
24 148 30 154
50 148 56 154
0 149 6 155
9 149 15 155
42 149 48 155
70 149 76 155
93 149 99 155
178 149 184 155
62 150 68 156
178 150 184 156
92 151 98 157
154 151 160 157
100 152 106 158
181 152 187 158
53 153 59 159
131 153 137 159
165 153 171 159
167 153 173 159
193 153 199 159
37 154 43 160
163 154 169 160
55 155 61 161
79 155 85 161
184 155 190 161
194 155 200 161
17 156 23 162
127 156 133 162
140 156 146 162
141 156 147 162
113 157 119 163
142 157 148 163
67 158 73 164
157 158 163 164
37 159 43 165
121 159 127 165
166 159 172 165
183 159 189 165
20 160 26 166
34 160 40 166
108 160 114 166
121 161 127 167
152 161 158 167
175 161 181 167
137 163 143 169
150 163 156 169
166 163 172 169
24 164 30 170
28 164 34 170
168 164 174 170
127 165 133 171
158 165 164 171
44 166 50 172
76 166 82 172
163 166 169 172
7 167 13 173
184 167 190 173
193 167 199 173
9 168 15 174
13 168 19 174
74 168 80 174
156 168 162 174
169 168 175 174
35 169 41 175
41 169 47 175
165 169 171 175
183 170 189 176
44 171 50 177
89 171 95 177
95 171 101 177
149 171 155 177
7 172 13 178
41 172 47 178
55 172 61 178
60 172 66 178
79 172 85 178
131 172 137 178
144 172 150 178
31 173 37 179
81 173 87 179
189 173 195 179
2 174 8 180
177 174 183 180
58 176 64 182
64 176 70 182
71 176 77 182
104 176 110 182
119 176 125 182
124 176 130 182
191 176 197 182
50 177 56 183
76 177 82 183
168 177 174 183
102 178 108 184
126 178 132 184
181 178 187 184
59 179 65 185
133 179 139 185
160 179 166 185
27 180 33 186
78 180 84 186
61 181 67 187
73 181 79 187
97 181 103 187
104 181 110 187
108 181 114 187
188 181 194 187
77 182 83 188
141 182 147 188
160 182 166 188
182 182 188 188
31 183 37 189
110 183 116 189
119 183 125 189
18 185 24 191
32 185 38 191
99 185 105 191
107 185 113 191
118 185 124 191
158 185 164 191
174 185 180 191
185 185 191 191
20 186 26 192
71 186 77 192
139 186 145 192
184 186 190 192
56 188 62 194
88 188 94 194
114 188 120 194
92 189 98 195
190 189 196 195
139 190 145 196
4 191 10 197
21 191 27 197
40 192 46 198
195 192 201 198
54 193 60 199
83 193 89 199
109 193 115 199
117 193 123 199
24 194 30 200
72 194 78 200
77 194 83 200
81 195 87 201
70 196 76 202
194 196 200 202
