127
17 -1 23 5
20 0 26 6
132 0 138 6
14 1 20 7
86 3 92 9
100 3 106 9
135 3 141 9
159 3 165 9
74 5 80 11
67 8 73 14
10 11 16 17
33 11 39 17
141 14 147 20
154 15 160 21
43 18 49 24
56 20 62 26
21 21 27 27
58 22 64 28
49 24 55 30
69 24 75 30
138 24 144 30
180 24 186 30
91 27 97 33
124 29 130 35
39 30 45 36
2 31 8 37
54 32 60 38
62 34 68 40
195 34 201 40
142 35 148 41
24 36 30 42
55 38 61 44
100 40 106 46
52 41 58 47
103 42 109 48
25 43 31 49
179 43 185 49
189 43 195 49
146 48 152 54
121 52 127 58
164 54 170 60
179 56 185 62
58 57 64 63
14 58 20 64
160 59 166 65
-1 63 5 69
42 66 48 72
162 66 168 72
89 67 95 73
188 68 194 74
54 69 60 75
127 70 133 76
133 70 139 76
172 72 178 78
67 73 73 79
138 73 144 79
160 75 166 81
165 77 171 83
55 79 61 85
49 80 55 86
62 83 68 89
142 83 148 89
107 90 113 96
144 90 150 96
95 93 101 99
81 94 87 100
0 95 6 101
42 95 48 101
10 99 16 105
55 100 61 106
71 101 77 107
6 103 12 109
118 103 124 109
168 103 174 109
142 105 148 111
175 109 181 115
150 110 156 116
75 111 81 117
59 115 65 121
26 117 32 123
38 117 44 123
129 117 135 123
51 118 57 124
101 124 107 130
25 125 31 131
73 133 79 139
96 133 102 139
114 134 120 140
167 134 173 140
86 135 92 141
158 138 164 144
95 140 101 146
17 144 23 150
175 145 181 151
78 147 84 153
24 148 30 154
11 149 17 155
51 149 57 155
75 149 81 155
164 149 170 155
46 152 52 158
102 152 108 158
79 155 85 161
141 157 147 163
67 158 73 164
20 160 26 166
108 160 114 166
174 161 180 167
137 163 143 169
10 165 16 171
7 169 13 175
169 169 175 175
95 171 101 177
193 171 199 177
119 176 125 182
168 178 174 184
132 179 138 185
163 180 169 186
188 181 194 187
159 182 165 188
182 182 188 188
141 184 147 190
114 186 120 192
128 190 134 196
-2 192 4 198
4 192 10 198
60 192 66 198
