398
10 -1 16 5
111 -1 117 5
22 0 28 6
46 0 52 6
76 0 82 6
81 0 87 6
14 1 20 7
49 1 55 7
57 1 63 7
75 1 81 7
82 1 88 7
88 1 94 7
90 1 96 7
45 3 51 9
56 3 62 9
86 3 92 9
100 3 106 9
135 3 141 9
159 3 165 9
188 3 194 9
117 6 123 12
5 7 11 13
186 7 192 13
67 8 73 14
179 8 185 14
90 10 96 16
147 10 153 16
10 11 16 17
33 11 39 17
149 12 155 18
171 12 177 18
91 13 97 19
100 14 106 20
108 14 114 20
143 14 149 20
154 15 160 21
172 15 178 21
3 17 9 23
111 17 117 23
43 18 49 24
67 18 73 24
100 18 106 24
160 18 166 24
55 19 61 25
165 19 171 25
6 20 12 26
11 20 17 26
12 20 18 26
140 20 146 26
158 20 164 26
21 21 27 27
42 22 48 28
67 22 73 28
196 23 202 29
42 24 48 30
49 24 55 30
70 24 76 30
138 24 144 30
156 24 162 30
180 24 186 30
81 25 87 31
164 25 170 31
113 26 119 32
78 27 84 33
128 27 134 33
132 27 138 33
157 28 163 34
124 29 130 35
173 29 179 35
39 30 45 36
2 31 8 37
11 31 17 37
117 31 123 37
7 32 13 38
54 32 60 38
112 32 118 38
24 33 30 39
115 33 121 39
180 33 186 39
62 34 68 40
139 34 145 40
194 34 200 40
143 35 149 41
107 36 113 42
184 37 190 43
26 38 32 44
55 38 61 44
146 39 152 45
28 40 34 46
143 40 149 46
52 41 58 47
165 41 171 47
25 43 31 49
75 43 81 49
80 43 86 49
105 43 111 49
151 43 157 49
179 43 185 49
40 44 46 50
162 44 168 50
84 45 90 51
92 45 98 51
37 46 43 52
67 47 73 53
76 48 82 54
93 48 99 54
137 48 143 54
146 48 152 54
7 49 13 55
57 51 63 57
103 51 109 57
36 52 42 58
62 52 68 58
100 52 106 58
121 52 127 58
3 53 9 59
48 54 54 60
164 54 170 60
179 56 185 62
58 57 64 63
49 58 55 64
153 58 159 64
160 59 166 65
169 61 175 67
176 62 182 68
192 63 198 69
28 64 34 70
119 64 125 70
171 64 177 70
27 65 33 71
69 65 75 71
18 66 24 72
42 66 48 72
95 66 101 72
124 66 130 72
162 66 168 72
89 67 95 73
97 67 103 73
4 68 10 74
11 68 17 74
80 68 86 74
188 68 194 74
6 69 12 75
83 70 89 76
107 70 113 76
127 70 133 76
133 70 139 76
121 72 127 78
67 73 73 79
100 73 106 79
138 73 144 79
99 74 105 80
158 75 164 81
22 76 28 82
73 76 79 82
123 77 129 83
165 77 171 83
188 77 194 83
83 78 89 84
103 78 109 84
190 78 196 84
55 79 61 85
74 79 80 85
145 79 151 85
49 80 55 86
5 81 11 87
80 82 86 88
95 82 101 88
45 83 51 89
125 83 131 89
141 83 147 89
28 85 34 91
-3 86 3 92
47 86 53 92
157 86 163 92
193 86 199 92
35 87 41 93
68 87 74 93
192 87 198 93
72 88 78 94
48 89 54 95
107 90 113 96
144 90 150 96
196 90 202 96
70 92 76 98
138 92 144 98
95 93 101 99
173 93 179 99
174 93 180 99
81 94 87 100
1 95 7 101
42 95 48 101
193 95 199 101
189 96 195 102
10 98 16 104
52 98 58 104
24 99 30 105
159 99 165 105
17 100 23 106
57 100 63 106
84 100 90 106
106 100 112 106
127 100 133 106
23 101 29 107
50 101 56 107
122 101 128 107
156 101 162 107
162 102 168 108
5 103 11 109
19 103 25 109
64 103 70 109
109 103 115 109
118 103 124 109
82 104 88 110
88 104 94 110
99 104 105 110
134 104 140 110
55 105 61 111
67 105 73 111
143 105 149 111
138 106 144 112
158 106 164 112
32 107 38 113
102 107 108 113
111 107 117 113
116 107 122 113
26 108 32 114
52 109 58 115
82 109 88 115
150 110 156 116
75 111 81 117
175 111 181 117
17 112 23 118
182 112 188 118
87 113 93 119
80 114 86 120
184 114 190 120
12 115 18 121
59 115 65 121
68 115 74 121
108 115 114 121
138 116 144 122
38 117 44 123
51 117 57 123
129 117 135 123
65 118 71 124
86 118 92 124
90 118 96 124
140 118 146 124
-3 119 3 125
4 119 10 125
105 119 111 125
135 119 141 125
13 120 19 126
159 120 165 126
183 120 189 126
15 121 21 127
33 121 39 127
47 121 53 127
161 121 167 127
87 122 93 128
111 122 117 128
139 122 145 128
5 123 11 129
48 123 54 129
85 124 91 130
101 124 107 130
25 125 31 131
75 125 81 131
113 125 119 131
158 125 164 131
16 126 22 132
47 126 53 132
47 127 53 133
143 127 149 133
177 127 183 133
12 129 18 135
36 130 42 136
182 130 188 136
141 131 147 137
164 131 170 137
96 132 102 138
129 132 135 138
173 132 179 138
191 132 197 138
7 133 13 139
16 133 22 139
38 133 44 139
48 133 54 139
114 134 120 140
176 134 182 140
57 135 63 141
86 135 92 141
133 135 139 141
168 135 174 141
46 136 52 142
124 136 130 142
13 137 19 143
158 138 164 144
129 139 135 145
95 140 101 146
140 141 146 147
133 142 139 148
17 143 23 149
175 145 181 151
78 147 84 153
164 147 170 153
24 148 30 154
51 148 57 154
9 149 15 155
71 149 77 155
42 150 48 156
109 150 115 156
154 151 160 157
101 152 107 158
107 152 113 158
37 153 43 159
46 153 52 159
130 153 136 159
15 154 21 160
115 154 121 160
164 154 170 160
79 155 85 161
17 156 23 162
113 156 119 162
127 156 133 162
184 156 190 162
141 157 147 163
67 158 73 164
156 158 162 164
183 158 189 164
10 159 16 165
166 159 172 165
20 160 26 166
152 161 158 167
175 161 181 167
150 162 156 168
11 164 17 170
24 164 30 170
127 165 133 171
44 166 50 172
163 166 169 172
7 168 13 174
86 168 92 174
165 168 171 174
193 168 199 174
6 169 12 175
35 169 41 175
169 169 175 175
44 170 50 176
7 171 13 177
89 171 95 177
95 171 101 177
147 171 153 177
60 172 66 178
145 172 151 178
31 173 37 179
189 173 195 179
-3 174 3 180
2 174 8 180
177 174 183 180
64 176 70 182
119 176 125 182
124 176 130 182
58 177 64 183
75 177 81 183
126 178 132 184
180 178 186 184
59 179 65 185
132 179 138 185
27 180 33 186
86 180 92 186
87 180 93 186
104 181 110 187
73 182 79 188
97 182 103 188
141 182 147 188
119 183 125 189
158 184 164 190
107 185 113 191
174 185 180 191
139 186 145 192
114 187 120 193
90 188 96 194
80 189 86 195
91 189 97 195
128 190 134 196
139 190 145 196
21 191 27 197
4 192 10 198
54 192 60 198
60 192 66 198
195 192 201 198
83 193 89 199
110 193 116 199
117 193 123 199
77 194 83 200
82 195 88 201
