364
7 -3 13 3
10 -2 16 4
17 -1 23 5
111 -1 117 5
22 0 28 6
46 0 52 6
14 1 20 7
49 1 55 7
45 3 51 9
56 3 62 9
86 3 92 9
100 3 106 9
48 4 54 10
123 4 129 10
74 5 80 11
124 5 130 11
117 6 123 12
186 6 192 12
5 7 11 13
179 8 185 14
4 9 10 15
90 10 96 16
113 10 119 16
147 10 153 16
33 11 39 17
149 12 155 18
171 12 177 18
91 13 97 19
108 14 114 20
143 14 149 20
172 14 178 20
154 15 160 21
3 17 9 23
111 17 117 23
43 18 49 24
100 18 106 24
55 19 61 25
6 20 12 26
140 20 146 26
5 21 11 27
21 21 27 27
59 22 65 28
67 22 73 28
196 23 202 29
138 24 144 30
156 24 162 30
180 24 186 30
81 25 87 31
164 25 170 31
78 27 84 33
113 27 119 33
128 27 134 33
132 27 138 33
124 29 130 35
173 29 179 35
39 30 45 36
2 31 8 37
11 31 17 37
117 31 123 37
7 32 13 38
54 32 60 38
24 33 30 39
115 33 121 39
180 33 186 39
139 34 145 40
194 34 200 40
142 35 148 41
107 36 113 42
96 37 102 43
184 37 190 43
26 38 32 44
55 38 61 44
108 39 114 45
146 39 152 45
28 40 34 46
144 40 150 46
165 41 171 47
75 43 81 49
80 43 86 49
105 43 111 49
151 43 157 49
179 43 185 49
40 44 46 50
162 44 168 50
189 44 195 50
83 45 89 51
92 45 98 51
67 47 73 53
71 48 77 54
76 48 82 54
93 48 99 54
137 48 143 54
146 48 152 54
7 49 13 55
136 49 142 55
163 49 169 55
170 49 176 55
57 51 63 57
103 51 109 57
36 52 42 58
41 52 47 58
62 52 68 58
100 52 106 58
152 52 158 58
3 53 9 59
48 54 54 60
58 57 64 63
14 58 20 64
153 58 159 64
160 59 166 65
170 61 176 67
176 62 182 68
192 63 198 69
119 64 125 70
171 64 177 70
18 66 24 72
42 66 48 72
95 66 101 72
124 66 130 72
162 66 168 72
89 67 95 73
96 67 102 73
11 68 17 74
80 68 86 74
188 68 194 74
6 69 12 75
54 69 60 75
83 70 89 76
107 70 113 76
127 70 133 76
133 70 139 76
121 72 127 78
67 73 73 79
138 73 144 79
172 73 178 79
110 74 116 80
158 75 164 81
22 76 28 82
73 76 79 82
188 77 194 83
83 78 89 84
103 78 109 84
190 78 196 84
55 79 61 85
74 79 80 85
145 79 151 85
49 80 55 86
5 81 11 87
80 82 86 88
45 83 51 89
62 83 68 89
125 83 131 89
141 83 147 89
28 85 34 91
-3 86 3 92
47 86 53 92
157 86 163 92
35 87 41 93
68 87 74 93
72 88 78 94
48 89 54 95
107 90 113 96
140 90 146 96
144 90 150 96
160 92 166 98
1 95 7 101
42 95 48 101
193 95 199 101
189 96 195 102
10 98 16 104
52 98 58 104
139 98 145 104
24 99 30 105
159 99 165 105
17 100 23 106
57 100 63 106
84 100 90 106
106 100 112 106
23 101 29 107
50 101 56 107
71 101 77 107
122 101 128 107
49 102 55 108
162 102 168 108
5 103 11 109
19 103 25 109
64 103 70 109
118 103 124 109
168 103 174 109
88 104 94 110
99 104 105 110
134 104 140 110
67 105 73 111
143 105 149 111
138 106 144 112
158 106 164 112
32 107 38 113
111 107 117 113
26 108 32 114
52 109 58 115
82 109 88 115
150 110 156 116
75 111 81 117
175 111 181 117
87 113 93 119
80 114 86 120
184 114 190 120
12 115 18 121
59 115 65 121
68 115 74 121
108 115 114 121
26 116 32 122
138 116 144 122
38 117 44 123
51 117 57 123
65 118 71 124
86 118 92 124
140 118 146 124
-3 119 3 125
4 119 10 125
105 119 111 125
135 119 141 125
14 120 20 126
159 120 165 126
183 120 189 126
188 120 194 126
15 121 21 127
33 121 39 127
160 121 166 127
-1 122 5 128
36 122 42 128
87 122 93 128
111 122 117 128
139 122 145 128
5 123 11 129
48 123 54 129
82 124 88 130
85 124 91 130
101 124 107 130
25 125 31 131
75 125 81 131
158 125 164 131
16 126 22 132
160 126 166 132
57 127 63 133
143 127 149 133
177 127 183 133
13 129 19 135
182 130 188 136
5 131 11 137
141 131 147 137
164 131 170 137
38 132 44 138
96 132 102 138
129 132 135 138
173 132 179 138
7 133 13 139
16 133 22 139
48 133 54 139
114 134 120 140
176 134 182 140
57 135 63 141
86 135 92 141
133 135 139 141
168 135 174 141
46 136 52 142
73 136 79 142
124 136 130 142
13 137 19 143
158 138 164 144
129 139 135 145
95 140 101 146
140 141 146 147
171 143 177 149
175 145 181 151
78 147 84 153
164 147 170 153
51 148 57 154
10 149 16 155
109 150 115 156
42 151 48 157
154 151 160 157
37 152 43 158
101 152 107 158
107 152 113 158
46 153 52 159
130 153 136 159
15 154 21 160
115 154 121 160
164 154 170 160
79 155 85 161
17 156 23 162
113 156 119 162
127 156 133 162
153 156 159 162
184 156 190 162
67 158 73 164
125 158 131 164
156 158 162 164
166 158 172 164
183 158 189 164
10 159 16 165
20 160 26 166
108 160 114 166
152 161 158 167
175 161 181 167
150 162 156 168
28 163 34 169
137 163 143 169
11 164 17 170
24 164 30 170
127 165 133 171
44 166 50 172
164 166 170 172
165 167 171 173
86 168 92 174
193 168 199 174
35 169 41 175
169 169 175 175
44 170 50 176
89 171 95 177
95 171 101 177
147 171 153 177
55 172 61 178
-3 173 3 179
31 173 37 179
189 173 195 179
2 174 8 180
177 174 183 180
64 176 70 182
119 176 125 182
124 176 130 182
75 177 81 183
126 178 132 184
180 178 186 184
59 179 65 185
132 179 138 185
27 180 33 186
61 180 67 186
163 180 169 186
73 182 79 188
97 182 103 188
141 182 147 188
119 183 125 189
99 184 105 190
158 184 164 190
107 185 113 191
118 185 124 191
174 185 180 191
71 186 77 192
114 187 120 193
90 188 96 194
56 189 62 195
80 189 86 195
139 190 145 196
21 191 27 197
4 192 10 198
54 192 60 198
60 192 66 198
83 193 89 199
110 193 116 199
117 193 123 199
77 194 83 200
82 195 88 201
