560
6 -3 12 3
22 -3 28 3
132 -3 138 3
193 -3 199 3
10 -1 16 5
76 -1 82 5
81 -1 87 5
111 -1 117 5
87 0 93 6
125 0 131 6
14 1 20 7
50 1 56 7
58 1 64 7
75 1 81 7
91 1 97 7
126 1 132 7
82 2 88 8
44 3 50 9
55 3 61 9
100 3 106 9
135 3 141 9
159 3 165 9
188 3 194 9
48 4 54 10
152 4 158 10
3 5 9 11
74 5 80 11
150 5 156 11
1 6 7 12
125 6 131 12
164 6 170 12
166 6 172 12
5 7 11 13
186 7 192 13
179 8 185 14
90 9 96 15
113 10 119 16
4 11 10 17
10 11 16 17
32 11 38 17
44 11 50 17
171 11 177 17
131 13 137 19
24 14 30 20
25 14 31 20
65 14 71 20
91 15 97 21
127 15 133 21
133 15 139 21
154 15 160 21
172 16 178 22
-3 17 3 23
3 17 9 23
112 17 118 23
29 18 35 24
67 18 73 24
100 18 106 24
160 18 166 24
196 18 202 24
6 19 12 25
165 19 171 25
92 20 98 26
140 20 146 26
10 21 16 27
21 21 27 27
5 22 11 28
27 22 33 28
43 22 49 28
60 22 66 28
67 22 73 28
93 22 99 28
196 23 202 29
28 24 34 30
41 24 47 30
49 24 55 30
71 24 77 30
100 24 106 30
138 24 144 30
156 24 162 30
180 24 186 30
81 25 87 31
101 25 107 31
164 25 170 31
91 26 97 32
113 26 119 32
128 27 134 33
132 27 138 33
78 28 84 34
157 28 163 34
28 29 34 35
124 29 130 35
173 29 179 35
26 30 32 36
39 30 45 36
183 30 189 36
2 31 8 37
11 31 17 37
91 31 97 37
117 31 123 37
181 31 187 37
155 32 161 38
7 33 13 39
24 33 30 39
92 33 98 39
154 33 160 39
179 33 185 39
62 34 68 40
87 34 93 40
115 34 121 40
194 34 200 40
86 35 92 41
97 35 103 41
99 35 105 41
107 35 113 41
139 35 145 41
143 35 149 41
96 37 102 43
162 37 168 43
184 37 190 43
26 38 32 44
55 38 61 44
123 38 129 44
146 38 152 44
180 38 186 44
188 38 194 44
132 39 138 45
163 39 169 45
181 39 187 45
188 39 194 45
8 40 14 46
29 40 35 46
122 40 128 46
142 40 148 46
8 41 14 47
52 41 58 47
83 41 89 47
131 41 137 47
165 41 171 47
0 42 6 48
82 42 88 48
1 43 7 49
16 43 22 49
25 43 31 49
40 43 46 49
49 43 55 49
61 43 67 49
75 43 81 49
79 43 85 49
151 43 157 49
179 43 185 49
48 44 54 50
162 44 168 50
189 44 195 50
-2 45 4 51
62 45 68 51
84 45 90 51
92 45 98 51
37 46 43 52
137 46 143 52
196 47 202 53
7 48 13 54
71 48 77 54
146 48 152 54
76 49 82 55
162 49 168 55
170 49 176 55
57 50 63 56
15 51 21 57
136 51 142 57
152 51 158 57
36 52 42 58
41 52 47 58
62 52 68 58
121 52 127 58
132 52 138 58
17 53 23 59
100 53 106 59
188 53 194 59
3 54 9 60
48 54 54 60
166 54 172 60
191 54 197 60
44 55 50 61
133 55 139 61
179 56 185 62
34 57 40 63
44 57 50 63
58 57 64 63
25 58 31 64
49 58 55 64
105 58 111 64
113 58 119 64
115 58 121 64
153 58 159 64
194 58 200 64
14 59 20 65
34 59 40 65
66 59 72 65
160 59 166 65
193 59 199 65
67 61 73 67
168 61 174 67
105 62 111 68
176 62 182 68
-1 63 5 69
192 63 198 69
29 64 35 70
119 64 125 70
172 64 178 70
26 65 32 71
69 65 75 71
74 65 80 71
115 65 121 71
18 66 24 72
42 66 48 72
72 66 78 72
95 66 101 72
124 66 130 72
162 66 168 72
4 67 10 73
98 67 104 73
169 67 175 73
80 68 86 74
168 68 174 74
53 69 59 75
107 69 113 75
115 69 121 75
133 69 139 75
6 70 12 76
83 70 89 76
127 70 133 76
102 71 108 77
121 72 127 78
67 73 73 79
100 73 106 79
172 73 178 79
110 74 116 80
138 74 144 80
73 75 79 81
98 75 104 81
158 75 164 81
22 76 28 82
123 76 129 82
188 76 194 82
83 77 89 83
165 77 171 83
103 78 109 84
55 79 61 85
74 79 80 85
145 79 151 85
190 79 196 85
49 80 55 86
179 81 185 87
180 81 186 87
93 82 99 88
99 82 105 88
45 83 51 89
62 83 68 89
80 83 86 89
28 84 34 90
38 84 44 90
39 84 45 90
125 84 131 90
157 85 163 91
-3 86 3 92
47 86 53 92
193 86 199 92
35 87 41 93
4 88 10 94
72 88 78 94
191 88 197 94
49 89 55 95
107 90 113 96
140 90 146 96
144 90 150 96
196 90 202 96
73 91 79 97
69 92 75 98
137 92 143 98
160 92 166 98
172 92 178 98
64 93 70 99
108 93 114 99
81 94 87 100
109 94 115 100
1 95 7 101
41 95 47 101
93 96 99 102
189 96 195 102
144 97 150 103
10 98 16 104
24 98 30 104
52 98 58 104
92 98 98 104
139 98 145 104
159 98 165 104
84 99 90 105
17 100 23 106
57 100 63 106
106 100 112 106
128 100 134 106
23 101 29 107
51 101 57 107
71 101 77 107
122 101 128 107
48 102 54 108
64 102 70 108
156 102 162 108
5 103 11 109
24 103 30 109
109 103 115 109
118 103 124 109
162 103 168 109
167 103 173 109
82 104 88 110
88 104 94 110
98 104 104 110
55 105 61 111
143 105 149 111
67 106 73 112
138 106 144 112
33 107 39 113
103 107 109 113
111 107 117 113
116 107 122 113
26 109 32 115
39 109 45 115
43 109 49 115
81 109 87 115
52 110 58 116
75 111 81 117
175 111 181 117
182 111 188 117
17 112 23 118
188 112 194 118
87 113 93 119
80 114 86 120
187 114 193 120
12 115 18 121
68 115 74 121
109 115 115 121
47 116 53 122
120 116 126 122
137 116 143 122
38 117 44 123
46 117 52 123
51 117 57 123
61 117 67 123
117 117 123 123
129 117 135 123
24 118 30 124
65 118 71 124
90 118 96 124
141 118 147 124
4 119 10 125
105 119 111 125
196 119 202 125
13 120 19 126
25 120 31 126
158 120 164 126
183 120 189 126
188 120 194 126
16 121 22 127
33 121 39 127
46 121 52 127
87 121 93 127
161 121 167 127
0 122 6 128
139 122 145 128
5 123 11 129
36 123 42 129
48 123 54 129
123 123 129 129
81 124 87 130
85 124 91 130
101 124 107 130
113 124 119 130
25 125 31 131
75 125 81 131
16 126 22 132
47 126 53 132
57 126 63 132
144 127 150 133
174 127 180 133
177 127 183 133
36 128 42 134
46 128 52 134
103 128 109 134
175 128 181 134
12 130 18 136
101 130 107 136
182 130 188 136
5 131 11 137
140 131 146 137
164 131 170 137
95 132 101 138
129 132 135 138
173 132 179 138
7 133 13 139
16 133 22 139
192 134 198 140
24 135 30 141
86 135 92 141
114 135 120 141
133 135 139 141
148 135 154 141
176 135 182 141
46 136 52 142
57 136 63 142
73 136 79 142
123 136 129 142
21 137 27 143
13 138 19 144
153 138 159 144
158 138 164 144
33 139 39 145
36 139 42 145
104 139 110 145
129 139 135 145
95 140 101 146
108 140 114 146
141 141 147 147
153 141 159 147
132 142 138 148
17 143 23 149
126 143 132 149
171 143 177 149
175 144 181 150
95 145 101 151
160 145 166 151
96 146 102 152
78 147 84 153
164 147 170 153
24 148 30 154
50 148 56 154
0 149 6 155
9 149 15 155
42 149 48 155
70 149 76 155
196 149 202 155
92 150 98 156
109 150 115 156
183 150 189 156
154 151 160 157
181 151 187 157
100 152 106 158
107 152 113 158
53 153 59 159
115 153 121 159
131 153 137 159
15 154 21 160
164 154 170 160
79 155 85 161
184 155 190 161
194 155 200 161
17 156 23 162
127 156 133 162
152 156 158 162
142 157 148 163
67 158 73 164
157 158 163 164
37 159 43 165
166 159 172 165
183 159 189 165
20 160 26 166
34 160 40 166
108 160 114 166
152 161 158 167
175 161 181 167
137 163 143 169
150 163 156 169
166 163 172 169
11 164 17 170
24 164 30 170
28 164 34 170
168 164 174 170
127 165 133 171
158 165 164 171
44 166 50 172
76 166 82 172
7 167 13 173
193 167 199 173
9 168 15 174
12 168 18 174
75 168 81 174
156 168 162 174
169 168 175 174
5 169 11 175
35 169 41 175
165 169 171 175
183 170 189 176
41 171 47 177
44 171 50 177
89 171 95 177
148 171 154 177
7 172 13 178
55 172 61 178
60 172 66 178
79 172 85 178
132 172 138 178
144 172 150 178
31 173 37 179
81 173 87 179
189 173 195 179
-3 174 3 180
2 174 8 180
58 176 64 182
64 176 70 182
71 176 77 182
104 176 110 182
119 176 125 182
124 176 130 182
191 176 197 182
50 177 56 183
76 177 82 183
168 177 174 183
103 178 109 184
126 178 132 184
49 179 55 185
59 179 65 185
133 179 139 185
160 179 166 185
27 180 33 186
83 180 89 186
88 180 94 186
163 180 169 186
97 181 103 187
104 181 110 187
108 181 114 187
188 181 194 187
141 182 147 188
160 182 166 188
110 183 116 189
119 183 125 189
32 185 38 191
99 185 105 191
107 185 113 191
174 185 180 191
185 185 191 191
71 186 77 192
139 186 145 192
80 188 86 194
89 188 95 194
114 188 120 194
56 189 62 195
128 190 134 196
139 190 145 196
4 191 10 197
21 191 27 197
60 192 66 198
195 192 201 198
54 193 60 199
83 193 89 199
109 193 115 199
24 194 30 200
72 194 78 200
77 194 83 200
81 195 87 201
70 196 76 202
194 196 200 202
