340
7 -3 13 3
132 -2 138 4
17 -1 23 5
111 -1 117 5
22 0 28 6
46 0 52 6
14 1 20 7
49 1 55 7
46 3 52 9
48 3 54 9
100 3 106 9
135 3 141 9
159 3 165 9
74 5 80 11
117 6 123 12
67 8 73 14
179 8 185 14
113 10 119 16
147 10 153 16
10 11 16 17
33 11 39 17
91 12 97 18
149 12 155 18
100 14 106 20
108 14 114 20
143 14 149 20
154 15 160 21
3 17 9 23
43 18 49 24
67 18 73 24
100 18 106 24
160 18 166 24
55 19 61 25
165 19 171 25
140 20 146 26
21 21 27 27
59 22 65 28
67 22 73 28
196 23 202 29
49 24 55 30
70 24 76 30
138 24 144 30
156 24 162 30
180 24 186 30
81 25 87 31
164 25 170 31
91 26 97 32
79 27 85 33
113 27 119 33
128 27 134 33
132 27 138 33
124 29 130 35
173 29 179 35
39 30 45 36
2 31 8 37
10 31 16 37
7 32 13 38
54 32 60 38
135 32 141 38
24 33 30 39
115 33 121 39
181 33 187 39
62 34 68 40
139 34 145 40
195 34 201 40
142 35 148 41
97 37 103 43
107 37 113 43
184 37 190 43
26 38 32 44
55 38 61 44
108 39 114 45
144 39 150 45
145 39 151 45
28 40 34 46
52 41 58 47
165 41 171 47
75 43 81 49
80 43 86 49
105 43 111 49
151 43 157 49
179 43 185 49
39 44 45 50
162 44 168 50
189 44 195 50
83 45 89 51
92 45 98 51
68 47 74 53
70 48 76 54
76 48 82 54
93 48 99 54
7 49 13 55
163 49 169 55
57 51 63 57
102 51 108 57
36 52 42 58
41 52 47 58
62 52 68 58
100 52 106 58
121 52 127 58
152 52 158 58
3 53 9 59
164 54 170 60
48 55 54 61
179 56 185 62
58 57 64 63
14 58 20 64
153 58 159 64
160 59 166 65
170 61 176 67
176 62 182 68
-1 63 5 69
192 63 198 69
69 64 75 70
171 64 177 70
119 65 125 71
42 66 48 72
124 66 130 72
162 66 168 72
89 67 95 73
11 68 17 74
188 68 194 74
54 69 60 75
83 70 89 76
107 70 113 76
127 70 133 76
133 70 139 76
102 72 108 78
121 72 127 78
67 73 73 79
138 73 144 79
172 73 178 79
110 74 116 80
158 75 164 81
22 76 28 82
73 77 79 83
123 77 129 83
74 78 80 84
83 78 89 84
145 79 151 85
5 81 11 87
80 81 86 87
45 83 51 89
62 83 68 89
125 83 131 89
141 83 147 89
28 85 34 91
-3 86 3 92
47 86 53 92
157 86 163 92
35 87 41 93
68 87 74 93
71 88 77 94
107 90 113 96
140 90 146 96
144 90 150 96
196 90 202 96
138 92 144 98
160 92 166 98
81 94 87 100
1 95 7 101
42 95 48 101
193 95 199 101
189 96 195 102
10 98 16 104
52 98 58 104
24 99 30 105
17 100 23 106
23 100 29 106
57 100 63 106
84 100 90 106
106 100 112 106
159 100 165 106
71 101 77 107
122 101 128 107
156 101 162 107
162 102 168 108
5 103 11 109
19 103 25 109
64 103 70 109
109 103 115 109
118 103 124 109
168 103 174 109
82 104 88 110
88 104 94 110
99 104 105 110
135 104 141 110
55 105 61 111
67 105 73 111
143 105 149 111
102 107 108 113
111 107 117 113
116 107 122 113
26 108 32 114
52 109 58 115
82 109 88 115
150 110 156 116
75 111 81 117
175 111 181 117
17 112 23 118
86 113 92 119
80 114 86 120
59 115 65 121
108 115 114 121
26 117 32 123
38 117 44 123
51 117 57 123
65 117 71 123
129 117 135 123
138 117 144 123
88 118 94 124
140 118 146 124
4 119 10 125
105 119 111 125
135 119 141 125
184 120 190 126
188 120 194 126
33 121 39 127
47 121 53 127
-1 122 5 128
36 122 42 128
87 122 93 128
5 123 11 129
47 123 53 129
101 124 107 130
25 125 31 131
75 125 81 131
113 125 119 131
16 126 22 132
143 127 149 133
177 127 183 133
57 128 63 134
13 129 19 135
36 130 42 136
6 131 12 137
141 131 147 137
164 131 170 137
96 132 102 138
129 132 135 138
16 133 22 139
48 133 54 139
173 133 179 139
114 134 120 140
176 134 182 140
57 135 63 141
86 135 92 141
133 135 139 141
168 135 174 141
46 136 52 142
73 136 79 142
124 136 130 142
158 138 164 144
129 139 135 145
95 140 101 146
139 141 145 147
17 143 23 149
171 143 177 149
175 145 181 151
78 147 84 153
164 147 170 153
24 148 30 154
51 148 57 154
71 149 77 155
109 150 115 156
42 151 48 157
154 151 160 157
107 152 113 158
46 153 52 159
130 153 136 159
15 154 21 160
165 154 171 160
113 155 119 161
17 156 23 162
127 156 133 162
153 156 159 162
184 156 190 162
141 157 147 163
183 157 189 163
5 158 11 164
67 158 73 164
125 158 131 164
155 158 161 164
166 158 172 164
9 159 15 165
20 160 26 166
108 160 114 166
175 161 181 167
28 163 34 169
137 163 143 169
11 164 17 170
127 165 133 171
44 167 50 173
86 168 92 174
193 168 199 174
35 169 41 175
44 169 50 175
169 169 175 175
7 171 13 177
89 171 95 177
95 171 101 177
55 172 61 178
60 172 66 178
-3 173 3 179
31 173 37 179
189 173 195 179
2 174 8 180
177 174 183 180
63 176 69 182
72 176 78 182
119 176 125 182
124 176 130 182
191 176 197 182
74 177 80 183
168 177 174 183
126 178 132 184
180 178 186 184
132 179 138 185
27 180 33 186
61 180 67 186
163 180 169 186
104 181 110 187
188 181 194 187
98 182 104 188
141 182 147 188
182 182 188 188
158 183 164 189
99 184 105 190
119 184 125 190
71 185 77 191
118 185 124 191
174 185 180 191
139 186 145 192
80 189 86 195
56 190 62 196
128 190 134 196
139 190 145 196
21 191 27 197
4 192 10 198
117 193 123 199
77 194 83 200
