310
7 -3 13 3
9 -2 15 4
132 -2 138 4
17 -1 23 5
111 -1 117 5
22 0 28 6
46 0 52 6
14 1 20 7
86 3 92 9
100 3 106 9
135 3 141 9
159 3 165 9
188 3 194 9
74 5 80 11
186 6 192 12
67 8 73 14
179 8 185 14
114 10 120 16
147 10 153 16
10 11 16 17
33 11 39 17
149 12 155 18
100 14 106 20
108 14 114 20
143 14 149 20
154 15 160 21
3 17 9 23
43 18 49 24
67 18 73 24
100 18 106 24
165 19 171 25
140 20 146 26
158 20 164 26
21 21 27 27
59 22 65 28
67 22 73 28
196 23 202 29
70 24 76 30
138 24 144 30
156 24 162 30
180 24 186 30
81 25 87 31
164 25 170 31
79 27 85 33
91 27 97 33
113 27 119 33
128 27 134 33
131 27 137 33
157 28 163 34
124 29 130 35
173 29 179 35
39 30 45 36
2 31 8 37
117 31 123 37
7 32 13 38
112 32 118 38
136 32 142 38
24 33 30 39
115 33 121 39
181 33 187 39
139 34 145 40
195 34 201 40
142 35 148 41
97 37 103 43
107 37 113 43
184 37 190 43
26 38 32 44
55 38 61 44
108 38 114 44
27 40 33 46
165 41 171 47
25 43 31 49
75 43 81 49
105 43 111 49
162 44 168 50
189 44 195 50
83 45 89 51
92 45 98 51
68 47 74 53
70 48 76 54
76 48 82 54
146 48 152 54
7 49 13 55
163 49 169 55
170 49 176 55
40 52 46 58
62 52 68 58
101 52 107 58
121 52 127 58
152 52 158 58
3 53 9 59
164 54 170 60
48 55 54 61
49 57 55 63
58 57 64 63
14 58 20 64
153 58 159 64
160 59 166 65
170 62 176 68
176 62 182 68
192 63 198 69
69 64 75 70
171 64 177 70
119 65 125 71
18 66 24 72
124 66 130 72
162 66 168 72
89 67 95 73
11 68 17 74
80 68 86 74
188 68 194 74
54 69 60 75
83 70 89 76
107 70 113 76
127 70 133 76
133 70 139 76
102 72 108 78
121 72 127 78
67 73 73 79
138 73 144 79
172 73 178 79
158 75 164 81
22 76 28 82
123 77 129 83
103 78 109 84
55 79 61 85
49 80 55 86
45 83 51 89
62 83 68 89
141 83 147 89
29 85 35 91
-3 86 3 92
157 86 163 92
35 87 41 93
48 88 54 94
71 88 77 94
196 89 202 95
107 90 113 96
144 90 150 96
140 91 146 97
138 92 144 98
160 92 166 98
95 93 101 99
81 94 87 100
0 95 6 101
42 95 48 101
189 96 195 102
10 98 16 104
52 98 58 104
139 98 145 104
57 100 63 106
84 100 90 106
106 100 112 106
126 100 132 106
159 100 165 106
71 101 77 107
122 101 128 107
161 102 167 108
5 103 11 109
109 103 115 109
118 103 124 109
168 103 174 109
82 104 88 110
88 104 94 110
99 104 105 110
135 104 141 110
55 105 61 111
66 105 72 111
138 106 144 112
158 106 164 112
32 107 38 113
102 107 108 113
111 107 117 113
116 107 122 113
26 108 32 114
52 109 58 115
82 109 88 115
150 110 156 116
75 111 81 117
175 111 181 117
86 113 92 119
80 114 86 120
13 115 19 121
59 115 65 121
68 115 74 121
26 117 32 123
38 117 44 123
65 117 71 123
129 117 135 123
139 117 145 123
139 118 145 124
-2 119 4 125
4 119 10 125
105 119 111 125
135 119 141 125
184 120 190 126
188 120 194 126
-1 121 5 127
33 121 39 127
35 122 41 128
87 122 93 128
112 122 118 128
5 123 11 129
101 124 107 130
25 125 31 131
75 125 81 131
112 125 118 131
16 126 22 132
143 127 149 133
177 127 183 133
57 128 63 134
13 129 19 135
36 130 42 136
182 130 188 136
141 131 147 137
164 131 170 137
6 132 12 138
38 132 44 138
96 132 102 138
129 132 135 138
7 133 13 139
16 133 22 139
48 133 54 139
173 133 179 139
114 134 120 140
57 135 63 141
86 135 92 141
133 135 139 141
46 136 52 142
73 136 79 142
125 136 131 142
158 138 164 144
129 139 135 145
95 140 101 146
139 141 145 147
134 142 140 148
171 143 177 149
175 145 181 151
78 147 84 153
164 147 170 153
24 148 30 154
51 148 57 154
42 151 48 157
154 151 160 157
37 152 43 158
101 152 107 158
107 152 113 158
46 153 52 159
130 153 136 159
165 154 171 160
79 155 85 161
17 156 23 162
153 156 159 162
141 157 147 163
67 158 73 164
126 158 132 164
20 160 26 166
108 160 114 166
175 161 181 167
28 163 34 169
137 163 143 169
11 164 17 170
24 164 30 170
127 165 133 171
86 168 92 174
193 168 199 174
35 169 41 175
169 169 175 175
7 171 13 177
89 171 95 177
95 171 101 177
60 172 66 178
-3 173 3 179
31 173 37 179
189 173 195 179
2 174 8 180
63 176 69 182
119 176 125 182
124 176 130 182
191 176 197 182
58 177 64 183
126 178 132 184
168 178 174 184
180 178 186 184
59 179 65 185
132 179 138 185
27 180 33 186
61 180 67 186
163 180 169 186
104 181 110 187
188 181 194 187
73 182 79 188
141 182 147 188
182 182 188 188
158 183 164 189
107 184 113 190
174 185 180 191
139 186 145 192
114 187 120 193
80 189 86 195
56 190 62 196
128 190 134 196
139 190 145 196
21 191 27 197
4 192 10 198
54 192 60 198
60 192 66 198
111 193 117 199
117 193 123 199
77 194 83 200
