915
5 -3 11 3
65 -3 71 3
121 -3 127 3
132 -3 138 3
158 -3 164 3
116 -2 122 4
136 -2 142 4
160 -2 166 4
18 -1 24 5
81 -1 87 5
111 -1 117 5
120 -1 126 5
124 -1 130 5
136 -1 142 5
147 -1 153 5
1 0 7 6
10 0 16 6
46 0 52 6
60 0 66 6
87 0 93 6
145 0 151 6
0 1 6 7
14 1 20 7
50 1 56 7
58 1 64 7
74 1 80 7
83 2 89 8
91 2 97 8
100 2 106 8
180 2 186 8
44 3 50 9
55 3 61 9
103 3 109 9
121 3 127 9
135 3 141 9
159 3 165 9
173 3 179 9
176 3 182 9
188 3 194 9
48 4 54 10
86 4 92 10
105 4 111 10
152 4 158 10
3 5 9 11
16 5 22 11
74 5 80 11
167 5 173 11
0 6 6 12
16 6 22 12
118 6 124 12
164 6 170 12
6 7 12 13
42 7 48 13
80 7 86 13
186 7 192 13
67 8 73 14
78 8 84 14
90 8 96 14
178 8 184 14
41 9 47 15
52 9 58 15
26 10 32 16
34 10 40 16
43 10 49 16
47 10 53 16
112 10 118 16
147 10 153 16
151 10 157 16
161 10 167 16
4 11 10 17
10 11 16 17
32 11 38 17
50 11 56 17
131 11 137 17
149 11 155 17
35 12 41 18
45 12 51 18
51 12 57 18
64 12 70 18
78 12 84 18
93 12 99 18
137 12 143 18
23 13 29 19
73 13 79 19
81 13 87 19
108 13 114 19
143 13 149 19
177 13 183 19
65 14 71 20
78 14 84 20
84 14 90 20
100 14 106 20
126 14 132 20
138 14 144 20
178 14 184 20
185 14 191 20
91 15 97 21
64 16 70 22
186 16 192 22
-3 17 3 23
3 17 9 23
62 17 68 23
128 17 134 23
160 17 166 23
43 18 49 24
68 18 74 24
100 18 106 24
7 19 13 25
13 19 19 25
55 19 61 25
92 19 98 25
165 19 171 25
196 19 202 25
158 20 164 26
43 21 49 27
108 21 114 27
184 21 190 27
4 22 10 28
26 22 32 28
61 22 67 28
66 22 72 28
94 22 100 28
106 22 112 28
120 23 126 29
196 23 202 29
28 24 34 30
49 24 55 30
53 24 59 30
56 24 62 30
71 24 77 30
81 24 87 30
99 24 105 30
139 24 145 30
156 24 162 30
180 24 186 30
-3 25 3 31
41 25 47 31
91 25 97 31
103 25 109 31
113 25 119 31
124 25 130 31
164 25 170 31
120 26 126 32
177 26 183 32
179 26 185 32
123 27 129 33
127 27 133 33
132 27 138 33
157 28 163 34
28 29 34 35
75 29 81 35
78 29 84 35
109 29 115 35
124 29 130 35
137 29 143 35
173 29 179 35
26 30 32 36
58 30 64 36
109 30 115 36
139 30 145 36
159 30 165 36
160 30 166 36
166 30 172 36
2 31 8 37
11 31 17 37
109 31 115 37
134 31 140 37
181 31 187 37
189 31 195 37
6 32 12 38
54 32 60 38
111 32 117 38
156 32 162 38
165 32 171 38
7 33 13 39
23 33 29 39
48 33 54 39
58 33 64 39
87 33 93 39
93 33 99 39
173 33 179 39
179 33 185 39
36 34 42 40
62 34 68 40
154 34 160 40
32 35 38 41
37 35 43 41
85 35 91 41
97 35 103 41
99 35 105 41
107 35 113 41
139 35 145 41
144 35 150 41
173 35 179 41
31 36 37 42
162 36 168 42
189 36 195 42
184 37 190 43
124 38 130 44
145 38 151 44
180 38 186 44
8 39 14 45
12 39 18 45
133 39 139 45
182 39 188 45
187 39 193 45
29 40 35 46
43 40 49 46
83 40 89 46
108 40 114 46
121 40 127 46
-1 41 5 47
13 41 19 47
52 41 58 47
110 41 116 47
111 41 117 47
130 41 136 47
142 41 148 47
148 41 154 47
165 41 171 47
7 42 13 48
42 42 48 48
75 42 81 48
147 42 153 48
2 43 8 49
22 43 28 49
25 43 31 49
40 43 46 49
50 43 56 49
104 43 110 49
151 43 157 49
179 43 185 49
19 44 25 50
47 44 53 50
84 44 90 50
163 44 169 50
-2 45 4 51
22 45 28 51
42 45 48 51
19 46 25 52
37 46 43 52
137 46 143 52
1 47 7 53
40 47 46 53
195 47 201 53
8 48 14 54
71 48 77 54
92 48 98 54
178 48 184 54
80 49 86 55
170 49 176 55
179 49 185 55
57 50 63 56
78 50 84 56
152 50 158 56
162 50 168 56
193 50 199 56
194 51 200 57
36 52 42 58
62 52 68 58
121 52 127 58
130 52 136 58
139 52 145 58
18 53 24 59
29 53 35 59
156 53 162 59
183 53 189 59
30 54 36 60
48 54 54 60
70 54 76 60
100 54 106 60
167 54 173 60
182 54 188 60
191 54 197 60
8 55 14 61
18 55 24 61
43 55 49 61
91 55 97 61
134 55 140 61
34 56 40 62
72 56 78 62
88 56 94 62
122 56 128 62
179 56 185 62
190 56 196 62
58 57 64 63
115 57 121 63
121 57 127 63
136 57 142 63
37 58 43 64
44 58 50 64
50 58 56 64
105 58 111 64
112 58 118 64
117 58 123 64
153 58 159 64
195 58 201 64
5 59 11 65
37 59 43 65
66 59 72 65
100 59 106 65
118 59 124 65
160 59 166 65
173 59 179 65
174 59 180 65
192 59 198 65
14 60 20 66
23 60 29 66
136 60 142 66
3 61 9 67
17 61 23 67
68 61 74 67
167 61 173 67
176 62 182 68
18 63 24 69
105 63 111 69
146 63 152 69
192 63 198 69
-1 64 5 70
29 64 35 70
119 64 125 70
172 64 178 70
69 65 75 71
75 65 81 71
115 65 121 71
148 65 154 71
42 66 48 72
72 66 78 72
98 66 104 72
162 66 168 72
175 66 181 72
180 66 186 72
11 67 17 73
18 67 24 73
89 67 95 73
104 67 110 73
110 67 116 73
170 67 176 73
188 67 194 73
79 68 85 74
98 68 104 74
103 68 109 74
133 68 139 74
176 68 182 74
53 69 59 75
97 69 103 75
111 69 117 75
168 69 174 75
6 70 12 76
83 70 89 76
92 70 98 76
94 70 100 76
127 70 133 76
91 71 97 77
102 71 108 77
106 71 112 77
49 72 55 78
121 72 127 78
48 73 54 79
67 73 73 79
95 73 101 79
172 73 178 79
111 74 117 80
138 74 144 80
59 75 65 81
98 75 104 81
158 75 164 81
3 76 9 82
123 76 129 82
165 76 171 82
173 76 179 82
49 77 55 83
51 77 57 83
83 77 89 83
175 77 181 83
3 79 9 85
9 79 15 85
55 79 61 85
62 79 68 85
74 79 80 85
146 79 152 85
12 80 18 86
149 80 155 86
152 80 158 86
181 80 187 86
190 80 196 86
61 81 67 87
-3 82 3 88
5 82 11 88
92 82 98 88
99 82 105 88
45 83 51 89
63 83 69 89
120 83 126 89
141 83 147 89
194 83 200 89
28 84 34 90
40 84 46 90
119 84 125 90
157 84 163 90
125 85 131 91
193 85 199 91
-3 86 3 92
47 86 53 92
152 86 158 92
192 86 198 92
36 87 42 93
72 88 78 94
86 88 92 94
91 88 97 94
94 88 100 94
154 88 160 94
29 89 35 95
84 89 90 95
108 89 114 95
172 89 178 95
31 90 37 96
57 90 63 96
141 90 147 96
144 90 150 96
174 90 180 96
196 90 202 96
5 91 11 97
56 91 62 97
57 91 63 97
64 91 70 97
73 91 79 97
178 91 184 97
69 92 75 98
88 92 94 98
136 92 142 98
160 92 166 98
171 92 177 98
89 93 95 99
95 93 101 99
108 93 114 99
113 93 119 99
179 93 185 99
41 94 47 100
81 94 87 100
112 94 118 100
175 94 181 100
182 94 188 100
21 95 27 101
109 95 115 101
189 95 195 101
193 95 199 101
1 96 7 102
93 96 99 102
103 96 109 102
126 96 132 102
127 96 133 102
155 96 161 102
20 97 26 103
103 97 109 103
143 97 149 103
159 97 165 103
10 98 16 104
24 98 30 104
63 98 69 104
139 98 145 104
148 98 154 104
-3 99 3 105
84 99 90 105
92 99 98 105
118 99 124 105
135 99 141 105
-2 100 4 106
57 100 63 106
71 100 77 106
105 100 111 106
111 100 117 106
22 101 28 107
117 101 123 107
122 101 128 107
128 101 134 107
49 102 55 108
64 102 70 108
149 102 155 108
156 102 162 108
5 103 11 109
109 103 115 109
118 103 124 109
167 103 173 109
88 104 94 110
98 104 104 110
143 104 149 110
162 104 168 110
19 105 25 111
24 105 30 111
185 105 191 111
68 106 74 112
158 106 164 112
33 107 39 113
103 107 109 113
111 107 117 113
138 107 144 113
152 107 158 113
185 107 191 113
39 108 45 114
46 108 52 114
50 108 56 114
93 108 99 114
107 108 113 114
190 108 196 114
14 109 20 115
26 109 32 115
43 109 49 115
81 109 87 115
89 109 95 115
118 109 124 115
144 109 150 115
146 109 152 115
151 109 157 115
193 109 199 115
16 110 22 116
52 110 58 116
106 110 112 116
119 110 125 116
149 110 155 116
74 111 80 117
183 111 189 117
188 111 194 117
18 112 24 118
38 112 44 118
119 112 125 118
175 112 181 118
24 113 30 119
87 113 93 119
144 113 150 119
152 113 158 119
170 113 176 119
173 113 179 119
-2 114 4 120
1 114 7 120
38 114 44 120
59 114 65 120
68 114 74 120
95 114 101 120
97 114 103 120
130 114 136 120
153 114 159 120
180 114 186 120
186 114 192 120
12 115 18 121
47 115 53 121
109 115 115 121
170 115 176 121
184 115 190 121
26 116 32 122
120 116 126 122
38 117 44 123
47 117 53 123
51 117 57 123
117 117 123 123
129 117 135 123
173 117 179 123
23 118 29 124
65 118 71 124
86 118 92 124
141 118 147 124
59 119 65 125
70 119 76 125
195 119 201 125
13 120 19 126
25 120 31 126
69 120 75 126
77 120 83 126
135 120 141 126
158 120 164 126
183 120 189 126
188 120 194 126
16 121 22 127
33 121 39 127
45 121 51 127
78 121 84 127
87 121 93 127
161 121 167 127
75 122 81 128
109 122 115 128
139 122 145 128
0 123 6 129
6 123 12 129
176 123 182 129
180 123 186 129
36 124 42 130
81 124 87 130
101 124 107 130
113 124 119 130
26 125 32 131
57 125 63 131
85 125 91 131
157 125 163 131
193 125 199 131
16 126 22 132
47 126 53 132
64 126 70 132
75 126 81 132
124 126 130 132
161 126 167 132
66 127 72 133
144 127 150 133
178 127 184 133
191 127 197 133
36 128 42 134
45 128 51 134
103 128 109 134
175 128 181 134
18 129 24 135
94 129 100 135
195 129 201 135
196 129 202 135
17 130 23 136
96 130 102 136
101 130 107 136
169 130 175 136
182 130 188 136
5 131 11 137
113 131 119 137
140 131 146 137
164 131 170 137
173 131 179 137
94 132 100 138
97 132 103 138
99 132 105 138
129 132 135 138
7 133 13 139
16 133 22 139
49 133 55 139
112 133 118 139
144 133 150 139
147 133 153 139
27 134 33 140
39 134 45 140
86 134 92 140
192 134 198 140
-3 135 3 141
24 135 30 141
28 135 34 141
114 135 120 141
133 135 139 141
148 135 154 141
177 135 183 141
46 136 52 142
73 136 79 142
123 136 129 142
168 136 174 142
21 137 27 143
35 137 41 143
70 137 76 143
146 137 152 143
153 137 159 143
12 138 18 144
91 138 97 144
104 138 110 144
158 138 164 144
173 138 179 144
31 139 37 145
70 139 76 145
108 139 114 145
129 139 135 145
36 140 42 146
95 140 101 146
156 140 162 146
173 140 179 146
34 141 40 147
104 141 110 147
141 141 147 147
153 141 159 147
163 141 169 147
67 142 73 148
132 142 138 148
163 142 169 148
17 143 23 149
126 143 132 149
177 143 183 149
55 144 61 150
38 145 44 151
69 145 75 151
94 145 100 151
124 145 130 151
160 145 166 151
97 146 103 152
50 147 56 153
55 147 61 153
78 147 84 153
158 147 164 153
164 147 170 153
24 148 30 154
42 148 48 154
172 148 178 154
178 148 184 154
2 149 8 155
9 149 15 155
62 149 68 155
70 149 76 155
94 149 100 155
156 149 162 155
196 149 202 155
26 150 32 156
109 150 115 156
156 150 162 156
183 150 189 156
27 151 33 157
92 151 98 157
154 151 160 157
178 151 184 157
61 152 67 158
100 152 106 158
106 152 112 158
181 152 187 158
53 153 59 159
116 153 122 159
131 153 137 159
165 153 171 159
168 153 174 159
193 153 199 159
8 154 14 160
15 154 21 160
37 154 43 160
103 154 109 160
46 155 52 161
55 155 61 161
79 155 85 161
163 155 169 161
171 155 177 161
184 155 190 161
194 155 200 161
17 156 23 162
127 156 133 162
144 156 150 162
152 156 158 162
5 157 11 163
113 157 119 163
145 157 151 163
187 157 193 163
103 158 109 164
121 158 127 164
124 158 130 164
142 158 148 164
10 159 16 165
37 159 43 165
67 159 73 165
166 159 172 165
188 159 194 165
20 160 26 166
33 160 39 166
95 160 101 166
107 160 113 166
125 160 131 166
127 160 133 166
121 161 127 167
134 161 140 167
152 161 158 167
175 161 181 167
71 162 77 168
71 163 77 169
138 163 144 169
150 163 156 169
11 164 17 170
28 164 34 170
158 164 164 170
168 164 174 170
177 164 183 170
38 165 44 171
76 165 82 171
127 165 133 171
144 165 150 171
145 165 151 171
178 165 184 171
25 166 31 172
36 166 42 172
49 166 55 172
163 166 169 172
7 167 13 173
22 167 28 173
49 167 55 173
184 167 190 173
193 167 199 173
9 168 15 174
74 168 80 174
86 168 92 174
119 168 125 174
156 168 162 174
5 169 11 175
35 169 41 175
41 169 47 175
55 169 61 175
119 169 125 175
165 169 171 175
56 170 62 176
140 170 146 176
154 170 160 176
44 171 50 177
89 171 95 177
136 171 142 177
149 171 155 177
154 171 160 177
7 172 13 178
41 172 47 178
55 172 61 178
60 172 66 178
79 172 85 178
130 172 136 178
143 172 149 178
30 173 36 179
84 173 90 179
86 173 92 179
140 173 146 179
2 174 8 180
81 174 87 180
177 174 183 180
180 174 186 180
181 175 187 181
58 176 64 182
64 176 70 182
71 176 77 182
105 176 111 182
168 176 174 182
191 176 197 182
50 177 56 183
76 177 82 183
100 177 106 183
113 177 119 183
176 177 182 183
102 178 108 184
126 178 132 184
177 178 183 184
181 178 187 184
59 179 65 185
134 179 140 185
160 179 166 185
173 179 179 185
18 180 24 186
27 180 33 186
79 180 85 186
83 180 89 186
88 180 94 186
113 180 119 186
61 181 67 187
73 181 79 187
97 181 103 187
108 181 114 187
152 181 158 187
156 181 162 187
172 181 178 187
188 181 194 187
-1 182 5 188
1 182 7 188
16 182 22 188
77 182 83 188
153 182 159 188
155 182 161 188
160 182 166 188
162 182 168 188
182 182 188 188
27 183 33 189
31 183 37 189
110 183 116 189
162 183 168 189
29 184 35 190
99 184 105 190
132 184 138 190
148 184 154 190
17 185 23 191
32 185 38 191
118 185 124 191
133 185 139 191
158 185 164 191
174 185 180 191
186 185 192 191
71 186 77 192
107 186 113 192
139 186 145 192
146 186 152 192
183 186 189 192
20 187 26 193
85 187 91 193
56 188 62 194
80 188 86 194
88 188 94 194
114 188 120 194
192 188 198 194
128 189 134 195
188 189 194 195
16 190 22 196
139 190 145 196
172 190 178 196
4 191 10 197
17 191 23 197
21 191 27 197
173 191 179 197
39 192 45 198
60 192 66 198
89 192 95 198
120 192 126 198
166 192 172 198
9 193 15 199
53 193 59 199
109 193 115 199
117 193 123 199
153 193 159 199
168 193 174 199
11 194 17 200
24 194 30 200
72 194 78 200
77 194 83 200
88 194 94 200
9 195 15 201
81 195 87 201
152 195 158 201
175 195 181 201
70 196 76 202
117 196 123 202
194 196 200 202
