201
17 -1 23 5
132 -1 138 5
22 0 28 6
14 1 20 7
86 3 92 9
135 3 141 9
159 3 165 9
74 5 80 11
67 8 73 14
116 8 122 14
179 8 185 14
115 9 121 15
10 11 16 17
142 14 148 20
154 15 160 21
3 18 9 24
43 18 49 24
160 18 166 24
55 19 61 25
67 19 73 25
140 20 146 26
21 21 27 27
59 22 65 28
67 22 73 28
196 23 202 29
49 24 55 30
69 24 75 30
138 24 144 30
180 24 186 30
164 25 170 31
91 27 97 33
39 30 45 36
2 31 8 37
54 32 60 38
138 32 144 38
24 34 30 40
139 34 145 40
195 34 201 40
142 35 148 41
182 35 188 41
55 38 61 44
98 38 104 44
52 41 58 47
165 42 171 48
25 43 31 49
179 43 185 49
189 43 195 49
162 44 168 50
146 48 152 54
164 49 170 55
7 51 13 57
121 52 127 58
164 54 170 60
58 57 64 63
14 58 20 64
160 59 166 65
176 62 182 68
-1 63 5 69
192 63 198 69
16 66 22 72
42 66 48 72
162 66 168 72
89 67 95 73
11 68 17 74
54 69 60 75
133 70 139 76
107 71 113 77
102 72 108 78
121 72 127 78
67 73 73 79
138 73 144 79
172 73 178 79
109 74 115 80
159 75 165 81
22 76 28 82
165 77 171 83
103 78 109 84
55 79 61 85
5 81 11 87
125 81 131 87
45 83 51 89
62 83 68 89
30 85 36 91
157 86 163 92
107 90 113 96
160 92 166 98
95 93 101 99
81 94 87 100
0 95 6 101
42 95 48 101
10 98 16 104
52 98 58 104
139 98 145 104
57 100 63 106
106 100 112 106
71 101 77 107
160 102 166 108
5 103 11 109
109 103 115 109
118 103 124 109
168 103 174 109
88 104 94 110
136 104 142 110
55 105 61 111
137 105 143 111
143 105 149 111
158 105 164 111
52 108 58 114
150 110 156 116
175 110 181 116
75 111 81 117
16 113 22 119
83 113 89 119
80 114 86 120
14 115 20 121
59 115 65 121
68 115 74 121
107 116 113 122
26 117 32 123
38 117 44 123
65 117 71 123
129 117 135 123
105 119 111 125
87 122 93 128
101 124 107 130
25 125 31 131
75 125 81 131
15 127 21 133
143 127 149 133
13 128 19 134
141 130 147 136
96 132 102 138
130 132 136 138
164 132 170 138
48 133 54 139
114 134 120 140
168 134 174 140
73 135 79 141
86 135 92 141
132 135 138 141
46 136 52 142
125 136 131 142
129 139 135 145
95 140 101 146
17 143 23 149
171 143 177 149
175 145 181 151
78 147 84 153
24 148 30 154
164 148 170 154
11 149 17 155
51 149 57 155
72 149 78 155
42 151 48 157
154 151 160 157
37 152 43 158
102 152 108 158
129 154 135 160
79 155 85 161
127 156 133 162
67 158 73 164
126 158 132 164
20 160 26 166
108 160 114 166
174 161 180 167
10 164 16 170
25 164 31 170
127 164 133 170
86 168 92 174
169 169 175 175
193 169 199 175
34 170 40 176
7 171 13 177
95 171 101 177
-2 173 4 179
32 173 38 179
190 173 196 179
0 174 6 180
177 175 183 181
119 176 125 182
124 176 130 182
190 176 196 182
126 178 132 184
132 179 138 185
27 180 33 186
163 180 169 186
188 181 194 187
158 182 164 188
182 182 188 188
141 183 147 189
107 184 113 190
174 185 180 191
114 186 120 192
80 190 86 196
21 191 27 197
4 192 10 198
60 192 66 198
196 192 202 198
112 193 118 199
117 193 123 199
77 194 83 200
