168
17 -1 23 5
110 -1 116 5
132 -1 138 5
22 0 28 6
14 1 20 7
100 3 106 9
135 3 141 9
159 3 165 9
74 5 80 11
67 8 73 14
179 8 185 14
10 11 16 17
141 14 147 20
154 15 160 21
3 18 9 24
43 18 49 24
55 19 61 25
140 20 146 26
21 21 27 27
58 22 64 28
196 23 202 29
49 24 55 30
69 24 75 30
138 24 144 30
164 24 170 30
180 24 186 30
91 27 97 33
124 29 130 35
39 30 45 36
2 31 8 37
54 32 60 38
62 34 68 40
24 35 30 41
142 35 148 41
55 38 61 44
99 38 105 44
52 41 58 47
165 42 171 48
25 43 31 49
150 43 156 49
162 44 168 50
146 48 152 54
165 49 171 55
168 49 174 55
6 52 12 58
121 52 127 58
4 53 10 59
164 54 170 60
58 57 64 63
14 58 20 64
160 59 166 65
-1 63 5 69
192 63 198 69
69 64 75 70
42 66 48 72
12 68 18 74
188 68 194 74
54 69 60 75
127 70 133 76
133 70 139 76
103 72 109 78
107 72 113 78
121 72 127 78
172 72 178 78
67 73 73 79
109 74 115 80
159 75 165 81
103 77 109 83
165 77 171 83
55 79 61 85
49 80 55 86
5 81 11 87
45 83 51 89
31 85 37 91
33 86 39 92
157 86 163 92
107 90 113 96
144 90 150 96
160 92 166 98
95 93 101 99
81 94 87 100
0 95 6 101
42 95 48 101
52 98 58 104
139 98 145 104
10 99 16 105
57 100 63 106
71 101 77 107
106 101 112 107
85 102 91 108
5 103 11 109
109 103 115 109
118 103 124 109
168 103 174 109
55 105 61 111
142 105 148 111
53 107 59 113
175 110 181 116
75 111 81 117
59 115 65 121
68 115 74 121
26 117 32 123
38 117 44 123
65 117 71 123
129 117 135 123
51 118 57 124
105 118 111 124
106 118 112 124
87 122 93 128
101 124 107 130
25 125 31 131
75 125 81 131
96 132 102 138
164 132 170 138
86 135 92 141
126 136 132 142
129 137 135 143
158 138 164 144
17 144 23 150
175 145 181 151
78 147 84 153
24 148 30 154
11 149 17 155
51 149 57 155
74 149 80 155
164 149 170 155
42 151 48 157
154 151 160 157
39 152 45 158
46 152 52 158
102 152 108 158
79 155 85 161
141 157 147 163
67 158 73 164
126 158 132 164
20 160 26 166
108 160 114 166
174 161 180 167
137 163 143 169
10 164 16 170
87 168 93 174
169 169 175 175
89 170 95 176
193 170 199 176
7 171 13 177
95 171 101 177
177 175 183 181
119 176 125 182
168 178 174 184
180 178 186 184
132 179 138 185
27 180 33 186
163 180 169 186
104 181 110 187
188 181 194 187
158 182 164 188
182 182 188 188
107 184 113 190
141 184 147 190
174 185 180 191
114 186 120 192
128 190 134 196
21 191 27 197
80 191 86 197
60 192 66 198
112 193 118 199
117 193 123 199
77 194 83 200
