237
83 -3 89 3
122 -2 128 4
180 0 186 6
59 3 65 9
179 5 185 11
193 7 199 13
50 8 56 14
135 8 141 14
48 10 54 16
69 10 75 16
136 10 142 16
31 13 37 19
85 14 91 20
159 14 165 20
50 15 56 21
109 15 115 21
123 15 129 21
176 15 182 21
194 15 200 21
27 16 33 22
74 17 80 23
150 17 156 23
61 18 67 24
138 18 144 24
183 18 189 24
112 19 118 25
165 19 171 25
141 20 147 26
150 20 156 26
170 20 176 26
92 22 98 28
122 22 128 28
119 24 125 30
196 24 202 30
156 25 162 31
22 27 28 33
109 27 115 33
136 28 142 34
165 28 171 34
129 29 135 35
59 30 65 36
115 30 121 36
172 30 178 36
18 32 24 38
142 32 148 38
193 32 199 38
169 33 175 39
80 34 86 40
9 37 15 43
99 37 105 43
0 39 6 45
77 40 83 46
111 40 117 46
5 41 11 47
59 41 65 47
23 43 29 49
112 43 118 49
151 44 157 50
176 44 182 50
24 45 30 51
141 45 147 51
82 46 88 52
95 46 101 52
23 47 29 53
37 47 43 53
113 47 119 53
75 48 81 54
14 49 20 55
73 51 79 57
121 51 127 57
26 53 32 59
118 53 124 59
191 53 197 59
143 54 149 60
174 54 180 60
28 56 34 62
103 57 109 63
3 58 9 64
44 58 50 64
196 58 202 64
35 60 41 66
95 60 101 66
179 60 185 66
106 61 112 67
115 62 121 68
156 62 162 68
173 62 179 68
186 62 192 68
44 63 50 69
112 63 118 69
138 63 144 69
168 63 174 69
89 64 95 70
62 65 68 71
159 65 165 71
166 65 172 71
100 66 106 72
140 66 146 72
60 67 66 73
83 67 89 73
35 68 41 74
21 70 27 76
100 71 106 77
110 71 116 77
191 71 197 77
33 72 39 78
151 72 157 78
112 73 118 79
155 73 161 79
93 75 99 81
157 75 163 81
177 75 183 81
104 76 110 82
162 76 168 82
108 78 114 84
1 81 7 87
68 81 74 87
162 81 168 87
175 81 181 87
155 82 161 88
3 83 9 89
110 84 116 90
98 88 104 94
120 88 126 94
92 92 98 98
158 92 164 98
134 95 140 101
163 95 169 101
25 98 31 104
64 101 70 107
141 101 147 107
189 101 195 107
102 102 108 108
186 103 192 109
126 104 132 110
176 104 182 110
0 105 6 111
34 107 40 113
64 110 70 116
106 111 112 117
69 114 75 120
139 115 145 121
126 116 132 122
155 116 161 122
34 117 40 123
73 117 79 123
141 117 147 123
106 119 112 125
129 119 135 125
61 121 67 127
95 121 101 127
2 122 8 128
86 124 92 130
115 124 121 130
163 124 169 130
79 125 85 131
-2 126 4 132
93 126 99 132
16 128 22 134
43 128 49 134
182 129 188 135
12 131 18 137
164 131 170 137
157 133 163 139
66 134 72 140
165 135 171 141
26 137 32 143
121 138 127 144
184 138 190 144
74 140 80 146
81 140 87 146
172 140 178 146
189 141 195 147
72 142 78 148
105 142 111 148
139 145 145 151
168 147 174 153
119 148 125 154
141 150 147 156
86 153 92 159
42 156 48 162
173 156 179 162
93 158 99 164
135 158 141 164
140 158 146 164
27 160 33 166
25 161 31 167
195 161 201 167
4 162 10 168
168 162 174 168
166 163 172 169
0 164 6 170
8 164 14 170
43 164 49 170
56 164 62 170
121 164 127 170
125 164 131 170
182 164 188 170
128 165 134 171
19 166 25 172
68 166 74 172
9 168 15 174
133 168 139 174
170 168 176 174
184 168 190 174
27 169 33 175
95 169 101 175
161 169 167 175
27 176 33 182
97 176 103 182
133 176 139 182
22 177 28 183
51 178 57 184
140 178 146 184
129 180 135 186
29 181 35 187
111 181 117 187
181 181 187 187
23 182 29 188
150 182 156 188
20 183 26 189
88 183 94 189
1 184 7 190
56 184 62 190
101 184 107 190
63 185 69 191
128 185 134 191
153 185 159 191
68 186 74 192
189 187 195 193
125 188 131 194
15 190 21 196
23 192 29 198
130 192 136 198
188 195 194 201
133 196 139 202
173 196 179 202
