681
64 -3 70 3
83 -3 89 3
143 -3 149 3
194 -3 200 3
12 -2 18 4
31 -2 37 4
106 -2 112 4
122 -2 128 4
37 -1 43 5
114 -1 120 5
133 -1 139 5
2 0 8 6
54 0 60 6
180 0 186 6
195 0 201 6
41 1 47 7
140 1 146 7
5 2 11 8
52 2 58 8
62 2 68 8
147 2 153 8
171 2 177 8
30 3 36 9
59 3 65 9
123 3 129 9
140 3 146 9
174 3 180 9
87 4 93 10
32 5 38 11
179 5 185 11
183 5 189 11
29 6 35 12
5 7 11 13
63 7 69 13
152 7 158 13
183 7 189 13
50 8 56 14
131 8 137 14
148 8 154 14
69 9 75 15
101 9 107 15
119 9 125 15
146 9 152 15
153 9 159 15
159 9 165 15
193 9 199 15
47 10 53 16
133 10 139 16
145 10 151 16
161 10 167 16
104 11 110 17
124 11 130 17
127 11 133 17
56 12 62 18
136 12 142 18
147 12 153 18
31 13 37 19
53 13 59 19
85 14 91 20
92 14 98 20
159 14 165 20
50 15 56 21
58 15 64 21
108 15 114 21
176 15 182 21
27 16 33 22
24 17 30 23
74 17 80 23
161 17 167 23
21 18 27 24
58 18 64 24
70 18 76 24
116 18 122 24
137 18 143 24
163 18 169 24
61 19 67 25
82 19 88 25
112 19 118 25
133 19 139 25
165 19 171 25
183 19 189 25
-2 20 4 26
32 20 38 26
81 20 87 26
142 20 148 26
172 20 178 26
122 21 128 27
159 21 165 27
195 21 201 27
7 22 13 28
37 22 43 28
70 22 76 28
92 22 98 28
133 22 139 28
138 22 144 28
147 22 153 28
150 22 156 28
154 22 160 28
56 23 62 29
80 23 86 29
119 23 125 29
130 23 136 29
137 23 143 29
145 23 151 29
152 23 158 29
189 23 195 29
-3 24 3 30
57 24 63 30
157 24 163 30
118 25 124 31
128 25 134 31
2 26 8 32
22 26 28 32
143 26 149 32
190 26 196 32
43 27 49 33
96 27 102 33
108 27 114 33
120 27 126 33
37 28 43 34
136 28 142 34
146 28 152 34
165 28 171 34
190 28 196 34
2 29 8 35
40 29 46 35
83 29 89 35
129 29 135 35
139 29 145 35
59 30 65 36
114 30 120 36
141 30 147 36
172 30 178 36
97 31 103 37
124 31 130 37
18 32 24 38
55 32 61 38
143 32 149 38
178 32 184 38
-3 33 3 39
44 33 50 39
100 33 106 39
122 33 128 39
193 33 199 39
-2 34 4 40
26 34 32 40
42 34 48 40
78 34 84 40
99 34 105 40
27 35 33 41
76 35 82 41
93 35 99 41
145 35 151 41
176 35 182 41
169 36 175 42
9 37 15 43
45 37 51 43
74 37 80 43
99 37 105 43
117 37 123 43
131 37 137 43
41 38 47 44
77 38 83 44
91 38 97 44
130 38 136 44
0 39 6 45
25 39 31 45
59 39 65 45
72 39 78 45
136 39 142 45
191 39 197 45
17 40 23 46
134 40 140 46
146 40 152 46
5 41 11 47
161 41 167 47
163 41 169 47
185 41 191 47
190 41 196 47
19 43 25 49
23 43 29 49
4 44 10 50
15 44 21 50
74 44 80 50
141 44 147 50
151 44 157 50
172 44 178 50
177 44 183 50
24 45 30 51
89 45 95 51
174 45 180 51
91 46 97 52
103 46 109 52
7 47 13 53
15 47 21 53
38 47 44 53
122 47 128 53
190 47 196 53
57 48 63 54
76 48 82 54
179 48 185 54
180 48 186 54
193 48 199 54
14 49 20 55
23 49 29 55
60 49 66 55
2 50 8 56
29 50 35 56
151 50 157 56
3 51 9 57
72 51 78 57
139 51 145 57
149 51 155 57
28 52 34 58
38 52 44 58
62 52 68 58
132 52 138 58
156 52 162 58
12 53 18 59
24 53 30 59
36 53 42 59
117 53 123 59
165 53 171 59
191 53 197 59
14 54 20 60
144 54 150 60
18 55 24 61
83 55 89 61
88 55 94 61
157 55 163 61
167 55 173 61
29 56 35 62
62 56 68 62
78 56 84 62
143 56 149 62
102 57 108 63
107 57 113 63
149 57 155 63
4 58 10 64
42 58 48 64
95 58 101 64
143 58 149 64
196 58 202 64
26 59 32 65
69 59 75 65
129 59 135 65
35 60 41 66
146 60 152 66
180 60 186 66
6 61 12 67
19 61 25 67
81 61 87 67
106 61 112 67
128 61 134 67
186 61 192 67
56 62 62 68
83 62 89 68
116 62 122 68
153 62 159 68
168 62 174 68
5 63 11 69
18 63 24 69
111 63 117 69
138 63 144 69
45 64 51 70
63 64 69 70
89 64 95 70
54 66 60 72
100 66 106 72
140 66 146 72
166 66 172 72
83 67 89 73
21 68 27 74
36 68 42 74
60 68 66 74
33 69 39 75
65 69 71 75
32 70 38 76
54 70 60 76
69 71 75 77
101 71 107 77
109 71 115 77
151 71 157 77
19 72 25 78
40 72 46 78
53 72 59 78
11 73 17 79
33 73 39 79
38 73 44 79
114 73 120 79
147 73 153 79
155 73 161 79
171 73 177 79
56 74 62 80
65 74 71 80
177 74 183 80
19 75 25 81
93 75 99 81
138 75 144 81
157 75 163 81
162 75 168 81
57 76 63 82
102 76 108 82
145 76 151 82
167 76 173 82
6 77 12 83
29 77 35 83
8 78 14 84
65 78 71 84
109 78 115 84
83 79 89 85
1 80 7 86
4 80 10 86
34 80 40 86
136 80 142 86
34 81 40 87
68 81 74 87
155 82 161 88
162 82 168 88
169 82 175 88
171 82 177 88
4 84 10 90
110 84 116 90
82 85 88 91
136 85 142 91
-3 86 3 92
84 86 90 92
136 87 142 93
58 88 64 94
99 88 105 94
120 88 126 94
50 89 56 95
129 90 135 96
158 90 164 96
-2 91 4 97
34 91 40 97
91 92 97 98
99 92 105 98
170 92 176 98
13 93 19 99
16 93 22 99
180 93 186 99
33 94 39 100
52 94 58 100
54 94 60 100
63 94 69 100
65 94 71 100
101 94 107 100
107 94 113 100
129 94 135 100
172 94 178 100
178 94 184 100
181 94 187 100
184 94 190 100
1 95 7 101
164 95 170 101
167 95 173 101
188 95 194 101
4 96 10 102
93 96 99 102
58 98 64 104
83 99 89 105
90 99 96 105
154 99 160 105
160 99 166 105
44 100 50 106
60 100 66 106
68 100 74 106
77 100 83 106
141 100 147 106
190 100 196 106
55 101 61 107
158 101 164 107
177 101 183 107
8 102 14 108
13 102 19 108
63 102 69 108
102 102 108 108
155 102 161 108
56 103 62 109
80 103 86 109
116 103 122 109
186 103 192 109
0 104 6 110
176 104 182 110
22 105 28 111
87 105 93 111
101 105 107 111
117 105 123 111
159 105 165 111
11 106 17 112
51 106 57 112
0 107 6 113
102 107 108 113
2 108 8 114
50 108 56 114
64 109 70 115
184 109 190 115
21 110 27 116
115 110 121 116
152 110 158 116
6 111 12 117
106 111 112 117
119 111 125 117
43 113 49 119
121 113 127 119
185 113 191 119
39 114 45 120
69 114 75 120
79 115 85 121
82 115 88 121
97 115 103 121
126 115 132 121
138 115 144 121
195 115 201 121
12 116 18 122
84 116 90 122
187 116 193 122
13 117 19 123
27 117 33 123
34 117 40 123
121 117 127 123
-1 118 5 124
176 118 182 124
74 119 80 125
129 119 135 125
95 120 101 126
106 120 112 126
183 120 189 126
187 120 193 126
195 120 201 126
50 121 56 127
55 121 61 127
60 121 66 127
2 122 8 128
27 122 33 128
43 122 49 128
123 122 129 128
131 122 137 128
157 122 163 128
74 123 80 129
194 123 200 129
49 124 55 130
78 124 84 130
100 124 106 130
114 124 120 130
148 124 154 130
163 124 169 130
176 124 182 130
67 125 73 131
86 125 92 131
172 125 178 131
185 125 191 131
47 126 53 132
130 126 136 132
165 126 171 132
29 127 35 133
40 127 46 133
68 127 74 133
23 128 29 134
43 128 49 134
101 128 107 134
104 128 110 134
122 128 128 134
135 128 141 134
139 128 145 134
188 128 194 134
192 128 198 134
26 129 32 135
105 129 111 135
109 129 115 135
160 129 166 135
164 129 170 135
113 130 119 136
182 130 188 136
194 130 200 136
11 131 17 137
81 131 87 137
86 131 92 137
128 131 134 137
158 131 164 137
91 132 97 138
162 132 168 138
20 133 26 139
27 133 33 139
157 133 163 139
67 134 73 140
92 134 98 140
128 134 134 140
149 134 155 140
161 134 167 140
165 135 171 141
4 136 10 142
16 136 22 142
9 137 15 143
41 137 47 143
155 138 161 144
183 138 189 144
38 139 44 145
110 139 116 145
114 139 120 145
26 140 32 146
74 140 80 146
78 140 84 146
79 140 85 146
81 140 87 146
56 141 62 147
105 141 111 147
140 141 146 147
172 141 178 147
190 141 196 147
113 142 119 148
119 142 125 148
72 143 78 149
124 143 130 149
57 144 63 150
63 144 69 150
112 144 118 150
28 145 34 151
38 145 44 151
94 145 100 151
128 145 134 151
176 145 182 151
181 145 187 151
56 146 62 152
36 147 42 153
52 147 58 153
67 147 73 153
168 147 174 153
96 148 102 154
118 148 124 154
13 149 19 155
136 149 142 155
153 149 159 155
0 150 6 156
40 150 46 156
68 150 74 156
138 150 144 156
144 150 150 156
179 150 185 156
6 151 12 157
41 151 47 157
182 151 188 157
192 151 198 157
36 152 42 158
126 152 132 158
86 153 92 159
124 153 130 159
193 153 199 159
12 154 18 160
52 154 58 160
48 155 54 161
63 155 69 161
42 156 48 162
62 156 68 162
70 156 76 162
122 156 128 162
161 156 167 162
173 156 179 162
160 157 166 163
71 158 77 164
93 158 99 164
135 158 141 164
140 158 146 164
31 160 37 166
97 160 103 166
125 160 131 166
187 160 193 166
15 161 21 167
22 161 28 167
65 161 71 167
194 161 200 167
3 162 9 168
124 162 130 168
182 162 188 168
189 162 195 168
165 163 171 169
9 164 15 170
43 164 49 170
49 164 55 170
110 164 116 170
120 164 126 170
125 164 131 170
98 165 104 171
19 166 25 172
59 166 65 172
63 166 69 172
69 166 75 172
107 166 113 172
51 167 57 173
83 167 89 173
143 167 149 173
165 167 171 173
47 168 53 174
60 168 66 174
155 168 161 174
170 168 176 174
183 168 189 174
9 169 15 175
27 169 33 175
36 169 42 175
65 169 71 175
95 169 101 175
126 169 132 175
156 169 162 175
161 169 167 175
127 170 133 176
133 170 139 176
143 171 149 177
3 172 9 178
63 172 69 178
145 172 151 178
180 172 186 178
187 172 193 178
190 173 196 179
3 174 9 180
178 174 184 180
191 174 197 180
133 175 139 181
27 176 33 182
42 176 48 182
73 176 79 182
21 177 27 183
39 178 45 184
51 178 57 184
140 178 146 184
71 179 77 185
106 179 112 185
108 179 114 185
33 180 39 186
129 180 135 186
142 180 148 186
195 180 201 186
-2 181 4 187
29 181 35 187
35 181 41 187
48 181 54 187
179 181 185 187
24 182 30 188
73 182 79 188
111 182 117 188
138 182 144 188
141 182 147 188
150 182 156 188
168 182 174 188
186 182 192 188
20 183 26 189
39 183 45 189
42 183 48 189
74 183 80 189
101 183 107 189
136 183 142 189
3 184 9 190
54 184 60 190
92 184 98 190
161 184 167 190
63 185 69 191
128 185 134 191
168 185 174 191
69 186 75 192
170 186 176 192
108 187 114 193
180 187 186 193
189 188 195 194
43 189 49 195
54 189 60 195
130 189 136 195
192 189 198 195
180 191 186 197
23 192 29 198
30 192 36 198
42 192 48 198
160 192 166 198
106 193 112 199
190 193 196 199
0 195 6 201
15 195 21 201
113 195 119 201
184 195 190 201
41 196 47 202
173 196 179 202
