178
83 -3 89 3
122 0 128 6
41 1 47 7
50 8 56 14
48 10 54 16
69 10 75 16
85 14 91 20
159 14 165 20
109 15 115 21
123 15 129 21
176 15 182 21
194 15 200 21
74 17 80 23
61 18 67 24
183 18 189 24
112 19 118 25
166 19 172 25
168 20 174 26
92 22 98 28
122 22 128 28
196 26 202 32
22 27 28 33
110 27 116 33
136 28 142 34
165 28 171 34
115 29 121 35
129 29 135 35
58 30 64 36
172 31 178 37
142 32 148 38
170 32 176 38
81 34 87 40
9 37 15 43
21 37 27 43
0 39 6 45
5 40 11 46
59 41 65 47
77 42 83 48
22 43 28 49
125 43 131 49
74 44 80 50
151 44 157 50
176 44 182 50
141 45 147 51
82 46 88 52
95 46 101 52
36 47 42 53
75 48 81 54
15 49 21 55
74 51 80 57
119 53 125 59
132 53 138 59
191 53 197 59
174 54 180 60
78 56 84 62
104 57 110 63
-3 58 3 64
3 58 9 64
35 60 41 66
178 60 184 66
95 61 101 67
89 64 95 70
138 64 144 70
100 66 106 72
140 66 146 72
84 67 90 73
21 70 27 76
100 71 106 77
191 71 197 77
152 72 158 78
155 73 161 79
93 75 99 81
138 75 144 81
157 75 163 81
177 75 183 81
73 76 79 82
105 76 111 82
108 78 114 84
69 81 75 87
162 81 168 87
110 84 116 90
97 88 103 94
120 88 126 94
50 90 56 96
92 92 98 98
159 92 165 98
107 95 113 101
162 95 168 101
25 98 31 104
44 98 50 104
82 100 88 106
141 101 147 107
102 102 108 108
126 104 132 110
176 104 182 110
0 105 6 111
34 107 40 113
184 107 190 113
6 110 12 116
64 111 70 117
106 111 112 117
69 114 75 120
155 116 161 122
34 117 40 123
73 117 79 123
106 119 112 125
61 121 67 127
1 123 7 129
85 124 91 130
163 124 169 130
81 125 87 131
16 129 22 135
182 129 188 135
12 131 18 137
157 133 163 139
66 134 72 140
149 134 155 140
121 138 127 144
185 138 191 144
74 140 80 146
81 140 87 146
172 140 178 146
188 141 194 147
72 142 78 148
140 142 146 148
105 144 111 150
139 145 145 151
103 146 109 152
168 147 174 153
140 150 146 156
36 152 42 158
87 153 93 159
89 155 95 161
42 156 48 162
173 156 179 162
93 158 99 164
135 158 141 164
140 158 146 164
16 161 22 167
195 161 201 167
4 162 10 168
0 164 6 170
137 164 143 170
128 165 134 171
19 166 25 172
67 166 73 172
182 166 188 172
133 167 139 173
165 167 171 173
170 168 176 174
184 168 190 174
27 169 33 175
95 169 101 175
161 169 167 175
186 172 192 178
27 176 33 182
97 176 103 182
133 176 139 182
22 177 28 183
51 178 57 184
140 178 146 184
129 180 135 186
29 181 35 187
111 181 117 187
150 182 156 188
89 183 95 189
0 184 6 190
56 184 62 190
101 184 107 190
63 185 69 191
128 185 134 191
152 185 158 191
67 186 73 192
125 188 131 194
15 190 21 196
30 191 36 197
23 192 29 198
173 196 179 202
