353
44 -3 50 3
83 -3 89 3
143 -3 149 3
122 -2 128 4
133 -2 139 4
194 -2 200 4
64 -1 70 5
195 -1 201 5
62 1 68 7
59 3 65 9
123 3 129 9
179 5 185 11
135 6 141 12
160 6 166 12
116 7 122 13
50 8 56 14
118 8 124 14
193 8 199 14
69 9 75 15
101 9 107 15
132 9 138 15
159 9 165 15
31 13 37 19
85 14 91 20
159 14 165 20
50 15 56 21
109 15 115 21
123 15 129 21
176 15 182 21
194 15 200 21
27 16 33 22
150 16 156 22
74 17 80 23
61 19 67 25
112 19 118 25
165 19 171 25
-2 20 4 26
141 20 147 26
171 20 177 26
150 21 156 27
92 22 98 28
122 22 128 28
37 23 43 29
159 23 165 29
119 24 125 30
157 24 163 30
196 24 202 30
156 26 162 32
22 27 28 33
42 27 48 33
37 28 43 34
136 28 142 34
165 28 171 34
40 29 46 35
59 30 65 36
172 30 178 36
124 31 130 37
18 32 24 38
55 32 61 38
142 32 148 38
177 32 183 38
193 32 199 38
122 33 128 39
79 34 85 40
169 34 175 40
76 36 82 42
92 36 98 42
21 37 27 43
74 37 80 43
99 37 105 43
77 38 83 44
91 38 97 44
0 39 6 45
111 39 117 45
5 41 11 47
19 42 25 48
23 43 29 49
105 43 111 49
112 43 118 49
125 43 131 49
74 44 80 50
151 44 157 50
176 44 182 50
24 45 30 51
141 45 147 51
6 46 12 52
82 46 88 52
104 46 110 52
191 46 197 52
113 47 119 53
122 48 128 54
192 48 198 54
14 49 20 55
53 50 59 56
73 51 79 57
141 51 147 57
62 52 68 58
25 53 31 59
132 53 138 59
191 53 197 59
143 54 149 60
165 54 171 60
174 54 180 60
18 55 24 61
166 55 172 61
62 56 68 62
78 56 84 62
73 57 79 63
103 57 109 63
4 58 10 64
44 58 50 64
70 58 76 64
148 58 154 64
196 58 202 64
26 59 32 65
95 59 101 65
35 60 41 66
106 61 112 67
175 61 181 67
155 62 161 68
168 62 174 68
172 62 178 68
186 62 192 68
55 63 61 69
111 63 117 69
138 63 144 69
44 64 50 70
54 64 60 70
62 64 68 70
89 64 95 70
160 65 166 71
100 66 106 72
140 66 146 72
166 66 172 72
35 68 41 74
60 68 66 74
21 69 27 75
10 70 16 76
11 71 17 77
100 71 106 77
109 71 115 77
151 71 157 77
191 71 197 77
33 73 39 79
113 73 119 79
155 73 161 79
147 74 153 80
177 74 183 80
93 75 99 81
138 75 144 81
157 75 163 81
74 76 80 82
146 76 152 82
162 76 168 82
0 81 6 87
68 81 74 87
175 81 181 87
155 82 161 88
162 82 168 88
99 88 105 94
120 88 126 94
50 89 56 95
139 90 145 96
158 91 164 97
92 92 98 98
184 94 190 100
107 95 113 101
134 95 140 101
164 95 170 101
167 95 173 101
178 95 184 101
187 95 193 101
93 96 99 102
168 96 174 102
25 98 31 104
154 99 160 105
44 100 50 106
68 100 74 106
83 100 89 106
141 101 147 107
155 101 161 107
177 101 183 107
12 102 18 108
80 102 86 108
102 102 108 108
186 103 192 109
126 104 132 110
176 104 182 110
0 105 6 111
11 106 17 112
34 107 40 113
64 109 70 115
6 111 12 117
106 111 112 117
185 113 191 119
69 114 75 120
138 115 144 121
155 115 161 121
187 116 193 122
-2 117 4 123
34 117 40 123
73 117 79 123
142 117 148 123
106 119 112 125
129 119 135 125
155 119 161 125
60 121 66 127
95 121 101 127
146 121 152 127
156 121 162 127
2 122 8 128
130 122 136 128
30 124 36 130
115 124 121 130
148 124 154 130
163 124 169 130
174 124 180 130
100 125 106 131
173 125 179 131
-2 126 4 132
29 126 35 132
92 126 98 132
130 126 136 132
101 127 107 133
123 127 129 133
166 127 172 133
16 128 22 134
23 128 29 134
26 129 32 135
164 129 170 135
182 129 188 135
11 131 17 137
81 131 87 137
85 131 91 137
18 133 24 139
27 133 33 139
157 133 163 139
17 134 23 140
66 134 72 140
149 134 155 140
165 135 171 141
191 135 197 141
183 138 189 144
26 139 32 145
155 139 161 145
74 140 80 146
81 140 87 146
172 140 178 146
105 141 111 147
140 141 146 147
189 141 195 147
72 142 78 148
120 142 126 148
124 143 130 149
63 144 69 150
138 145 144 151
176 145 182 151
181 145 187 151
55 146 61 152
52 147 58 153
168 147 174 153
103 148 109 154
119 148 125 154
137 149 143 155
2 150 8 156
13 150 19 156
138 150 144 156
142 150 148 156
12 152 18 158
36 152 42 158
126 152 132 158
51 154 57 160
89 155 95 161
42 156 48 162
173 156 179 162
122 157 128 163
93 158 99 164
120 158 126 164
140 158 146 164
29 160 35 166
187 160 193 166
15 161 21 167
23 161 29 167
97 161 103 167
195 161 201 167
4 162 10 168
65 162 71 168
169 162 175 168
189 162 195 168
98 163 104 169
165 163 171 169
182 163 188 169
8 164 14 170
55 164 61 170
125 164 131 170
137 164 143 170
0 165 6 171
128 165 134 171
19 166 25 172
63 166 69 172
165 167 171 173
33 168 39 174
170 168 176 174
183 168 189 174
9 169 15 175
27 169 33 175
35 169 41 175
65 169 71 175
95 169 101 175
133 169 139 175
161 169 167 175
63 172 69 178
187 172 193 178
133 175 139 181
27 176 33 182
97 176 103 182
22 177 28 183
42 177 48 183
40 178 46 184
51 178 57 184
73 178 79 184
140 178 146 184
72 179 78 185
129 180 135 186
162 180 168 186
195 180 201 186
29 181 35 187
47 181 53 187
111 181 117 187
181 181 187 187
24 182 30 188
46 182 52 188
150 182 156 188
186 182 192 188
20 183 26 189
101 183 107 189
2 184 8 190
161 184 167 190
63 185 69 191
128 185 134 191
68 186 74 192
125 188 131 194
189 188 195 194
43 189 49 195
15 190 21 196
42 191 48 197
130 191 136 197
23 192 29 198
30 192 36 198
184 195 190 201
41 196 47 202
113 196 119 202
173 196 179 202
