584
83 -3 89 3
143 -3 149 3
194 -3 200 3
64 -2 70 4
106 -2 112 4
133 -2 139 4
34 -1 40 5
37 -1 43 5
114 -1 120 5
13 0 19 6
195 0 201 6
41 1 47 7
4 2 10 8
52 2 58 8
62 2 68 8
85 2 91 8
144 2 150 8
147 2 153 8
171 2 177 8
50 3 56 9
59 3 65 9
174 3 180 9
30 4 36 10
86 4 92 10
195 4 201 10
31 5 37 11
179 5 185 11
135 6 141 12
50 8 56 14
131 8 137 14
147 8 153 14
69 9 75 15
101 9 107 15
119 9 125 15
159 9 165 15
47 10 53 16
133 10 139 16
124 11 130 17
161 11 167 17
56 12 62 18
136 12 142 18
147 12 153 18
162 12 168 18
31 13 37 19
53 13 59 19
85 14 91 20
93 14 99 20
50 15 56 21
58 15 64 21
98 15 104 21
123 15 129 21
176 15 182 21
194 15 200 21
150 16 156 22
24 17 30 23
74 17 80 23
21 18 27 24
29 18 35 24
58 18 64 24
116 18 122 24
119 18 125 24
161 18 167 24
163 18 169 24
183 18 189 24
61 19 67 25
133 19 139 25
165 19 171 25
-2 20 4 26
8 20 14 26
32 20 38 26
142 20 148 26
172 20 178 26
70 21 76 27
195 21 201 27
7 22 13 28
37 22 43 28
92 22 98 28
122 22 128 28
133 22 139 28
150 22 156 28
154 22 160 28
80 23 86 29
119 23 125 29
130 23 136 29
189 23 195 29
-3 24 3 30
77 24 83 30
128 24 134 30
157 24 163 30
118 25 124 31
2 26 8 32
22 26 28 32
144 26 150 32
155 26 161 32
43 27 49 33
96 27 102 33
108 27 114 33
120 27 126 33
2 28 8 34
136 28 142 34
146 28 152 34
165 28 171 34
40 29 46 35
82 29 88 35
129 29 135 35
139 29 145 35
82 30 88 36
97 30 103 36
114 30 120 36
141 30 147 36
172 30 178 36
124 31 130 37
55 32 61 38
143 32 149 38
178 32 184 38
44 33 50 39
122 33 128 39
193 33 199 39
78 34 84 40
76 35 82 41
145 35 151 41
176 35 182 41
45 37 51 43
74 37 80 43
41 38 47 44
77 38 83 44
91 38 97 44
117 38 123 44
0 39 6 45
59 39 65 45
72 39 78 45
95 39 101 45
111 39 117 45
116 39 122 45
191 39 197 45
17 40 23 46
5 41 11 47
182 42 188 48
19 43 25 49
23 43 29 49
106 43 112 49
112 43 118 49
4 44 10 50
74 44 80 50
151 44 157 50
15 45 21 51
24 45 30 51
141 45 147 51
82 46 88 52
91 46 97 52
95 46 101 52
103 46 109 52
190 46 196 52
7 47 13 53
15 47 21 53
38 47 44 53
122 47 128 53
76 48 82 54
14 49 20 55
23 49 29 55
59 49 65 55
2 50 8 56
53 50 59 56
3 51 9 57
72 51 78 57
38 52 44 58
62 52 68 58
132 52 138 58
156 52 162 58
12 53 18 59
25 53 31 59
37 53 43 59
117 53 123 59
165 53 171 59
191 53 197 59
14 54 20 60
144 54 150 60
174 54 180 60
18 55 24 61
83 55 89 61
88 55 94 61
157 55 163 61
167 55 173 61
29 56 35 62
62 56 68 62
78 56 84 62
107 57 113 63
4 58 10 64
42 58 48 64
69 58 75 64
95 58 101 64
196 58 202 64
26 59 32 65
109 59 115 65
129 59 135 65
35 60 41 66
180 60 186 66
19 61 25 67
106 61 112 67
128 61 134 67
175 61 181 67
186 61 192 67
23 62 29 68
56 62 62 68
116 62 122 68
154 62 160 68
168 62 174 68
111 63 117 69
138 63 144 69
45 64 51 70
63 64 69 70
89 64 95 70
160 65 166 71
54 66 60 72
100 66 106 72
140 66 146 72
166 66 172 72
83 67 89 73
21 68 27 74
36 68 42 74
60 68 66 74
10 69 16 75
54 70 60 76
65 70 71 76
68 71 74 77
109 71 115 77
190 71 196 77
53 72 59 78
11 73 17 79
19 73 25 79
33 73 39 79
147 73 153 79
171 73 177 79
19 74 25 80
56 74 62 80
65 74 71 80
177 74 183 80
93 75 99 81
138 75 144 81
157 75 163 81
162 75 168 81
166 75 172 81
170 75 176 81
27 76 33 82
29 76 35 82
57 76 63 82
74 76 80 82
102 76 108 82
145 76 151 82
167 76 173 82
65 78 71 84
-1 81 5 87
68 81 74 87
136 81 142 87
188 81 194 87
155 82 161 88
162 82 168 88
172 82 178 88
175 82 181 88
137 83 143 89
4 84 10 90
110 84 116 90
173 84 179 90
57 85 63 91
82 85 88 91
-3 86 3 92
84 86 90 92
58 87 64 93
141 87 147 93
99 88 105 94
120 88 126 94
50 89 56 95
129 90 135 96
139 90 145 96
158 90 164 96
-2 91 4 97
34 92 40 98
91 92 97 98
99 92 105 98
13 93 19 99
15 93 21 99
101 93 107 99
170 93 176 99
34 94 40 100
107 94 113 100
129 94 135 100
178 94 184 100
184 94 190 100
2 95 8 101
164 95 170 101
167 95 173 101
188 95 194 101
4 96 10 102
169 97 175 103
24 98 30 104
58 99 64 105
83 99 89 105
90 99 96 105
154 99 160 105
44 100 50 106
60 100 66 106
68 100 74 106
77 100 83 106
141 100 147 106
160 100 166 106
56 101 62 107
158 101 164 107
177 101 183 107
190 101 196 107
13 102 19 108
63 102 69 108
102 102 108 108
155 102 161 108
56 103 62 109
80 103 86 109
186 103 192 109
176 104 182 110
22 105 28 111
87 105 93 111
11 106 17 112
90 106 96 112
34 107 40 113
50 107 56 113
51 107 57 113
102 107 108 113
155 108 161 114
64 109 70 115
184 109 190 115
21 110 27 116
152 110 158 116
6 111 12 117
106 111 112 117
119 111 125 117
42 113 48 119
121 113 127 119
185 113 191 119
39 114 45 120
69 114 75 120
94 114 100 120
79 115 85 121
84 115 90 121
97 115 103 121
126 115 132 121
138 115 144 121
155 115 161 121
177 115 183 121
195 115 201 121
121 116 127 122
187 116 193 122
-1 117 5 123
27 117 33 123
34 117 40 123
55 117 61 123
73 117 79 123
142 117 148 123
43 118 49 124
176 118 182 124
74 119 80 125
155 119 161 125
95 120 101 126
106 120 112 126
146 120 152 126
183 120 189 126
187 120 193 126
50 121 56 127
157 121 163 127
2 122 8 128
27 122 33 128
43 122 49 128
131 122 137 128
74 123 80 129
123 123 129 129
30 124 36 130
49 124 55 130
79 124 85 130
100 124 106 130
114 124 120 130
148 124 154 130
163 124 169 130
176 124 182 130
67 125 73 131
86 125 92 131
185 125 191 131
47 126 53 132
68 126 74 132
92 126 98 132
130 126 136 132
36 127 42 133
40 127 46 133
165 127 171 133
184 127 190 133
15 128 21 134
43 128 49 134
101 128 107 134
122 128 128 134
136 128 142 134
188 128 194 134
192 128 198 134
26 129 32 135
109 129 115 135
113 129 119 135
145 129 151 135
159 129 165 135
164 129 170 135
194 130 200 136
81 131 87 137
86 131 92 137
162 132 168 138
20 133 26 139
27 133 33 139
157 133 163 139
16 134 22 140
149 134 155 140
161 134 167 140
165 135 171 141
4 136 10 142
191 136 197 142
40 137 46 143
121 138 127 144
155 138 161 144
183 138 189 144
38 139 44 145
110 139 116 145
114 139 120 145
26 140 32 146
81 140 87 146
172 140 178 146
56 141 62 147
105 141 111 147
140 141 146 147
190 141 196 147
72 142 78 148
113 142 119 148
119 142 125 148
124 143 130 149
57 144 63 150
63 144 69 150
28 145 34 151
30 145 36 151
38 145 44 151
128 145 134 151
155 145 161 151
176 145 182 151
181 145 187 151
56 146 62 152
94 146 100 152
52 147 58 153
67 147 73 153
168 147 174 153
96 148 102 154
103 148 109 154
136 149 142 155
153 149 159 155
0 150 6 156
67 150 73 156
138 150 144 156
144 150 150 156
179 150 185 156
6 151 12 157
192 151 198 157
36 152 42 158
126 152 132 158
86 153 92 159
124 153 130 159
193 153 199 159
12 154 18 160
48 155 54 161
89 155 95 161
42 156 48 162
70 156 76 162
122 156 128 162
173 156 179 162
71 158 77 164
93 158 99 164
119 158 125 164
135 158 141 164
140 158 146 164
30 160 36 166
97 160 103 166
125 160 131 166
187 160 193 166
15 161 21 167
22 161 28 167
48 161 54 167
65 161 71 167
194 161 200 167
3 162 9 168
124 162 130 168
169 162 175 168
182 162 188 168
189 162 195 168
165 163 171 169
43 164 49 170
49 164 55 170
54 164 60 170
98 164 104 170
110 164 116 170
120 164 126 170
125 164 131 170
137 164 143 170
0 165 6 171
128 165 134 171
19 166 25 172
59 166 65 172
69 166 75 172
51 167 57 173
60 167 66 173
165 167 171 173
83 168 89 174
143 168 149 174
170 168 176 174
183 168 189 174
9 169 15 175
27 169 33 175
36 169 42 175
95 169 101 175
161 169 167 175
133 170 139 176
85 171 91 177
63 172 69 178
187 172 193 178
180 173 186 179
178 174 184 180
133 175 139 181
27 176 33 182
42 176 48 182
98 176 104 182
22 177 28 183
73 177 79 183
39 178 45 184
51 178 57 184
140 178 146 184
162 179 168 185
33 180 39 186
129 180 135 186
195 180 201 186
-2 181 4 187
29 181 35 187
35 181 41 187
48 181 54 187
142 181 148 187
180 181 186 187
24 182 30 188
111 182 117 188
138 182 144 188
141 182 147 188
150 182 156 188
168 182 174 188
186 182 192 188
20 183 26 189
39 183 45 189
41 183 47 189
46 183 52 189
87 183 93 189
137 183 143 189
55 184 61 190
161 184 167 190
63 185 69 191
128 185 134 191
168 185 174 191
172 185 178 191
154 186 160 192
170 186 176 192
108 188 114 194
189 188 195 194
43 189 49 195
125 189 131 195
130 189 136 195
15 190 21 196
109 190 115 196
51 191 57 197
180 191 186 197
0 192 6 198
23 192 29 198
30 192 36 198
42 192 48 198
189 193 195 199
106 194 112 200
0 195 6 201
14 195 20 201
113 195 119 201
184 195 190 201
41 196 47 202
173 196 179 202
