131
83 -3 89 3
144 -3 150 3
41 1 47 7
59 3 65 9
69 10 75 16
31 13 37 19
159 13 165 19
85 14 91 20
50 15 56 21
109 15 115 21
177 15 183 21
194 15 200 21
27 16 33 22
74 17 80 23
61 18 67 24
112 18 118 24
183 18 189 24
92 22 98 28
119 24 125 30
111 27 117 33
22 28 28 34
115 28 121 34
136 28 142 34
165 28 171 34
196 28 202 34
129 29 135 35
193 30 199 36
18 32 24 38
142 32 148 38
81 34 87 40
8 37 14 43
99 37 105 43
0 39 6 45
5 39 11 45
125 43 131 49
151 44 157 50
176 44 182 50
141 45 147 51
81 46 87 52
95 46 101 52
36 47 42 53
113 47 119 53
15 49 21 55
26 53 32 59
78 53 84 59
119 53 125 59
132 53 138 59
191 53 197 59
18 55 24 61
178 60 184 66
95 62 101 68
186 62 192 68
89 64 95 70
100 66 106 72
84 67 90 73
21 70 27 76
100 71 106 77
191 71 197 77
93 75 99 81
73 76 79 82
157 76 163 82
177 77 183 83
176 79 182 85
70 81 76 87
110 84 116 90
96 88 102 94
120 88 126 94
92 92 98 98
134 94 140 100
107 95 113 101
44 97 50 103
25 98 31 104
141 101 147 107
102 102 108 108
126 104 132 110
176 104 182 110
0 106 6 112
34 107 40 113
184 107 190 113
6 110 12 116
106 111 112 117
64 113 70 119
69 114 75 120
79 115 85 121
155 116 161 122
73 117 79 123
106 119 112 125
61 121 67 127
163 123 169 129
115 124 121 130
157 133 163 139
66 134 72 140
149 134 155 140
121 138 127 144
81 140 87 146
172 140 178 146
119 148 125 154
168 148 174 154
140 150 146 156
36 152 42 158
93 158 99 164
135 158 141 164
140 158 146 164
16 161 22 167
195 161 201 167
4 162 10 168
0 164 6 170
43 164 49 170
59 164 65 170
135 164 141 170
27 169 33 175
95 169 101 175
161 169 167 175
186 172 192 178
97 176 103 182
133 176 139 182
22 177 28 183
51 178 57 184
140 178 146 184
129 180 135 186
29 181 35 187
111 181 117 187
91 183 97 189
-1 184 5 190
56 184 62 190
189 187 195 193
125 188 131 194
16 190 22 196
28 191 34 197
23 192 29 198
173 196 179 202
