160
83 -3 89 3
144 -3 150 3
41 1 47 7
59 3 65 9
50 8 56 14
49 10 55 16
69 10 75 16
31 13 37 19
85 14 91 20
159 14 165 20
123 15 129 21
176 15 182 21
27 16 33 22
74 17 80 23
61 18 67 24
183 18 189 24
112 19 118 25
92 22 98 28
122 22 128 28
119 24 125 30
156 25 162 31
196 26 202 32
22 27 28 33
110 27 116 33
165 28 171 34
115 29 121 35
129 29 135 35
193 31 199 37
18 32 24 38
142 32 148 38
81 34 87 40
9 37 15 43
99 37 105 43
21 38 27 44
0 39 6 45
22 43 28 49
125 43 131 49
75 44 81 50
151 44 157 50
176 44 182 50
141 45 147 51
95 46 101 52
36 47 42 53
113 47 119 53
75 48 81 54
15 49 21 55
52 50 58 56
74 51 80 57
26 53 32 59
119 53 125 59
132 53 138 59
191 53 197 59
174 54 180 60
78 55 84 61
-3 58 3 64
35 60 41 66
106 60 112 66
178 60 184 66
95 61 101 67
186 62 192 68
89 64 95 70
140 65 146 71
84 67 90 73
21 70 27 76
153 72 159 78
155 73 161 79
93 75 99 81
138 75 144 81
157 75 163 81
73 76 79 82
106 76 112 82
162 76 168 82
107 78 113 84
175 80 181 86
155 82 161 88
110 84 116 90
97 88 103 94
120 88 126 94
159 93 165 99
107 95 113 101
161 95 167 101
25 98 31 104
44 98 50 104
141 101 147 107
102 102 108 108
126 104 132 110
176 104 182 110
34 107 40 113
184 107 190 113
6 110 12 116
106 111 112 117
64 112 70 118
69 114 75 120
79 115 85 121
155 116 161 122
34 117 40 123
73 117 79 123
106 119 112 125
61 121 67 127
0 124 6 130
84 124 90 130
115 124 121 130
0 125 6 131
82 125 88 131
43 128 49 134
182 129 188 135
13 131 19 137
157 133 163 139
66 134 72 140
149 134 155 140
191 134 197 140
121 138 127 144
81 140 87 146
188 141 194 147
140 143 146 149
64 144 70 150
119 148 125 154
140 150 146 156
36 152 42 158
87 153 93 159
89 155 95 161
42 156 48 162
173 156 179 162
93 158 99 164
135 158 141 164
140 158 146 164
16 161 22 167
195 161 201 167
4 162 10 168
0 164 6 170
43 164 49 170
57 164 63 170
137 164 143 170
19 166 25 172
67 166 73 172
133 166 139 172
165 167 171 173
170 168 176 174
95 169 101 175
161 169 167 175
186 172 192 178
27 176 33 182
97 176 103 182
22 177 28 183
51 178 57 184
140 178 146 184
129 180 135 186
111 181 117 187
150 182 156 188
0 184 6 190
56 184 62 190
101 184 107 190
64 185 70 191
128 185 134 191
66 186 72 192
189 187 195 193
125 188 131 194
15 190 21 196
29 191 35 197
23 192 29 198
