372
45 -3 51 3
83 -3 89 3
143 -3 149 3
122 -2 128 4
194 -2 200 4
64 -1 70 5
180 0 186 6
62 1 68 7
59 3 65 9
123 3 129 9
195 4 201 10
116 6 122 12
135 6 141 12
160 6 166 12
50 8 56 14
193 8 199 14
69 9 75 15
101 9 107 15
132 9 138 15
159 9 165 15
47 10 53 16
133 10 139 16
136 12 142 18
31 13 37 19
85 14 91 20
94 14 100 20
50 15 56 21
97 15 103 21
123 15 129 21
176 15 182 21
194 15 200 21
27 16 33 22
74 17 80 23
183 18 189 24
61 19 67 25
112 19 118 25
165 19 171 25
-2 20 4 26
142 20 148 26
171 20 177 26
150 21 156 27
195 21 201 27
92 22 98 28
122 22 128 28
37 23 43 29
159 23 165 29
119 24 125 30
157 24 163 30
196 24 202 30
156 26 162 32
22 27 28 33
42 27 48 33
37 28 43 34
96 28 102 34
136 28 142 34
165 28 171 34
40 29 46 35
129 29 135 35
97 30 103 36
115 30 121 36
172 30 178 36
18 32 24 38
55 32 61 38
142 32 148 38
177 32 183 38
193 32 199 38
122 33 128 39
169 34 175 40
176 35 182 41
76 36 82 42
92 36 98 42
9 37 15 43
21 37 27 43
43 37 49 43
74 37 80 43
77 38 83 44
91 38 97 44
0 39 6 45
111 39 117 45
59 40 65 46
19 43 25 49
23 43 29 49
105 43 111 49
112 43 118 49
125 43 131 49
5 44 11 50
74 44 80 50
151 44 157 50
176 44 182 50
24 45 30 51
82 46 88 52
95 46 101 52
103 46 109 52
191 46 197 52
37 47 43 53
113 47 119 53
23 48 29 54
75 48 81 54
122 48 128 54
192 48 198 54
14 49 20 55
53 50 59 56
72 51 78 57
141 51 147 57
62 52 68 58
118 53 124 59
132 53 138 59
191 53 197 59
143 54 149 60
165 54 171 60
174 54 180 60
18 55 24 61
87 55 93 61
167 55 173 61
29 56 35 62
62 56 68 62
78 56 84 62
73 57 79 63
4 58 10 64
44 58 50 64
148 58 154 64
196 58 202 64
26 59 32 65
95 59 101 65
147 59 153 65
35 60 41 66
179 60 185 66
20 61 26 67
106 61 112 67
175 61 181 67
22 62 28 68
155 62 161 68
168 62 174 68
172 62 178 68
186 62 192 68
55 63 61 69
111 63 117 69
138 63 144 69
44 64 50 70
62 64 68 70
89 64 95 70
54 65 60 71
160 65 166 71
100 66 106 72
140 66 146 72
166 66 172 72
83 67 89 73
35 68 41 74
60 68 66 74
21 69 27 75
10 70 16 76
11 71 17 77
100 71 106 77
151 71 157 77
191 71 197 77
33 73 39 79
113 73 119 79
147 73 153 79
155 73 161 79
177 74 183 80
65 75 71 81
93 75 99 81
138 75 144 81
157 75 163 81
103 76 109 82
146 76 152 82
162 76 168 82
65 77 71 83
108 78 114 84
0 81 6 87
68 81 74 87
136 81 142 87
175 81 181 87
155 82 161 88
162 82 168 88
4 83 10 89
110 84 116 90
140 87 146 93
99 88 105 94
120 88 126 94
139 90 145 96
158 91 164 97
92 92 98 98
107 94 113 100
184 94 190 100
134 95 140 101
164 95 170 101
167 95 173 101
187 95 193 101
93 96 99 102
168 97 174 103
25 98 31 104
91 99 97 105
154 99 160 105
44 100 50 106
68 100 74 106
83 100 89 106
63 101 69 107
77 101 83 107
141 101 147 107
190 101 196 107
12 102 18 108
102 102 108 108
155 102 161 108
186 103 192 109
126 104 132 110
176 104 182 110
0 105 6 111
11 106 17 112
22 107 28 113
34 107 40 113
21 108 27 114
64 109 70 115
184 109 190 115
6 111 12 117
185 113 191 119
69 114 75 120
79 115 85 121
138 115 144 121
155 115 161 121
196 115 202 121
126 116 132 122
-1 117 5 123
73 117 79 123
142 117 148 123
155 119 161 125
60 121 66 127
146 121 152 127
156 121 162 127
130 122 136 128
30 124 36 130
79 124 85 130
86 124 92 130
115 124 121 130
123 124 129 130
148 124 154 130
163 124 169 130
174 124 180 130
100 125 106 131
-2 126 4 132
92 126 98 132
130 126 136 132
101 127 107 133
165 127 171 133
16 128 22 134
23 128 29 134
43 128 49 134
123 128 129 134
182 129 188 135
11 131 17 137
81 131 87 137
85 131 91 137
157 133 163 139
16 134 22 140
66 134 72 140
149 134 155 140
165 135 171 141
191 135 197 141
121 138 127 144
183 138 189 144
26 139 32 145
111 139 117 145
155 139 161 145
81 140 87 146
172 140 178 146
105 141 111 147
140 141 146 147
72 142 78 148
120 142 126 148
155 143 161 149
63 144 69 150
138 145 144 151
181 145 187 151
52 147 58 153
168 147 174 153
103 148 109 154
119 148 125 154
127 149 133 155
137 149 143 155
1 150 7 156
13 150 19 156
142 150 148 156
4 151 10 157
12 152 18 158
36 152 42 158
126 152 132 158
86 153 92 159
124 153 130 159
49 155 55 161
89 155 95 161
42 156 48 162
122 156 128 162
173 156 179 162
93 158 99 164
120 158 126 164
135 158 141 164
140 158 146 164
29 160 35 166
187 160 193 166
15 161 21 167
23 161 29 167
97 161 103 167
195 161 201 167
4 162 10 168
48 162 54 168
65 162 71 168
169 162 175 168
189 162 195 168
49 163 55 169
98 163 104 169
165 163 171 169
9 164 15 170
43 164 49 170
55 164 61 170
109 164 115 170
120 164 126 170
125 164 131 170
0 165 6 171
128 165 134 171
19 166 25 172
63 166 69 172
69 166 75 172
49 167 55 173
33 168 39 174
48 168 54 174
183 168 189 174
27 169 33 175
35 169 41 175
65 169 71 175
95 169 101 175
133 169 139 175
161 169 167 175
63 172 69 178
133 175 139 181
27 176 33 182
97 176 103 182
22 177 28 183
42 177 48 183
40 178 46 184
73 178 79 184
140 178 146 184
72 179 78 185
129 180 135 186
162 180 168 186
195 180 201 186
-2 181 4 187
47 181 53 187
111 181 117 187
180 181 186 187
24 182 30 188
46 182 52 188
150 182 156 188
186 182 192 188
20 183 26 189
101 183 107 189
2 184 8 190
55 184 61 190
161 184 167 190
128 185 134 191
68 186 74 192
153 186 159 192
125 188 131 194
189 188 195 194
43 189 49 195
15 190 21 196
130 190 136 196
30 192 36 198
189 194 195 200
184 195 190 201
41 196 47 202
113 196 119 202
173 196 179 202
