213
83 -3 89 3
143 -3 149 3
122 -2 128 4
180 1 186 7
59 3 65 9
123 3 129 9
179 5 185 11
50 8 56 14
48 10 54 16
69 10 75 16
85 14 91 20
159 14 165 20
50 15 56 21
109 15 115 21
123 15 129 21
194 15 200 21
74 17 80 23
61 18 67 24
138 18 144 24
183 18 189 24
112 19 118 25
165 19 171 25
140 20 146 26
170 20 176 26
92 22 98 28
122 22 128 28
119 24 125 30
196 24 202 30
156 25 162 31
22 27 28 33
109 27 115 33
136 28 142 34
165 28 171 34
115 29 121 35
129 29 135 35
59 30 65 36
18 32 24 38
55 32 61 38
142 32 148 38
193 32 199 38
169 33 175 39
21 37 27 43
77 40 83 46
5 41 11 47
59 41 65 47
111 41 117 47
23 43 29 49
112 43 118 49
125 43 131 49
74 44 80 50
151 44 157 50
176 44 182 50
141 45 147 51
82 46 88 52
95 46 101 52
36 47 42 53
113 47 119 53
75 48 81 54
52 50 58 56
74 51 80 57
26 53 32 59
191 53 197 59
174 54 180 60
27 56 33 62
78 56 84 62
103 57 109 63
3 58 9 64
26 58 32 64
44 58 50 64
196 58 202 64
35 60 41 66
95 60 101 66
178 60 184 66
106 61 112 67
156 62 162 68
186 62 192 68
44 63 50 69
138 63 144 69
168 63 174 69
89 64 95 70
159 65 165 71
166 65 172 71
61 66 67 72
100 66 106 72
140 66 146 72
60 67 66 73
84 67 90 73
21 70 27 76
100 71 106 77
110 71 116 77
191 71 197 77
33 72 39 78
151 72 157 78
112 73 118 79
155 73 161 79
138 75 144 81
157 75 163 81
177 75 183 81
73 76 79 82
104 76 110 82
162 76 168 82
108 78 114 84
68 81 74 87
162 81 168 87
175 81 181 87
155 82 161 88
110 84 116 90
98 88 104 94
120 88 126 94
50 90 56 96
92 92 98 98
158 92 164 98
107 95 113 101
134 95 140 101
163 95 169 101
178 97 184 103
44 99 50 105
82 100 88 106
141 101 147 107
177 101 183 107
188 101 194 107
102 102 108 108
126 104 132 110
176 104 182 110
0 105 6 111
34 107 40 113
184 108 190 114
64 110 70 116
106 111 112 117
69 114 75 120
79 115 85 121
139 115 145 121
126 116 132 122
155 116 161 122
34 117 40 123
141 117 147 123
106 119 112 125
129 119 135 125
61 121 67 127
2 122 8 128
95 122 101 128
86 124 92 130
163 124 169 130
79 125 85 131
-2 126 4 132
93 126 99 132
43 128 49 134
182 129 188 135
66 134 72 140
149 134 155 140
191 134 197 140
121 138 127 144
74 140 80 146
172 140 178 146
189 141 195 147
72 142 78 148
105 142 111 148
63 144 69 150
139 145 145 151
119 148 125 154
36 152 42 158
87 153 93 159
89 155 95 161
42 156 48 162
173 156 179 162
93 158 99 164
135 158 141 164
140 158 146 164
16 161 22 167
195 161 201 167
4 162 10 168
166 163 172 169
0 164 6 170
8 164 14 170
56 164 62 170
137 164 143 170
128 165 134 171
182 165 188 171
19 166 25 172
68 166 74 172
133 167 139 173
165 167 171 173
9 168 15 174
170 168 176 174
184 168 190 174
27 169 33 175
161 169 167 175
27 176 33 182
97 176 103 182
133 176 139 182
22 177 28 183
51 178 57 184
140 178 146 184
129 180 135 186
111 181 117 187
182 181 188 187
22 182 28 188
150 182 156 188
21 183 27 189
88 183 94 189
1 184 7 190
101 184 107 190
63 185 69 191
128 185 134 191
153 185 159 191
68 186 74 192
189 187 195 193
125 188 131 194
15 190 21 196
30 191 36 197
23 192 29 198
133 196 139 202
173 196 179 202
