149
83 -3 89 3
144 -3 150 3
41 1 47 7
69 10 75 16
31 13 37 19
85 14 91 20
159 14 165 20
50 15 56 21
109 15 115 21
123 15 129 21
194 15 200 21
27 16 33 22
74 17 80 23
112 18 118 24
183 18 189 24
92 22 98 28
122 22 128 28
119 24 125 30
156 25 162 31
22 27 28 33
110 27 116 33
196 27 202 33
136 28 142 34
165 28 171 34
115 29 121 35
129 29 135 35
193 31 199 37
18 32 24 38
142 32 148 38
81 34 87 40
9 37 15 43
21 38 27 44
0 39 6 45
5 40 11 46
59 41 65 47
22 42 28 48
125 43 131 49
151 44 157 50
176 44 182 50
141 45 147 51
82 46 88 52
95 46 101 52
36 47 42 53
113 47 119 53
75 48 81 54
15 49 21 55
74 51 80 57
26 53 32 59
119 53 125 59
132 53 138 59
191 53 197 59
174 54 180 60
18 55 24 61
78 55 84 61
-3 58 3 64
1 58 7 64
105 58 111 64
35 60 41 66
106 60 112 66
178 60 184 66
95 61 101 67
186 62 192 68
89 64 95 70
100 66 106 72
21 70 27 76
100 71 106 77
191 71 197 77
157 75 163 81
177 75 183 81
162 76 168 82
162 80 168 86
175 80 181 86
69 81 75 87
155 82 161 88
110 84 116 90
97 88 103 94
120 88 126 94
50 90 56 96
107 95 113 101
25 98 31 104
44 98 50 104
81 100 87 106
102 102 108 108
126 104 132 110
176 104 182 110
184 107 190 113
106 111 112 117
64 112 70 118
69 114 75 120
79 115 85 121
155 116 161 122
34 117 40 123
73 117 79 123
61 121 67 127
163 123 169 129
115 124 121 130
43 128 49 134
157 133 163 139
66 134 72 140
149 134 155 140
186 138 192 144
81 140 87 146
172 140 178 146
188 141 194 147
140 143 146 149
64 144 70 150
139 144 145 150
119 148 125 154
168 148 174 154
140 150 146 156
87 153 93 159
89 155 95 161
173 155 179 161
42 156 48 162
93 158 99 164
135 158 141 164
140 158 146 164
16 161 22 167
195 161 201 167
4 162 10 168
0 164 6 170
43 164 49 170
57 164 63 170
19 166 25 172
67 166 73 172
133 166 139 172
165 167 171 173
169 168 175 174
27 169 33 175
161 169 167 175
27 176 33 182
97 176 103 182
133 176 139 182
22 177 28 183
51 178 57 184
140 178 146 184
129 180 135 186
29 181 35 187
111 181 117 187
90 183 96 189
0 184 6 190
56 184 62 190
101 184 107 190
128 185 134 191
189 187 195 193
125 188 131 194
16 190 22 196
29 191 35 197
23 192 29 198
