284
83 -3 89 3
133 -3 139 3
143 -3 149 3
122 -2 128 4
63 -1 69 5
180 0 186 6
41 1 47 7
62 1 68 7
59 3 65 9
123 3 129 9
179 5 185 11
195 5 201 11
135 7 141 13
50 8 56 14
69 9 75 15
47 10 53 16
104 11 110 17
136 11 142 17
31 13 37 19
85 14 91 20
159 14 165 20
50 15 56 21
123 15 129 21
176 15 182 21
194 15 200 21
150 16 156 22
74 17 80 23
61 18 67 24
138 18 144 24
183 18 189 24
165 19 171 25
-2 20 4 26
141 20 147 26
170 20 176 26
150 21 156 27
196 21 202 27
92 22 98 28
122 22 128 28
119 24 125 30
37 25 43 31
156 25 162 31
22 27 28 33
42 27 48 33
109 27 115 33
37 28 43 34
136 28 142 34
165 28 171 34
40 29 46 35
129 29 135 35
59 30 65 36
115 30 121 36
172 30 178 36
18 32 24 38
55 32 61 38
142 32 148 38
193 32 199 38
176 33 182 39
169 34 175 40
176 34 182 40
9 37 15 43
21 37 27 43
99 37 105 43
0 39 6 45
77 39 83 45
111 39 117 45
59 40 65 46
5 41 11 47
23 43 29 49
112 43 118 49
125 43 131 49
74 44 80 50
151 44 157 50
176 44 182 50
141 45 147 51
82 46 88 52
95 46 101 52
37 47 43 53
113 47 119 53
75 48 81 54
122 49 128 55
53 50 59 56
73 51 79 57
121 51 127 57
141 51 147 57
62 53 68 59
118 53 124 59
132 53 138 59
191 53 197 59
143 54 149 60
174 54 180 60
18 55 24 61
62 55 68 61
28 56 34 62
78 56 84 62
103 57 109 63
4 58 10 64
44 58 50 64
196 58 202 64
26 59 32 65
35 60 41 66
95 60 101 66
179 60 185 66
106 61 112 67
175 61 181 67
115 62 121 68
156 62 162 68
186 62 192 68
112 63 118 69
138 63 144 69
44 64 50 70
62 64 68 70
89 64 95 70
159 65 165 71
100 66 106 72
140 66 146 72
83 67 89 73
35 68 41 74
21 69 27 75
100 71 106 77
109 71 115 77
151 71 157 77
191 71 197 77
33 73 39 79
155 73 161 79
177 74 183 80
93 75 99 81
138 75 144 81
157 75 163 81
74 76 80 82
103 76 109 82
162 76 168 82
108 78 114 84
1 81 7 87
175 81 181 87
155 82 161 88
162 82 168 88
4 83 10 89
110 84 116 90
140 87 146 93
98 88 104 94
50 89 56 95
139 90 145 96
158 91 164 97
92 92 98 98
184 94 190 100
107 95 113 101
134 95 140 101
164 95 170 101
186 95 192 101
92 96 98 102
178 96 184 102
25 98 31 104
91 98 97 104
44 99 50 105
83 100 89 106
63 101 69 107
77 101 83 107
141 101 147 107
177 101 183 107
189 101 195 107
80 102 86 108
102 102 108 108
12 103 18 109
186 103 192 109
126 104 132 110
176 104 182 110
0 105 6 111
11 105 17 111
34 107 40 113
184 109 190 115
64 110 70 116
6 111 12 117
106 111 112 117
69 114 75 120
79 115 85 121
139 115 145 121
155 115 161 121
126 116 132 122
73 117 79 123
142 117 148 123
106 119 112 125
95 121 101 127
146 121 152 127
2 122 8 128
148 123 154 129
86 124 92 130
115 124 121 130
163 124 169 130
79 125 85 131
130 125 136 131
-2 126 4 132
93 126 99 132
16 128 22 134
43 128 49 134
182 129 188 135
11 131 17 137
157 133 163 139
27 134 33 140
66 134 72 140
149 134 155 140
191 134 197 140
165 135 171 141
26 138 32 144
121 138 127 144
74 140 80 146
81 140 87 146
172 140 178 146
105 141 111 147
140 141 146 147
189 141 195 147
72 142 78 148
121 142 127 148
124 143 130 149
63 144 69 150
176 145 182 151
180 145 186 151
103 148 109 154
119 148 125 154
127 148 133 154
141 150 147 156
36 152 42 158
86 153 92 159
124 153 130 159
42 156 48 162
93 158 99 164
140 158 146 164
28 160 34 166
16 161 22 167
24 161 30 167
195 161 201 167
4 162 10 168
169 162 175 168
165 163 171 169
8 164 14 170
43 164 49 170
120 164 126 170
125 164 131 170
137 164 143 170
182 164 188 170
0 165 6 171
63 165 69 171
128 165 134 171
19 166 25 172
69 166 75 172
165 167 171 173
170 168 176 174
184 168 190 174
9 169 15 175
27 169 33 175
95 169 101 175
65 170 71 176
63 171 69 177
187 172 193 178
133 175 139 181
27 176 33 182
97 176 103 182
22 177 28 183
51 178 57 184
140 178 146 184
196 180 202 186
-2 181 4 187
29 181 35 187
111 181 117 187
162 181 168 187
181 181 187 187
23 182 29 188
150 182 156 188
185 182 191 188
20 183 26 189
88 183 94 189
2 184 8 190
63 185 69 191
128 185 134 191
68 186 74 192
125 188 131 194
15 190 21 196
130 191 136 197
23 192 29 198
30 192 36 198
185 195 191 201
189 195 195 201
42 196 48 202
43 196 49 202
173 196 179 202
