343
52 -3 58 3
139 -3 145 3
190 -3 196 3
1 -2 7 4
101 -2 107 4
176 -2 182 4
4 -1 10 5
46 -1 52 5
68 -1 74 5
99 -1 105 5
155 1 161 7
164 1 170 7
194 1 200 7
52 4 58 10
81 4 87 10
152 5 158 11
184 5 190 11
172 6 178 12
38 7 44 13
148 8 154 14
163 8 169 14
5 9 11 15
20 9 26 15
45 9 51 15
185 9 191 15
29 11 35 17
151 13 157 19
76 14 82 20
85 14 91 20
30 15 36 21
98 15 104 21
-2 16 4 22
47 17 53 23
80 17 86 23
99 17 105 23
175 17 181 23
26 18 32 24
49 19 55 25
141 20 147 26
54 21 60 27
107 21 113 27
6 22 12 28
41 22 47 28
172 22 178 28
72 23 78 29
60 24 66 30
125 24 131 30
150 24 156 30
52 25 58 31
59 26 65 32
192 26 198 32
143 27 149 33
6 28 12 34
148 28 154 34
109 29 115 35
129 29 135 35
45 30 51 36
53 31 59 37
80 31 86 37
108 33 114 39
85 34 91 40
101 34 107 40
156 34 162 40
31 35 37 41
149 36 155 42
193 36 199 42
178 37 184 43
194 37 200 43
54 38 60 44
63 38 69 44
65 38 71 44
115 38 121 44
121 38 127 44
160 38 166 44
176 38 182 44
0 39 6 45
149 39 155 45
164 39 170 45
85 40 91 46
27 41 33 47
40 41 46 47
59 41 65 47
38 42 44 48
78 42 84 48
170 42 176 48
2 45 8 51
157 45 163 51
107 47 113 53
12 48 18 54
93 48 99 54
169 48 175 54
189 48 195 54
58 50 64 56
132 50 138 56
129 51 135 57
-2 52 4 58
75 52 81 58
135 52 141 58
156 52 162 58
28 53 34 59
102 53 108 59
177 53 183 59
76 57 82 63
101 57 107 63
133 58 139 64
113 60 119 66
137 61 143 67
183 61 189 67
196 61 202 67
108 62 114 68
147 62 153 68
161 62 167 68
152 63 158 69
170 63 176 69
125 64 131 70
1 66 7 72
9 66 15 72
81 66 87 72
115 66 121 72
151 66 157 72
165 66 171 72
3 67 9 73
119 67 125 73
160 67 166 73
189 67 195 73
40 70 46 76
140 70 146 76
166 70 172 76
119 71 125 77
43 72 49 78
106 72 112 78
163 72 169 78
18 73 24 79
27 73 33 79
132 73 138 79
45 74 51 80
152 74 158 80
1 75 7 81
56 75 62 81
108 75 114 81
122 75 128 81
195 76 201 82
81 77 87 83
177 77 183 83
43 78 49 84
97 78 103 84
166 78 172 84
34 80 40 86
104 80 110 86
112 80 118 86
142 82 148 88
153 82 159 88
46 83 52 89
73 83 79 89
123 83 129 89
-3 84 3 90
137 84 143 90
174 85 180 91
120 87 126 93
128 87 134 93
34 88 40 94
64 88 70 94
112 88 118 94
179 88 185 94
190 88 196 94
137 90 143 96
149 90 155 96
194 90 200 96
175 91 181 97
39 92 45 98
154 92 160 98
162 92 168 98
19 93 25 99
71 93 77 99
160 94 166 100
3 95 9 101
12 95 18 101
30 95 36 101
41 95 47 101
91 95 97 101
149 96 155 102
172 96 178 102
2 97 8 103
28 97 34 103
90 97 96 103
193 98 199 104
136 99 142 105
70 100 76 106
130 100 136 106
22 101 28 107
125 101 131 107
3 103 9 109
69 104 75 110
139 104 145 110
141 105 147 111
193 106 199 112
1 109 7 115
74 109 80 115
141 109 147 115
148 109 154 115
130 110 136 116
160 110 166 116
143 111 149 117
100 112 106 118
159 112 165 118
74 113 80 119
158 113 164 119
174 113 180 119
187 114 193 120
108 115 114 121
79 116 85 122
6 118 12 124
23 119 29 125
146 119 152 125
189 119 195 125
83 122 89 128
120 122 126 128
33 123 39 129
97 123 103 129
173 123 179 129
193 123 199 129
6 124 12 130
73 124 79 130
91 124 97 130
89 125 95 131
140 125 146 131
61 126 67 132
75 126 81 132
115 126 121 132
166 127 172 133
65 128 71 134
31 129 37 135
15 131 21 137
136 131 142 137
165 132 171 138
14 135 20 141
99 135 105 141
39 136 45 142
65 136 71 142
90 137 96 143
29 138 35 144
77 138 83 144
149 138 155 144
180 138 186 144
172 139 178 145
131 140 137 146
7 141 13 147
26 141 32 147
43 141 49 147
8 142 14 148
69 142 75 148
90 142 96 148
75 143 81 149
122 143 128 149
150 143 156 149
45 145 51 151
64 145 70 151
104 145 110 151
141 145 147 151
111 146 117 152
156 147 162 153
74 148 80 154
191 149 197 155
133 150 139 156
100 151 106 157
107 152 113 158
114 152 120 158
122 153 128 159
-2 154 4 160
116 154 122 160
130 154 136 160
19 155 25 161
186 155 192 161
194 155 200 161
12 156 18 162
41 156 47 162
128 156 134 162
2 157 8 163
87 157 93 163
96 158 102 164
35 159 41 165
147 159 153 165
23 160 29 166
44 160 50 166
113 160 119 166
16 161 22 167
38 161 44 167
73 161 79 167
111 161 117 167
29 163 35 169
40 163 46 169
166 163 172 169
18 164 24 170
91 164 97 170
170 164 176 170
85 165 91 171
177 165 183 171
186 166 192 172
133 168 139 174
72 169 78 175
38 170 44 176
81 171 87 177
149 171 155 177
52 172 58 178
61 173 67 179
98 173 104 179
103 173 109 179
143 174 149 180
189 174 195 180
82 176 88 182
105 176 111 182
66 179 72 185
91 179 97 185
54 180 60 186
75 180 81 186
141 180 147 186
179 180 185 186
104 181 110 187
129 181 135 187
5 182 11 188
70 182 76 188
182 182 188 188
116 183 122 189
78 184 84 190
114 185 120 191
167 185 173 191
181 185 187 191
145 186 151 192
179 187 185 193
192 187 198 193
84 189 90 195
97 189 103 195
-3 192 3 198
59 192 65 198
114 192 120 198
119 192 125 198
23 193 29 199
163 194 169 200
82 195 88 201
177 195 183 201
-1 196 5 202
73 196 79 202
102 196 108 202
