178
52 -3 58 3
190 -3 196 3
4 -2 10 4
68 -2 74 4
46 -1 52 5
193 0 199 6
155 1 161 7
164 2 170 8
52 4 58 10
105 4 111 10
81 5 87 11
152 5 158 11
172 6 178 12
38 7 44 13
149 8 155 14
7 9 13 15
20 9 26 15
45 9 51 15
111 9 117 15
76 14 82 20
83 14 89 20
27 18 33 24
192 18 198 24
54 21 60 27
107 21 113 27
6 22 12 28
41 22 47 28
141 22 147 28
72 23 78 29
6 26 12 32
52 26 58 32
143 26 149 32
192 26 198 32
53 31 59 37
101 34 107 40
156 34 162 40
31 35 37 41
188 35 194 41
54 38 60 44
115 38 121 44
20 39 26 45
98 40 104 46
28 41 34 47
47 41 53 47
59 42 65 48
78 42 84 48
143 46 149 52
157 46 163 52
108 47 114 53
12 48 18 54
94 48 100 54
188 48 194 54
127 51 133 57
-2 52 4 58
156 52 162 58
126 53 132 59
179 53 185 59
54 54 60 60
43 56 49 62
133 58 139 64
137 61 143 67
183 61 189 67
196 61 202 67
147 62 153 68
8 66 14 72
165 66 171 72
55 67 61 73
161 67 167 73
189 67 195 73
40 70 46 76
138 70 144 76
106 72 112 78
28 73 34 79
132 73 138 79
18 74 24 80
152 74 158 80
1 75 7 81
56 75 62 81
108 75 114 81
64 76 70 82
195 76 201 82
178 77 184 83
181 77 187 83
43 78 49 84
97 78 103 84
166 78 172 84
112 79 118 85
34 80 40 86
103 80 109 86
153 81 159 87
191 81 197 87
46 82 52 88
142 82 148 88
73 83 79 89
-3 84 3 90
174 85 180 91
122 87 128 93
124 87 130 93
34 88 40 94
64 88 70 94
179 88 185 94
190 88 196 94
171 89 177 95
137 90 143 96
71 92 77 98
150 92 156 98
154 92 160 98
167 92 173 98
17 93 23 99
172 93 178 99
12 95 18 101
149 95 155 101
193 98 199 104
137 99 143 105
22 101 28 107
14 102 20 108
3 104 9 110
118 105 124 111
193 106 199 112
142 109 148 115
160 110 166 116
130 111 136 117
101 112 107 118
174 113 180 119
187 114 193 120
151 115 157 121
79 116 85 122
146 119 152 125
189 119 195 125
23 120 29 126
83 121 89 127
120 122 126 128
33 123 39 129
193 123 199 129
115 126 121 132
31 129 37 135
136 131 142 137
99 135 105 141
65 137 71 143
29 138 35 144
172 139 178 145
131 140 137 146
26 141 32 147
122 143 128 149
65 144 71 150
14 148 20 154
85 149 91 155
25 151 31 157
98 151 104 157
133 151 139 157
87 154 93 160
186 156 192 162
2 157 8 163
96 158 102 164
147 159 153 165
169 159 175 165
23 160 29 166
73 161 79 167
187 161 193 167
29 162 35 168
91 164 97 170
176 165 182 171
186 166 192 172
133 169 139 175
38 171 44 177
81 171 87 177
60 173 66 179
143 174 149 180
91 179 97 185
129 181 135 187
145 186 151 192
103 189 109 195
84 190 90 196
196 192 202 198
23 194 29 200
82 194 88 200
102 195 108 201
73 196 79 202
