401
52 -3 58 3
190 -3 196 3
1 -2 7 4
101 -2 107 4
4 -1 10 5
68 -1 74 5
99 -1 105 5
46 0 52 6
36 1 42 7
155 1 161 7
164 1 170 7
105 3 111 9
52 4 58 10
98 4 104 10
121 4 127 10
184 4 190 10
101 5 107 11
118 6 124 12
172 6 178 12
38 7 44 13
148 8 154 14
163 8 169 14
4 9 10 15
20 9 26 15
45 9 51 15
112 9 118 15
185 9 191 15
29 11 35 17
167 12 173 18
76 14 82 20
85 14 91 20
30 15 36 21
97 15 103 21
155 15 161 21
-2 16 4 22
46 17 52 23
80 17 86 23
175 17 181 23
26 18 32 24
49 19 55 25
159 19 165 25
141 20 147 26
32 21 38 27
54 21 60 27
107 21 113 27
191 21 197 27
6 22 12 28
41 22 47 28
161 22 167 28
30 23 36 29
172 23 178 29
125 24 131 30
150 24 156 30
52 25 58 31
46 27 52 33
59 27 65 33
143 27 149 33
6 28 12 34
108 29 114 35
130 29 136 35
53 31 59 37
108 33 114 39
85 34 91 40
101 34 107 40
156 34 162 40
31 35 37 41
149 35 155 41
188 35 194 41
193 35 199 41
184 36 190 42
63 37 69 43
178 37 184 43
185 37 191 43
54 38 60 44
115 38 121 44
121 38 127 44
160 38 166 44
165 38 171 44
194 38 200 44
0 39 6 45
21 39 27 45
65 39 71 45
176 39 182 45
99 40 105 46
149 40 155 46
164 40 170 46
41 41 47 47
47 41 53 47
59 41 65 47
170 41 176 47
78 42 84 48
86 43 92 49
58 44 64 50
86 44 92 50
38 45 44 51
59 45 65 51
117 45 123 51
157 45 163 51
40 46 46 52
143 46 149 52
107 47 113 53
12 48 18 54
92 48 98 54
169 48 175 54
189 48 195 54
132 49 138 55
58 50 64 56
129 51 135 57
-2 52 4 58
75 52 81 58
79 52 85 58
135 52 141 58
156 52 162 58
28 53 34 59
79 53 85 59
103 53 109 59
124 53 130 59
176 53 182 59
54 54 60 60
43 56 49 62
92 56 98 62
91 57 97 63
101 57 107 63
76 58 82 64
132 58 138 64
113 61 119 67
183 61 189 67
195 61 201 67
17 62 23 68
107 62 113 68
147 62 153 68
152 62 158 68
161 62 167 68
170 62 176 68
125 64 131 70
1 66 7 72
16 66 22 72
115 66 121 72
151 66 157 72
55 67 61 73
119 67 125 73
160 67 166 73
189 67 195 73
3 68 9 74
40 70 46 76
87 70 93 76
100 70 106 76
140 70 146 76
166 70 172 76
102 71 108 77
119 71 125 77
43 72 49 78
106 72 112 78
132 73 138 79
163 73 169 79
46 74 52 80
1 75 7 81
56 75 62 81
63 75 69 81
108 75 114 81
152 75 158 81
122 76 128 82
195 76 201 82
81 77 87 83
177 77 183 83
43 78 49 84
97 78 103 84
166 78 172 84
183 78 189 84
34 80 40 86
104 80 110 86
112 80 118 86
190 81 196 87
120 82 126 88
142 82 148 88
153 82 159 88
46 83 52 89
73 83 79 89
123 83 129 89
-3 84 3 90
137 84 143 90
174 85 180 91
120 87 126 93
128 87 134 93
34 88 40 94
64 88 70 94
112 88 118 94
190 88 196 94
137 90 143 96
148 90 154 96
194 90 200 96
90 91 96 97
175 91 181 97
154 92 160 98
162 92 168 98
19 93 25 99
71 93 77 99
91 93 97 99
12 94 18 100
81 94 87 100
160 94 166 100
4 95 10 101
41 95 47 101
92 95 98 101
78 96 84 102
149 96 155 102
172 96 178 102
1 97 7 103
90 97 96 103
193 98 199 104
70 99 76 105
131 100 137 106
22 101 28 107
14 102 20 108
3 103 9 109
118 104 124 110
139 104 145 110
69 105 75 111
141 105 147 111
168 105 174 111
193 106 199 112
170 107 176 113
189 107 195 113
117 108 123 114
74 109 80 115
149 109 155 115
160 109 166 115
185 109 191 115
1 110 7 116
130 110 136 116
143 111 149 117
99 112 105 118
174 113 180 119
196 113 202 119
196 114 202 120
108 115 114 121
151 115 157 121
79 116 85 122
112 117 118 123
23 119 29 125
189 119 195 125
146 120 152 126
83 122 89 128
120 122 126 128
33 123 39 129
91 123 97 129
97 123 103 129
104 123 110 129
115 123 121 129
173 123 179 129
193 123 199 129
6 124 12 130
73 124 79 130
115 124 121 130
89 125 95 131
140 125 146 131
170 125 176 131
60 126 66 132
76 126 82 132
115 127 121 133
1 128 7 134
66 128 72 134
31 129 37 135
176 129 182 135
0 130 6 136
162 130 168 136
15 131 21 137
124 131 130 137
135 131 141 137
165 132 171 138
117 133 123 139
125 134 131 140
99 135 105 141
116 135 122 141
194 135 200 141
40 136 46 142
47 136 53 142
52 136 58 142
64 136 70 142
90 137 96 143
149 137 155 143
29 138 35 144
37 138 43 144
77 138 83 144
180 138 186 144
83 139 89 145
172 139 178 145
131 140 137 146
26 141 32 147
43 141 49 147
75 142 81 148
90 142 96 148
9 143 15 149
122 143 128 149
150 143 156 149
63 145 69 151
140 145 146 151
154 145 160 151
111 146 117 152
146 146 152 152
157 147 163 153
14 148 20 154
74 149 80 155
85 149 91 155
189 149 195 155
20 150 26 156
127 150 133 156
133 150 139 156
193 150 199 156
12 151 18 157
25 151 31 157
96 151 102 157
100 151 106 157
114 151 120 157
128 151 134 157
107 152 113 158
122 153 128 159
-2 154 4 160
116 154 122 160
130 154 136 160
19 155 25 161
186 155 192 161
194 155 200 161
41 156 47 162
58 156 64 162
2 157 8 163
87 157 93 163
128 157 134 163
35 158 41 164
96 158 102 164
147 159 153 165
170 159 176 165
23 160 29 166
44 160 50 166
114 160 120 166
73 161 79 167
110 161 116 167
187 161 193 167
29 163 35 169
40 163 46 169
91 164 97 170
170 164 176 170
18 165 24 171
85 165 91 171
161 165 167 171
186 166 192 172
133 168 139 174
72 169 78 175
38 170 44 176
81 171 87 177
51 172 57 178
152 172 158 178
61 173 67 179
98 173 104 179
103 173 109 179
143 174 149 180
189 174 195 180
33 176 39 182
82 176 88 182
105 176 111 182
35 177 41 183
138 177 144 183
66 179 72 185
90 179 96 185
55 180 61 186
75 180 81 186
179 180 185 186
104 181 110 187
129 181 135 187
5 182 11 188
182 182 188 188
70 183 76 189
78 183 84 189
117 183 123 189
114 185 120 191
167 185 173 191
181 185 187 191
145 186 151 192
171 187 177 193
178 187 184 193
192 187 198 193
3 188 9 194
32 188 38 194
84 189 90 195
97 189 103 195
103 189 109 195
161 189 167 195
35 190 41 196
-3 192 3 198
59 192 65 198
114 192 120 198
119 192 125 198
23 193 29 199
162 194 168 200
82 195 88 201
177 195 183 201
-1 196 5 202
73 196 79 202
102 196 108 202
139 196 145 202
166 196 172 202
