293
52 -3 58 3
139 -3 145 3
190 -3 196 3
1 -2 7 4
4 -1 10 5
46 -1 52 5
68 -1 74 5
143 0 149 6
36 1 42 7
155 1 161 7
164 1 170 7
52 4 58 10
81 4 87 10
105 4 111 10
152 5 158 11
184 5 190 11
172 6 178 12
38 7 44 13
148 8 154 14
163 8 169 14
185 8 191 14
5 9 11 15
20 9 26 15
111 9 117 15
167 10 173 16
29 11 35 17
151 13 157 19
76 14 82 20
85 14 91 20
155 14 161 20
30 15 36 21
-2 17 4 23
80 17 86 23
175 17 181 23
141 20 147 26
191 20 197 26
107 21 113 27
41 22 47 28
172 22 178 28
72 23 78 29
125 24 131 30
150 24 156 30
52 26 58 32
143 27 149 33
46 28 52 34
148 28 154 34
109 29 115 35
128 29 134 35
45 30 51 36
53 31 59 37
80 31 86 37
108 32 114 38
85 34 91 40
101 34 107 40
156 34 162 40
31 35 37 41
188 35 194 41
54 38 60 44
115 38 121 44
121 38 127 44
160 38 166 44
0 39 6 45
21 39 27 45
164 39 170 45
85 40 91 46
98 40 104 46
27 41 33 47
47 41 53 47
59 42 65 48
78 42 84 48
2 45 8 51
108 47 114 53
12 48 18 54
93 48 99 54
189 48 195 54
58 50 64 56
132 50 138 56
129 51 135 57
-2 52 4 58
156 52 162 58
28 53 34 59
75 53 81 59
102 53 108 59
124 53 130 59
177 53 183 59
54 54 60 60
43 56 49 62
101 57 107 63
133 58 139 64
137 61 143 67
183 61 189 67
196 61 202 67
109 62 115 68
147 62 153 68
161 62 167 68
170 63 176 69
125 64 131 70
152 64 158 70
9 66 15 72
81 66 87 72
115 66 121 72
151 66 157 72
165 66 171 72
3 67 9 73
55 67 61 73
119 67 125 73
160 67 166 73
189 67 195 73
40 70 46 76
87 70 93 76
140 70 146 76
165 70 171 76
119 71 125 77
43 72 49 78
106 72 112 78
18 73 24 79
27 73 33 79
132 73 138 79
45 74 51 80
152 74 158 80
1 75 7 81
56 75 62 81
64 75 70 81
108 75 114 81
122 75 128 81
195 76 201 82
81 77 87 83
177 77 183 83
183 77 189 83
43 78 49 84
166 78 172 84
112 79 118 85
104 80 110 86
191 81 197 87
46 83 52 89
-3 84 3 90
174 85 180 91
128 87 134 93
34 88 40 94
64 88 70 94
112 88 118 94
171 89 177 95
137 90 143 96
194 90 200 96
175 91 181 97
39 92 45 98
167 92 173 98
71 93 77 99
41 94 47 100
160 94 166 100
12 95 18 101
149 96 155 102
172 96 178 102
193 98 199 104
137 99 143 105
129 100 135 106
22 101 28 107
70 101 76 107
126 101 132 107
14 102 20 108
3 103 9 109
69 103 75 109
139 104 145 110
118 105 124 111
141 105 147 111
193 106 199 112
189 107 195 113
141 109 147 115
148 109 154 115
187 109 193 115
130 110 136 116
143 111 149 117
100 112 106 118
108 115 114 121
151 115 157 121
79 116 85 122
112 117 118 123
6 119 12 125
23 119 29 125
146 119 152 125
189 119 195 125
83 122 89 128
120 122 126 128
33 123 39 129
97 123 103 129
103 123 109 129
173 123 179 129
193 123 199 129
91 124 97 130
89 125 95 131
140 125 146 131
170 125 176 131
115 126 121 132
166 127 172 133
31 129 37 135
15 131 21 137
136 131 142 137
165 132 171 138
14 135 20 141
99 135 105 141
65 136 71 142
90 137 96 143
29 138 35 144
83 139 89 145
172 139 178 145
131 140 137 146
26 141 32 147
43 142 49 148
69 142 75 148
90 142 96 148
75 143 81 149
122 143 128 149
150 143 156 149
64 145 70 151
104 145 110 151
141 145 147 151
110 146 116 152
146 146 152 152
14 148 20 154
74 148 80 154
85 149 91 155
133 150 139 156
25 151 31 157
96 151 102 157
100 151 106 157
12 152 18 158
20 152 26 158
107 152 113 158
122 153 128 159
-2 154 4 160
130 154 136 160
12 155 18 161
19 155 25 161
186 155 192 161
41 156 47 162
87 156 93 162
2 157 8 163
96 158 102 164
35 159 41 165
147 159 153 165
169 159 175 165
23 160 29 166
43 160 49 166
38 161 44 167
73 161 79 167
29 162 35 168
40 162 46 168
18 163 24 169
167 163 173 169
91 164 97 170
170 164 176 170
85 165 91 171
177 165 183 171
186 166 192 172
133 168 139 174
38 170 44 176
53 172 59 178
61 173 67 179
98 173 104 179
103 173 109 179
143 174 149 180
105 176 111 182
139 178 145 184
66 179 72 185
91 179 97 185
140 179 146 185
104 181 110 187
129 181 135 187
179 181 185 187
5 182 11 188
70 182 76 188
78 184 84 190
116 184 122 190
167 185 173 191
145 186 151 192
171 187 177 193
179 187 185 193
192 188 198 194
84 189 90 195
96 189 102 195
103 189 109 195
-3 192 3 198
59 192 65 198
114 192 120 198
118 192 124 198
23 194 29 200
82 195 88 201
163 195 169 201
164 195 170 201
177 195 183 201
-1 196 5 202
73 196 79 202
102 196 108 202
