518
190 -3 196 3
1 -2 7 4
101 -2 107 4
175 -2 181 4
68 -1 74 5
99 -1 105 5
4 0 10 6
17 0 23 6
46 0 52 6
145 0 151 6
155 1 161 7
164 1 170 7
194 1 200 7
18 3 24 9
86 3 92 9
105 3 111 9
142 3 148 9
143 3 149 9
52 4 58 10
97 4 103 10
184 4 190 10
15 5 21 11
102 5 108 11
152 5 158 11
17 6 23 12
172 6 178 12
38 7 44 13
86 7 92 13
118 7 124 13
148 8 154 14
163 8 169 14
4 9 10 15
20 9 26 15
112 9 118 15
186 9 192 15
163 13 169 19
164 13 170 19
77 14 83 20
85 14 91 20
97 14 103 20
104 14 110 20
181 14 187 20
4 15 10 21
155 15 161 21
-2 16 4 22
128 16 134 22
5 17 11 23
46 17 52 23
80 17 86 23
168 17 174 23
175 17 181 23
179 17 185 23
100 18 106 24
121 19 127 25
159 19 165 25
49 20 55 26
120 20 126 26
54 21 60 27
107 21 113 27
191 21 197 27
6 22 12 28
41 22 47 28
114 22 120 28
161 22 167 28
30 23 36 29
60 23 66 29
72 23 78 29
80 23 86 29
172 23 178 29
113 24 119 30
125 24 131 30
192 26 198 32
46 27 52 33
143 27 149 33
6 28 12 34
26 28 32 34
158 28 164 34
186 28 192 34
29 29 35 35
83 29 89 35
108 29 114 35
185 29 191 35
82 30 88 36
45 31 51 37
79 31 85 37
108 33 114 39
46 34 52 40
85 34 91 40
101 34 107 40
132 34 138 40
156 34 162 40
193 34 199 40
31 35 37 41
149 35 155 41
164 35 170 41
187 35 193 41
63 36 69 42
184 36 190 42
78 37 84 43
54 38 60 44
78 38 84 44
115 38 121 44
121 38 127 44
166 38 172 44
194 38 200 44
0 39 6 45
21 39 27 45
65 39 71 45
176 39 182 45
85 40 91 46
99 40 105 46
149 40 155 46
164 40 170 46
36 41 42 47
41 41 47 47
47 41 53 47
59 41 65 47
170 41 176 47
86 42 92 48
58 44 64 50
38 45 44 51
116 45 122 51
157 45 163 51
41 46 47 52
59 46 65 52
86 46 92 52
143 46 149 52
12 48 18 54
107 48 113 54
169 48 175 54
132 49 138 55
58 50 64 56
129 51 135 57
-2 52 4 58
78 52 84 58
135 52 141 58
156 52 162 58
28 53 34 59
104 53 110 59
124 53 130 59
176 53 182 59
54 54 60 60
80 54 86 60
-3 55 3 61
189 55 195 61
21 56 27 62
43 56 49 62
64 56 70 62
93 56 99 62
90 57 96 63
101 57 107 63
-3 58 3 64
76 58 82 64
132 58 138 64
6 59 12 65
9 59 15 65
21 60 27 66
58 61 64 67
113 61 119 67
137 61 143 67
194 61 200 67
16 62 22 68
107 62 113 68
147 62 153 68
152 62 158 68
161 62 167 68
170 62 176 68
19 63 25 69
56 63 62 69
125 64 131 70
81 65 87 71
1 66 7 72
10 66 16 72
64 66 70 72
115 66 121 72
151 66 157 72
165 66 171 72
55 67 61 73
62 67 68 73
119 67 125 73
160 67 166 73
189 67 195 73
3 68 9 74
109 69 115 75
24 70 30 76
40 70 46 76
87 70 93 76
99 70 105 76
102 70 108 76
110 70 116 76
140 70 146 76
166 70 172 76
24 71 30 77
119 71 125 77
19 72 25 78
43 72 49 78
106 72 112 78
142 72 148 78
26 73 32 79
132 73 138 79
162 73 168 79
1 74 7 80
46 75 52 81
56 75 62 81
63 75 69 81
112 75 118 81
152 75 158 81
122 76 128 82
171 76 177 82
81 77 87 83
113 77 119 83
170 77 176 83
177 77 183 83
195 77 201 83
43 78 49 84
84 78 90 84
97 78 103 84
121 78 127 84
125 78 131 84
165 78 171 84
183 78 189 84
77 79 83 85
85 79 91 85
124 79 130 85
27 80 33 86
35 80 41 86
79 80 85 86
111 80 117 86
142 82 148 88
154 82 160 88
73 83 79 89
123 83 129 89
137 84 143 90
28 85 34 91
174 85 180 91
30 86 36 92
120 87 126 93
128 87 134 93
179 87 185 93
34 88 40 94
64 88 70 94
112 88 118 94
190 88 196 94
171 89 177 95
90 90 96 96
125 90 131 96
127 90 133 96
137 90 143 96
148 90 154 96
194 90 200 96
175 91 181 97
38 92 44 98
162 92 168 98
167 92 173 98
20 93 26 99
71 93 77 99
91 93 97 99
154 93 160 99
12 94 18 100
30 94 36 100
81 94 87 100
160 94 166 100
4 95 10 101
41 95 47 101
92 95 98 101
106 95 112 101
78 96 84 102
144 96 150 102
149 96 155 102
0 97 6 103
49 97 55 103
90 97 96 103
107 97 113 103
172 97 178 103
28 98 34 104
125 98 131 104
145 98 151 104
50 99 56 105
70 99 76 105
95 99 101 105
116 99 122 105
136 99 142 105
132 100 138 106
22 101 28 107
3 102 9 108
14 102 20 108
87 102 93 108
94 102 100 108
125 102 131 108
102 104 108 110
103 104 109 110
118 104 124 110
139 104 145 110
178 104 184 110
40 105 46 111
57 105 63 111
69 105 75 111
142 105 148 111
168 105 174 111
56 106 62 112
83 106 89 112
193 106 199 112
80 107 86 113
170 107 176 113
189 107 195 113
41 108 47 114
117 108 123 114
69 109 75 115
74 109 80 115
141 109 147 115
149 109 155 115
67 110 73 116
114 110 120 116
130 110 136 116
22 111 28 117
100 111 106 117
102 111 108 117
-3 112 3 118
64 112 70 118
99 112 105 118
159 112 165 118
174 113 180 119
74 114 80 120
114 114 120 120
187 114 193 120
108 115 114 121
151 115 157 121
158 115 164 121
195 115 201 121
79 116 85 122
97 116 103 122
14 117 20 123
96 117 102 123
6 118 12 124
23 119 29 125
189 119 195 125
146 120 152 126
44 121 50 127
47 122 53 128
115 122 121 128
33 123 39 129
43 123 49 129
83 123 89 129
91 123 97 129
97 123 103 129
104 123 110 129
173 123 179 129
193 123 199 129
6 124 12 130
46 124 52 130
36 125 42 131
89 125 95 131
140 125 146 131
170 125 176 131
59 126 65 132
76 126 82 132
137 126 143 132
37 127 43 133
66 127 72 133
115 127 121 133
136 127 142 133
2 128 8 134
31 129 37 135
147 129 153 135
176 129 182 135
-1 130 5 136
124 130 130 136
162 130 168 136
15 131 21 137
135 131 141 137
165 132 171 138
174 132 180 138
191 134 197 140
99 135 105 141
116 135 122 141
195 135 201 141
14 136 20 142
40 136 46 142
53 136 59 142
64 136 70 142
68 137 74 143
90 137 96 143
29 138 35 144
77 138 83 144
83 138 89 144
181 138 187 144
172 139 178 145
131 140 137 146
26 141 32 147
75 142 81 148
90 142 96 148
10 143 16 149
122 143 128 149
150 143 156 149
105 145 111 151
140 145 146 151
154 145 160 151
45 146 51 152
111 146 117 152
146 146 152 152
172 146 178 152
158 147 164 153
171 147 177 153
14 148 20 154
79 148 85 154
135 148 141 154
74 149 80 155
85 149 91 155
127 149 133 155
189 149 195 155
20 150 26 156
114 150 120 156
133 150 139 156
12 151 18 157
96 151 102 157
99 151 105 157
107 152 113 158
128 152 134 158
-2 153 4 159
122 153 128 159
131 154 137 160
142 154 148 160
19 155 25 161
116 155 122 161
186 155 192 161
194 155 200 161
12 156 18 162
40 156 46 162
58 156 64 162
2 157 8 163
47 157 53 163
87 157 93 163
128 157 134 163
35 158 41 164
46 158 52 164
96 158 102 164
155 158 161 164
147 159 153 165
23 160 29 166
44 160 50 166
58 160 64 166
114 160 120 166
170 160 176 166
16 161 22 167
73 161 79 167
110 161 116 167
187 161 193 167
98 162 104 168
154 162 160 168
193 162 199 168
29 163 35 169
164 163 170 169
91 164 97 170
97 164 103 170
161 164 167 170
170 164 176 170
18 165 24 171
44 165 50 171
177 165 183 171
186 166 192 172
159 167 165 173
-1 168 5 174
133 168 139 174
72 169 78 175
-3 170 3 176
38 170 44 176
148 171 154 177
51 172 57 178
152 172 158 178
103 173 109 179
142 174 148 180
189 174 195 180
33 176 39 182
82 176 88 182
138 177 144 183
35 178 41 184
194 178 200 184
66 179 72 185
90 179 96 185
144 179 150 185
56 180 62 186
179 180 185 186
104 181 110 187
130 181 136 187
143 181 149 187
5 182 11 188
141 182 147 188
186 182 192 188
70 183 76 189
78 183 84 189
117 183 123 189
114 185 120 191
167 185 173 191
2 186 8 192
145 186 151 192
178 187 184 193
191 187 197 193
32 188 38 194
161 188 167 194
171 188 177 194
3 189 9 195
84 189 90 195
97 189 103 195
103 189 109 195
164 189 170 195
35 191 41 197
59 192 65 198
114 192 120 198
119 192 125 198
23 193 29 199
32 193 38 199
41 193 47 199
99 194 105 200
177 195 183 201
-1 196 5 202
73 196 79 202
103 196 109 202
139 196 145 202
