386
52 -3 58 3
190 -3 196 3
1 -2 7 4
101 -2 107 4
176 -2 182 4
68 -1 74 5
46 0 52 6
144 0 150 6
36 1 42 7
155 1 161 7
164 1 170 7
194 1 200 7
105 3 111 9
52 4 58 10
80 4 86 10
98 4 104 10
121 4 127 10
184 4 190 10
101 5 107 11
38 7 44 13
148 8 154 14
163 8 169 14
4 9 10 15
20 9 26 15
45 9 51 15
112 9 118 15
185 9 191 15
29 11 35 17
167 11 173 17
150 13 156 19
85 14 91 20
97 15 103 21
155 15 161 21
180 15 186 21
-2 16 4 22
180 16 186 22
46 17 52 23
80 17 86 23
100 17 106 23
175 17 181 23
26 18 32 24
49 19 55 25
159 20 165 26
32 21 38 27
54 21 60 27
161 21 167 27
191 21 197 27
6 22 12 28
41 22 47 28
30 23 36 29
72 23 78 29
172 23 178 29
60 24 66 30
125 24 131 30
150 24 156 30
52 25 58 31
192 26 198 32
46 27 52 33
59 27 65 33
143 27 149 33
6 28 12 34
27 28 33 34
28 29 34 35
108 29 114 35
130 29 136 35
148 29 154 35
45 31 51 37
80 31 86 37
85 34 91 40
101 34 107 40
156 34 162 40
31 35 37 41
149 35 155 41
188 35 194 41
193 35 199 41
165 36 171 42
63 37 69 43
54 38 60 44
115 38 121 44
121 38 127 44
160 38 166 44
165 38 171 44
194 38 200 44
21 39 27 45
176 39 182 45
99 40 105 46
149 40 155 46
164 40 170 46
27 41 33 47
41 41 47 47
47 41 53 47
59 41 65 47
170 41 176 47
78 42 84 48
118 44 124 50
2 45 8 51
38 45 44 51
59 45 65 51
117 45 123 51
157 45 163 51
40 46 46 52
143 46 149 52
12 48 18 54
92 48 98 54
169 48 175 54
189 48 195 54
132 49 138 55
58 50 64 56
129 51 135 57
-2 52 4 58
75 52 81 58
135 52 141 58
156 52 162 58
28 53 34 59
103 53 109 59
124 53 130 59
177 53 183 59
54 54 60 60
43 56 49 62
92 56 98 62
76 57 82 63
91 57 97 63
101 57 107 63
132 58 138 64
113 60 119 66
137 61 143 67
195 61 201 67
17 62 23 68
107 62 113 68
147 62 153 68
152 62 158 68
161 62 167 68
170 62 176 68
125 64 131 70
9 66 15 72
16 66 22 72
115 66 121 72
151 66 157 72
165 66 171 72
55 67 61 73
119 67 125 73
189 67 195 73
40 70 46 76
87 70 93 76
100 70 106 76
166 70 172 76
102 71 108 77
119 71 125 77
43 72 49 78
106 72 112 78
19 73 25 79
132 73 138 79
163 73 169 79
46 74 52 80
1 75 7 81
63 75 69 81
108 75 114 81
152 75 158 81
122 76 128 82
195 76 201 82
81 77 87 83
177 77 183 83
43 78 49 84
166 78 172 84
183 78 189 84
34 80 40 86
104 80 110 86
112 80 118 86
190 81 196 87
142 82 148 88
153 82 159 88
46 83 52 89
73 83 79 89
-3 84 3 90
137 84 143 90
174 85 180 91
120 87 126 93
128 87 134 93
34 88 40 94
64 88 70 94
112 88 118 94
190 88 196 94
171 89 177 95
137 90 143 96
148 90 154 96
194 90 200 96
175 91 181 97
39 92 45 98
162 92 168 98
167 92 173 98
19 93 25 99
71 93 77 99
91 93 97 99
12 94 18 100
160 94 166 100
30 95 36 101
41 95 47 101
92 95 98 101
79 96 85 102
149 96 155 102
172 96 178 102
1 97 7 103
28 97 34 103
90 97 96 103
193 98 199 104
70 99 76 105
136 99 142 105
125 100 131 106
131 100 137 106
22 101 28 107
14 102 20 108
3 103 9 109
118 104 124 110
139 104 145 110
69 105 75 111
141 105 147 111
168 105 174 111
193 106 199 112
169 107 175 113
189 107 195 113
117 108 123 114
141 109 147 115
149 109 155 115
160 109 166 115
185 109 191 115
1 110 7 116
118 110 124 116
130 110 136 116
143 111 149 117
99 112 105 118
158 114 164 120
187 114 193 120
108 115 114 121
151 115 157 121
79 116 85 122
23 119 29 125
146 119 152 125
189 119 195 125
83 122 89 128
120 122 126 128
91 123 97 129
97 123 103 129
173 123 179 129
193 123 199 129
6 124 12 130
73 124 79 130
89 125 95 131
140 125 146 131
170 125 176 131
60 126 66 132
76 126 82 132
115 127 121 133
66 128 72 134
160 128 166 134
1 129 7 135
176 129 182 135
0 130 6 136
162 130 168 136
15 131 21 137
124 131 130 137
135 131 141 137
174 131 180 137
165 132 171 138
117 133 123 139
125 134 131 140
116 135 122 141
14 136 20 142
40 136 46 142
47 136 53 142
52 136 58 142
64 136 70 142
68 137 74 143
90 137 96 143
149 137 155 143
29 138 35 144
37 138 43 144
77 138 83 144
180 138 186 144
83 139 89 145
131 140 137 146
26 141 32 147
43 141 49 147
75 142 81 148
90 142 96 148
9 143 15 149
69 143 75 149
122 143 128 149
150 143 156 149
63 145 69 151
105 145 111 151
140 145 146 151
154 145 160 151
45 146 51 152
111 146 117 152
146 146 152 152
157 147 163 153
14 148 20 154
74 149 80 155
85 149 91 155
127 150 133 156
133 150 139 156
193 150 199 156
12 151 18 157
20 151 26 157
25 151 31 157
100 151 106 157
114 151 120 157
128 151 134 157
107 152 113 158
122 153 128 159
-2 154 4 160
116 154 122 160
130 154 136 160
186 155 192 161
194 155 200 161
41 156 47 162
2 157 8 163
58 157 64 163
128 157 134 163
35 158 41 164
96 158 102 164
147 159 153 165
155 159 161 165
170 159 176 165
23 160 29 166
44 160 50 166
114 160 120 166
16 161 22 167
110 161 116 167
154 161 160 167
187 161 193 167
29 163 35 169
40 163 46 169
165 163 171 169
91 164 97 170
170 164 176 170
18 165 24 171
85 165 91 171
161 165 167 171
177 165 183 171
186 166 192 172
160 167 166 173
72 169 78 175
81 171 87 177
149 171 155 177
51 172 57 178
61 173 67 179
103 173 109 179
189 174 195 180
82 176 88 182
138 177 144 183
66 179 72 185
90 179 96 185
55 180 61 186
75 180 81 186
104 181 110 187
129 181 135 187
141 181 147 187
5 182 11 188
182 182 188 188
70 183 76 189
78 183 84 189
117 183 123 189
114 185 120 191
167 185 173 191
145 186 151 192
171 187 177 193
178 187 184 193
192 187 198 193
84 189 90 195
97 189 103 195
103 189 109 195
35 190 41 196
-3 192 3 198
59 192 65 198
114 192 120 198
119 192 125 198
23 193 29 199
162 194 168 200
82 195 88 201
177 195 183 201
-1 196 5 202
73 196 79 202
102 196 108 202
139 196 145 202
166 196 172 202
