347
139 -3 145 3
190 -3 196 3
101 -2 107 4
176 -2 182 4
4 -1 10 5
46 -1 52 5
99 -1 105 5
144 0 150 6
36 1 42 7
155 1 161 7
164 1 170 7
194 1 200 7
105 3 111 9
52 4 58 10
81 4 87 10
99 4 105 10
100 5 106 11
152 5 158 11
184 5 190 11
172 6 178 12
38 7 44 13
148 8 154 14
163 8 169 14
5 9 11 15
20 9 26 15
45 9 51 15
111 9 117 15
185 9 191 15
167 11 173 17
151 13 157 19
76 14 82 20
85 14 91 20
98 15 104 21
155 15 161 21
-2 16 4 22
47 17 53 23
80 17 86 23
100 17 106 23
175 17 181 23
26 18 32 24
141 20 147 26
31 21 37 27
107 21 113 27
191 21 197 27
6 22 12 28
30 22 36 28
41 22 47 28
172 22 178 28
72 23 78 29
60 24 66 30
125 24 131 30
150 24 156 30
59 26 65 32
192 26 198 32
46 27 52 33
143 27 149 33
6 28 12 34
109 29 115 35
148 29 154 35
53 31 59 37
80 31 86 37
85 34 91 40
101 34 107 40
156 34 162 40
31 35 37 41
188 35 194 41
193 35 199 41
149 36 155 42
63 37 69 43
178 37 184 43
65 38 71 44
115 38 121 44
121 38 127 44
160 38 166 44
194 38 200 44
0 39 6 45
21 39 27 45
149 39 155 45
176 39 182 45
85 40 91 46
27 41 33 47
40 41 46 47
47 41 53 47
59 41 65 47
78 42 84 48
170 42 176 48
2 45 8 51
157 45 163 51
143 46 149 52
107 47 113 53
12 48 18 54
92 48 98 54
169 48 175 54
-2 52 4 58
75 52 81 58
135 52 141 58
156 52 162 58
28 53 34 59
102 53 108 59
124 53 130 59
177 53 183 59
54 54 60 60
43 56 49 62
101 57 107 63
132 58 138 64
113 60 119 66
137 61 143 67
196 61 202 67
108 62 114 68
147 62 153 68
161 62 167 68
152 63 158 69
170 63 176 69
17 64 23 70
125 64 131 70
16 65 22 71
1 66 7 72
9 66 15 72
115 66 121 72
165 66 171 72
55 67 61 73
119 67 125 73
160 67 166 73
189 67 195 73
3 68 9 74
40 70 46 76
87 70 93 76
140 70 146 76
166 70 172 76
119 71 125 77
43 72 49 78
106 72 112 78
18 73 24 79
27 73 33 79
45 74 51 80
152 74 158 80
1 75 7 81
63 75 69 81
108 75 114 81
122 76 128 82
195 76 201 82
81 77 87 83
177 77 183 83
43 78 49 84
97 78 103 84
166 78 172 84
183 78 189 84
34 80 40 86
104 80 110 86
112 80 118 86
190 81 196 87
121 82 127 88
142 82 148 88
153 82 159 88
46 83 52 89
123 83 129 89
137 84 143 90
120 87 126 93
128 87 134 93
34 88 40 94
64 88 70 94
112 88 118 94
190 88 196 94
171 89 177 95
137 90 143 96
149 90 155 96
194 90 200 96
175 91 181 97
39 92 45 98
162 92 168 98
167 92 173 98
19 93 25 99
71 93 77 99
12 94 18 100
160 94 166 100
3 95 9 101
41 95 47 101
92 95 98 101
149 96 155 102
172 96 178 102
28 97 34 103
90 97 96 103
193 98 199 104
136 99 142 105
70 100 76 106
130 100 136 106
22 101 28 107
125 101 131 107
14 102 20 108
69 104 75 110
139 104 145 110
141 105 147 111
193 106 199 112
189 107 195 113
118 108 124 114
74 109 80 115
141 109 147 115
148 109 154 115
186 109 192 115
1 110 7 116
118 110 124 116
160 110 166 116
143 111 149 117
100 112 106 118
159 112 165 118
74 113 80 119
108 115 114 121
151 115 157 121
79 116 85 122
112 117 118 123
6 118 12 124
146 119 152 125
189 119 195 125
83 122 89 128
120 122 126 128
33 123 39 129
97 123 103 129
104 123 110 129
173 123 179 129
193 123 199 129
6 124 12 130
91 124 97 130
170 125 176 131
61 126 67 132
76 126 82 132
115 126 121 132
166 127 172 133
31 129 37 135
160 129 166 135
161 130 167 136
15 131 21 137
135 131 141 137
165 132 171 138
99 135 105 141
14 136 20 142
39 136 45 142
48 136 54 142
51 136 57 142
65 136 71 142
90 137 96 143
29 138 35 144
37 138 43 144
77 138 83 144
149 138 155 144
180 138 186 144
83 139 89 145
172 139 178 145
131 140 137 146
7 141 13 147
26 141 32 147
43 141 49 147
69 142 75 148
90 142 96 148
8 143 14 149
75 143 81 149
122 143 128 149
150 143 156 149
45 145 51 151
104 145 110 151
141 145 147 151
154 145 160 151
111 146 117 152
156 147 162 153
14 148 20 154
74 148 80 154
85 149 91 155
190 149 196 155
133 150 139 156
192 150 198 156
12 151 18 157
20 151 26 157
96 151 102 157
100 151 106 157
107 152 113 158
114 152 120 158
122 153 128 159
-2 154 4 160
116 154 122 160
130 154 136 160
194 155 200 161
12 156 18 162
41 156 47 162
128 156 134 162
2 157 8 163
96 158 102 164
35 159 41 165
147 159 153 165
170 159 176 165
23 160 29 166
114 160 120 166
16 161 22 167
38 161 44 167
73 161 79 167
111 161 117 167
187 161 193 167
29 163 35 169
165 163 171 169
18 164 24 170
91 164 97 170
170 164 176 170
85 165 91 171
186 166 192 172
133 168 139 174
72 169 78 175
38 170 44 176
81 171 87 177
149 171 155 177
52 172 58 178
151 172 157 178
61 173 67 179
103 173 109 179
143 174 149 180
189 174 195 180
82 176 88 182
105 176 111 182
138 177 144 183
66 179 72 185
90 179 96 185
55 180 61 186
75 180 81 186
141 180 147 186
179 180 185 186
104 181 110 187
129 181 135 187
70 182 76 188
182 182 188 188
116 183 122 189
78 184 84 190
114 185 120 191
181 185 187 191
145 186 151 192
171 187 177 193
179 187 185 193
192 187 198 193
84 189 90 195
97 189 103 195
103 189 109 195
59 192 65 198
114 192 120 198
119 192 125 198
23 193 29 199
163 194 169 200
82 195 88 201
177 195 183 201
-1 196 5 202
73 196 79 202
165 196 171 202
