665
53 -3 59 3
122 -3 128 3
190 -3 196 3
1 -2 7 4
101 -2 107 4
175 -2 181 4
4 0 10 6
16 0 22 6
46 0 52 6
115 0 121 6
37 1 43 7
117 1 123 7
122 1 128 7
155 1 161 7
164 1 170 7
194 1 200 7
-2 3 4 9
18 3 24 9
105 3 111 9
122 3 128 9
141 3 147 9
144 3 150 9
80 4 86 10
183 4 189 10
15 5 21 11
52 5 58 11
102 5 108 11
152 5 158 11
187 5 193 11
172 6 178 12
187 6 193 12
86 7 92 13
117 7 123 13
163 7 169 13
23 8 29 14
57 8 63 14
148 8 154 14
4 9 10 15
25 9 31 15
56 9 62 15
113 9 119 15
132 9 138 15
186 9 192 15
20 10 26 16
29 10 35 16
121 10 127 16
10 11 16 17
120 11 126 17
10 12 16 18
163 12 169 18
97 13 103 19
149 13 155 19
167 13 173 19
77 14 83 20
85 14 91 20
102 14 108 20
164 14 170 20
181 14 187 20
4 15 10 21
128 15 134 21
155 15 161 21
-2 16 4 22
17 16 23 22
18 16 24 22
46 16 52 22
107 16 113 22
143 16 149 22
152 16 158 22
188 16 194 22
5 17 11 23
23 17 29 23
110 17 116 23
131 17 137 23
167 17 173 23
175 17 181 23
179 17 185 23
26 18 32 24
59 18 65 24
100 18 106 24
121 18 127 24
22 19 28 25
60 19 66 25
141 19 147 25
158 19 164 25
49 20 55 26
168 20 174 26
33 21 39 27
54 21 60 27
120 21 126 27
6 22 12 28
42 22 48 28
79 22 85 28
161 22 167 28
61 23 67 29
72 23 78 29
172 23 178 29
80 24 86 30
112 24 118 30
124 24 130 30
52 25 58 31
71 25 77 31
71 26 77 32
192 26 198 32
46 27 52 33
58 27 64 33
143 27 149 33
156 27 162 33
186 27 192 33
6 28 12 34
26 28 32 34
159 28 165 34
29 29 35 35
84 29 90 35
108 29 114 35
148 29 154 35
82 30 88 36
13 31 19 37
53 31 59 37
79 31 85 37
27 32 33 38
28 32 34 38
13 33 19 39
85 33 91 39
46 34 52 40
101 34 107 40
108 34 114 40
149 34 155 40
193 34 199 40
31 35 37 41
187 35 193 41
45 36 51 42
63 36 69 42
184 36 190 42
76 37 82 43
179 37 185 43
54 38 60 44
79 38 85 44
115 38 121 44
121 38 127 44
160 38 166 44
186 38 192 44
194 38 200 44
65 39 71 45
176 39 182 45
21 40 27 46
85 40 91 46
99 40 105 46
107 40 113 46
164 40 170 46
27 41 33 47
36 41 42 47
41 41 47 47
59 41 65 47
170 41 176 47
47 42 53 48
78 42 84 48
86 42 92 48
71 43 77 49
58 44 64 50
120 44 126 50
2 45 8 51
157 45 163 51
38 46 44 52
42 46 48 52
59 46 65 52
86 46 92 52
143 46 149 52
48 47 54 53
12 48 18 54
92 48 98 54
107 48 113 54
132 48 138 54
169 48 175 54
189 48 195 54
47 49 53 55
58 50 64 56
78 51 84 57
88 51 94 57
129 51 135 57
-2 52 4 58
14 52 20 58
75 52 81 58
91 52 97 58
135 52 141 58
156 52 162 58
14 53 20 59
28 53 34 59
35 53 41 59
104 53 110 59
124 53 130 59
175 53 181 59
54 54 60 60
80 54 86 60
-3 55 3 61
169 55 175 61
21 56 27 62
43 56 49 62
64 56 70 62
168 56 174 62
187 56 193 62
100 57 106 63
-2 58 4 64
30 58 36 64
76 58 82 64
132 58 138 64
5 59 11 65
21 61 27 67
58 61 64 67
137 61 143 67
184 61 190 67
194 61 200 67
16 62 22 68
19 62 25 68
26 62 32 68
29 62 35 68
107 62 113 68
113 62 119 68
153 62 159 68
161 62 167 68
170 62 176 68
56 63 62 69
147 63 153 69
125 64 131 70
64 65 70 71
81 65 87 71
1 66 7 72
10 66 16 72
19 66 25 72
115 66 121 72
119 66 125 72
150 66 156 72
165 66 171 72
16 67 22 73
55 67 61 73
160 67 166 73
189 67 195 73
3 68 9 74
62 68 68 74
109 68 115 74
154 69 160 75
157 69 163 75
40 70 46 76
87 70 93 76
98 70 104 76
102 70 108 76
140 70 146 76
166 70 172 76
23 71 29 77
110 71 116 77
119 71 125 77
19 72 25 78
43 72 49 78
142 72 148 78
26 73 32 79
52 73 58 79
132 73 138 79
1 74 7 80
54 74 60 80
46 75 52 81
57 75 63 81
63 75 69 81
108 75 114 81
112 75 118 81
152 75 158 81
122 76 128 82
172 76 178 82
48 77 54 83
170 77 176 83
177 77 183 83
16 78 22 84
43 78 49 84
97 78 103 84
121 78 127 84
125 78 131 84
165 78 171 84
183 78 189 84
24 79 30 85
77 79 83 85
85 79 91 85
27 80 33 86
31 80 37 86
48 80 54 86
80 80 86 86
111 80 117 86
120 80 126 86
124 80 130 86
32 81 38 87
35 81 41 87
104 81 110 87
23 82 29 88
37 82 43 88
119 82 125 88
142 82 148 88
154 82 160 88
24 83 30 89
45 83 51 89
73 83 79 89
114 83 120 89
123 83 129 89
-3 84 3 90
36 84 42 90
49 84 55 90
51 84 57 90
68 84 74 90
113 84 119 90
137 84 143 90
28 85 34 91
30 87 36 93
120 87 126 93
128 87 134 93
179 87 185 93
34 88 40 94
100 88 106 94
102 88 108 94
112 88 118 94
190 88 196 94
90 89 96 95
148 89 154 95
171 89 177 95
124 90 130 96
137 90 143 96
194 90 200 96
127 91 133 97
175 91 181 97
38 92 44 98
162 92 168 98
12 93 18 99
46 93 52 99
65 93 71 99
71 93 77 99
91 93 97 99
154 93 160 99
20 94 26 100
30 94 36 100
44 94 50 100
64 94 70 100
81 94 87 100
160 94 166 100
191 94 197 100
5 95 11 101
41 95 47 101
93 95 99 101
78 96 84 102
90 96 96 102
143 96 149 102
149 96 155 102
192 96 198 102
0 97 6 103
108 97 114 103
169 97 175 103
172 97 178 103
28 98 34 104
84 98 90 104
95 98 101 104
124 98 130 104
145 98 151 104
70 99 76 105
120 99 126 105
135 99 141 105
193 99 199 105
50 100 56 106
60 100 66 106
111 100 117 106
132 100 138 106
22 101 28 107
59 101 65 107
88 101 94 107
3 102 9 108
14 102 20 108
125 102 131 108
87 103 93 109
94 103 100 109
101 104 107 110
118 104 124 110
126 104 132 110
139 104 145 110
178 104 184 110
69 105 75 111
83 106 89 112
176 106 182 112
193 106 199 112
56 107 62 113
80 107 86 113
170 107 176 113
117 108 123 114
41 109 47 115
62 109 68 115
69 109 75 115
74 109 80 115
149 109 155 115
184 109 190 115
1 110 7 116
66 110 72 116
100 110 106 116
114 110 120 116
130 110 136 116
16 111 22 117
23 111 29 117
102 111 108 117
118 111 124 117
-3 112 3 118
64 112 70 118
159 112 165 118
138 113 144 119
74 114 80 120
115 114 121 120
134 114 140 120
187 114 193 120
109 115 115 121
151 115 157 121
158 115 164 121
194 115 200 121
98 116 104 122
13 117 19 123
95 117 101 123
111 117 117 123
6 118 12 124
189 119 195 125
146 120 152 126
1 121 7 127
44 121 50 127
47 122 53 128
115 122 121 128
120 122 126 128
2 123 8 129
33 123 39 129
42 123 48 129
67 123 73 129
97 123 103 129
193 123 199 129
68 124 74 130
73 124 79 130
83 124 89 130
114 124 120 130
7 125 13 131
36 125 42 131
46 125 52 131
89 125 95 131
140 125 146 131
150 125 156 131
170 125 176 131
59 126 65 132
137 126 143 132
144 126 150 132
-2 127 4 133
0 127 6 133
8 127 14 133
38 127 44 133
66 127 72 133
115 127 121 133
166 127 172 133
125 128 131 134
158 128 164 134
31 129 37 135
124 129 130 135
176 129 182 135
-1 130 5 136
15 131 21 137
22 131 28 137
124 131 130 137
135 131 141 137
23 132 29 138
118 132 124 138
173 132 179 138
45 133 51 139
47 133 53 139
165 133 171 139
191 134 197 140
82 135 88 141
125 135 131 141
195 135 201 141
14 136 20 142
40 136 46 142
46 136 52 142
53 136 59 142
64 136 70 142
83 136 89 142
116 136 122 142
68 137 74 143
74 137 80 143
90 137 96 143
149 137 155 143
29 138 35 144
37 138 43 144
74 138 80 144
181 138 187 144
83 139 89 145
172 139 178 145
5 140 11 146
117 140 123 146
131 140 137 146
26 141 32 147
75 141 81 147
118 141 124 147
90 142 96 148
11 143 17 149
69 143 75 149
122 143 128 149
150 143 156 149
134 145 140 151
154 145 160 151
45 146 51 152
111 146 117 152
172 146 178 152
80 147 86 153
158 147 164 153
14 148 20 154
103 148 109 154
105 148 111 154
135 148 141 154
171 148 177 154
20 149 26 155
74 149 80 155
79 149 85 155
85 149 91 155
114 149 120 155
188 149 194 155
45 150 51 156
96 150 102 156
133 150 139 156
159 150 165 156
194 150 200 156
54 151 60 157
99 151 105 157
25 152 31 158
37 152 43 158
53 152 59 158
95 152 101 158
158 152 164 158
-2 153 4 159
36 153 42 159
122 153 128 159
85 154 91 160
131 154 137 160
142 154 148 160
152 154 158 160
154 154 160 160
58 155 64 161
95 155 101 161
116 155 122 161
186 155 192 161
194 155 200 161
40 156 46 162
47 156 53 162
68 156 74 162
2 157 8 163
35 157 41 163
128 157 134 163
46 158 52 164
69 158 75 164
83 158 89 164
85 158 91 164
96 158 102 164
142 158 148 164
23 159 29 165
147 159 153 165
44 160 50 166
51 160 57 166
114 160 120 166
133 160 139 166
170 160 176 166
16 161 22 167
38 161 44 167
58 161 64 167
73 161 79 167
110 161 116 167
187 161 193 167
191 161 197 167
62 162 68 168
98 162 104 168
132 162 138 168
154 162 160 168
0 163 6 169
29 163 35 169
114 163 120 169
164 163 170 169
40 164 46 170
45 164 51 170
91 164 97 170
97 164 103 170
161 164 167 170
170 164 176 170
18 165 24 171
43 165 49 171
85 165 91 171
177 165 183 171
186 166 192 172
95 167 101 173
159 167 165 173
-1 168 5 174
70 168 76 174
133 168 139 174
71 169 77 175
73 169 79 175
-3 170 3 176
38 170 44 176
81 171 87 177
51 172 57 178
61 173 67 179
98 173 104 179
104 173 110 179
142 174 148 180
189 174 195 180
33 176 39 182
82 176 88 182
118 176 124 182
-3 178 3 184
35 178 41 184
90 178 96 184
66 179 72 185
118 179 124 185
144 179 150 185
194 179 200 185
56 180 62 186
75 180 81 186
179 180 185 186
43 181 49 187
104 181 110 187
130 181 136 187
156 181 162 187
186 181 192 187
51 182 57 188
78 182 84 188
141 182 147 188
183 182 189 188
117 183 123 189
70 184 76 190
187 184 193 190
115 185 121 191
167 185 173 191
181 185 187 191
146 186 152 192
32 187 38 193
178 187 184 193
191 187 197 193
161 188 167 194
171 188 177 194
3 189 9 195
9 189 15 195
84 189 90 195
97 189 103 195
103 189 109 195
164 190 170 196
175 190 181 196
35 191 41 197
173 191 179 197
42 192 48 198
59 192 65 198
114 192 120 198
119 192 125 198
151 192 157 198
32 193 38 199
72 193 78 199
150 193 156 199
52 194 58 200
100 194 106 200
162 194 168 200
41 195 47 201
54 195 60 201
177 195 183 201
-1 196 5 202
73 196 79 202
82 196 88 202
103 196 109 202
167 196 173 202
