465
53 -3 59 3
190 -3 196 3
1 -2 7 4
68 -1 74 5
4 0 10 6
46 0 52 6
145 0 151 6
17 1 23 7
37 1 43 7
155 1 161 7
164 1 170 7
194 1 200 7
105 3 111 9
121 3 127 9
80 4 86 10
86 4 92 10
97 4 103 10
184 4 190 10
15 5 21 11
17 5 23 11
152 5 158 11
38 7 44 13
118 7 124 13
148 8 154 14
163 8 169 14
4 9 10 15
20 9 26 15
45 9 51 15
185 9 191 15
167 12 173 18
150 13 156 19
76 14 82 20
85 14 91 20
97 14 103 20
104 14 110 20
181 14 187 20
30 15 36 21
155 15 161 21
-2 16 4 22
105 16 111 22
46 17 52 23
80 17 86 23
131 17 137 23
175 17 181 23
26 18 32 24
100 18 106 24
49 19 55 25
159 19 165 25
141 20 147 26
32 21 38 27
54 21 60 27
107 21 113 27
191 21 197 27
6 22 12 28
114 22 120 28
161 22 167 28
30 23 36 29
60 23 66 29
72 23 78 29
172 23 178 29
113 24 119 30
125 24 131 30
150 24 156 30
52 25 58 31
192 26 198 32
46 27 52 33
58 27 64 33
143 27 149 33
6 28 12 34
26 28 32 34
29 29 35 35
108 29 114 35
130 29 136 35
148 29 154 35
82 30 88 36
83 30 89 36
45 31 51 37
53 31 59 37
79 31 85 37
108 33 114 39
85 34 91 40
101 34 107 40
156 34 162 40
193 34 199 40
31 35 37 41
187 35 193 41
184 36 190 42
63 37 69 43
186 37 192 43
54 38 60 44
115 38 121 44
121 38 127 44
160 38 166 44
165 38 171 44
194 38 200 44
0 39 6 45
21 39 27 45
65 39 71 45
176 39 182 45
85 40 91 46
99 40 105 46
149 40 155 46
164 40 170 46
27 41 33 47
41 41 47 47
47 41 53 47
59 41 65 47
170 41 176 47
78 42 84 48
86 42 92 48
58 44 64 50
119 44 125 50
38 45 44 51
86 45 92 51
116 45 122 51
59 46 65 52
143 46 149 52
12 48 18 54
169 48 175 54
189 48 195 54
132 49 138 55
129 51 135 57
-2 52 4 58
75 52 81 58
78 52 84 58
135 52 141 58
156 52 162 58
28 53 34 59
103 53 109 59
124 53 130 59
54 54 60 60
80 54 86 60
63 56 69 62
-3 57 3 63
62 57 68 63
90 57 96 63
101 57 107 63
76 58 82 64
132 58 138 64
7 59 13 65
9 59 15 65
21 60 27 66
57 61 63 67
113 61 119 67
137 61 143 67
183 61 189 67
195 61 201 67
16 62 22 68
107 62 113 68
147 62 153 68
161 62 167 68
56 63 62 69
125 64 131 70
10 66 16 72
64 66 70 72
115 66 121 72
165 66 171 72
55 67 61 73
62 67 68 73
119 67 125 73
160 67 166 73
189 67 195 73
40 70 46 76
87 70 93 76
140 70 146 76
166 70 172 76
119 71 125 77
43 72 49 78
142 72 148 78
19 73 25 79
26 73 32 79
132 73 138 79
143 74 149 80
1 75 7 81
63 75 69 81
108 75 114 81
112 75 118 81
152 75 158 81
122 76 128 82
81 77 87 83
113 77 119 83
177 77 183 83
195 77 201 83
43 78 49 84
97 78 103 84
166 78 172 84
183 78 189 84
78 79 84 85
79 79 85 85
120 79 126 85
25 80 31 86
27 80 33 86
104 80 110 86
111 80 117 86
190 81 196 87
120 82 126 88
142 82 148 88
154 82 160 88
46 83 52 89
73 83 79 89
123 83 129 89
-3 84 3 90
28 85 34 91
174 85 180 91
30 86 36 92
120 87 126 93
128 87 134 93
64 88 70 94
112 88 118 94
179 88 185 94
190 88 196 94
171 89 177 95
90 90 96 96
137 90 143 96
148 90 154 96
194 90 200 96
162 92 168 98
167 92 173 98
20 93 26 99
71 93 77 99
91 93 97 99
30 94 36 100
160 94 166 100
4 95 10 101
41 95 47 101
92 95 98 101
106 95 112 101
78 96 84 102
149 96 155 102
28 97 34 103
90 97 96 103
107 97 113 103
145 97 151 103
172 97 178 103
49 98 55 104
193 98 199 104
50 99 56 105
70 99 76 105
95 99 101 105
116 99 122 105
125 99 131 105
22 101 28 107
88 101 94 107
94 101 100 107
3 102 9 108
14 102 20 108
87 102 93 108
125 102 131 108
126 103 132 109
118 104 124 110
139 104 145 110
69 105 75 111
142 105 148 111
168 105 174 111
40 106 46 112
56 106 62 112
83 106 89 112
193 106 199 112
81 107 87 113
170 107 176 113
189 107 195 113
41 108 47 114
117 108 123 114
68 109 74 115
74 109 80 115
141 109 147 115
160 109 166 115
184 109 190 115
1 110 7 116
130 110 136 116
18 111 24 117
21 111 27 117
100 111 106 117
101 111 107 117
102 111 108 117
114 111 120 117
143 111 149 117
64 112 70 118
99 112 105 118
159 112 165 118
174 113 180 119
74 114 80 120
114 114 120 120
108 115 114 121
151 115 157 121
195 115 201 121
79 116 85 122
112 117 118 123
6 118 12 124
23 119 29 125
189 119 195 125
146 120 152 126
44 121 50 127
47 122 53 128
115 122 121 128
33 123 39 129
43 123 49 129
83 123 89 129
91 123 97 129
97 123 103 129
104 123 110 129
173 123 179 129
193 123 199 129
6 124 12 130
46 124 52 130
114 124 120 130
89 125 95 131
140 125 146 131
60 126 66 132
76 126 82 132
37 127 43 133
136 127 142 133
137 127 143 133
166 127 172 133
2 128 8 134
159 128 165 134
31 129 37 135
176 129 182 135
0 130 6 136
124 130 130 136
147 130 153 136
162 130 168 136
15 131 21 137
135 131 141 137
117 132 123 138
165 132 171 138
174 132 180 138
192 134 198 140
99 135 105 141
116 135 122 141
125 135 131 141
194 135 200 141
40 136 46 142
47 136 53 142
52 136 58 142
64 136 70 142
90 137 96 143
149 137 155 143
37 138 43 144
77 138 83 144
83 138 89 144
181 138 187 144
172 139 178 145
6 140 12 146
26 141 32 147
75 142 81 148
90 142 96 148
10 143 16 149
69 143 75 149
122 143 128 149
62 145 68 151
105 145 111 151
134 145 140 151
140 145 146 151
154 145 160 151
45 146 51 152
111 146 117 152
146 146 152 152
158 147 164 153
14 148 20 154
134 148 140 154
74 149 80 155
85 149 91 155
127 149 133 155
189 149 195 155
20 150 26 156
114 150 120 156
133 150 139 156
193 150 199 156
12 151 18 157
96 151 102 157
25 152 31 158
107 152 113 158
128 152 134 158
-2 153 4 159
122 153 128 159
130 154 136 160
142 155 148 161
12 156 18 162
40 156 46 162
58 156 64 162
2 157 8 163
87 157 93 163
128 157 134 163
142 157 148 163
35 158 41 164
96 158 102 164
155 158 161 164
147 159 153 165
170 159 176 165
23 160 29 166
44 160 50 166
114 160 120 166
16 161 22 167
38 161 44 167
73 161 79 167
110 161 116 167
187 161 193 167
192 161 198 167
154 162 160 168
29 163 35 169
40 163 46 169
97 163 103 169
98 163 104 169
91 164 97 170
161 164 167 170
170 164 176 170
18 165 24 171
85 165 91 171
177 165 183 171
186 166 192 172
159 167 165 173
133 168 139 174
-2 170 4 176
81 171 87 177
148 171 154 177
51 172 57 178
152 172 158 178
98 173 104 179
103 173 109 179
143 174 149 180
189 174 195 180
33 176 39 182
105 176 111 182
138 177 144 183
35 178 41 184
66 179 72 185
90 179 96 185
144 179 150 185
75 180 81 186
104 181 110 187
129 181 135 187
143 181 149 187
5 182 11 188
182 182 188 188
186 182 192 188
70 183 76 189
117 183 123 189
186 184 192 190
114 185 120 191
167 185 173 191
145 186 151 192
2 187 8 193
178 187 184 193
191 187 197 193
32 188 38 194
161 188 167 194
3 189 9 195
97 189 103 195
103 189 109 195
164 189 170 195
35 191 41 197
-3 192 3 198
31 192 37 198
114 192 120 198
119 192 125 198
23 193 29 199
32 193 38 199
162 194 168 200
82 195 88 201
177 195 183 201
-1 196 5 202
102 196 108 202
139 196 145 202
166 196 172 202
