876
9 -3 15 3
11 -3 17 3
53 -3 59 3
153 -3 159 3
190 -3 196 3
1 -2 7 4
101 -2 107 4
175 -2 181 4
68 -1 74 5
108 -1 114 5
153 -1 159 5
160 -1 166 5
4 0 10 6
46 0 52 6
115 0 121 6
162 0 168 6
37 1 43 7
117 1 123 7
122 1 128 7
155 1 161 7
164 1 170 7
86 2 92 8
-2 3 4 9
18 3 24 9
105 3 111 9
122 3 128 9
141 3 147 9
144 3 150 9
187 3 193 9
0 4 6 10
79 4 85 10
96 4 102 10
109 4 115 10
183 4 189 10
52 5 58 11
102 5 108 11
110 5 116 11
152 5 158 11
8 6 14 12
66 6 72 12
187 6 193 12
38 7 44 13
86 7 92 13
163 7 169 13
23 8 29 14
58 8 64 14
72 8 78 14
148 8 154 14
4 9 10 15
25 9 31 15
56 9 62 15
67 9 73 15
113 9 119 15
131 9 137 15
121 10 127 16
9 11 15 17
119 11 125 17
46 12 52 18
163 12 169 18
97 13 103 19
149 13 155 19
166 13 172 19
181 13 187 19
77 14 83 20
86 14 92 20
102 14 108 20
164 14 170 20
4 15 10 21
30 15 36 21
65 15 71 21
68 15 74 21
141 15 147 21
152 15 158 21
155 15 161 21
188 15 194 21
-2 16 4 22
16 16 22 22
5 17 11 23
18 17 24 23
23 17 29 23
80 17 86 23
107 17 113 23
110 17 116 23
131 17 137 23
143 17 149 23
167 17 173 23
186 17 192 23
193 17 199 23
26 18 32 24
59 18 65 24
121 18 127 24
193 18 199 24
22 19 28 25
61 19 67 25
100 19 106 25
111 19 117 25
141 19 147 25
158 19 164 25
49 20 55 26
33 21 39 27
54 21 60 27
72 21 78 27
73 21 79 27
107 21 113 27
191 21 197 27
6 22 12 28
13 22 19 28
79 22 85 28
86 22 92 28
115 22 121 28
120 22 126 28
38 23 44 29
61 23 67 29
71 23 77 29
172 23 178 29
30 24 36 30
37 24 43 30
112 24 118 30
124 24 130 30
72 25 78 31
86 25 92 31
-1 26 5 32
71 26 77 32
192 26 198 32
46 27 52 33
58 27 64 33
138 27 144 33
143 27 149 33
156 27 162 33
186 27 192 33
137 28 143 34
160 28 166 34
30 29 36 35
94 29 100 35
108 29 114 35
130 29 136 35
148 29 154 35
185 29 191 35
82 30 88 36
95 30 101 36
14 31 20 37
28 31 34 37
45 31 51 37
53 31 59 37
79 31 85 37
85 32 91 38
108 34 114 40
129 34 135 40
132 34 138 40
149 34 155 40
156 34 162 40
193 34 199 40
86 35 92 41
164 35 170 41
184 35 190 41
31 36 37 42
45 36 51 42
63 36 69 42
83 36 89 42
76 37 82 43
179 37 185 43
79 38 85 44
83 38 89 44
115 38 121 44
121 38 127 44
160 38 166 44
194 38 200 44
0 39 6 45
54 39 60 45
176 39 182 45
186 39 192 45
85 40 91 46
99 40 105 46
107 40 113 46
149 40 155 46
164 40 170 46
36 41 42 47
41 41 47 47
59 41 65 47
105 41 111 47
135 41 141 47
170 41 176 47
47 42 53 48
79 42 85 48
104 42 110 48
12 43 18 49
58 43 64 49
71 43 77 49
99 43 105 49
136 43 142 49
69 44 75 50
98 44 104 50
120 44 126 50
2 45 8 51
19 45 25 51
157 45 163 51
18 46 24 52
38 46 44 52
42 46 48 52
48 46 54 52
59 46 65 52
86 46 92 52
125 47 131 53
12 48 18 54
107 48 113 54
123 48 129 54
132 48 138 54
145 48 151 54
147 48 153 54
169 48 175 54
189 48 195 54
47 49 53 55
34 50 40 56
58 50 64 56
150 50 156 56
14 51 20 57
88 51 94 57
129 51 135 57
150 51 156 57
75 52 81 58
91 52 97 58
156 52 162 58
181 52 187 58
183 52 189 58
8 53 14 59
120 53 126 59
135 53 141 59
175 53 181 59
54 54 60 60
189 54 195 60
-3 55 3 61
30 55 36 61
109 55 115 61
156 55 162 61
170 55 176 61
21 56 27 62
43 56 49 62
93 56 99 62
107 56 113 62
152 56 158 62
156 56 162 62
61 57 67 63
89 57 95 63
100 57 106 63
187 57 193 63
-2 58 4 64
53 58 59 64
132 58 138 64
152 58 158 64
5 59 11 65
30 59 36 65
52 59 58 65
66 59 72 65
9 60 15 66
137 60 143 66
21 61 27 67
58 61 64 67
184 61 190 67
193 61 199 67
15 62 21 68
19 62 25 68
26 62 32 68
29 62 35 68
113 62 119 68
153 62 159 68
161 62 167 68
170 62 176 68
56 63 62 69
107 63 113 69
64 64 70 70
81 65 87 71
99 65 105 71
102 65 108 71
1 66 7 72
10 66 16 72
19 66 25 72
119 66 125 72
126 66 132 72
150 66 156 72
165 66 171 72
16 67 22 73
134 67 140 73
189 67 195 73
3 68 9 74
62 68 68 74
109 68 115 74
154 68 160 74
25 69 31 75
126 69 132 75
40 70 46 76
45 70 51 76
87 70 93 76
98 70 104 76
102 70 108 76
135 70 141 76
140 70 146 76
157 70 163 76
166 70 172 76
22 71 28 77
46 71 52 77
82 71 88 77
119 71 125 77
175 71 181 77
19 72 25 78
43 72 49 78
81 72 87 78
106 72 112 78
110 72 116 78
142 72 148 78
177 72 183 78
25 73 31 79
52 73 58 79
132 73 138 79
162 73 168 79
1 74 7 80
54 74 60 80
83 74 89 80
95 74 101 80
143 74 149 80
154 74 160 80
46 75 52 81
57 75 63 81
85 75 91 81
108 75 114 81
152 75 158 81
48 76 54 82
81 76 87 82
122 76 128 82
17 77 23 83
114 77 120 83
170 77 176 83
177 77 183 83
195 77 201 83
15 78 21 84
20 78 26 84
22 78 28 84
43 78 49 84
97 78 103 84
121 78 127 84
164 78 170 84
184 78 190 84
24 79 30 85
77 79 83 85
86 79 92 85
27 80 33 86
31 80 37 86
80 80 86 86
111 80 117 86
120 80 126 86
32 81 38 87
35 81 41 87
48 81 54 87
68 81 74 87
104 81 110 87
189 81 195 87
23 82 29 88
37 82 43 88
73 82 79 88
142 82 148 88
155 82 161 88
86 83 92 89
115 83 121 89
123 83 129 89
173 83 179 89
-3 84 3 90
24 84 30 90
36 84 42 90
49 84 55 90
67 84 73 90
113 84 119 90
137 84 143 90
28 85 34 91
75 85 81 91
174 85 180 91
34 87 40 93
64 87 70 93
74 87 80 93
120 87 126 93
128 87 134 93
179 87 185 93
30 88 36 94
99 88 105 94
103 88 109 94
112 88 118 94
190 88 196 94
90 89 96 95
171 89 177 95
24 90 30 96
124 90 130 96
148 90 154 96
127 91 133 97
134 91 140 97
148 91 154 97
185 91 191 97
38 92 44 98
65 92 71 98
96 92 102 98
118 92 124 98
133 92 139 98
167 92 173 98
181 92 187 98
12 93 18 99
46 93 52 99
71 93 77 99
96 93 102 99
117 93 123 99
153 93 159 99
20 94 26 100
29 94 35 100
44 94 50 100
88 94 94 100
160 94 166 100
180 94 186 100
191 94 197 100
5 95 11 101
41 95 47 101
93 95 99 101
104 95 110 101
143 95 149 101
49 96 55 102
78 96 84 102
90 96 96 102
149 96 155 102
193 96 199 102
32 97 38 103
48 97 54 103
108 97 114 103
172 97 178 103
0 98 6 104
28 98 34 104
33 98 39 104
84 98 90 104
95 98 101 104
124 98 130 104
146 98 152 104
170 98 176 104
48 99 54 105
70 99 76 105
116 99 122 105
135 99 141 105
61 100 67 106
111 100 117 106
114 100 120 106
132 100 138 106
22 101 28 107
84 101 90 107
88 101 94 107
3 102 9 108
14 102 20 108
125 102 131 108
0 103 6 109
51 103 57 109
87 103 93 109
94 103 100 109
101 103 107 109
-2 104 4 110
50 104 56 110
126 104 132 110
139 104 145 110
178 104 184 110
26 105 32 111
57 105 63 111
104 105 110 111
143 105 149 111
28 106 34 112
51 106 57 112
84 106 90 112
123 106 129 112
193 106 199 112
52 107 58 113
56 107 62 113
80 107 86 113
171 107 177 113
189 107 195 113
62 108 68 114
117 108 123 114
74 109 80 115
121 109 127 115
122 109 128 115
140 109 146 115
149 109 155 115
0 110 6 116
41 110 47 116
66 110 72 116
100 110 106 116
113 110 119 116
130 110 136 116
184 110 190 116
-3 111 3 117
16 111 22 117
23 111 29 117
102 111 108 117
118 111 124 117
44 112 50 118
65 112 71 118
99 112 105 118
138 112 144 118
159 112 165 118
135 113 141 119
20 114 26 120
22 114 28 120
44 114 50 120
55 114 61 120
74 114 80 120
115 114 121 120
134 114 140 120
187 114 193 120
54 115 60 121
109 115 115 121
151 115 157 121
158 115 164 121
79 116 85 122
102 116 108 122
133 116 139 122
6 117 12 123
13 117 19 123
94 117 100 123
103 117 109 123
7 118 13 124
17 118 23 124
23 119 29 125
84 119 90 125
146 120 152 126
176 120 182 126
189 120 195 126
1 121 7 127
47 121 53 127
84 121 90 127
67 122 73 128
116 122 122 128
120 122 126 128
173 122 179 128
2 123 8 129
6 123 12 129
42 123 48 129
73 123 79 129
92 123 98 129
97 123 103 129
104 123 110 129
151 123 157 129
193 123 199 129
83 124 89 130
114 124 120 130
7 125 13 131
137 125 143 131
140 125 146 131
144 125 150 131
150 125 156 131
170 125 176 131
46 126 52 132
59 126 65 132
-3 127 3 133
0 127 6 133
8 127 14 133
39 127 45 133
66 127 72 133
106 127 112 133
115 127 121 133
143 127 149 133
166 127 172 133
136 128 142 134
158 128 164 134
124 129 130 135
176 129 182 135
-1 130 5 136
111 130 117 136
15 131 21 137
22 131 28 137
35 131 41 137
52 131 58 137
67 131 73 137
118 131 124 137
123 131 129 137
53 132 59 138
67 132 73 138
130 132 136 138
146 132 152 138
44 133 50 139
111 133 117 139
165 133 171 139
109 134 115 140
191 134 197 140
82 135 88 141
99 135 105 141
107 135 113 141
125 135 131 141
14 136 20 142
40 136 46 142
46 136 52 142
53 136 59 142
64 136 70 142
68 136 74 142
83 136 89 142
116 136 122 142
73 137 79 143
90 137 96 143
149 137 155 143
11 138 17 144
29 138 35 144
37 138 43 144
75 138 81 144
105 138 111 144
111 138 117 144
181 138 187 144
13 139 19 145
83 139 89 145
105 139 111 145
113 139 119 145
172 139 178 145
5 140 11 146
117 140 123 146
126 140 132 146
131 140 137 146
26 141 32 147
43 141 49 147
75 141 81 147
125 141 131 147
185 141 191 147
118 142 124 148
184 142 190 148
122 143 128 149
150 143 156 149
69 144 75 150
104 144 110 150
162 144 168 150
61 145 67 151
106 145 112 151
134 145 140 151
140 145 146 151
154 145 160 151
172 145 178 151
45 146 51 152
146 146 152 152
80 147 86 153
111 147 117 153
158 147 164 153
13 148 19 154
53 148 59 154
114 148 120 154
135 148 141 154
185 148 191 154
45 149 51 155
54 149 60 155
74 149 80 155
79 149 85 155
84 149 90 155
96 149 102 155
105 149 111 155
126 149 132 155
171 149 177 155
188 149 194 155
133 150 139 156
159 150 165 156
194 150 200 156
13 151 19 157
47 151 53 157
54 151 60 157
37 152 43 158
52 152 58 158
95 152 101 158
129 152 135 158
158 152 164 158
-2 153 4 159
107 153 113 159
121 153 127 159
36 154 42 160
86 154 92 160
132 154 138 160
142 154 148 160
152 154 158 160
154 154 160 160
19 155 25 161
58 155 64 161
83 155 89 161
95 155 101 161
116 155 122 161
186 155 192 161
194 155 200 161
12 156 18 162
40 156 46 162
47 156 53 162
68 156 74 162
173 156 179 162
2 157 8 163
35 157 41 163
88 157 94 163
109 157 115 163
128 157 134 163
173 157 179 163
69 158 75 164
85 158 91 164
96 158 102 164
142 158 148 164
147 158 153 164
166 158 172 164
168 158 174 164
23 159 29 165
46 159 52 165
83 159 89 165
109 159 115 165
189 159 195 165
190 159 196 165
0 160 6 166
50 160 56 166
114 160 120 166
134 160 140 166
170 160 176 166
38 161 44 167
54 161 60 167
58 161 64 167
110 161 116 167
171 161 177 167
173 161 179 167
187 161 193 167
191 161 197 167
62 162 68 168
65 162 71 168
131 162 137 168
154 162 160 168
-1 163 5 169
29 163 35 169
4 164 10 170
40 164 46 170
45 164 51 170
67 164 73 170
91 164 97 170
97 164 103 170
158 164 164 170
159 164 165 170
162 164 168 170
170 164 176 170
177 164 183 170
18 165 24 171
43 165 49 171
68 165 74 171
85 165 91 171
115 165 121 171
3 166 9 172
65 166 71 172
173 166 179 172
185 166 191 172
81 167 87 173
83 167 89 173
94 167 100 173
109 167 115 173
120 167 126 173
159 167 165 173
174 167 180 173
-1 168 5 174
62 168 68 174
69 168 75 174
121 168 127 174
133 168 139 174
71 169 77 175
74 169 80 175
38 170 44 176
62 170 68 176
6 171 12 177
8 171 14 177
81 171 87 177
148 171 154 177
194 171 200 177
1 172 7 178
2 172 8 178
152 172 158 178
98 173 104 179
104 173 110 179
61 174 67 180
141 174 147 180
189 174 195 180
33 175 39 181
194 175 200 181
82 176 88 182
105 176 111 182
118 176 124 182
5 177 11 183
52 177 58 183
107 177 113 183
138 177 144 183
153 177 159 183
-3 178 3 184
4 178 10 184
22 178 28 184
25 178 31 184
43 178 49 184
53 178 59 184
90 178 96 184
122 178 128 184
153 178 159 184
21 179 27 185
26 179 32 185
66 179 72 185
80 179 86 185
118 179 124 185
123 179 129 185
145 179 151 185
194 179 200 185
56 180 62 186
75 180 81 186
79 180 85 186
179 180 185 186
104 181 110 187
111 181 117 187
130 181 136 187
143 181 149 187
157 181 163 187
5 182 11 188
52 182 58 188
78 182 84 188
113 182 119 188
141 182 147 188
176 182 182 188
183 182 189 188
15 183 21 189
116 183 122 189
16 184 22 190
70 184 76 190
118 184 124 190
133 184 139 190
135 184 141 190
187 184 193 190
115 185 121 191
167 185 173 191
181 185 187 191
2 186 8 192
146 186 152 192
191 186 197 192
16 187 22 193
32 187 38 193
80 187 86 193
81 187 87 193
178 187 184 193
196 187 202 193
10 188 16 194
160 188 166 194
171 188 177 194
4 189 10 195
5 189 11 195
84 189 90 195
97 189 103 195
103 189 109 195
3 190 9 196
9 190 15 196
55 190 61 196
90 190 96 196
93 190 99 196
164 190 170 196
175 190 181 196
56 191 62 197
99 191 105 197
155 191 161 197
173 191 179 197
190 191 196 197
23 192 29 198
42 192 48 198
59 192 65 198
74 192 80 198
82 192 88 198
114 192 120 198
119 192 125 198
151 192 157 198
149 193 155 199
155 193 161 199
52 194 58 200
100 194 106 200
139 194 145 200
162 194 168 200
54 195 60 201
109 195 115 201
177 195 183 201
-1 196 5 202
73 196 79 202
82 196 88 202
104 196 110 202
111 196 117 202
167 196 173 202
