155
52 -3 58 3
4 -2 10 4
68 -2 74 4
36 1 42 7
164 2 170 8
52 4 58 10
81 5 87 11
152 5 158 11
172 5 178 11
38 7 44 13
149 7 155 13
20 9 26 15
45 9 51 15
111 9 117 15
76 14 82 20
27 18 33 24
107 21 113 27
41 22 47 28
72 23 78 29
52 26 58 32
192 26 198 32
53 31 59 37
80 31 86 37
101 34 107 40
156 34 162 40
188 35 194 41
31 36 37 42
54 38 60 44
115 38 121 44
121 38 127 44
0 39 6 45
20 39 26 45
98 40 104 46
28 41 34 47
48 41 54 47
59 42 65 48
78 42 84 48
143 46 149 52
157 46 163 52
12 48 18 54
94 48 100 54
188 48 194 54
58 50 64 56
-2 52 4 58
156 52 162 58
28 53 34 59
179 53 185 59
54 54 60 60
133 59 139 65
137 61 143 67
183 61 189 67
196 61 202 67
147 62 153 68
161 62 167 68
125 64 131 70
8 66 14 72
55 67 61 73
162 67 168 73
189 67 195 73
40 70 46 76
137 70 143 76
28 73 34 79
132 73 138 79
18 74 24 80
56 74 62 80
1 75 7 81
108 75 114 81
195 76 201 82
64 77 70 83
43 78 49 84
98 78 104 84
166 78 172 84
112 79 118 85
34 80 40 86
102 80 108 86
153 80 159 86
192 81 198 87
46 82 52 88
142 82 148 88
73 83 79 89
137 86 143 92
174 86 180 92
64 88 70 94
112 88 118 94
179 88 185 94
171 89 177 95
137 90 143 96
194 90 200 96
71 91 77 97
154 92 160 98
167 92 173 98
17 93 23 99
13 95 19 101
193 98 199 104
137 99 143 105
22 101 28 107
14 102 20 108
118 105 124 111
160 110 166 116
130 111 136 117
101 112 107 118
174 113 180 119
187 114 193 120
151 115 157 121
79 116 85 122
146 119 152 125
189 119 195 125
83 120 89 126
33 123 39 129
193 123 199 129
140 125 146 131
115 126 121 132
31 129 37 135
99 135 105 141
179 138 185 144
172 139 178 145
131 140 137 146
122 143 128 149
104 145 110 151
108 146 114 152
14 148 20 154
85 150 91 156
25 151 31 157
133 151 139 157
106 152 112 158
87 153 93 159
2 157 8 163
186 157 192 163
97 158 103 164
147 159 153 165
169 159 175 165
23 160 29 166
187 161 193 167
91 164 97 170
176 165 182 171
186 165 192 171
72 169 78 175
133 170 139 176
38 171 44 177
60 173 66 179
143 174 149 180
66 178 72 184
91 179 97 185
129 181 135 187
5 182 11 188
79 184 85 190
145 186 151 192
96 189 102 195
103 189 109 195
84 191 90 197
59 192 65 198
23 194 29 200
82 194 88 200
102 194 108 200
73 196 79 202
