641
53 -3 59 3
122 -3 128 3
190 -3 196 3
1 -2 7 4
101 -2 107 4
68 -1 74 5
98 -1 104 5
4 0 10 6
16 0 22 6
46 0 52 6
116 0 122 6
145 0 151 6
37 1 43 7
117 1 123 7
155 1 161 7
164 1 170 7
194 1 200 7
-1 3 5 9
0 3 6 9
18 3 24 9
86 3 92 9
105 3 111 9
122 3 128 9
141 3 147 9
80 4 86 10
96 4 102 10
183 4 189 10
15 5 21 11
52 5 58 11
102 5 108 11
152 5 158 11
17 6 23 12
172 6 178 12
38 7 44 13
86 7 92 13
118 7 124 13
163 7 169 13
23 8 29 14
57 8 63 14
148 8 154 14
4 9 10 15
25 9 31 15
45 9 51 15
56 9 62 15
113 9 119 15
132 9 138 15
186 9 192 15
20 10 26 16
29 10 35 16
121 10 127 16
120 11 126 17
163 12 169 18
97 13 103 19
150 13 156 19
167 13 173 19
77 14 83 20
85 14 91 20
103 14 109 20
164 14 170 20
181 14 187 20
4 15 10 21
30 15 36 21
141 15 147 21
155 15 161 21
-2 16 4 22
46 16 52 22
106 16 112 22
128 16 134 22
143 16 149 22
152 16 158 22
188 16 194 22
5 17 11 23
23 17 29 23
80 17 86 23
110 17 116 23
131 17 137 23
153 17 159 23
167 17 173 23
175 17 181 23
179 17 185 23
186 17 192 23
60 18 66 24
100 18 106 24
111 18 117 24
121 19 127 25
141 19 147 25
158 19 164 25
168 20 174 26
54 21 60 27
107 21 113 27
120 21 126 27
191 21 197 27
6 22 12 28
42 22 48 28
79 22 85 28
161 22 167 28
61 23 67 29
72 23 78 29
80 24 86 30
112 24 118 30
124 24 130 30
150 24 156 30
52 25 58 31
192 26 198 32
46 27 52 33
58 27 64 33
143 27 149 33
156 27 162 33
186 27 192 33
26 28 32 34
29 29 35 35
130 29 136 35
148 29 154 35
185 29 191 35
82 30 88 36
45 31 51 37
53 31 59 37
85 33 91 39
101 34 107 40
108 34 114 40
129 34 135 40
132 34 138 40
149 34 155 40
156 34 162 40
193 34 199 40
31 35 37 41
187 35 193 41
45 36 51 42
184 36 190 42
77 37 83 43
79 38 85 44
115 38 121 44
121 38 127 44
160 38 166 44
166 38 172 44
186 38 192 44
194 38 200 44
0 39 6 45
65 39 71 45
176 39 182 45
85 40 91 46
99 40 105 46
107 40 113 46
149 40 155 46
164 40 170 46
27 41 33 47
36 41 42 47
41 41 47 47
59 41 65 47
105 41 111 47
170 41 176 47
47 42 53 48
78 42 84 48
86 42 92 48
71 43 77 49
58 44 64 50
70 44 76 50
120 44 126 50
2 45 8 51
116 45 122 51
157 45 163 51
59 46 65 52
86 46 92 52
143 46 149 52
48 47 54 53
12 48 18 54
92 48 98 54
107 48 113 54
169 48 175 54
189 48 195 54
47 49 53 55
34 51 40 57
88 51 94 57
129 51 135 57
75 52 81 58
90 52 96 58
135 52 141 58
156 52 162 58
28 53 34 59
35 53 41 59
104 53 110 59
124 53 130 59
175 53 181 59
80 54 86 60
189 54 195 60
-3 55 3 61
169 55 175 61
21 56 27 62
43 56 49 62
64 56 70 62
93 56 99 62
187 56 193 62
61 57 67 63
90 57 96 63
100 57 106 63
-2 58 4 64
30 58 36 64
76 58 82 64
132 58 138 64
5 59 11 65
9 60 15 66
58 61 64 67
113 61 119 67
137 61 143 67
184 61 190 67
194 61 200 67
16 62 22 68
107 62 113 68
153 62 159 68
161 62 167 68
170 62 176 68
19 63 25 69
56 63 62 69
147 63 153 69
125 64 131 70
64 65 70 71
81 65 87 71
10 66 16 72
115 66 121 72
119 66 125 72
165 66 171 72
16 67 22 73
189 67 195 73
62 68 68 74
109 68 115 74
24 69 30 75
135 69 141 75
154 69 160 75
157 69 163 75
40 70 46 76
87 70 93 76
98 70 104 76
140 70 146 76
166 70 172 76
110 71 116 77
19 72 25 78
43 72 49 78
106 72 112 78
142 72 148 78
26 73 32 79
52 73 58 79
132 73 138 79
54 74 60 80
46 75 52 81
57 75 63 81
108 75 114 81
112 75 118 81
152 75 158 81
122 76 128 82
172 76 178 82
17 77 23 83
81 77 87 83
170 77 176 83
177 77 183 83
43 78 49 84
48 78 54 84
83 78 89 84
97 78 103 84
121 78 127 84
165 78 171 84
183 78 189 84
24 79 30 85
77 79 83 85
85 79 91 85
27 80 33 86
31 80 37 86
48 80 54 86
80 80 86 86
111 80 117 86
120 80 126 86
124 80 130 86
32 81 38 87
104 81 110 87
190 81 196 87
23 82 29 88
37 82 43 88
119 82 125 88
154 82 160 88
24 83 30 89
36 83 42 89
45 83 51 89
73 83 79 89
114 83 120 89
123 83 129 89
-3 84 3 90
51 84 57 90
68 84 74 90
137 84 143 90
28 85 34 91
174 85 180 91
30 87 36 93
64 87 70 93
120 87 126 93
128 87 134 93
179 87 185 93
34 88 40 94
101 88 107 94
102 88 108 94
112 88 118 94
190 88 196 94
90 89 96 95
171 89 177 95
124 90 130 96
137 90 143 96
194 90 200 96
127 91 133 97
175 91 181 97
38 92 44 98
162 92 168 98
167 92 173 98
46 93 52 99
65 93 71 99
71 93 77 99
91 93 97 99
154 93 160 99
20 94 26 100
30 94 36 100
64 94 70 100
81 94 87 100
160 94 166 100
191 94 197 100
5 95 11 101
41 95 47 101
93 95 99 101
105 95 111 101
49 96 55 102
78 96 84 102
90 96 96 102
143 96 149 102
149 96 155 102
192 96 198 102
0 97 6 103
108 97 114 103
172 97 178 103
125 98 131 104
145 98 151 104
70 99 76 105
84 99 90 105
120 99 126 105
135 99 141 105
193 99 199 105
50 100 56 106
60 100 66 106
84 100 90 106
114 100 120 106
132 100 138 106
22 101 28 107
88 101 94 107
125 102 131 108
87 103 93 109
94 103 100 109
101 104 107 110
118 104 124 110
139 104 145 110
178 104 184 110
40 105 46 111
57 105 63 111
69 105 75 111
103 105 109 111
142 105 148 111
167 105 173 111
176 105 182 111
83 106 89 112
193 106 199 112
170 107 176 113
189 107 195 113
117 108 123 114
41 109 47 115
62 109 68 115
69 109 75 115
74 109 80 115
140 109 146 115
149 109 155 115
160 109 166 115
184 109 190 115
1 110 7 116
66 110 72 116
100 110 106 116
130 110 136 116
17 111 23 117
22 111 28 117
102 111 108 117
118 111 124 117
143 111 149 117
-3 112 3 118
64 112 70 118
99 112 105 118
159 112 165 118
135 113 141 119
138 113 144 119
174 113 180 119
74 114 80 120
187 114 193 120
109 115 115 121
151 115 157 121
194 115 200 121
79 116 85 122
13 117 19 123
95 117 101 123
111 117 117 123
6 118 12 124
16 118 22 124
23 119 29 125
146 120 152 126
1 121 7 127
44 121 50 127
47 122 53 128
115 122 121 128
120 122 126 128
173 122 179 128
2 123 8 129
6 123 12 129
33 123 39 129
42 123 48 129
67 123 73 129
97 123 103 129
104 123 110 129
193 123 199 129
68 124 74 130
73 124 79 130
83 124 89 130
114 124 120 130
151 124 157 130
7 125 13 131
36 125 42 131
46 125 52 131
89 125 95 131
150 125 156 131
170 125 176 131
137 126 143 132
38 127 44 133
66 127 72 133
76 127 82 133
115 127 121 133
166 127 172 133
3 128 9 134
125 128 131 134
136 128 142 134
158 128 164 134
31 129 37 135
124 129 130 135
147 129 153 135
176 129 182 135
-1 130 5 136
162 130 168 136
15 131 21 137
124 131 130 137
135 131 141 137
146 131 152 137
23 132 29 138
118 132 124 138
173 132 179 138
46 133 52 139
165 133 171 139
191 134 197 140
82 135 88 141
99 135 105 141
116 135 122 141
125 135 131 141
195 135 201 141
14 136 20 142
46 136 52 142
53 136 59 142
83 136 89 142
68 137 74 143
90 137 96 143
149 137 155 143
29 138 35 144
37 138 43 144
77 138 83 144
181 138 187 144
172 139 178 145
5 140 11 146
131 140 137 146
26 141 32 147
75 142 81 148
11 143 17 149
69 143 75 149
122 143 128 149
150 143 156 149
62 145 68 151
105 145 111 151
134 145 140 151
140 145 146 151
154 145 160 151
111 146 117 152
172 146 178 152
80 147 86 153
14 148 20 154
103 148 109 154
105 148 111 154
171 148 177 154
20 149 26 155
74 149 80 155
79 149 85 155
85 149 91 155
126 149 132 155
188 149 194 155
96 150 102 156
133 150 139 156
159 150 165 156
194 150 200 156
12 151 18 157
47 151 53 157
99 151 105 157
25 152 31 158
37 152 43 158
95 152 101 158
107 152 113 158
128 152 134 158
158 152 164 158
-2 153 4 159
36 153 42 159
122 153 128 159
85 154 91 160
131 154 137 160
142 154 148 160
19 155 25 161
84 155 90 161
95 155 101 161
116 155 122 161
186 155 192 161
12 156 18 162
40 156 46 162
58 156 64 162
68 156 74 162
35 157 41 163
128 157 134 163
155 157 161 163
46 158 52 164
96 158 102 164
142 158 148 164
147 159 153 165
0 160 6 166
44 160 50 166
51 160 57 166
114 160 120 166
170 160 176 166
16 161 22 167
38 161 44 167
53 161 59 167
58 161 64 167
73 161 79 167
110 161 116 167
187 161 193 167
191 161 197 167
62 162 68 168
65 162 71 168
98 162 104 168
132 162 138 168
154 162 160 168
194 162 200 168
0 163 6 169
164 163 170 169
40 164 46 170
45 164 51 170
91 164 97 170
97 164 103 170
114 164 120 170
115 164 121 170
161 164 167 170
170 164 176 170
18 165 24 171
85 165 91 171
177 165 183 171
186 166 192 172
159 167 165 173
70 168 76 174
133 168 139 174
73 169 79 175
-3 170 3 176
38 170 44 176
81 171 87 177
148 171 154 177
51 172 57 178
152 172 158 178
61 173 67 179
98 173 104 179
104 173 110 179
142 174 148 180
189 174 195 180
33 176 39 182
82 176 88 182
105 176 111 182
118 176 124 182
138 177 144 183
-3 178 3 184
35 178 41 184
43 178 49 184
66 179 72 185
90 179 96 185
118 179 124 185
144 179 150 185
194 179 200 185
56 180 62 186
75 180 81 186
179 180 185 186
104 181 110 187
130 181 136 187
143 181 149 187
186 181 192 187
5 182 11 188
78 182 84 188
141 182 147 188
183 182 189 188
70 183 76 189
117 183 123 189
187 184 193 190
114 185 120 191
167 185 173 191
32 187 38 193
178 187 184 193
191 187 197 193
161 188 167 194
97 189 103 195
103 189 109 195
164 190 170 196
175 190 181 196
35 191 41 197
99 191 105 197
41 192 47 198
59 192 65 198
74 192 80 198
114 192 120 198
119 192 125 198
151 192 157 198
23 193 29 199
72 193 78 199
150 193 156 199
52 194 58 200
100 194 106 200
162 194 168 200
41 195 47 201
53 195 59 201
109 195 115 201
139 195 145 201
177 195 183 201
-1 196 5 202
82 196 88 202
103 196 109 202
167 196 173 202
