582
53 -3 59 3
190 -3 196 3
1 -2 7 4
101 -2 107 4
122 -2 128 4
175 -2 181 4
68 -1 74 5
98 -1 104 5
4 0 10 6
17 0 23 6
46 0 52 6
122 0 128 6
145 0 151 6
37 1 43 7
117 1 123 7
164 1 170 7
194 1 200 7
86 3 92 9
105 3 111 9
144 3 150 9
52 4 58 10
80 4 86 10
96 4 102 10
183 4 189 10
15 5 21 11
102 5 108 11
152 5 158 11
17 6 23 12
172 6 178 12
38 7 44 13
118 7 124 13
163 7 169 13
148 8 154 14
23 9 29 15
45 9 51 15
113 9 119 15
186 9 192 15
29 10 35 16
163 12 169 18
150 13 156 19
167 13 173 19
77 14 83 20
85 14 91 20
97 14 103 20
103 14 109 20
164 14 170 20
181 14 187 20
4 15 10 21
30 15 36 21
142 15 148 21
155 15 161 21
-2 16 4 22
106 16 112 22
128 16 134 22
143 16 149 22
152 16 158 22
187 16 193 22
5 17 11 23
46 17 52 23
80 17 86 23
168 17 174 23
175 17 181 23
179 17 185 23
186 17 192 23
22 18 28 24
26 18 32 24
100 18 106 24
121 19 127 25
141 19 147 25
159 19 165 25
168 20 174 26
32 21 38 27
54 21 60 27
120 21 126 27
191 21 197 27
6 22 12 28
42 22 48 28
79 22 85 28
114 22 120 28
161 22 167 28
30 23 36 29
72 23 78 29
172 23 178 29
80 24 86 30
113 24 119 30
124 24 130 30
150 24 156 30
192 26 198 32
46 27 52 33
58 27 64 33
143 27 149 33
157 27 163 33
186 27 192 33
6 28 12 34
26 28 32 34
159 28 165 34
29 29 35 35
108 29 114 35
148 29 154 35
82 30 88 36
53 31 59 37
79 31 85 37
46 34 52 40
85 34 91 40
129 34 135 40
132 34 138 40
149 34 155 40
156 34 162 40
193 34 199 40
31 35 37 41
45 35 51 41
164 35 170 41
187 35 193 41
63 36 69 42
184 36 190 42
77 37 83 43
179 37 185 43
54 38 60 44
79 38 85 44
115 38 121 44
121 38 127 44
160 38 166 44
166 38 172 44
186 38 192 44
194 38 200 44
0 39 6 45
21 39 27 45
65 39 71 45
176 39 182 45
85 40 91 46
149 40 155 46
164 40 170 46
27 41 33 47
36 41 42 47
59 41 65 47
105 41 111 47
170 41 176 47
47 42 53 48
78 42 84 48
86 42 92 48
58 44 64 50
2 45 8 51
116 45 122 51
157 45 163 51
41 46 47 52
59 46 65 52
86 46 92 52
143 46 149 52
48 47 54 53
12 48 18 54
47 48 53 54
107 48 113 54
169 48 175 54
189 48 195 54
132 49 138 55
58 50 64 56
129 51 135 57
34 52 40 58
75 52 81 58
78 52 84 58
90 52 96 58
135 52 141 58
156 52 162 58
28 53 34 59
34 53 40 59
104 53 110 59
124 53 130 59
54 54 60 60
80 54 86 60
-3 55 3 61
189 55 195 61
21 56 27 62
43 56 49 62
187 56 193 62
61 57 67 63
90 57 96 63
100 57 106 63
-3 58 3 64
132 58 138 64
6 59 12 65
9 60 15 66
21 60 27 66
58 61 64 67
113 61 119 67
137 61 143 67
184 61 190 67
194 61 200 67
16 62 22 68
107 62 113 68
147 62 153 68
152 62 158 68
161 62 167 68
170 62 176 68
19 63 25 69
56 63 62 69
125 64 131 70
64 65 70 71
81 65 87 71
1 66 7 72
10 66 16 72
19 66 25 72
115 66 121 72
150 66 156 72
165 66 171 72
16 67 22 73
55 67 61 73
160 67 166 73
189 67 195 73
3 68 9 74
62 68 68 74
24 69 30 75
109 69 115 75
135 69 141 75
156 69 162 75
102 70 108 76
140 70 146 76
166 70 172 76
110 71 116 77
119 71 125 77
43 72 49 78
142 72 148 78
26 73 32 79
53 73 59 79
132 73 138 79
162 73 168 79
1 74 7 80
54 74 60 80
143 74 149 80
46 75 52 81
56 75 62 81
63 75 69 81
152 75 158 81
122 76 128 82
172 76 178 82
17 77 23 83
81 77 87 83
113 77 119 83
170 77 176 83
177 77 183 83
195 77 201 83
43 78 49 84
83 78 89 84
97 78 103 84
121 78 127 84
125 78 131 84
165 78 171 84
183 78 189 84
77 79 83 85
85 79 91 85
24 80 30 86
27 80 33 86
35 80 41 86
79 80 85 86
111 80 117 86
120 80 126 86
124 80 130 86
104 81 110 87
190 81 196 87
23 82 29 88
154 82 160 88
24 83 30 89
46 83 52 89
73 83 79 89
123 83 129 89
-3 84 3 90
137 84 143 90
28 85 34 91
174 85 180 91
30 87 36 93
128 87 134 93
179 87 185 93
34 88 40 94
64 88 70 94
190 88 196 94
90 89 96 95
171 89 177 95
127 90 133 96
137 90 143 96
148 90 154 96
194 90 200 96
175 91 181 97
38 92 44 98
162 92 168 98
167 92 173 98
20 93 26 99
71 93 77 99
154 93 160 99
12 94 18 100
30 94 36 100
44 94 50 100
81 94 87 100
160 94 166 100
5 95 11 101
92 95 98 101
105 95 111 101
191 95 197 101
78 96 84 102
143 96 149 102
149 96 155 102
192 96 198 102
0 97 6 103
49 97 55 103
90 97 96 103
107 97 113 103
172 97 178 103
125 98 131 104
145 98 151 104
70 99 76 105
95 99 101 105
116 99 122 105
120 99 126 105
136 99 142 105
193 99 199 105
50 100 56 106
112 100 118 106
114 100 120 106
132 100 138 106
22 101 28 107
3 102 9 108
14 102 20 108
94 102 100 108
125 102 131 108
87 103 93 109
102 104 108 110
118 104 124 110
126 104 132 110
139 104 145 110
178 104 184 110
40 105 46 111
57 105 63 111
69 105 75 111
103 105 109 111
142 105 148 111
168 105 174 111
176 105 182 111
83 106 89 112
193 106 199 112
56 107 62 113
80 107 86 113
170 107 176 113
189 107 195 113
41 108 47 114
117 108 123 114
69 109 75 115
74 109 80 115
140 109 146 115
149 109 155 115
160 109 166 115
184 109 190 115
1 110 7 116
66 110 72 116
100 110 106 116
114 110 120 116
130 110 136 116
17 111 23 117
22 111 28 117
102 111 108 117
118 111 124 117
143 111 149 117
-3 112 3 118
64 112 70 118
99 112 105 118
159 112 165 118
174 113 180 119
74 114 80 120
114 114 120 120
134 114 140 120
187 114 193 120
151 115 157 121
158 115 164 121
79 116 85 122
97 116 103 122
134 116 140 122
14 117 20 123
95 117 101 123
112 117 118 123
6 118 12 124
16 118 22 124
23 119 29 125
189 119 195 125
146 120 152 126
2 121 8 127
44 121 50 127
2 122 8 128
115 122 121 128
120 122 126 128
43 123 49 129
83 123 89 129
91 123 97 129
97 123 103 129
104 123 110 129
173 123 179 129
193 123 199 129
6 124 12 130
73 124 79 130
7 125 13 131
36 125 42 131
46 125 52 131
89 125 95 131
170 125 176 131
8 126 14 132
59 126 65 132
137 126 143 132
38 127 44 133
66 127 72 133
166 127 172 133
2 128 8 134
124 128 130 134
136 128 142 134
159 128 165 134
31 129 37 135
147 129 153 135
176 129 182 135
-1 130 5 136
124 130 130 136
162 130 168 136
135 131 141 137
118 132 124 138
165 132 171 138
174 132 180 138
191 134 197 140
99 135 105 141
116 135 122 141
125 135 131 141
40 136 46 142
46 136 52 142
53 136 59 142
64 136 70 142
90 137 96 143
149 137 155 143
29 138 35 144
37 138 43 144
77 138 83 144
181 138 187 144
83 139 89 145
172 139 178 145
6 140 12 146
131 140 137 146
26 141 32 147
43 141 49 147
90 142 96 148
10 143 16 149
122 143 128 149
150 143 156 149
62 145 68 151
105 145 111 151
134 145 140 151
140 145 146 151
45 146 51 152
111 146 117 152
172 146 178 152
80 147 86 153
158 147 164 153
14 148 20 154
135 148 141 154
171 148 177 154
74 149 80 155
85 149 91 155
114 149 120 155
126 149 132 155
189 149 195 155
20 150 26 156
96 150 102 156
133 150 139 156
159 150 165 156
194 150 200 156
12 151 18 157
99 151 105 157
25 152 31 158
95 152 101 158
107 152 113 158
128 152 134 158
122 153 128 159
131 154 137 160
142 154 148 160
19 155 25 161
84 155 90 161
116 155 122 161
186 155 192 161
12 156 18 162
40 156 46 162
47 156 53 162
58 156 64 162
2 157 8 163
88 157 94 163
155 157 161 163
46 158 52 164
96 158 102 164
142 158 148 164
147 159 153 165
23 160 29 166
114 160 120 166
133 160 139 166
170 160 176 166
0 161 6 167
16 161 22 167
38 161 44 167
73 161 79 167
110 161 116 167
132 161 138 167
187 161 193 167
191 161 197 167
98 162 104 168
194 162 200 168
164 163 170 169
40 164 46 170
45 164 51 170
91 164 97 170
97 164 103 170
161 164 167 170
18 165 24 171
44 165 50 171
85 165 91 171
177 165 183 171
186 166 192 172
159 167 165 173
-1 168 5 174
133 168 139 174
-3 170 3 176
38 170 44 176
81 171 87 177
152 172 158 178
61 173 67 179
98 173 104 179
142 174 148 180
189 174 195 180
33 176 39 182
82 176 88 182
138 177 144 183
-3 178 3 184
35 178 41 184
43 178 49 184
90 179 96 185
144 179 150 185
43 180 49 186
56 180 62 186
75 180 81 186
179 180 185 186
104 181 110 187
130 181 136 187
143 181 149 187
186 181 192 187
5 182 11 188
182 182 188 188
70 183 76 189
78 183 84 189
117 183 123 189
187 184 193 190
114 185 120 191
167 185 173 191
181 185 187 191
2 186 8 192
146 186 152 192
32 187 38 193
178 187 184 193
191 187 197 193
161 188 167 194
171 188 177 194
3 189 9 195
84 189 90 195
97 189 103 195
103 189 109 195
35 191 41 197
99 191 105 197
-3 192 3 198
31 192 37 198
41 192 47 198
59 192 65 198
74 192 80 198
114 192 120 198
23 193 29 199
32 193 38 199
73 193 79 199
52 194 58 200
99 194 105 200
162 194 168 200
41 195 47 201
53 195 59 201
177 195 183 201
-1 196 5 202
73 196 79 202
103 196 109 202
