236
52 -3 58 3
190 -3 196 3
4 -1 10 5
68 -1 74 5
36 1 42 7
155 1 161 7
164 1 170 7
194 1 200 7
52 4 58 10
81 5 87 11
152 5 158 11
172 6 178 12
148 8 154 14
164 8 170 14
6 9 12 15
20 9 26 15
45 9 51 15
111 9 117 15
76 14 82 20
84 14 90 20
-2 17 4 23
81 17 87 23
175 17 181 23
27 18 33 24
191 19 197 25
141 20 147 26
54 21 60 27
107 21 113 27
41 22 47 28
173 22 179 28
72 23 78 29
125 24 131 30
150 25 156 31
192 26 198 32
6 27 12 33
148 27 154 33
128 29 134 35
101 34 107 40
156 34 162 40
31 35 37 41
85 35 91 41
188 35 194 41
54 38 60 44
115 38 121 44
121 38 127 44
0 39 6 45
20 39 26 45
85 40 91 46
98 40 104 46
28 41 34 47
47 41 53 47
59 42 65 48
78 42 84 48
170 42 176 48
2 45 8 51
143 46 149 52
157 46 163 52
108 47 114 53
12 48 18 54
189 48 195 54
58 50 64 56
129 51 135 57
-2 52 4 58
156 52 162 58
28 53 34 59
124 53 130 59
178 53 184 59
54 54 60 60
43 56 49 62
133 58 139 64
137 61 143 67
196 61 202 67
147 62 153 68
161 62 167 68
170 63 176 69
125 64 131 70
8 66 14 72
115 66 121 72
55 67 61 73
82 67 88 73
119 67 125 73
160 67 166 73
189 67 195 73
40 70 46 76
139 70 145 76
119 71 125 77
106 72 112 78
132 73 138 79
18 74 24 80
152 74 158 80
1 75 7 81
56 75 62 81
108 75 114 81
64 76 70 82
195 76 201 82
81 77 87 83
183 77 189 83
43 78 49 84
112 79 118 85
34 80 40 86
104 80 110 86
153 81 159 87
191 81 197 87
46 82 52 88
142 82 148 88
-3 84 3 90
137 85 143 91
174 85 180 91
120 87 126 93
64 88 70 94
112 88 118 94
179 88 185 94
190 88 196 94
171 89 177 95
137 90 143 96
194 90 200 96
149 91 155 97
175 91 181 97
154 92 160 98
162 92 168 98
167 92 173 98
71 93 77 99
161 93 167 99
12 95 18 101
149 96 155 102
193 98 199 104
22 101 28 107
14 102 20 108
3 103 9 109
118 105 124 111
193 106 199 112
189 107 195 113
1 109 7 115
141 109 147 115
147 109 153 115
188 109 194 115
130 110 136 116
143 110 149 116
160 110 166 116
100 112 106 118
187 114 193 120
108 115 114 121
151 115 157 121
79 116 85 122
112 117 118 123
146 119 152 125
189 119 195 125
23 120 29 126
83 121 89 127
120 122 126 128
33 123 39 129
97 123 103 129
101 123 107 129
173 123 179 129
193 123 199 129
140 125 146 131
170 125 176 131
115 126 121 132
166 128 172 134
31 129 37 135
99 135 105 141
65 136 71 142
68 138 74 144
90 138 96 144
83 139 89 145
172 139 178 145
149 140 155 146
26 141 32 147
69 141 75 147
90 142 96 148
150 142 156 148
122 143 128 149
65 145 71 151
75 145 81 151
104 145 110 151
143 145 149 151
110 146 116 152
145 146 151 152
85 149 91 155
96 151 102 157
100 151 106 157
133 151 139 157
107 152 113 158
20 153 26 159
122 153 128 159
-2 154 4 160
130 154 136 160
19 155 25 161
186 155 192 161
87 156 93 162
128 156 134 162
2 157 8 163
42 157 48 163
96 158 102 164
35 159 41 165
43 159 49 165
147 159 153 165
169 159 175 165
23 160 29 166
73 161 79 167
187 161 193 167
29 162 35 168
91 164 97 170
85 165 91 171
177 165 183 171
186 166 192 172
133 168 139 174
72 169 78 175
38 171 44 177
81 171 87 177
54 173 60 179
61 173 67 179
143 174 149 180
189 174 195 180
81 176 87 182
105 176 111 182
66 179 72 185
91 179 97 185
73 180 79 186
104 181 110 187
129 181 135 187
5 182 11 188
70 182 76 188
79 184 85 190
168 185 174 191
179 185 185 191
145 186 151 192
170 187 176 193
96 189 102 195
103 189 109 195
192 189 198 195
84 190 90 196
-3 192 3 198
59 192 65 198
23 194 29 200
102 196 108 202
