215
52 -3 58 3
190 -3 196 3
4 -1 10 5
46 -1 52 5
68 -1 74 5
36 1 42 7
155 1 161 7
164 1 170 7
52 4 58 10
105 4 111 10
81 5 87 11
152 5 158 11
172 6 178 12
38 7 44 13
148 8 154 14
6 9 12 15
20 9 26 15
45 9 51 15
167 10 173 16
76 14 82 20
84 14 90 20
-2 17 4 23
81 17 87 23
175 17 181 23
27 18 33 24
191 19 197 25
141 20 147 26
54 21 60 27
107 21 113 27
173 21 179 27
6 22 12 28
41 22 47 28
72 23 78 29
52 26 58 32
192 26 198 32
6 27 12 33
143 27 149 33
149 27 155 33
127 29 133 35
53 31 59 37
80 31 86 37
156 34 162 40
31 35 37 41
85 35 91 41
188 35 194 41
54 38 60 44
121 38 127 44
20 39 26 45
85 40 91 46
98 40 104 46
47 41 53 47
59 42 65 48
78 42 84 48
170 42 176 48
2 45 8 51
143 46 149 52
157 46 163 52
12 48 18 54
94 48 100 54
189 48 195 54
58 50 64 56
129 51 135 57
-2 52 4 58
156 52 162 58
28 53 34 59
124 53 130 59
43 56 49 62
133 58 139 64
137 61 143 67
183 61 189 67
196 61 202 67
147 62 153 68
161 62 167 68
170 63 176 69
125 64 131 70
8 66 14 72
115 66 121 72
165 66 171 72
55 67 61 73
82 67 88 73
160 67 166 73
189 67 195 73
87 69 93 75
40 70 46 76
139 70 145 76
119 71 125 77
106 72 112 78
28 73 34 79
18 74 24 80
122 74 128 80
152 74 158 80
1 75 7 81
108 75 114 81
64 76 70 82
195 76 201 82
177 77 183 83
183 77 189 83
43 78 49 84
97 78 103 84
166 78 172 84
112 79 118 85
34 80 40 86
104 80 110 86
153 81 159 87
191 81 197 87
46 82 52 88
142 82 148 88
73 83 79 89
-3 84 3 90
137 85 143 91
174 85 180 91
120 87 126 93
64 88 70 94
112 88 118 94
179 88 185 94
190 88 196 94
171 89 177 95
137 90 143 96
194 90 200 96
149 91 155 97
175 91 181 97
154 92 160 98
167 92 173 98
12 95 18 101
172 95 178 101
149 96 155 102
193 98 199 104
137 99 143 105
14 102 20 108
3 103 9 109
118 105 124 111
193 106 199 112
1 108 7 114
141 109 147 115
146 109 152 115
130 110 136 116
143 110 149 116
160 110 166 116
174 113 180 119
187 114 193 120
108 115 114 121
151 115 157 121
79 116 85 122
112 117 118 123
146 119 152 125
189 119 195 125
23 120 29 126
83 121 89 127
120 122 126 128
33 123 39 129
193 123 199 129
140 125 146 131
115 126 121 132
166 128 172 134
31 129 37 135
165 130 171 136
136 131 142 137
65 136 71 142
77 138 83 144
90 138 96 144
180 138 186 144
82 139 88 145
69 140 75 146
131 140 137 146
26 141 32 147
90 142 96 148
122 143 128 149
65 145 71 151
104 145 110 151
144 145 150 151
110 146 116 152
14 148 20 154
85 149 91 155
25 151 31 157
100 151 106 157
133 151 139 157
107 152 113 158
130 154 136 160
186 155 192 161
87 156 93 162
128 156 134 162
2 157 8 163
96 158 102 164
147 159 153 165
169 159 175 165
35 160 41 166
187 161 193 167
91 164 97 170
85 165 91 171
177 165 183 171
186 166 192 172
133 168 139 174
72 169 78 175
38 171 44 177
81 171 87 177
54 173 60 179
61 173 67 179
143 174 149 180
189 174 195 180
81 176 87 182
105 176 111 182
54 179 60 185
91 179 97 185
129 181 135 187
5 182 11 188
70 182 76 188
168 185 174 191
145 186 151 192
96 189 102 195
103 189 109 195
84 190 90 196
59 192 65 198
23 194 29 200
73 196 79 202
102 196 108 202
