149
52 -3 58 3
4 -2 10 4
68 -2 74 4
46 -1 52 5
36 1 42 7
155 1 161 7
52 4 58 10
105 4 111 10
81 5 87 11
152 5 158 11
38 7 44 13
8 9 14 15
20 9 26 15
45 9 51 15
111 9 117 15
27 18 33 24
54 21 60 27
107 21 113 27
72 23 78 29
192 26 198 32
53 30 59 36
80 31 86 37
101 34 107 40
156 34 162 40
31 36 37 42
54 38 60 44
115 38 121 44
121 38 127 44
0 39 6 45
20 39 26 45
98 40 104 46
28 41 34 47
48 41 54 47
59 42 65 48
78 42 84 48
143 46 149 52
157 46 163 52
108 47 114 53
94 48 100 54
188 48 194 54
58 50 64 56
-2 52 4 58
28 53 34 59
179 53 185 59
54 54 60 60
43 56 49 62
133 59 139 65
137 61 143 67
183 61 189 67
196 61 202 67
147 62 153 68
125 63 131 69
8 66 14 72
162 66 168 72
55 67 61 73
189 67 195 73
40 70 46 76
137 70 143 76
106 72 112 78
28 73 34 79
18 74 24 80
152 74 158 80
1 75 7 81
108 75 114 81
64 77 70 83
81 77 87 83
43 78 49 84
98 78 104 84
166 78 172 84
112 79 118 85
34 80 40 86
102 80 108 86
153 80 159 86
192 81 198 87
46 82 52 88
142 82 148 88
73 83 79 89
-3 84 3 90
174 86 180 92
64 88 70 94
112 88 118 94
179 88 185 94
190 88 196 94
137 89 143 95
171 89 177 95
154 92 160 98
167 92 173 98
17 93 23 99
137 99 143 105
21 101 27 107
14 102 20 108
193 105 199 111
142 108 148 114
160 110 166 116
130 111 136 117
101 112 107 118
174 113 180 119
187 114 193 120
151 115 157 121
79 116 85 122
146 119 152 125
189 119 195 125
23 120 29 126
83 120 89 126
120 122 126 128
33 123 39 129
193 123 199 129
140 125 146 131
31 129 37 135
136 131 142 137
99 135 105 141
29 138 35 144
179 138 185 144
172 139 178 145
131 140 137 146
26 141 32 147
122 143 128 149
104 145 110 151
107 146 113 152
14 148 20 154
25 151 31 157
133 151 139 157
106 152 112 158
87 153 93 159
122 153 128 159
2 157 8 163
186 158 192 164
147 159 153 165
73 163 79 169
90 164 96 170
186 164 192 170
85 165 91 171
176 165 182 171
133 170 139 176
38 171 44 177
60 173 66 179
143 174 149 180
189 174 195 180
91 179 97 185
129 181 135 187
5 182 11 188
79 184 85 190
145 186 151 192
96 189 102 195
84 192 90 198
82 193 88 199
102 193 108 199
23 194 29 200
73 196 79 202
