167
52 -3 58 3
190 -3 196 3
4 -2 10 4
68 -2 74 4
46 -1 52 5
192 0 198 6
36 1 42 7
155 1 161 7
164 2 170 8
52 4 58 10
105 4 111 10
152 5 158 11
172 6 178 12
38 7 44 13
149 8 155 14
7 9 13 15
20 9 26 15
45 9 51 15
111 9 117 15
76 14 82 20
83 14 89 20
82 16 88 22
27 18 33 24
194 18 200 24
196 18 202 24
54 21 60 27
6 22 12 28
141 22 147 28
72 23 78 29
143 25 149 31
6 26 12 32
52 26 58 32
80 31 86 37
101 34 107 40
156 34 162 40
188 35 194 41
31 36 37 42
54 38 60 44
115 38 121 44
121 38 127 44
0 39 6 45
20 39 26 45
98 40 104 46
28 41 34 47
47 41 53 47
59 42 65 48
78 42 84 48
157 46 163 52
108 47 114 53
12 48 18 54
94 48 100 54
188 48 194 54
58 50 64 56
-2 52 4 58
156 52 162 58
28 53 34 59
179 53 185 59
54 54 60 60
43 56 49 62
133 58 139 64
137 61 143 67
183 61 189 67
196 61 202 67
147 62 153 68
161 62 167 68
125 64 131 70
165 66 171 72
189 67 195 73
40 70 46 76
138 70 144 76
119 71 125 77
106 72 112 78
28 73 34 79
122 73 128 79
132 73 138 79
18 74 24 80
1 75 7 81
108 75 114 81
64 77 70 83
81 77 87 83
43 78 49 84
97 78 103 84
166 78 172 84
112 79 118 85
34 80 40 86
103 80 109 86
153 81 159 87
191 81 197 87
46 82 52 88
73 83 79 89
-3 84 3 90
34 88 40 94
179 88 185 94
190 88 196 94
171 89 177 95
137 90 143 96
194 90 200 96
71 92 77 98
154 92 160 98
167 92 173 98
17 93 23 99
150 93 156 99
149 94 155 100
12 95 18 101
193 98 199 104
137 99 143 105
14 102 20 108
2 104 8 110
118 105 124 111
1 106 7 112
142 108 148 114
130 111 136 117
174 113 180 119
187 114 193 120
151 115 157 121
79 116 85 122
146 119 152 125
189 119 195 125
83 121 89 127
120 122 126 128
33 123 39 129
193 123 199 129
140 125 146 131
115 126 121 132
31 129 37 135
136 131 142 137
99 135 105 141
65 137 71 143
180 138 186 144
172 139 178 145
131 140 137 146
26 141 32 147
122 143 128 149
104 145 110 151
109 146 115 152
14 148 20 154
85 149 91 155
25 151 31 157
133 151 139 157
107 152 113 158
122 153 128 159
87 154 93 160
186 157 192 163
169 159 175 165
23 160 29 166
33 160 39 166
73 162 79 168
91 164 97 170
85 165 91 171
176 165 182 171
186 165 192 171
133 169 139 175
38 171 44 177
143 174 149 180
81 176 87 182
66 179 72 185
91 179 97 185
5 182 11 188
79 184 85 190
145 186 151 192
96 189 102 195
103 189 109 195
84 191 90 197
59 192 65 198
196 192 202 198
102 195 108 201
73 196 79 202
