347
-2 -3 4 3
5 -2 11 4
13 -2 19 4
28 -2 34 4
160 -2 166 4
74 -1 80 5
181 3 187 9
0 4 6 10
196 4 202 10
100 5 106 11
125 5 131 11
163 5 169 11
75 6 81 12
89 6 95 12
137 6 143 12
47 7 53 13
187 7 193 13
134 8 140 14
143 8 149 14
62 9 68 15
68 10 74 16
77 10 83 16
130 12 136 18
156 12 162 18
194 13 200 19
49 14 55 20
186 14 192 20
83 15 89 21
129 15 135 21
196 15 202 21
100 16 106 22
159 16 165 22
184 16 190 22
7 17 13 23
112 18 118 24
57 19 63 25
39 20 45 26
60 21 66 27
109 21 115 27
125 21 131 27
116 22 122 28
72 23 78 29
114 23 120 29
154 24 160 30
74 26 80 32
177 26 183 32
39 28 45 34
168 28 174 34
12 29 18 35
18 29 24 35
99 29 105 35
125 30 131 36
132 30 138 36
2 31 8 37
113 34 119 40
42 36 48 42
167 36 173 42
34 37 40 43
55 37 61 43
141 37 147 43
5 38 11 44
18 38 24 44
65 38 71 44
145 38 151 44
46 39 52 45
81 39 87 45
188 39 194 45
96 40 102 46
168 40 174 46
57 42 63 48
66 42 72 48
135 42 141 48
16 43 22 49
35 43 41 49
96 43 102 49
150 44 156 50
191 44 197 50
194 44 200 50
121 45 127 51
182 45 188 51
185 45 191 51
195 45 201 51
19 46 25 52
69 47 75 53
90 48 96 54
127 48 133 54
186 48 192 54
150 49 156 55
114 50 120 56
121 50 127 56
97 51 103 57
107 51 113 57
182 51 188 57
8 52 14 58
193 52 199 58
72 54 78 60
140 54 146 60
38 55 44 61
161 55 167 61
97 56 103 62
191 56 197 62
3 57 9 63
31 57 37 63
5 58 11 64
25 58 31 64
26 58 32 64
139 60 145 66
179 60 185 66
77 61 83 67
93 61 99 67
177 61 183 67
49 62 55 68
43 65 49 71
113 65 119 71
121 65 127 71
118 66 124 72
170 66 176 72
6 67 12 73
35 68 41 74
83 68 89 74
146 68 152 74
169 68 175 74
33 69 39 75
71 69 77 75
105 69 111 75
131 69 137 75
37 71 43 77
174 71 180 77
49 72 55 78
126 72 132 78
83 73 89 79
131 73 137 79
35 74 41 80
88 74 94 80
146 75 152 81
158 75 164 81
102 76 108 82
79 78 85 84
152 79 158 85
142 81 148 87
175 81 181 87
118 82 124 88
173 82 179 88
182 82 188 88
121 83 127 89
9 84 15 90
172 84 178 90
139 85 145 91
61 86 67 92
137 86 143 92
185 86 191 92
7 87 13 93
38 87 44 93
163 87 169 93
29 89 35 95
91 89 97 95
106 89 112 95
145 89 151 95
45 90 51 96
138 90 144 96
20 92 26 98
41 92 47 98
68 92 74 98
171 94 177 100
34 95 40 101
-3 97 3 103
104 98 110 104
42 99 48 105
46 99 52 105
53 99 59 105
96 99 102 105
171 99 177 105
92 100 98 106
89 101 95 107
3 102 9 108
147 102 153 108
76 103 82 109
60 104 66 110
88 104 94 110
96 104 102 110
111 104 117 110
91 105 97 111
190 105 196 111
27 106 33 112
9 107 15 113
21 107 27 113
29 108 35 114
98 108 104 114
139 108 145 114
119 109 125 115
183 109 189 115
196 109 202 115
94 111 100 117
149 111 155 117
174 112 180 118
41 113 47 119
90 114 96 120
139 114 145 120
183 115 189 121
168 116 174 122
158 118 164 124
77 120 83 126
98 120 104 126
68 121 74 127
97 121 103 127
123 121 129 127
183 121 189 127
84 122 90 128
120 122 126 128
22 123 28 129
76 124 82 130
191 124 197 130
51 125 57 131
194 126 200 132
38 128 44 134
142 128 148 134
153 129 159 135
167 130 173 136
-3 131 3 137
162 131 168 137
24 132 30 138
43 132 49 138
156 132 162 138
172 132 178 138
122 133 128 139
103 135 109 141
142 135 148 141
160 138 166 144
180 138 186 144
130 139 136 145
147 139 153 145
185 139 191 145
196 139 202 145
48 142 54 148
98 144 104 150
114 144 120 150
129 145 135 151
149 145 155 151
163 145 169 151
4 146 10 152
35 148 41 154
129 149 135 155
8 150 14 156
97 150 103 156
105 150 111 156
170 150 176 156
23 151 29 157
30 151 36 157
74 151 80 157
171 151 177 157
85 152 91 158
87 152 93 158
147 152 153 158
85 154 91 160
127 154 133 160
76 155 82 161
141 155 147 161
9 156 15 162
75 156 81 162
139 156 145 162
144 156 150 162
48 157 54 163
121 157 127 163
164 157 170 163
52 158 58 164
12 159 18 165
27 159 33 165
38 159 44 165
175 159 181 165
7 160 13 166
192 160 198 166
196 160 202 166
10 161 16 167
28 161 34 167
36 161 42 167
45 162 51 168
67 162 73 168
99 162 105 168
97 164 103 170
150 164 156 170
-3 165 3 171
40 165 46 171
128 165 134 171
136 165 142 171
157 165 163 171
20 166 26 172
27 166 33 172
70 166 76 172
166 166 172 172
41 167 47 173
56 167 62 173
172 167 178 173
-2 168 4 174
117 168 123 174
139 168 145 174
174 168 180 174
24 169 30 175
124 169 130 175
127 169 133 175
146 169 152 175
163 169 169 175
0 170 6 176
89 171 95 177
130 171 136 177
150 171 156 177
174 171 180 177
140 172 146 178
182 172 188 178
9 173 15 179
92 173 98 179
165 173 171 179
122 174 128 180
159 174 165 180
1 175 7 181
189 175 195 181
9 176 15 182
80 176 86 182
109 176 115 182
85 177 91 183
177 177 183 183
196 177 202 183
74 178 80 184
85 180 91 186
92 180 98 186
71 181 77 187
138 181 144 187
123 182 129 188
158 183 164 189
191 183 197 189
110 184 116 190
28 185 34 191
20 186 26 192
61 186 67 192
105 186 111 192
114 186 120 192
148 186 154 192
172 186 178 192
137 188 143 194
97 189 103 195
14 190 20 196
83 192 89 198
53 194 59 200
88 194 94 200
186 194 192 200
89 195 95 201
116 195 122 201
70 196 76 202
