178
-2 -3 4 3
1 -2 7 4
13 -2 19 4
91 -1 97 5
182 3 188 9
101 5 107 11
125 5 131 11
89 6 95 12
185 7 191 13
143 8 149 14
10 12 16 18
38 12 44 18
50 14 56 20
100 16 106 22
164 18 170 24
57 19 63 25
39 20 45 26
125 20 131 26
60 21 66 27
155 24 161 30
177 26 183 32
39 28 45 34
158 28 164 34
168 28 174 34
12 29 18 35
18 29 24 35
63 29 69 35
99 29 105 35
2 30 8 36
125 30 131 36
7 31 13 37
181 35 187 41
5 38 11 44
55 38 61 44
81 39 87 45
168 39 174 45
57 42 63 48
135 42 141 48
17 43 23 49
93 44 99 50
19 46 25 52
69 47 75 53
186 47 192 53
127 48 133 54
97 51 103 57
182 51 188 57
52 52 58 58
141 52 147 58
140 53 146 59
72 54 78 60
12 56 18 62
35 56 41 62
97 56 103 62
130 56 136 62
191 56 197 62
33 57 39 63
116 59 122 65
139 59 145 65
77 61 83 67
47 62 53 68
129 62 135 68
6 67 12 73
146 68 152 74
71 69 77 75
105 69 111 75
191 69 197 75
174 71 180 77
49 72 55 78
126 72 132 78
88 74 94 80
146 75 152 81
158 76 164 82
79 78 85 84
152 79 158 85
182 83 188 89
172 84 178 90
114 85 120 91
185 86 191 92
163 87 169 93
38 88 44 94
29 89 35 95
145 89 151 95
-3 90 3 96
138 90 144 96
104 98 110 104
53 99 59 105
3 102 9 108
76 103 82 109
16 104 22 110
60 104 66 110
114 104 120 110
96 105 102 111
190 105 196 111
9 107 15 113
20 107 26 113
98 107 104 113
139 108 145 114
196 109 202 115
183 110 189 116
94 111 100 117
13 112 19 118
41 113 47 119
139 114 145 120
45 115 51 121
169 116 175 122
119 117 125 123
158 118 164 124
68 121 74 127
183 121 189 127
22 125 28 131
142 128 148 134
167 130 173 136
-3 131 3 137
163 131 169 137
24 132 30 138
172 132 178 138
141 135 147 141
160 138 166 144
182 138 188 144
130 139 136 145
147 139 153 145
184 139 190 145
48 142 54 148
114 144 120 150
149 145 155 151
163 145 169 151
4 146 10 152
98 146 104 152
7 150 13 156
97 150 103 156
23 151 29 157
73 151 79 157
148 152 154 158
97 154 103 160
60 155 66 161
161 155 167 161
121 157 127 163
150 157 156 163
175 159 181 165
45 162 51 168
99 162 105 168
124 163 130 169
150 164 156 170
127 165 133 171
20 166 26 172
70 166 76 172
56 167 62 173
166 167 172 173
117 168 123 174
0 170 6 176
171 171 177 177
140 172 146 178
182 172 188 178
159 174 165 180
-1 175 5 181
189 175 195 181
79 176 85 182
109 176 115 182
177 177 183 183
196 177 202 183
92 180 98 186
71 181 77 187
123 182 129 188
158 182 164 188
189 183 195 189
20 186 26 192
63 186 69 192
148 186 154 192
172 186 178 192
137 188 143 194
5 189 11 195
15 190 21 196
98 190 104 196
83 192 89 198
188 192 194 198
65 193 71 199
101 193 107 199
70 196 76 202
