571
-2 -3 4 3
54 -3 60 3
136 -3 142 3
5 -2 11 4
13 -2 19 4
28 -2 34 4
160 -2 166 4
47 -1 53 5
93 -1 99 5
190 -1 196 5
175 0 181 6
100 1 106 7
103 1 109 7
36 3 42 9
174 3 180 9
181 3 187 9
0 4 6 10
112 4 118 10
113 4 119 10
195 4 201 10
100 5 106 11
124 5 130 11
137 5 143 11
33 6 39 12
38 6 44 12
74 6 80 12
89 6 95 12
3 7 9 13
187 7 193 13
1 8 7 14
34 8 40 14
134 8 140 14
143 8 149 14
166 8 172 14
62 9 68 15
68 10 74 16
91 11 97 17
106 11 112 17
10 12 16 18
89 12 95 18
130 12 136 18
108 13 114 19
193 13 199 19
49 14 55 20
186 14 192 20
83 15 89 21
129 15 135 21
196 15 202 21
7 16 13 22
48 16 54 22
100 16 106 22
159 16 165 22
184 16 190 22
85 17 91 23
49 18 55 24
91 18 97 24
112 18 118 24
172 18 178 24
57 19 63 25
164 19 170 25
5 21 11 27
61 21 67 27
90 21 96 27
108 21 114 27
116 21 122 27
125 21 131 27
173 22 179 28
71 23 77 29
154 24 160 30
75 26 81 32
177 26 183 32
39 28 45 34
163 28 169 34
168 28 174 34
12 29 18 35
18 29 24 35
63 29 69 35
100 29 106 35
132 29 138 35
125 30 131 36
2 31 8 37
7 31 13 37
65 31 71 37
119 31 125 37
129 31 135 37
25 32 31 38
97 32 103 38
99 32 105 38
128 32 134 38
65 34 71 40
78 34 84 40
113 34 119 40
106 35 112 41
124 35 130 41
128 35 134 41
181 35 187 41
34 36 40 42
42 36 48 42
87 36 93 42
91 36 97 42
166 36 172 42
54 37 60 43
60 37 66 43
70 37 76 43
115 37 121 43
128 37 134 43
141 37 147 43
5 38 11 44
18 38 24 44
58 38 64 44
107 38 113 44
117 38 123 44
123 38 129 44
145 38 151 44
25 39 31 45
46 39 52 45
81 39 87 45
188 39 194 45
96 40 102 46
169 40 175 46
25 42 31 48
58 42 64 48
135 42 141 48
16 43 22 49
35 43 41 49
66 43 72 49
194 43 200 49
17 44 23 50
24 44 30 50
94 44 100 50
151 44 157 50
18 45 24 51
121 45 127 51
180 45 186 51
185 45 191 51
196 45 202 51
47 46 53 52
73 46 79 52
77 46 83 52
69 47 75 53
29 48 35 54
127 48 133 54
141 48 147 54
41 49 47 55
114 49 120 55
186 49 192 55
11 50 17 56
46 50 52 56
121 50 127 56
150 50 156 56
5 51 11 57
10 51 16 57
42 51 48 57
97 51 103 57
107 51 113 57
183 51 189 57
8 52 14 58
52 52 58 58
193 52 199 58
49 53 55 59
180 53 186 59
38 54 44 60
71 54 77 60
77 54 83 60
140 54 146 60
161 54 167 60
178 54 184 60
48 55 54 61
169 55 175 61
3 56 9 62
12 56 18 62
97 56 103 62
132 56 138 62
27 58 33 64
128 58 134 64
179 58 185 64
5 59 11 65
24 59 30 65
116 59 122 65
164 59 170 65
138 60 144 66
77 61 83 67
93 61 99 67
49 62 55 68
126 62 132 68
131 62 137 68
177 62 183 68
186 62 192 68
55 63 61 69
196 63 202 69
107 64 113 70
121 64 127 70
57 65 63 71
105 65 111 71
113 65 119 71
170 65 176 71
118 66 124 72
186 66 192 72
6 67 12 73
25 67 31 73
29 67 35 73
35 67 41 73
146 67 152 73
83 68 89 74
102 68 108 74
105 68 111 74
115 68 121 74
65 69 71 75
71 69 77 75
94 69 100 75
101 69 107 75
131 69 137 75
191 69 197 75
38 71 44 77
66 71 72 77
96 72 102 78
126 72 132 78
82 73 88 79
69 74 75 80
104 74 110 80
131 74 137 80
35 75 41 81
146 75 152 81
157 75 163 81
162 75 168 81
70 76 76 82
101 76 107 82
161 76 167 82
53 77 59 83
79 78 85 84
161 79 167 85
66 80 72 86
80 80 86 86
175 80 181 86
127 81 133 87
117 82 123 88
173 82 179 88
182 82 188 88
122 83 128 89
126 83 132 89
10 84 16 90
85 84 91 90
66 85 72 91
88 85 94 91
101 85 107 91
102 85 108 91
172 85 178 91
38 86 44 92
61 86 67 92
163 87 169 93
185 87 191 93
-3 89 3 95
29 89 35 95
81 89 87 95
90 89 96 95
106 89 112 95
145 89 151 95
8 90 14 96
45 90 51 96
95 90 101 96
129 90 135 96
138 90 144 96
61 91 67 97
83 91 89 97
131 91 137 97
9 92 15 98
39 92 45 98
184 92 190 98
21 94 27 100
61 94 67 100
75 94 81 100
171 94 177 100
53 98 59 104
104 98 110 104
168 98 174 104
32 99 38 105
42 99 48 105
46 99 52 105
96 99 102 105
167 99 173 105
171 99 177 105
18 100 24 106
28 100 34 106
77 100 83 106
93 100 99 106
152 100 158 106
156 100 162 106
89 101 95 107
193 101 199 107
3 102 9 108
78 102 84 108
124 102 130 108
147 102 153 108
15 104 21 110
60 104 66 110
88 104 94 110
97 104 103 110
109 104 115 110
190 104 196 110
91 105 97 111
175 105 181 111
27 106 33 112
120 106 126 112
161 106 167 112
9 107 15 113
20 107 26 113
79 107 85 113
81 107 87 113
29 108 35 114
98 108 104 114
139 108 145 114
162 108 168 114
171 108 177 114
175 108 181 114
119 109 125 115
183 109 189 115
196 109 202 115
94 111 100 117
13 112 19 118
41 113 47 119
174 113 180 119
89 114 95 120
131 115 137 121
183 115 189 121
189 116 195 122
81 117 87 123
133 117 139 123
192 117 198 123
98 118 104 124
119 118 125 124
158 118 164 124
172 118 178 124
108 119 114 125
77 120 83 126
166 120 172 126
175 120 181 126
106 121 112 127
120 121 126 127
125 121 131 127
183 121 189 127
22 122 28 128
71 122 77 128
85 122 91 128
96 122 102 128
164 122 170 128
14 123 20 129
72 123 78 129
113 123 119 129
13 124 19 130
76 124 82 130
191 124 197 130
50 125 56 131
194 126 200 132
38 127 44 133
58 127 64 133
62 127 68 133
114 127 120 133
153 127 159 133
33 128 39 134
54 128 60 134
131 128 137 134
142 128 148 134
132 129 138 135
167 130 173 136
176 130 182 136
-3 131 3 137
162 131 168 137
178 131 184 137
24 132 30 138
43 132 49 138
62 132 68 138
156 132 162 138
184 132 190 138
195 132 201 138
136 133 142 139
172 133 178 139
187 133 193 139
194 133 200 139
129 134 135 140
7 135 13 141
63 135 69 141
82 135 88 141
103 135 109 141
122 135 128 141
142 135 148 141
146 135 152 141
166 136 172 142
94 137 100 143
13 138 19 144
96 138 102 144
167 138 173 144
12 139 18 145
130 139 136 145
147 139 153 145
185 139 191 145
196 139 202 145
111 140 117 146
115 140 121 146
12 141 18 147
14 142 20 148
48 142 54 148
59 143 65 149
70 143 76 149
182 143 188 149
98 144 104 150
89 145 95 151
150 145 156 151
163 145 169 151
4 146 10 152
58 146 64 152
74 146 80 152
91 146 97 152
69 147 75 153
107 147 113 153
35 148 41 154
129 149 135 155
8 150 14 156
97 150 103 156
169 150 175 156
24 151 30 157
29 151 35 157
74 151 80 157
87 152 93 158
110 152 116 158
114 152 120 158
146 152 152 158
173 152 179 158
67 153 73 159
77 154 83 160
85 154 91 160
97 154 103 160
127 154 133 160
161 154 167 160
60 155 66 161
65 155 71 161
9 156 15 162
31 156 37 162
139 156 145 162
145 156 151 162
48 157 54 163
75 157 81 163
121 157 127 163
150 157 156 163
164 157 170 163
33 158 39 164
54 158 60 164
89 158 95 164
135 158 141 164
12 159 18 165
26 159 32 165
37 159 43 165
7 160 13 166
192 160 198 166
196 160 202 166
5 161 11 167
29 161 35 167
165 161 171 167
4 162 10 168
10 162 16 168
66 162 72 168
100 162 106 168
45 163 51 169
60 163 66 169
124 163 130 169
175 163 181 169
40 164 46 170
58 164 64 170
92 164 98 170
97 164 103 170
150 164 156 170
177 164 183 170
-3 165 3 171
128 165 134 171
135 165 141 171
156 165 162 171
2 166 8 172
4 166 10 172
27 166 33 172
166 166 172 172
42 167 48 173
172 167 178 173
56 168 62 174
117 168 123 174
139 168 145 174
146 168 152 174
175 168 181 174
78 169 84 175
124 169 130 175
127 169 133 175
162 169 168 175
0 170 6 176
79 170 85 176
9 171 15 177
24 171 30 177
75 171 81 177
89 171 95 177
76 172 82 178
131 172 137 178
140 172 146 178
174 172 180 178
182 172 188 178
66 173 72 179
92 173 98 179
165 173 171 179
121 174 127 180
126 174 132 180
160 174 166 180
1 175 7 181
189 175 195 181
47 176 53 182
84 176 90 182
110 176 116 182
127 176 133 182
177 176 183 182
107 177 113 183
196 177 202 183
46 178 52 184
74 178 80 184
87 179 93 185
88 180 94 186
106 180 112 186
92 181 98 187
111 181 117 187
64 182 70 188
102 182 108 188
110 182 116 188
123 182 129 188
129 182 135 188
191 182 197 188
62 183 68 189
133 183 139 189
158 183 164 189
109 184 115 190
10 185 16 191
29 185 35 191
34 185 40 191
36 185 42 191
46 185 52 191
100 185 106 191
138 185 144 191
9 186 15 192
20 186 26 192
60 186 66 192
104 186 110 192
114 186 120 192
148 186 154 192
172 186 178 192
193 188 199 194
5 189 11 195
42 189 48 195
97 189 103 195
191 189 197 195
14 190 20 196
40 190 46 196
22 191 28 197
119 191 125 197
82 192 88 198
161 192 167 198
35 193 41 199
57 193 63 199
61 193 67 199
113 193 119 199
118 193 124 199
159 193 165 199
21 194 27 200
52 194 58 200
87 194 93 200
33 195 39 201
90 195 96 201
70 196 76 202
116 196 122 202
