160
160 -2 166 4
91 -1 97 5
182 3 188 9
101 5 107 11
184 6 190 12
47 7 53 13
143 8 149 14
10 12 16 18
38 12 44 18
156 12 162 18
50 14 56 20
7 17 13 23
164 18 170 24
39 20 45 26
125 20 131 26
177 26 183 32
39 28 45 34
168 28 174 34
12 29 18 35
18 29 24 35
63 29 69 35
99 29 105 35
2 30 8 36
132 30 138 36
7 31 13 37
114 34 120 40
181 35 187 41
141 37 147 43
5 38 11 44
18 38 24 44
145 38 151 44
81 39 87 45
135 42 141 48
17 43 23 49
189 44 195 50
19 46 25 52
69 47 75 53
186 47 192 53
127 48 133 54
97 51 103 57
182 51 188 57
52 52 58 58
193 52 199 58
72 54 78 60
96 56 102 62
130 56 136 62
191 56 197 62
95 59 101 65
116 59 122 65
139 59 145 65
76 61 82 67
129 62 135 68
196 63 202 69
6 67 12 73
146 68 152 74
71 69 77 75
105 69 111 75
191 69 197 75
174 71 180 77
49 72 55 78
126 72 132 78
88 74 94 80
146 75 152 81
79 78 85 84
142 79 148 85
152 79 158 85
172 84 178 90
114 85 120 91
61 86 67 92
106 87 112 93
163 87 169 93
37 88 43 94
29 89 35 95
145 89 151 95
-3 90 3 96
68 92 74 98
36 95 42 101
-3 97 3 103
104 98 110 104
53 99 59 105
97 99 103 105
3 102 9 108
147 102 153 108
76 103 82 109
18 104 24 110
60 104 66 110
114 105 120 111
190 105 196 111
9 107 15 113
19 107 25 113
139 108 145 114
117 109 123 115
13 111 19 117
174 112 180 118
41 113 47 119
139 114 145 120
43 115 49 121
119 117 125 123
158 117 164 123
68 121 74 127
183 121 189 127
22 127 28 133
142 128 148 134
-3 131 3 137
24 132 30 138
43 132 49 138
172 132 178 138
103 135 109 141
160 138 166 144
130 139 136 145
147 139 153 145
196 139 202 145
149 145 155 151
163 145 169 151
23 151 29 157
72 151 78 157
148 152 154 158
97 154 103 160
60 155 66 161
161 155 167 161
121 157 127 163
150 157 156 163
175 159 181 165
45 162 51 168
99 162 105 168
124 164 130 170
150 164 156 170
127 165 133 171
157 165 163 171
20 166 26 172
70 166 76 172
56 167 62 173
167 167 173 173
117 168 123 174
0 170 6 176
127 170 133 176
171 171 177 177
140 172 146 178
124 174 130 180
189 175 195 181
79 176 85 182
109 176 115 182
177 177 183 183
74 178 80 184
92 180 98 186
158 180 164 186
71 181 77 187
123 182 129 188
189 183 195 189
28 185 34 191
20 186 26 192
63 186 69 192
114 186 120 192
148 186 154 192
172 186 178 192
137 188 143 194
189 191 195 197
83 192 89 198
65 193 71 199
70 196 76 202
