378
-2 -3 4 3
54 -3 60 3
5 -2 11 4
13 -2 19 4
28 -2 34 4
160 -2 166 4
74 -1 80 5
92 -1 98 5
25 0 31 6
175 1 181 7
75 2 81 8
181 3 187 9
196 4 202 10
47 6 53 12
75 6 81 12
89 6 95 12
137 6 143 12
187 7 193 13
134 8 140 14
143 8 149 14
166 8 172 14
62 9 68 15
68 10 74 16
78 10 84 16
106 11 112 17
10 12 16 18
38 12 44 18
107 12 113 18
156 12 162 18
193 13 199 19
49 14 55 20
186 14 192 20
83 15 89 21
129 15 135 21
196 15 202 21
85 16 91 22
87 16 93 22
100 16 106 22
159 16 165 22
184 16 190 22
7 17 13 23
112 18 118 24
164 18 170 24
57 19 63 25
39 20 45 26
172 20 178 26
108 21 114 27
116 21 122 27
125 21 131 27
173 21 179 27
72 23 78 29
114 23 120 29
74 26 80 32
177 26 183 32
39 28 45 34
162 28 168 34
168 28 174 34
12 29 18 35
18 29 24 35
100 29 106 35
125 30 131 36
2 31 8 37
7 31 13 37
25 33 31 39
113 34 119 40
181 35 187 41
42 36 48 42
167 36 173 42
34 37 40 43
55 37 61 43
72 37 78 43
73 37 79 43
5 38 11 44
65 38 71 44
145 38 151 44
25 39 31 45
46 39 52 45
81 39 87 45
188 39 194 45
16 43 22 49
35 43 41 49
66 43 72 49
194 43 200 49
94 44 100 50
150 44 156 50
191 44 197 50
121 45 127 51
181 45 187 51
185 45 191 51
195 45 201 51
19 46 25 52
29 46 35 52
69 47 75 53
47 48 53 54
90 48 96 54
127 48 133 54
186 48 192 54
46 49 52 55
114 49 120 55
141 49 147 55
150 49 156 55
121 50 127 56
5 51 11 57
97 51 103 57
182 51 188 57
8 52 14 58
52 52 58 58
193 52 199 58
72 54 78 60
140 54 146 60
38 55 44 61
161 55 167 61
169 55 175 61
174 55 180 61
12 56 18 62
97 56 103 62
131 56 137 62
173 56 179 62
191 56 197 62
31 57 37 63
170 57 176 63
5 58 11 64
27 58 33 64
164 58 170 64
116 59 122 65
139 60 145 66
179 60 185 66
77 61 83 67
177 61 183 67
49 62 55 68
127 62 133 68
196 63 202 69
121 64 127 70
43 65 49 71
113 65 119 71
6 67 12 73
29 67 35 73
146 67 152 73
35 68 41 74
83 68 89 74
105 68 111 74
115 68 121 74
169 68 175 74
33 69 39 75
71 69 77 75
131 69 137 75
191 69 197 75
94 70 100 76
38 71 44 77
174 71 180 77
49 72 55 78
126 72 132 78
83 73 89 79
35 74 41 80
88 74 94 80
103 74 109 80
146 75 152 81
158 75 164 81
102 76 108 82
79 78 85 84
152 79 158 85
161 79 167 85
142 81 148 87
118 82 124 88
173 82 179 88
182 82 188 88
121 83 127 89
9 84 15 90
85 84 91 90
139 84 145 90
87 85 93 91
114 85 120 91
172 85 178 91
61 86 67 92
137 86 143 92
185 86 191 92
7 87 13 93
38 87 44 93
163 87 169 93
-3 89 3 95
29 89 35 95
90 89 96 95
106 89 112 95
145 89 151 95
45 90 51 96
138 90 144 96
40 92 46 98
186 92 192 98
184 93 190 99
21 94 27 100
171 94 177 100
34 95 40 101
-3 97 3 103
104 98 110 104
31 99 37 105
42 99 48 105
46 99 52 105
53 99 59 105
96 99 102 105
171 99 177 105
30 100 36 106
93 100 99 106
147 102 153 108
76 103 82 109
15 104 21 110
60 104 66 110
88 104 94 110
96 104 102 110
110 104 116 110
91 105 97 111
118 105 124 111
190 105 196 111
27 106 33 112
120 106 126 112
21 107 27 113
29 108 35 114
98 108 104 114
139 108 145 114
119 109 125 115
196 109 202 115
149 111 155 117
13 112 19 118
174 112 180 118
41 113 47 119
89 114 95 120
139 114 145 120
47 115 53 121
183 115 189 121
168 116 174 122
81 117 87 123
119 117 125 123
132 117 138 123
158 118 164 124
172 118 178 124
77 120 83 126
98 120 104 126
174 120 180 126
97 121 103 127
124 121 130 127
183 121 189 127
84 122 90 128
120 122 126 128
164 122 170 128
22 123 28 129
76 124 82 130
51 125 57 131
194 126 200 132
54 127 60 133
58 127 64 133
62 127 68 133
33 128 39 134
38 128 44 134
142 128 148 134
153 128 159 134
-3 131 3 137
162 131 168 137
24 132 30 138
124 132 130 138
156 132 162 138
172 132 178 138
137 133 143 139
122 134 128 140
103 135 109 141
142 135 148 141
160 138 166 144
130 139 136 145
147 139 153 145
185 139 191 145
196 139 202 145
48 142 54 148
98 144 104 150
114 144 120 150
70 145 76 151
129 145 135 151
149 145 155 151
4 146 10 152
107 147 113 153
35 148 41 154
8 150 14 156
97 150 103 156
170 150 176 156
30 151 36 157
172 151 178 157
87 152 93 158
147 152 153 158
76 154 82 160
85 154 91 160
97 154 103 160
127 154 133 160
60 155 66 161
161 155 167 161
9 156 15 162
75 156 81 162
139 156 145 162
144 156 150 162
48 157 54 163
89 157 95 163
121 157 127 163
150 157 156 163
164 157 170 163
53 158 59 164
68 158 74 164
12 159 18 165
27 159 33 165
38 159 44 165
175 159 181 165
165 160 171 166
192 160 198 166
28 161 34 167
144 161 150 167
10 162 16 168
36 162 42 168
45 162 51 168
100 162 106 168
124 163 130 169
93 164 99 170
97 164 103 170
150 164 156 170
128 165 134 171
136 165 142 171
157 165 163 171
20 166 26 172
27 166 33 172
70 166 76 172
166 166 172 172
42 167 48 173
56 167 62 173
117 168 123 174
139 168 145 174
174 168 180 174
24 169 30 175
124 169 130 175
127 169 133 175
146 169 152 175
163 169 169 175
0 170 6 176
89 171 95 177
130 171 136 177
150 171 156 177
9 172 15 178
182 172 188 178
92 173 98 179
122 174 128 180
159 174 165 180
189 175 195 181
9 176 15 182
80 176 86 182
109 176 115 182
84 177 90 183
74 178 80 184
71 181 77 187
138 181 144 187
123 182 129 188
158 183 164 189
191 183 197 189
110 184 116 190
28 185 34 191
138 185 144 191
20 186 26 192
61 186 67 192
148 186 154 192
172 186 178 192
137 188 143 194
5 189 11 195
97 189 103 195
14 190 20 196
82 192 88 198
66 193 72 199
113 193 119 199
34 194 40 200
53 194 59 200
88 194 94 200
186 194 192 200
33 195 39 201
89 195 95 201
101 195 107 201
116 195 122 201
70 196 76 202
