309
-2 -3 4 3
54 -3 60 3
4 -2 10 4
13 -2 19 4
28 -2 34 4
92 -1 98 5
25 0 31 6
74 0 80 6
181 3 187 9
0 4 6 10
196 4 202 10
100 5 106 11
125 5 131 11
163 5 169 11
75 6 81 12
89 6 95 12
186 7 192 13
134 8 140 14
143 8 149 14
166 8 172 14
62 9 68 15
68 10 74 16
77 10 83 16
130 12 136 18
156 12 162 18
49 14 55 20
194 14 200 20
84 15 90 21
129 15 135 21
196 15 202 21
100 16 106 22
159 16 165 22
112 18 118 24
164 18 170 24
57 19 63 25
39 20 45 26
60 21 66 27
109 21 115 27
73 23 79 29
154 24 160 30
74 26 80 32
177 26 183 32
39 28 45 34
161 28 167 34
168 28 174 34
12 29 18 35
18 29 24 35
63 29 69 35
99 29 105 35
125 30 131 36
2 31 8 37
7 31 13 37
25 33 31 39
114 34 120 40
181 35 187 41
42 36 48 42
167 36 173 42
34 37 40 43
55 37 61 43
141 37 147 43
5 38 11 44
65 38 71 44
145 38 151 44
25 39 31 45
81 39 87 45
188 39 194 45
96 40 102 46
168 40 174 46
57 42 63 48
66 42 72 48
135 42 141 48
16 43 22 49
35 43 41 49
96 43 102 49
94 44 100 50
121 45 127 51
19 46 25 52
69 47 75 53
186 47 192 53
91 48 97 54
127 48 133 54
141 49 147 55
150 49 156 55
114 50 120 56
121 50 127 56
6 51 12 57
97 51 103 57
182 51 188 57
8 52 14 58
52 52 58 58
193 52 199 58
72 54 78 60
140 54 146 60
38 55 44 61
161 55 167 61
12 56 18 62
97 56 103 62
131 56 137 62
191 56 197 62
31 57 37 63
164 58 170 64
116 59 122 65
139 60 145 66
77 61 83 67
93 61 99 67
48 62 54 68
128 62 134 68
196 63 202 69
44 65 50 71
113 65 119 71
6 67 12 73
83 68 89 74
115 68 121 74
146 68 152 74
33 69 39 75
71 69 77 75
131 69 137 75
37 71 43 77
174 71 180 77
49 72 55 78
83 72 89 78
126 72 132 78
35 73 41 79
146 75 152 81
158 75 164 81
79 78 85 84
152 79 158 85
142 80 148 86
175 81 181 87
173 82 179 88
121 83 127 89
9 84 15 90
172 84 178 90
114 85 120 91
185 86 191 92
7 87 13 93
163 87 169 93
29 89 35 95
91 89 97 95
145 89 151 95
-3 90 3 96
138 90 144 96
45 91 51 97
41 92 47 98
68 92 74 98
34 95 40 101
-3 97 3 103
104 98 110 104
53 99 59 105
171 99 177 105
92 100 98 106
89 101 95 107
3 102 9 108
147 102 153 108
76 103 82 109
16 104 22 110
60 104 66 110
89 104 95 110
91 104 97 110
96 104 102 110
111 104 117 110
190 105 196 111
27 106 33 112
9 107 15 113
21 107 27 113
29 108 35 114
98 108 104 114
139 108 145 114
119 109 125 115
196 109 202 115
94 111 100 117
13 112 19 118
174 112 180 118
41 113 47 119
90 114 96 120
139 114 145 120
46 115 52 121
183 115 189 121
169 116 175 122
81 117 87 123
119 117 125 123
158 118 164 124
173 119 179 125
77 120 83 126
68 121 74 127
122 121 128 127
183 121 189 127
84 122 90 128
121 122 127 128
76 124 82 130
194 126 200 132
54 127 60 133
34 128 40 134
38 128 44 134
153 129 159 135
167 130 173 136
-3 131 3 137
162 131 168 137
24 132 30 138
43 132 49 138
155 132 161 138
172 132 178 138
138 133 144 139
103 135 109 141
142 135 148 141
160 138 166 144
180 138 186 144
130 139 136 145
147 139 153 145
185 139 191 145
48 142 54 148
114 144 120 150
98 145 104 151
129 145 135 151
149 145 155 151
4 146 10 152
106 147 112 153
35 148 41 154
129 149 135 155
8 150 14 156
97 150 103 156
105 150 111 156
23 151 29 157
30 151 36 157
74 151 80 157
87 152 93 158
148 152 154 158
127 154 133 160
60 155 66 161
161 155 167 161
9 156 15 162
144 156 150 162
49 157 55 163
89 157 95 163
121 157 127 163
150 157 156 163
164 157 170 163
51 158 57 164
68 158 74 164
12 159 18 165
38 159 44 165
165 159 171 165
175 159 181 165
7 160 13 166
192 160 198 166
196 160 202 166
10 161 16 167
36 161 42 167
144 161 150 167
45 162 51 168
99 162 105 168
124 163 130 169
96 164 102 170
-3 165 3 171
40 165 46 171
128 165 134 171
137 165 143 171
157 165 163 171
20 166 26 172
27 166 33 172
70 166 76 172
56 167 62 173
-2 168 4 174
117 168 123 174
139 168 145 174
24 169 30 175
146 169 152 175
163 169 169 175
0 170 6 176
89 171 95 177
129 171 135 177
150 171 156 177
174 171 180 177
140 172 146 178
182 172 188 178
92 173 98 179
165 173 171 179
122 174 128 180
159 174 165 180
1 175 7 181
189 175 195 181
79 176 85 182
109 176 115 182
177 177 183 183
196 177 202 183
92 180 98 186
71 181 77 187
138 181 144 187
123 182 129 188
158 183 164 189
110 184 116 190
28 185 34 191
138 185 144 191
20 186 26 192
61 186 67 192
114 186 120 192
148 186 154 192
172 186 178 192
5 189 11 195
97 189 103 195
14 190 20 196
83 192 89 198
65 193 71 199
113 193 119 199
53 194 59 200
101 194 107 200
187 194 193 200
116 195 122 201
70 196 76 202
