223
-2 -3 4 3
3 -2 9 4
160 -2 166 4
182 3 188 9
101 5 107 11
125 5 131 11
163 5 169 11
89 6 95 12
47 7 53 13
185 7 191 13
77 8 83 14
143 8 149 14
165 8 171 14
65 9 71 15
66 10 72 16
10 12 16 18
38 12 44 18
156 12 162 18
50 14 56 20
84 15 90 21
100 16 106 22
159 16 165 22
7 17 13 23
111 18 117 24
164 18 170 24
57 19 63 25
39 20 45 26
109 20 115 26
125 20 131 26
60 21 66 27
155 24 161 30
177 26 183 32
39 28 45 34
159 28 165 34
168 28 174 34
12 29 18 35
18 29 24 35
63 29 69 35
99 29 105 35
2 30 8 36
125 30 131 36
132 30 138 36
7 31 13 37
114 34 120 40
181 35 187 41
167 36 173 42
55 37 61 43
141 37 147 43
18 38 24 44
34 38 40 44
44 38 50 44
65 38 71 44
145 38 151 44
81 39 87 45
188 39 194 45
168 40 174 46
66 41 72 47
35 42 41 48
57 42 63 48
135 42 141 48
16 43 22 49
94 44 100 50
191 44 197 50
19 46 25 52
69 47 75 53
186 47 192 53
127 48 133 54
113 50 119 56
97 51 103 57
108 51 114 57
141 51 147 57
182 51 188 57
52 52 58 58
193 52 199 58
72 54 78 60
140 54 146 60
36 55 42 61
12 56 18 62
97 56 103 62
130 56 136 62
191 56 197 62
116 59 122 65
139 59 145 65
77 61 83 67
94 61 100 67
48 62 54 68
129 62 135 68
196 63 202 69
113 65 119 71
6 67 12 73
115 67 121 73
71 69 77 75
105 69 111 75
191 69 197 75
174 71 180 77
49 72 55 78
126 72 132 78
88 74 94 80
146 75 152 81
158 76 164 82
79 78 85 84
142 80 148 86
182 83 188 89
172 84 178 90
114 85 120 91
61 86 67 92
185 86 191 92
163 87 169 93
38 88 44 94
106 88 112 94
29 89 35 95
145 89 151 95
-3 90 3 96
138 90 144 96
68 92 74 98
171 94 177 100
34 95 40 101
-3 97 3 103
104 98 110 104
53 99 59 105
96 99 102 105
171 99 177 105
3 102 9 108
76 103 82 109
16 104 22 110
60 104 66 110
113 104 119 110
96 105 102 111
190 105 196 111
9 107 15 113
21 107 27 113
98 108 104 114
139 108 145 114
94 111 100 117
13 112 19 118
174 112 180 118
41 113 47 119
91 114 97 120
139 114 145 120
46 115 52 121
183 115 189 121
169 116 175 122
119 117 125 123
158 118 164 124
183 121 189 127
142 128 148 134
167 130 173 136
-3 131 3 137
162 131 168 137
24 132 30 138
43 132 49 138
172 132 178 138
140 133 146 139
103 135 109 141
142 135 148 141
160 138 166 144
180 138 186 144
130 139 136 145
147 139 153 145
185 139 191 145
196 139 202 145
48 142 54 148
114 144 120 150
98 145 104 151
129 145 135 151
149 145 155 151
4 146 10 152
33 148 39 154
129 149 135 155
7 150 13 156
97 150 103 156
23 151 29 157
73 151 79 157
148 152 154 158
127 154 133 160
60 155 66 161
161 155 167 161
121 157 127 163
150 157 156 163
175 159 181 165
45 162 51 168
99 162 105 168
124 163 130 169
128 165 134 171
157 165 163 171
20 166 26 172
166 166 172 172
-3 167 3 173
-2 167 4 173
56 167 62 173
147 169 153 175
164 169 170 175
0 170 6 176
127 170 133 176
149 170 155 176
182 172 188 178
122 174 128 180
159 174 165 180
0 175 6 181
189 175 195 181
109 176 115 182
177 177 183 183
196 177 202 183
92 180 98 186
71 181 77 187
123 182 129 188
158 182 164 188
190 183 196 189
28 185 34 191
110 185 116 191
62 186 68 192
107 186 113 192
114 186 120 192
148 186 154 192
172 186 178 192
137 188 143 194
5 189 11 195
14 190 20 196
83 192 89 198
65 193 71 199
101 193 107 199
188 193 194 199
70 196 76 202
