159
13 -3 19 3
160 -2 166 4
91 -1 97 5
182 3 188 9
101 5 107 11
125 5 131 11
89 6 95 12
47 7 53 13
184 7 190 13
143 8 149 14
10 12 16 18
38 12 44 18
50 14 56 20
84 15 90 21
159 16 165 22
7 17 13 23
57 19 63 25
39 20 45 26
59 20 65 26
125 20 131 26
177 26 183 32
39 28 45 34
168 28 174 34
12 29 18 35
18 29 24 35
63 29 69 35
99 29 105 35
2 30 8 36
125 30 131 36
132 30 138 36
7 31 13 37
114 34 120 40
5 38 11 44
18 38 24 44
145 38 151 44
81 39 87 45
188 39 194 45
135 42 141 48
17 43 23 49
189 44 195 50
19 46 25 52
69 47 75 53
186 47 192 53
127 48 133 54
97 51 103 57
182 51 188 57
52 52 58 58
193 52 199 58
72 54 78 60
12 56 18 62
97 56 103 62
130 56 136 62
191 56 197 62
94 59 100 65
116 59 122 65
139 59 145 65
47 62 53 68
129 62 135 68
196 63 202 69
46 65 52 71
6 67 12 73
71 69 77 75
105 69 111 75
191 69 197 75
126 72 132 78
88 74 94 80
146 75 152 81
158 76 164 82
152 79 158 85
142 80 148 86
172 84 178 90
61 86 67 92
106 87 112 93
163 87 169 93
37 88 43 94
145 89 151 95
-3 90 3 96
139 90 145 96
35 95 41 101
104 98 110 104
53 99 59 105
3 102 9 108
147 102 153 108
76 103 82 109
17 104 23 110
60 104 66 110
114 105 120 111
190 105 196 111
9 107 15 113
19 107 25 113
139 108 145 114
117 109 123 115
196 109 202 115
13 111 19 117
174 112 180 118
41 113 47 119
139 114 145 120
169 116 175 122
119 117 125 123
158 117 164 123
68 121 74 127
22 126 28 132
142 128 148 134
167 130 173 136
-3 131 3 137
164 131 170 137
24 132 30 138
43 132 49 138
172 132 178 138
103 135 109 141
160 138 166 144
130 139 136 145
147 139 153 145
196 139 202 145
48 142 54 148
114 144 120 150
149 145 155 151
163 145 169 151
98 148 104 154
7 149 13 155
23 151 29 157
148 152 154 158
97 154 103 160
127 154 133 160
161 155 167 161
150 157 156 163
175 159 181 165
45 162 51 168
99 162 105 168
150 164 156 170
127 165 133 171
20 166 26 172
70 166 76 172
167 167 173 173
117 168 123 174
0 170 6 176
127 170 133 176
171 171 177 177
124 174 130 180
159 175 165 181
189 175 195 181
109 176 115 182
177 177 183 183
74 178 80 184
92 180 98 186
71 181 77 187
158 181 164 187
123 182 129 188
189 183 195 189
28 185 34 191
20 186 26 192
114 186 120 192
148 186 154 192
172 186 178 192
137 188 143 194
15 190 21 196
189 191 195 197
83 192 89 198
65 193 71 199
