249
4 -2 10 4
28 -2 34 4
92 -1 98 5
181 3 187 9
101 5 107 11
125 5 131 11
163 5 169 11
75 6 81 12
89 6 95 12
136 6 142 12
47 7 53 13
134 8 140 14
143 8 149 14
166 8 172 14
63 9 69 15
77 9 83 15
67 10 73 16
38 12 44 18
156 12 162 18
130 13 136 19
49 14 55 20
129 14 135 20
186 15 192 21
100 16 106 22
184 16 190 22
112 18 118 24
164 18 170 24
57 19 63 25
39 20 45 26
125 20 131 26
60 21 66 27
109 21 115 27
154 24 160 30
177 26 183 32
39 28 45 34
160 28 166 34
168 28 174 34
12 29 18 35
18 29 24 35
99 29 105 35
125 30 131 36
132 30 138 36
2 31 8 37
7 31 13 37
25 34 31 40
181 35 187 41
42 36 48 42
167 36 173 42
34 37 40 43
18 38 24 44
25 38 31 44
65 38 71 44
145 38 151 44
45 39 51 45
81 39 87 45
188 39 194 45
168 40 174 46
57 42 63 48
66 42 72 48
16 43 22 49
94 44 100 50
150 44 156 50
191 44 197 50
121 45 127 51
19 46 25 52
69 47 75 53
91 48 97 54
127 48 133 54
150 48 156 54
121 49 127 55
114 50 120 56
141 50 147 56
97 51 103 57
108 51 114 57
182 51 188 57
52 52 58 58
193 52 199 58
72 54 78 60
37 55 43 61
12 56 18 62
97 56 103 62
131 56 137 62
162 56 168 62
191 56 197 62
31 57 37 63
163 57 169 63
116 59 122 65
139 59 145 65
77 61 83 67
94 61 100 67
48 62 54 68
128 62 134 68
44 65 50 71
113 65 119 71
6 67 12 73
115 67 121 73
146 68 152 74
71 69 77 75
105 69 111 75
191 69 197 75
174 71 180 77
49 72 55 78
88 74 94 80
146 75 152 81
158 75 164 81
79 78 85 84
182 83 188 89
114 85 120 91
185 86 191 92
38 88 44 94
106 88 112 94
29 89 35 95
92 89 98 95
145 89 151 95
94 90 100 96
138 90 144 96
44 91 50 97
42 92 48 98
171 94 177 100
-3 97 3 103
104 98 110 104
42 99 48 105
46 99 52 105
53 99 59 105
96 99 102 105
171 99 177 105
3 102 9 108
147 102 153 108
76 103 82 109
16 104 22 110
60 104 66 110
112 104 118 110
96 105 102 111
190 105 196 111
27 106 33 112
9 107 15 113
21 107 27 113
98 108 104 114
139 108 145 114
119 109 125 115
183 109 189 115
196 109 202 115
94 111 100 117
13 112 19 118
174 112 180 118
41 113 47 119
90 114 96 120
139 114 145 120
183 115 189 121
169 116 175 122
119 117 125 123
81 118 87 124
68 121 74 127
183 121 189 127
77 122 83 128
84 122 90 128
76 123 82 129
194 125 200 131
142 128 148 134
167 130 173 136
-3 131 3 137
162 131 168 137
24 132 30 138
43 132 49 138
138 133 144 139
103 135 109 141
142 135 148 141
160 138 166 144
180 138 186 144
130 139 136 145
147 139 153 145
185 139 191 145
114 144 120 150
98 145 104 151
149 145 155 151
4 146 10 152
106 147 112 153
34 148 40 154
129 149 135 155
7 150 13 156
105 150 111 156
23 151 29 157
31 151 37 157
74 151 80 157
148 152 154 158
87 153 93 159
127 154 133 160
60 155 66 161
161 155 167 161
89 156 95 162
121 157 127 163
150 157 156 163
68 159 74 165
175 159 181 165
8 160 14 166
38 160 44 166
9 161 15 167
36 161 42 167
67 162 73 168
99 162 105 168
150 164 156 170
-3 165 3 171
128 165 134 171
157 165 163 171
70 166 76 172
166 166 172 172
26 167 32 173
56 167 62 173
-2 168 4 174
24 168 30 174
139 168 145 174
146 169 152 175
163 169 169 175
0 170 6 176
128 170 134 176
150 170 156 176
90 171 96 177
174 171 180 177
165 172 171 178
182 172 188 178
92 173 98 179
159 174 165 180
0 175 6 181
79 176 85 182
109 176 115 182
177 177 183 183
196 177 202 183
74 178 80 184
92 180 98 186
71 181 77 187
123 182 129 188
138 182 144 188
158 183 164 189
190 183 196 189
110 184 116 190
28 185 34 191
20 186 26 192
62 186 68 192
106 186 112 192
114 186 120 192
148 186 154 192
137 188 143 194
5 189 11 195
97 189 103 195
14 190 20 196
65 193 71 199
101 194 107 200
115 194 121 200
70 196 76 202
