239
-2 -3 4 3
3 -2 9 4
27 -2 33 4
160 -2 166 4
26 -1 32 5
92 -1 98 5
182 3 188 9
101 5 107 11
125 5 131 11
75 6 81 12
89 6 95 12
47 7 53 13
186 7 192 13
143 8 149 14
165 8 171 14
77 9 83 15
67 10 73 16
10 12 16 18
38 12 44 18
156 12 162 18
50 14 56 20
84 15 90 21
100 16 106 22
164 18 170 24
39 20 45 26
109 21 115 27
155 24 161 30
177 26 183 32
39 28 45 34
160 28 166 34
168 28 174 34
12 29 18 35
18 29 24 35
63 29 69 35
99 29 105 35
125 30 131 36
132 30 138 36
2 31 8 37
7 31 13 37
25 34 31 40
114 34 120 40
181 35 187 41
42 36 48 42
167 36 173 42
34 37 40 43
55 37 61 43
141 37 147 43
5 38 11 44
18 38 24 44
25 38 31 44
45 38 51 44
65 38 71 44
145 38 151 44
81 39 87 45
188 39 194 45
168 40 174 46
35 42 41 48
66 42 72 48
135 42 141 48
16 43 22 49
94 44 100 50
191 44 197 50
19 46 25 52
121 46 127 52
69 47 75 53
150 47 156 53
186 47 192 53
91 48 97 54
121 48 127 54
127 48 133 54
113 50 119 56
141 50 147 56
97 51 103 57
108 51 114 57
182 51 188 57
52 52 58 58
193 52 199 58
140 54 146 60
37 55 43 61
97 56 103 62
131 56 137 62
191 56 197 62
31 57 37 63
139 59 145 65
77 61 83 67
94 61 100 67
48 62 54 68
129 62 135 68
196 63 202 69
45 65 51 71
113 65 119 71
6 67 12 73
115 67 121 73
146 68 152 74
71 69 77 75
105 69 111 75
191 69 197 75
174 71 180 77
49 72 55 78
126 72 132 78
88 74 94 80
146 75 152 81
158 76 164 82
152 79 158 85
142 80 148 86
182 83 188 89
172 84 178 90
61 86 67 92
185 86 191 92
163 87 169 93
38 88 44 94
106 88 112 94
29 89 35 95
145 89 151 95
-3 90 3 96
138 90 144 96
171 94 177 100
34 95 40 101
-3 97 3 103
104 98 110 104
42 99 48 105
46 99 52 105
53 99 59 105
96 99 102 105
171 99 177 105
3 102 9 108
147 102 153 108
76 103 82 109
16 104 22 110
60 104 66 110
113 104 119 110
96 105 102 111
190 105 196 111
28 106 34 112
9 107 15 113
29 107 35 113
98 108 104 114
118 109 124 115
183 109 189 115
196 109 202 115
94 111 100 117
174 112 180 118
41 113 47 119
90 114 96 120
139 114 145 120
46 115 52 121
183 115 189 121
169 116 175 122
119 117 125 123
81 118 87 124
68 121 74 127
84 121 90 127
22 124 28 130
167 130 173 136
-3 131 3 137
162 131 168 137
24 132 30 138
172 132 178 138
103 135 109 141
142 135 148 141
130 139 136 145
147 139 153 145
185 139 191 145
196 139 202 145
48 142 54 148
114 144 120 150
98 145 104 151
129 145 135 151
149 145 155 151
163 145 169 151
4 146 10 152
34 148 40 154
129 149 135 155
97 150 103 156
23 151 29 157
31 151 37 157
73 151 79 157
148 152 154 158
88 154 94 160
97 154 103 160
127 154 133 160
60 155 66 161
88 155 94 161
161 155 167 161
9 157 15 163
121 157 127 163
150 157 156 163
11 159 17 165
68 159 74 165
175 159 181 165
67 161 73 167
99 162 105 168
124 163 130 169
150 164 156 170
157 165 163 171
-3 166 3 172
20 166 26 172
137 166 143 172
166 166 172 172
56 167 62 173
-2 168 4 174
117 168 123 174
139 168 145 174
164 169 170 175
0 170 6 176
128 170 134 176
149 170 155 176
90 171 96 177
173 171 179 177
165 172 171 178
182 172 188 178
91 173 97 179
122 174 128 180
159 174 165 180
0 175 6 181
189 175 195 181
79 176 85 182
109 176 115 182
177 177 183 183
196 177 202 183
71 181 77 187
123 182 129 188
158 183 164 189
110 184 116 190
28 185 34 191
20 186 26 192
62 186 68 192
107 186 113 192
114 186 120 192
148 186 154 192
172 186 178 192
137 188 143 194
5 189 11 195
97 189 103 195
14 190 20 196
65 193 71 199
187 193 193 199
101 194 107 200
70 196 76 202
