482
-2 -3 4 3
54 -3 60 3
5 -2 11 4
13 -2 19 4
28 -2 34 4
160 -2 166 4
74 -1 80 5
93 -1 99 5
190 -1 196 5
25 0 31 6
175 0 181 6
75 2 81 8
174 2 180 8
36 3 42 9
181 3 187 9
0 4 6 10
195 4 201 10
38 5 44 11
100 5 106 11
124 5 130 11
137 5 143 11
163 5 169 11
75 6 81 12
89 6 95 12
187 7 193 13
134 8 140 14
143 8 149 14
68 10 74 16
106 11 112 17
10 12 16 18
38 12 44 18
130 12 136 18
156 12 162 18
108 13 114 19
193 13 199 19
186 14 192 20
83 15 89 21
129 15 135 21
196 15 202 21
100 16 106 22
184 16 190 22
7 17 13 23
48 17 54 23
85 17 91 23
112 18 118 24
57 19 63 25
164 19 170 25
172 19 178 25
39 20 45 26
61 21 67 27
90 21 96 27
108 21 114 27
116 21 122 27
125 21 131 27
173 22 179 28
72 23 78 29
114 23 120 29
154 24 160 30
177 26 183 32
39 28 45 34
162 28 168 34
168 28 174 34
12 29 18 35
18 29 24 35
63 29 69 35
125 30 131 36
132 30 138 36
2 31 8 37
7 31 13 37
65 31 71 37
118 31 124 37
129 31 135 37
116 32 122 38
128 32 134 38
25 33 31 39
76 33 82 39
65 34 71 40
78 34 84 40
113 34 119 40
124 35 130 41
181 35 187 41
42 36 48 42
89 36 95 42
90 36 96 42
166 36 172 42
34 37 40 43
54 37 60 43
70 37 76 43
74 37 80 43
123 37 129 43
141 37 147 43
5 38 11 44
18 38 24 44
65 38 71 44
145 38 151 44
25 39 31 45
46 39 52 45
81 39 87 45
188 39 194 45
96 40 102 46
169 40 175 46
58 42 64 48
135 42 141 48
16 43 22 49
24 43 30 49
35 43 41 49
66 43 72 49
97 43 103 49
194 43 200 49
94 44 100 50
151 44 157 50
191 44 197 50
121 45 127 51
181 45 187 51
185 45 191 51
196 45 202 51
74 46 80 52
75 46 81 52
19 47 25 53
29 47 35 53
47 47 53 53
69 47 75 53
90 48 96 54
127 48 133 54
141 48 147 54
114 49 120 55
150 49 156 55
186 49 192 55
46 50 52 56
121 50 127 56
5 51 11 57
97 51 103 57
107 51 113 57
183 51 189 57
8 52 14 58
52 52 58 58
193 52 199 58
180 53 186 59
72 54 78 60
140 54 146 60
179 54 185 60
169 55 175 61
175 55 181 61
3 56 9 62
191 56 197 62
173 57 179 63
27 58 33 64
31 58 37 64
164 58 170 64
5 59 11 65
24 59 30 65
116 59 122 65
179 59 185 65
77 61 83 67
93 61 99 67
49 62 55 68
177 62 183 68
55 63 61 69
57 64 63 70
121 64 127 70
186 64 192 70
43 65 49 71
113 65 119 71
170 65 176 71
118 66 124 72
6 67 12 73
25 67 31 73
29 67 35 73
146 67 152 73
35 68 41 74
83 68 89 74
115 68 121 74
169 68 175 74
33 69 39 75
65 69 71 75
71 69 77 75
94 69 100 75
131 69 137 75
191 69 197 75
66 70 72 76
38 71 44 77
174 71 180 77
49 72 55 78
96 72 102 78
126 72 132 78
83 73 89 79
131 73 137 79
69 74 75 80
88 74 94 80
35 75 41 81
52 75 58 81
146 75 152 81
158 75 164 81
162 75 168 81
163 75 169 81
70 76 76 82
161 76 167 82
53 77 59 83
79 78 85 84
152 79 158 85
80 80 86 86
66 81 72 87
142 81 148 87
80 82 86 88
173 82 179 88
182 82 188 88
122 83 128 89
126 83 132 89
85 84 91 90
139 84 145 90
66 85 72 91
87 85 93 91
114 85 120 91
172 85 178 91
137 86 143 92
185 86 191 92
7 87 13 93
38 87 44 93
163 87 169 93
-3 89 3 95
29 89 35 95
81 89 87 95
90 89 96 95
106 89 112 95
145 89 151 95
45 90 51 96
95 90 101 96
138 90 144 96
20 91 26 97
82 91 88 97
40 92 46 98
68 92 74 98
188 92 194 98
184 93 190 99
21 94 27 100
74 94 80 100
171 94 177 100
34 95 40 101
-3 97 3 103
104 98 110 104
31 99 37 105
46 99 52 105
96 99 102 105
24 100 30 106
29 100 35 106
77 100 83 106
93 100 99 106
153 100 159 106
155 100 161 106
18 101 24 107
22 101 28 107
89 101 95 107
3 102 9 108
77 102 83 108
147 102 153 108
60 104 66 110
76 104 82 110
88 104 94 110
97 104 103 110
110 104 116 110
190 104 196 110
91 105 97 111
118 105 124 111
120 106 126 112
9 107 15 113
21 107 27 113
29 108 35 114
98 108 104 114
139 108 145 114
119 109 125 115
170 109 176 115
171 109 177 115
149 110 155 116
94 111 100 117
13 112 19 118
41 113 47 119
147 113 153 119
174 113 180 119
89 114 95 120
139 114 145 120
131 115 137 121
183 115 189 121
168 116 174 122
190 116 196 122
81 117 87 123
133 117 139 123
191 117 197 123
158 118 164 124
172 118 178 124
98 119 104 125
108 119 114 125
77 120 83 126
166 120 172 126
174 120 180 126
68 121 74 127
106 121 112 127
125 121 131 127
22 122 28 128
85 122 91 128
96 122 102 128
120 122 126 128
114 123 120 129
76 124 82 130
191 124 197 130
51 125 57 131
194 126 200 132
54 127 60 133
58 127 64 133
62 127 68 133
114 127 120 133
33 128 39 134
142 128 148 134
167 130 173 136
-3 131 3 137
162 131 168 137
24 132 30 138
43 132 49 138
156 132 162 138
184 132 190 138
137 133 143 139
172 133 178 139
187 133 193 139
63 134 69 140
122 134 128 140
128 134 134 140
103 135 109 141
142 135 148 141
84 136 90 142
127 136 133 142
160 138 166 144
130 139 136 145
147 139 153 145
185 139 191 145
196 139 202 145
111 140 117 146
114 140 120 146
48 142 54 148
58 144 64 150
70 144 76 150
98 144 104 150
114 144 120 150
182 144 188 150
58 145 64 151
129 145 135 151
150 145 156 151
183 145 189 151
4 146 10 152
69 147 75 153
107 147 113 153
129 149 135 155
8 150 14 156
97 150 103 156
104 150 110 156
169 150 175 156
24 151 30 157
30 151 36 157
74 151 80 157
84 151 90 157
87 152 93 158
147 152 153 158
172 152 178 158
67 154 73 160
76 154 82 160
85 154 91 160
97 154 103 160
127 154 133 160
161 154 167 160
60 155 66 161
66 155 72 161
141 155 147 161
9 156 15 162
32 156 38 162
136 156 142 162
139 156 145 162
145 156 151 162
48 157 54 163
75 157 81 163
89 157 95 163
121 157 127 163
135 157 141 163
150 157 156 163
164 157 170 163
33 158 39 164
54 158 60 164
68 158 74 164
12 159 18 165
38 159 44 165
7 160 13 166
192 160 198 166
196 160 202 166
28 161 34 167
144 161 150 167
10 162 16 168
67 162 73 168
100 162 106 168
45 163 51 169
40 164 46 170
97 164 103 170
150 164 156 170
-3 165 3 171
136 165 142 171
157 165 163 171
21 166 27 172
27 166 33 172
166 166 172 172
42 167 48 173
56 167 62 173
172 167 178 173
-2 168 4 174
117 168 123 174
139 168 145 174
146 168 152 174
175 168 181 174
124 169 130 175
127 169 133 175
163 169 169 175
0 170 6 176
24 170 30 176
9 171 15 177
89 171 95 177
131 171 137 177
151 171 157 177
140 172 146 178
174 172 180 178
67 173 73 179
92 173 98 179
165 173 171 179
69 174 75 180
121 174 127 180
160 174 166 180
1 175 7 181
189 175 195 181
80 176 86 182
109 176 115 182
177 176 183 182
9 177 15 183
84 177 90 183
107 177 113 183
196 177 202 183
46 178 52 184
74 178 80 184
106 179 112 185
71 181 77 187
92 181 98 187
138 181 144 187
85 182 91 188
123 182 129 188
129 182 135 188
132 183 138 189
158 183 164 189
191 183 197 189
110 184 116 190
28 185 34 191
138 185 144 191
20 186 26 192
60 186 66 192
105 186 111 192
114 186 120 192
148 186 154 192
172 186 178 192
137 188 143 194
192 188 198 194
41 189 47 195
191 189 197 195
14 190 20 196
40 190 46 196
82 192 88 198
35 193 41 199
58 193 64 199
61 193 67 199
66 193 72 199
113 193 119 199
53 194 59 200
87 194 93 200
33 195 39 201
90 195 96 201
101 195 107 201
116 195 122 201
137 195 143 201
186 195 192 201
70 196 76 202
136 196 142 202
