280
-2 -3 4 3
4 -2 10 4
13 -2 19 4
28 -2 34 4
160 -2 166 4
92 -1 98 5
25 0 31 6
181 3 187 9
0 4 6 10
100 5 106 11
125 5 131 11
163 5 169 11
75 6 81 12
89 6 95 12
136 6 142 12
47 7 53 13
186 7 192 13
143 8 149 14
166 8 172 14
63 9 69 15
68 10 74 16
77 10 83 16
38 12 44 18
130 12 136 18
156 12 162 18
49 14 55 20
84 15 90 21
129 15 135 21
159 16 165 22
184 16 190 22
112 18 118 24
164 18 170 24
57 19 63 25
39 20 45 26
60 21 66 27
109 21 115 27
125 21 131 27
73 23 79 29
154 24 160 30
74 25 80 31
177 26 183 32
39 28 45 34
161 28 167 34
168 28 174 34
18 29 24 35
63 29 69 35
99 29 105 35
125 30 131 36
132 30 138 36
2 31 8 37
25 33 31 39
114 34 120 40
181 35 187 41
42 36 48 42
167 36 173 42
34 37 40 43
55 37 61 43
141 37 147 43
5 38 11 44
18 38 24 44
65 38 71 44
145 38 151 44
25 39 31 45
46 39 52 45
81 39 87 45
168 40 174 46
57 42 63 48
66 42 72 48
135 42 141 48
16 43 22 49
35 43 41 49
96 43 102 49
94 44 100 50
150 44 156 50
19 46 25 52
69 47 75 53
91 48 97 54
141 49 147 55
114 50 120 56
121 50 127 56
97 51 103 57
107 51 113 57
182 51 188 57
52 52 58 58
193 52 199 58
140 54 146 60
38 55 44 61
12 56 18 62
97 56 103 62
131 56 137 62
31 57 37 63
164 57 170 63
139 59 145 65
77 61 83 67
93 61 99 67
48 62 54 68
196 63 202 69
44 65 50 71
113 65 119 71
120 65 126 71
119 66 125 72
6 67 12 73
146 68 152 74
71 69 77 75
83 69 89 75
105 69 111 75
191 69 197 75
174 71 180 77
49 72 55 78
83 72 89 78
35 73 41 79
88 74 94 80
146 75 152 81
79 78 85 84
173 82 179 88
182 82 188 88
9 85 15 91
114 85 120 91
7 86 13 92
61 86 67 92
185 86 191 92
163 87 169 93
106 88 112 94
29 89 35 95
92 89 98 95
145 89 151 95
-3 90 3 96
94 90 100 96
44 91 50 97
42 92 48 98
68 92 74 98
171 94 177 100
104 98 110 104
42 99 48 105
46 99 52 105
96 99 102 105
171 99 177 105
92 100 98 106
90 101 96 107
3 102 9 108
147 102 153 108
60 104 66 110
112 104 118 110
190 105 196 111
27 106 33 112
9 107 15 113
21 107 27 113
29 108 35 114
98 108 104 114
139 108 145 114
119 109 125 115
183 109 189 115
196 109 202 115
13 112 19 118
174 112 180 118
41 113 47 119
139 114 145 120
46 115 52 121
183 115 189 121
169 116 175 122
81 117 87 123
119 117 125 123
68 121 74 127
77 121 83 127
183 121 189 127
84 122 90 128
22 123 28 129
76 124 82 130
192 124 198 130
194 126 200 132
34 128 40 134
37 128 43 134
142 128 148 134
154 130 160 136
167 130 173 136
162 131 168 137
24 132 30 138
43 132 49 138
172 132 178 138
138 133 144 139
103 135 109 141
142 135 148 141
160 138 166 144
180 138 186 144
130 139 136 145
147 139 153 145
196 139 202 145
48 142 54 148
114 144 120 150
98 145 104 151
129 145 135 151
149 145 155 151
163 145 169 151
4 146 10 152
106 147 112 153
34 148 40 154
129 149 135 155
8 150 14 156
97 150 103 156
105 150 111 156
23 151 29 157
31 151 37 157
97 154 103 160
127 154 133 160
60 155 66 161
161 155 167 161
9 156 15 162
89 156 95 162
50 157 56 163
121 157 127 163
144 157 150 163
150 157 156 163
164 157 170 163
50 158 56 164
68 158 74 164
12 159 18 165
38 159 44 165
165 159 171 165
175 159 181 165
8 160 14 166
36 161 42 167
45 162 51 168
67 162 73 168
99 162 105 168
150 164 156 170
-3 165 3 171
128 165 134 171
137 165 143 171
157 165 163 171
20 166 26 172
70 166 76 172
166 166 172 172
27 167 33 173
56 167 62 173
-2 168 4 174
117 168 123 174
139 168 145 174
24 169 30 175
125 169 131 175
127 169 133 175
146 169 152 175
163 169 169 175
129 170 135 176
89 171 95 177
150 171 156 177
174 171 180 177
140 172 146 178
182 172 188 178
92 173 98 179
165 173 171 179
122 174 128 180
159 174 165 180
0 175 6 181
189 175 195 181
79 176 85 182
109 176 115 182
177 177 183 183
196 177 202 183
92 180 98 186
123 182 129 188
158 183 164 189
190 183 196 189
110 184 116 190
28 185 34 191
20 186 26 192
106 186 112 192
114 186 120 192
148 186 154 192
172 186 178 192
137 188 143 194
5 189 11 195
97 189 103 195
14 190 20 196
83 192 89 198
114 193 120 199
101 194 107 200
53 195 59 201
116 195 122 201
54 196 60 202
70 196 76 202
