507
-2 -3 4 3
54 -3 60 3
5 -2 11 4
13 -2 19 4
28 -2 34 4
160 -2 166 4
74 -1 80 5
93 -1 99 5
190 -1 196 5
25 0 31 6
175 0 181 6
188 0 194 6
75 2 81 8
36 3 42 9
174 3 180 9
181 3 187 9
0 4 6 10
195 4 201 10
38 5 44 11
100 5 106 11
124 5 130 11
137 5 143 11
163 5 169 11
47 6 53 12
74 6 80 12
89 6 95 12
1 7 7 13
33 7 39 13
187 7 193 13
34 8 40 14
134 8 140 14
166 8 172 14
68 10 74 16
90 11 96 17
106 11 112 17
10 12 16 18
130 12 136 18
156 12 162 18
108 13 114 19
193 13 199 19
49 14 55 20
186 14 192 20
129 15 135 21
196 15 202 21
87 16 93 22
100 16 106 22
159 16 165 22
184 16 190 22
85 17 91 23
49 18 55 24
91 18 97 24
112 18 118 24
164 19 170 25
172 19 178 25
39 20 45 26
61 21 67 27
90 21 96 27
108 21 114 27
116 21 122 27
125 21 131 27
173 22 179 28
72 23 78 29
154 24 160 30
39 28 45 34
163 28 169 34
168 28 174 34
12 29 18 35
18 29 24 35
63 29 69 35
100 29 106 35
132 30 138 36
7 31 13 37
65 31 71 37
118 31 124 37
25 32 31 38
65 34 71 40
78 34 84 40
113 34 119 40
124 35 130 41
181 35 187 41
42 36 48 42
88 36 94 42
91 36 97 42
106 36 112 42
166 36 172 42
54 37 60 43
60 37 66 43
70 37 76 43
107 37 113 43
141 37 147 43
5 38 11 44
18 38 24 44
59 38 65 44
65 38 71 44
117 38 123 44
145 38 151 44
25 39 31 45
46 39 52 45
81 39 87 45
188 39 194 45
96 40 102 46
25 42 31 48
58 42 64 48
135 42 141 48
16 43 22 49
35 43 41 49
66 43 72 49
97 43 103 49
194 43 200 49
24 44 30 50
94 44 100 50
151 44 157 50
191 44 197 50
121 45 127 51
180 45 186 51
185 45 191 51
196 45 202 51
73 46 79 52
76 46 82 52
19 47 25 53
29 47 35 53
47 47 53 53
127 48 133 54
141 48 147 54
41 49 47 55
114 49 120 55
186 49 192 55
42 50 48 56
46 50 52 56
121 50 127 56
150 50 156 56
5 51 11 57
97 51 103 57
107 51 113 57
183 51 189 57
8 52 14 58
52 52 58 58
193 52 199 58
49 53 55 59
180 53 186 59
71 54 77 60
77 54 83 60
140 54 146 60
161 54 167 60
178 54 184 60
48 55 54 61
175 55 181 61
3 56 9 62
12 56 18 62
78 56 84 62
97 56 103 62
132 56 138 62
170 57 176 63
27 58 33 64
31 58 37 64
126 58 132 64
164 58 170 64
5 59 11 65
24 59 30 65
116 59 122 65
179 59 185 65
138 60 144 66
77 61 83 67
126 62 132 68
177 62 183 68
186 62 192 68
55 63 61 69
196 63 202 69
121 64 127 70
43 65 49 71
57 65 63 71
113 65 119 71
118 66 124 72
186 66 192 72
6 67 12 73
25 67 31 73
29 67 35 73
146 67 152 73
83 68 89 74
115 68 121 74
169 68 175 74
33 69 39 75
65 69 71 75
71 69 77 75
94 69 100 75
38 71 44 77
66 71 72 77
174 71 180 77
49 72 55 78
96 72 102 78
126 72 132 78
82 73 88 79
69 74 75 80
104 74 110 80
131 74 137 80
163 74 169 80
35 75 41 81
52 75 58 81
146 75 152 81
157 75 163 81
70 76 76 82
161 76 167 82
53 77 59 83
79 78 85 84
152 79 158 85
66 80 72 86
80 80 86 86
175 80 181 86
127 81 133 87
142 81 148 87
117 82 123 88
173 82 179 88
182 82 188 88
80 83 86 89
122 83 128 89
10 84 16 90
85 84 91 90
139 84 145 90
66 85 72 91
87 85 93 91
172 85 178 91
38 86 44 92
61 86 67 92
7 87 13 93
185 87 191 93
-3 89 3 95
29 89 35 95
81 89 87 95
90 89 96 95
106 89 112 95
145 89 151 95
8 90 14 96
95 90 101 96
129 90 135 96
138 90 144 96
83 91 89 97
131 91 137 97
9 92 15 98
39 92 45 98
68 92 74 98
188 92 194 98
61 94 67 100
75 94 81 100
171 94 177 100
34 95 40 101
-3 97 3 103
53 98 59 104
104 98 110 104
168 98 174 104
32 99 38 105
42 99 48 105
96 99 102 105
167 99 173 105
171 99 177 105
18 100 24 106
24 100 30 106
28 100 34 106
77 100 83 106
93 100 99 106
155 100 161 106
21 101 27 107
89 101 95 107
17 102 23 108
78 102 84 108
147 102 153 108
15 104 21 110
60 104 66 110
76 104 82 110
88 104 94 110
97 104 103 110
110 104 116 110
91 105 97 111
118 105 124 111
27 106 33 112
120 106 126 112
175 106 181 112
9 107 15 113
21 107 27 113
162 107 168 113
175 107 181 113
29 108 35 114
98 108 104 114
139 108 145 114
119 109 125 115
183 109 189 115
196 109 202 115
149 110 155 116
170 110 176 116
94 111 100 117
13 112 19 118
41 113 47 119
174 113 180 119
89 114 95 120
139 114 145 120
147 114 153 120
131 115 137 121
183 115 189 121
168 116 174 122
190 116 196 122
81 117 87 123
133 117 139 123
192 117 198 123
98 118 104 124
119 118 125 124
158 118 164 124
172 118 178 124
77 120 83 126
166 120 172 126
175 120 181 126
68 121 74 127
106 121 112 127
120 121 126 127
125 121 131 127
183 121 189 127
22 122 28 128
85 122 91 128
96 122 102 128
164 122 170 128
76 124 82 130
191 124 197 130
51 125 57 131
194 126 200 132
38 127 44 133
58 127 64 133
62 127 68 133
114 127 120 133
33 128 39 134
54 128 60 134
153 128 159 134
167 130 173 136
176 130 182 136
-3 131 3 137
162 131 168 137
24 132 30 138
43 132 49 138
62 132 68 138
124 132 130 138
156 132 162 138
184 132 190 138
172 133 178 139
187 133 193 139
128 134 134 140
63 135 69 141
82 135 88 141
103 135 109 141
142 135 148 141
146 135 152 141
127 136 133 142
147 136 153 142
84 137 90 143
94 137 100 143
96 138 102 144
160 138 166 144
180 138 186 144
147 139 153 145
185 139 191 145
111 140 117 146
13 142 19 148
48 142 54 148
70 143 76 149
182 143 188 149
59 144 65 150
98 144 104 150
114 144 120 150
58 145 64 151
150 145 156 151
163 145 169 151
183 145 189 151
4 146 10 152
69 147 75 153
107 147 113 153
35 148 41 154
129 149 135 155
8 150 14 156
84 150 90 156
97 150 103 156
104 150 110 156
24 151 30 157
29 151 35 157
74 151 80 157
111 152 117 158
114 152 120 158
146 152 152 158
173 152 179 158
76 154 82 160
85 154 91 160
97 154 103 160
161 154 167 160
60 155 66 161
65 155 71 161
141 155 147 161
9 156 15 162
31 156 37 162
136 156 142 162
139 156 145 162
145 156 151 162
48 157 54 163
75 157 81 163
121 157 127 163
135 157 141 163
150 157 156 163
164 157 170 163
33 158 39 164
68 158 74 164
89 158 95 164
12 159 18 165
26 159 32 165
37 159 43 165
175 159 181 165
165 160 171 166
192 160 198 166
29 161 35 167
10 162 16 168
66 162 72 168
100 162 106 168
36 163 42 169
45 163 51 169
59 163 65 169
124 163 130 169
175 163 181 169
40 164 46 170
59 164 65 170
92 164 98 170
97 164 103 170
150 164 156 170
176 164 182 170
128 165 134 171
136 165 142 171
156 165 162 171
21 166 27 172
70 166 76 172
166 166 172 172
56 167 62 173
172 167 178 173
117 168 123 174
139 168 145 174
146 168 152 174
175 168 181 174
127 169 133 175
162 169 168 175
0 170 6 176
24 170 30 176
9 171 15 177
89 171 95 177
151 171 157 177
140 172 146 178
174 172 180 178
182 172 188 178
67 173 73 179
92 173 98 179
165 173 171 179
69 174 75 180
160 174 166 180
1 175 7 181
189 175 195 181
47 176 53 182
80 176 86 182
110 176 116 182
177 176 183 182
107 177 113 183
196 177 202 183
46 178 52 184
74 178 80 184
106 179 112 185
71 181 77 187
92 181 98 187
138 181 144 187
85 182 91 188
102 182 108 188
123 182 129 188
129 182 135 188
191 182 197 188
133 183 139 189
158 183 164 189
110 184 116 190
28 185 34 191
101 185 107 191
138 185 144 191
20 186 26 192
47 186 53 192
60 186 66 192
104 186 110 192
114 186 120 192
148 186 154 192
172 186 178 192
137 188 143 194
5 189 11 195
191 189 197 195
14 190 20 196
40 190 46 196
82 192 88 198
118 192 124 198
161 192 167 198
58 193 64 199
66 193 72 199
113 193 119 199
160 193 166 199
21 194 27 200
53 194 59 200
87 194 93 200
137 194 143 200
33 195 39 201
90 195 96 201
186 195 192 201
70 196 76 202
116 196 122 202
136 196 142 202
