150
13 -3 19 3
160 -2 166 4
91 -1 97 5
101 5 107 11
125 5 131 11
47 7 53 13
143 8 149 14
10 12 16 18
38 12 44 18
156 12 162 18
50 14 56 20
84 15 90 21
100 16 106 22
159 16 165 22
7 17 13 23
39 20 45 26
125 20 131 26
177 26 183 32
39 28 45 34
168 28 174 34
63 29 69 35
99 29 105 35
2 30 8 36
18 30 24 36
125 30 131 36
7 31 13 37
114 34 120 40
181 35 187 41
142 37 148 43
5 38 11 44
18 38 24 44
144 38 150 44
81 39 87 45
135 43 141 49
189 44 195 50
19 46 25 52
69 47 75 53
186 47 192 53
127 48 133 54
97 51 103 57
182 51 188 57
193 52 199 58
72 54 78 60
192 55 198 61
12 56 18 62
130 57 136 63
116 59 122 65
139 59 145 65
76 61 82 67
129 62 135 68
196 63 202 69
6 67 12 73
72 69 78 75
105 69 111 75
191 69 197 75
174 71 180 77
49 72 55 78
126 72 132 78
88 74 94 80
146 75 152 81
158 76 164 82
79 78 85 84
142 79 148 85
152 79 158 85
172 84 178 90
113 85 119 91
61 86 67 92
106 87 112 93
163 87 169 93
37 88 43 94
29 89 35 95
144 89 150 95
-3 90 3 96
141 90 147 96
68 92 74 98
36 95 42 101
-3 97 3 103
103 98 109 104
53 99 59 105
99 99 105 105
3 102 9 108
147 102 153 108
60 104 66 110
190 105 196 111
9 107 15 113
139 108 145 114
117 109 123 115
196 109 202 115
13 111 19 117
174 112 180 118
139 114 145 120
169 116 175 122
119 117 125 123
158 117 164 123
68 121 74 127
183 121 189 127
22 128 28 134
142 128 148 134
-3 131 3 137
24 131 30 137
43 132 49 138
103 135 109 141
160 138 166 144
130 139 136 145
147 139 153 145
196 139 202 145
48 142 54 148
114 144 120 150
149 145 155 151
163 145 169 151
23 151 29 157
72 151 78 157
148 152 154 158
97 154 103 160
127 154 133 160
122 157 128 163
150 157 156 163
99 162 105 168
150 164 156 170
157 165 163 171
20 166 26 172
70 166 76 172
167 167 173 173
-1 170 5 176
126 170 132 176
170 171 176 177
140 172 146 178
181 172 187 178
124 174 130 180
189 175 195 181
79 176 85 182
159 176 165 182
177 177 183 183
74 178 80 184
158 179 164 185
71 181 77 187
123 182 129 188
189 183 195 189
28 185 34 191
20 186 26 192
63 186 69 192
114 186 120 192
148 186 154 192
172 186 178 192
137 188 143 194
16 190 22 196
189 190 195 196
83 192 89 198
65 193 71 199
70 196 76 202
