141
160 -2 166 4
91 -1 97 5
101 5 107 11
125 5 131 11
89 6 95 12
47 7 53 13
10 12 16 18
38 12 44 18
156 12 162 18
50 14 56 20
84 15 90 21
100 16 106 22
159 16 165 22
7 17 13 23
164 18 170 24
39 20 45 26
177 26 183 32
39 28 45 34
168 28 174 34
12 29 18 35
63 29 69 35
99 29 105 35
2 30 8 36
125 30 131 36
132 30 138 36
114 34 120 40
181 35 187 41
5 38 11 44
18 38 24 44
81 39 87 45
188 39 194 45
17 43 23 49
189 44 195 50
19 46 25 52
186 47 192 53
127 48 133 54
97 51 103 57
182 51 188 57
52 52 58 58
72 54 78 60
12 56 18 62
130 57 136 63
116 59 122 65
139 59 145 65
76 61 82 67
129 62 135 68
196 63 202 69
6 67 12 73
146 68 152 74
72 69 78 75
105 69 111 75
191 69 197 75
49 72 55 78
126 72 132 78
88 74 94 80
158 76 164 82
142 79 148 85
152 79 158 85
172 84 178 90
113 85 119 91
61 86 67 92
106 87 112 93
163 87 169 93
37 88 43 94
29 89 35 95
-3 90 3 96
68 92 74 98
36 95 42 101
-3 97 3 103
102 98 108 104
53 99 59 105
100 99 106 105
3 102 9 108
76 103 82 109
60 104 66 110
190 105 196 111
115 106 121 112
9 107 15 113
117 109 123 115
196 109 202 115
13 110 19 116
174 112 180 118
139 114 145 120
169 116 175 122
158 117 164 123
68 121 74 127
183 121 189 127
-3 131 3 137
43 132 49 138
172 132 178 138
103 135 109 141
160 138 166 144
130 139 136 145
147 139 153 145
196 139 202 145
48 142 54 148
114 144 120 150
149 145 155 151
163 145 169 151
23 151 29 157
72 151 78 157
148 152 154 158
97 154 103 160
127 154 133 160
161 155 167 161
122 157 128 163
150 157 156 163
175 159 181 165
45 162 51 168
99 162 105 168
150 164 156 170
157 165 163 171
20 166 26 172
70 166 76 172
117 168 123 174
167 168 173 174
-1 170 5 176
126 170 132 176
169 170 175 176
140 172 146 178
181 172 187 178
124 174 130 180
189 175 195 181
79 176 85 182
109 176 115 182
177 177 183 183
92 180 98 186
123 182 129 188
28 185 34 191
20 186 26 192
63 186 69 192
114 186 120 192
148 186 154 192
172 186 178 192
137 188 143 194
5 189 11 195
189 189 195 195
83 192 89 198
65 193 71 199
13 196 19 202
70 196 76 202
