414
-2 -3 4 3
54 -3 60 3
5 -2 11 4
13 -2 19 4
28 -2 34 4
160 -2 166 4
74 -1 80 5
92 -1 98 5
175 0 181 6
75 2 81 8
174 2 180 8
181 3 187 9
196 4 202 10
38 5 44 11
124 5 130 11
137 5 143 11
47 6 53 12
75 6 81 12
89 6 95 12
187 7 193 13
134 8 140 14
143 8 149 14
166 8 172 14
62 9 68 15
68 10 74 16
78 10 84 16
106 11 112 17
10 12 16 18
38 12 44 18
156 12 162 18
107 13 113 19
193 13 199 19
49 14 55 20
186 14 192 20
83 15 89 21
129 15 135 21
196 15 202 21
100 16 106 22
159 16 165 22
184 16 190 22
7 17 13 23
85 17 91 23
91 18 97 24
164 18 170 24
57 19 63 25
39 20 45 26
61 21 67 27
91 21 97 27
108 21 114 27
116 21 122 27
125 21 131 27
173 22 179 28
72 23 78 29
114 23 120 29
154 24 160 30
74 26 80 32
177 26 183 32
39 28 45 34
162 28 168 34
168 28 174 34
12 29 18 35
18 29 24 35
63 29 69 35
100 29 106 35
125 30 131 36
132 30 138 36
2 31 8 37
7 31 13 37
65 31 71 37
118 31 124 37
116 32 122 38
25 33 31 39
65 34 71 40
181 35 187 41
42 36 48 42
166 36 172 42
34 37 40 43
54 37 60 43
71 37 77 43
74 37 80 43
141 37 147 43
5 38 11 44
18 38 24 44
145 38 151 44
25 39 31 45
46 39 52 45
81 39 87 45
188 39 194 45
169 40 175 46
25 42 31 48
135 42 141 48
24 43 30 49
35 43 41 49
66 43 72 49
97 43 103 49
194 43 200 49
28 44 34 50
94 44 100 50
151 44 157 50
191 44 197 50
121 45 127 51
181 45 187 51
185 45 191 51
196 45 202 51
29 47 35 53
47 47 53 53
69 47 75 53
90 48 96 54
127 48 133 54
141 48 147 54
186 48 192 54
46 49 52 55
121 50 127 56
5 51 11 57
107 51 113 57
183 51 189 57
8 52 14 58
193 52 199 58
72 54 78 60
38 55 44 61
161 55 167 61
169 55 175 61
12 56 18 62
97 56 103 62
132 56 138 62
191 56 197 62
31 57 37 63
170 57 176 63
27 58 33 64
5 59 11 65
24 59 30 65
116 59 122 65
179 59 185 65
139 60 145 66
77 61 83 67
93 61 99 67
177 61 183 67
49 62 55 68
127 62 133 68
196 63 202 69
121 64 127 70
43 65 49 71
170 65 176 71
118 66 124 72
6 67 12 73
25 67 31 73
29 67 35 73
146 67 152 73
35 68 41 74
83 68 89 74
105 68 111 74
115 68 121 74
169 68 175 74
33 69 39 75
131 69 137 75
191 69 197 75
94 70 100 76
38 71 44 77
96 71 102 77
174 71 180 77
49 72 55 78
126 72 132 78
83 73 89 79
88 74 94 80
103 74 109 80
35 75 41 81
69 75 75 81
146 75 152 81
158 75 164 81
70 76 76 82
161 76 167 82
79 78 85 84
152 79 158 85
175 80 181 86
66 81 72 87
142 81 148 87
118 82 124 88
127 82 133 88
173 82 179 88
182 82 188 88
122 83 128 89
126 83 132 89
10 84 16 90
66 84 72 90
139 84 145 90
87 85 93 91
114 85 120 91
172 85 178 91
61 86 67 92
137 86 143 92
185 86 191 92
7 87 13 93
38 87 44 93
163 87 169 93
-3 89 3 95
29 89 35 95
90 89 96 95
106 89 112 95
145 89 151 95
45 90 51 96
81 90 87 96
95 90 101 96
138 90 144 96
20 91 26 97
40 92 46 98
187 92 193 98
184 93 190 99
21 94 27 100
171 94 177 100
-3 97 3 103
53 98 59 104
104 98 110 104
31 99 37 105
42 99 48 105
46 99 52 105
96 99 102 105
171 99 177 105
23 100 29 106
18 101 24 107
22 101 28 107
89 101 95 107
3 102 9 108
17 102 23 108
147 102 153 108
15 104 21 110
76 104 82 110
88 104 94 110
96 104 102 110
110 104 116 110
91 105 97 111
118 105 124 111
190 105 196 111
27 106 33 112
120 106 126 112
9 107 15 113
21 107 27 113
29 108 35 114
98 108 104 114
139 108 145 114
119 109 125 115
183 109 189 115
196 109 202 115
149 110 155 116
94 111 100 117
13 112 19 118
41 113 47 119
147 113 153 119
174 113 180 119
47 115 53 121
131 115 137 121
183 115 189 121
168 116 174 122
81 117 87 123
119 117 125 123
133 117 139 123
158 118 164 124
172 118 178 124
98 119 104 125
108 119 114 125
77 120 83 126
166 120 172 126
68 121 74 127
107 121 113 127
124 121 130 127
97 122 103 128
120 122 126 128
164 122 170 128
22 123 28 129
51 125 57 131
194 126 200 132
38 127 44 133
62 127 68 133
114 127 120 133
33 128 39 134
142 128 148 134
153 128 159 134
167 130 173 136
-3 131 3 137
162 131 168 137
24 132 30 138
43 132 49 138
124 132 130 138
156 132 162 138
172 132 178 138
185 132 191 138
137 133 143 139
186 133 192 139
122 134 128 140
103 135 109 141
142 135 148 141
160 138 166 144
130 139 136 145
147 139 153 145
185 139 191 145
111 140 117 146
114 140 120 146
48 142 54 148
70 144 76 150
98 144 104 150
114 144 120 150
129 145 135 151
149 145 155 151
163 145 169 151
4 146 10 152
69 147 75 153
107 147 113 153
129 149 135 155
8 150 14 156
97 150 103 156
24 151 30 157
74 151 80 157
84 151 90 157
87 152 93 158
97 154 103 160
127 154 133 160
161 154 167 160
141 155 147 161
9 156 15 162
139 156 145 162
144 156 150 162
32 157 38 163
48 157 54 163
75 157 81 163
89 157 95 163
121 157 127 163
150 157 156 163
164 157 170 163
33 158 39 164
53 158 59 164
68 158 74 164
12 159 18 165
26 159 32 165
38 159 44 165
175 159 181 165
165 160 171 166
192 160 198 166
28 161 34 167
144 161 150 167
10 162 16 168
36 162 42 168
67 162 73 168
100 162 106 168
124 163 130 169
97 164 103 170
150 164 156 170
-3 165 3 171
128 165 134 171
136 165 142 171
157 165 163 171
21 166 27 172
27 166 33 172
70 166 76 172
166 166 172 172
42 167 48 173
56 167 62 173
172 167 178 173
-2 168 4 174
117 168 123 174
139 168 145 174
124 169 130 175
127 169 133 175
146 169 152 175
163 169 169 175
0 170 6 176
24 170 30 176
89 171 95 177
131 171 137 177
9 172 15 178
140 172 146 178
174 172 180 178
92 173 98 179
165 173 171 179
121 174 127 180
1 175 7 181
80 176 86 182
177 176 183 182
9 177 15 183
84 177 90 183
107 177 113 183
74 178 80 184
106 179 112 185
92 181 98 187
138 181 144 187
130 182 136 188
102 183 108 189
132 183 138 189
158 183 164 189
191 183 197 189
101 184 107 190
110 184 116 190
28 185 34 191
138 185 144 191
20 186 26 192
60 186 66 192
105 186 111 192
114 186 120 192
148 186 154 192
172 186 178 192
137 188 143 194
5 189 11 195
97 189 103 195
14 190 20 196
21 193 27 199
59 193 65 199
60 193 66 199
66 193 72 199
113 193 119 199
87 194 93 200
33 195 39 201
90 195 96 201
101 195 107 201
116 195 122 201
186 195 192 201
70 196 76 202
