342
20 -3 26 3
55 -3 61 3
92 -3 98 3
160 -3 166 3
51 -2 57 4
86 0 92 6
95 0 101 6
108 0 114 6
123 1 129 7
133 2 139 8
176 3 182 9
30 5 36 11
140 6 146 12
-2 7 4 13
161 7 167 13
155 8 161 14
171 8 177 14
165 9 171 15
65 10 71 16
86 10 92 16
185 10 191 16
33 11 39 17
81 12 87 18
86 12 92 18
45 13 51 19
131 13 137 19
181 13 187 19
79 14 85 20
87 14 93 20
128 14 134 20
175 15 181 21
7 16 13 22
10 16 16 22
111 16 117 22
136 16 142 22
128 17 134 23
147 17 153 23
68 18 74 24
146 18 152 24
194 18 200 24
83 19 89 25
78 21 84 27
-2 23 4 29
114 23 120 29
144 23 150 29
149 23 155 29
113 24 119 30
183 24 189 30
28 26 34 32
101 26 107 32
14 27 20 33
26 28 32 34
56 28 62 34
18 29 24 35
82 30 88 36
143 30 149 36
60 31 66 37
83 31 89 37
57 32 63 38
144 33 150 39
172 34 178 40
189 34 195 40
45 35 51 41
126 37 132 43
144 37 150 43
151 37 157 43
119 39 125 45
150 40 156 46
108 41 114 47
131 41 137 47
100 43 106 49
33 44 39 50
81 44 87 50
147 44 153 50
115 46 121 52
64 47 70 53
82 47 88 53
146 47 152 53
173 47 179 53
188 47 194 53
111 48 117 54
116 48 122 54
63 50 69 56
114 50 120 56
123 50 129 56
169 50 175 56
29 51 35 57
47 52 53 58
66 52 72 58
163 52 169 58
50 53 56 59
165 53 171 59
44 54 50 60
57 55 63 61
92 56 98 62
14 58 20 64
151 58 157 64
26 59 32 65
179 59 185 65
41 60 47 66
52 62 58 68
119 62 125 68
5 63 11 69
43 63 49 69
98 63 104 69
50 64 56 70
59 66 65 72
90 66 96 72
146 66 152 72
160 66 166 72
152 69 158 75
168 69 174 75
117 70 123 76
46 71 52 77
106 72 112 78
167 72 173 78
180 72 186 78
18 73 24 79
60 74 66 80
173 74 179 80
178 74 184 80
1 75 7 81
170 75 176 81
128 78 134 84
38 79 44 85
69 79 75 85
182 79 188 85
56 80 62 86
83 80 89 86
92 80 98 86
5 82 11 88
83 82 89 88
29 83 35 89
131 83 137 89
87 85 93 91
97 85 103 91
50 86 56 92
182 86 188 92
142 87 148 93
80 89 86 95
100 89 106 95
149 89 155 95
12 92 18 98
25 92 31 98
42 92 48 98
83 92 89 98
101 92 107 98
118 93 124 99
60 94 66 100
75 94 81 100
179 94 185 100
38 95 44 101
187 95 193 101
3 96 9 102
23 96 29 102
180 96 186 102
19 98 25 104
46 98 52 104
136 98 142 104
11 99 17 105
161 99 167 105
163 100 169 106
123 101 129 107
11 103 17 109
27 103 33 109
50 103 56 109
107 103 113 109
155 103 161 109
129 104 135 110
123 105 129 111
141 105 147 111
189 105 195 111
134 106 140 112
149 106 155 112
85 107 91 113
111 107 117 113
176 107 182 113
192 107 198 113
150 109 156 115
176 110 182 116
120 111 126 117
134 111 140 117
63 112 69 118
113 112 119 118
127 112 133 118
5 113 11 119
46 113 52 119
59 113 65 119
166 113 172 119
100 115 106 121
31 116 37 122
99 116 105 122
140 116 146 122
141 117 147 123
35 118 41 124
80 118 86 124
120 118 126 124
186 118 192 124
50 119 56 125
184 120 190 126
30 121 36 127
96 121 102 127
124 121 130 127
164 122 170 128
169 122 175 128
72 123 78 129
123 123 129 129
138 123 144 129
52 124 58 130
131 124 137 130
16 125 22 131
85 125 91 131
142 125 148 131
22 127 28 133
127 127 133 133
-1 128 5 134
124 128 130 134
27 129 33 135
57 129 63 135
62 129 68 135
132 129 138 135
22 131 28 137
33 131 39 137
86 131 92 137
64 133 70 139
-2 134 4 140
25 134 31 140
63 134 69 140
190 134 196 140
123 135 129 141
102 136 108 142
194 136 200 142
120 137 126 143
2 138 8 144
50 138 56 144
8 139 14 145
109 139 115 145
23 140 29 146
58 140 64 146
194 140 200 146
33 141 39 147
69 141 75 147
91 142 97 148
8 143 14 149
135 143 141 149
141 143 147 149
155 143 161 149
188 143 194 149
174 144 180 150
119 145 125 151
51 146 57 152
77 146 83 152
151 146 157 152
37 148 43 154
80 148 86 154
180 148 186 154
17 149 23 155
49 149 55 155
60 149 66 155
75 151 81 157
67 152 73 158
82 152 88 158
17 154 23 160
111 155 117 161
136 155 142 161
185 155 191 161
186 155 192 161
56 156 62 162
71 156 77 162
122 156 128 162
154 157 160 163
4 158 10 164
9 160 15 166
147 160 153 166
105 161 111 167
47 162 53 168
152 162 158 168
14 163 20 169
100 163 106 169
176 164 182 170
91 165 97 171
136 165 142 171
195 165 201 171
29 166 35 172
42 166 48 172
55 167 61 173
184 167 190 173
26 168 32 174
109 168 115 174
13 169 19 175
68 169 74 175
61 170 67 176
-3 171 3 177
111 173 117 179
127 173 133 179
90 174 96 180
151 174 157 180
181 174 187 180
145 175 151 181
17 176 23 182
-2 178 4 184
109 179 115 185
146 179 152 185
29 180 35 186
62 181 68 187
92 181 98 187
181 181 187 187
33 182 39 188
179 182 185 188
19 183 25 189
47 183 53 189
103 183 109 189
169 183 175 189
54 184 60 190
77 184 83 190
88 184 94 190
140 184 146 190
24 185 30 191
49 185 55 191
144 185 150 191
57 186 63 192
130 187 136 193
27 188 33 194
69 188 75 194
102 188 108 194
121 188 127 194
173 188 179 194
86 189 92 195
111 189 117 195
61 191 67 197
116 191 122 197
22 192 28 198
63 192 69 198
133 192 139 198
66 193 72 199
121 193 127 199
158 194 164 200
155 195 161 201
173 195 179 201
33 196 39 202
49 196 55 202
96 196 102 202
