173
20 -3 26 3
55 -3 61 3
160 -2 166 4
86 0 92 6
108 0 114 6
123 1 129 7
133 2 139 8
117 4 123 10
115 6 121 12
-2 7 4 13
155 8 161 14
47 9 53 15
171 10 177 16
65 11 71 17
45 12 51 18
87 14 93 20
136 15 142 21
111 16 117 22
129 17 135 23
91 21 97 27
53 23 59 29
56 26 62 32
104 32 110 38
172 33 178 39
189 34 195 40
45 35 51 41
126 36 132 42
144 36 150 42
119 39 125 45
107 41 113 47
131 42 137 48
102 43 108 49
33 44 39 50
188 47 194 53
18 50 24 56
123 50 129 56
29 52 35 58
50 53 56 59
176 54 182 60
57 55 63 61
92 56 98 62
14 58 20 64
151 58 157 64
26 59 32 65
179 59 185 65
193 61 199 67
119 62 125 68
187 62 193 68
5 64 11 70
106 64 112 70
90 66 96 72
159 66 165 72
152 69 158 75
46 70 52 76
118 70 124 76
18 73 24 79
128 73 134 79
121 74 127 80
1 75 7 81
129 78 135 84
69 79 75 85
56 80 62 86
92 81 98 87
5 82 11 88
130 82 136 88
87 84 93 90
97 85 103 91
50 86 56 92
145 87 151 93
155 89 161 95
8 90 14 96
49 91 55 97
12 92 18 98
42 93 48 99
118 93 124 99
38 95 44 101
187 95 193 101
3 96 9 102
46 98 52 104
125 101 131 107
136 102 142 108
28 103 34 109
50 103 56 109
114 103 120 109
127 104 133 110
85 106 91 112
111 106 117 112
189 106 195 112
134 111 140 117
186 111 192 117
113 112 119 118
5 113 11 119
10 113 16 119
166 113 172 119
50 119 56 125
96 120 102 126
29 121 35 127
72 123 78 129
138 123 144 129
52 124 58 130
131 125 137 131
142 125 148 131
-1 129 5 135
27 129 33 135
56 129 62 135
33 131 39 137
173 133 179 139
-1 134 5 140
25 134 31 140
191 134 197 140
102 136 108 142
23 140 29 146
59 140 65 146
33 141 39 147
69 141 75 147
91 142 97 148
137 143 143 149
167 143 173 149
119 145 125 151
173 145 179 151
78 147 84 153
17 149 23 155
60 149 66 155
75 151 81 157
68 152 74 158
17 154 23 160
112 155 118 161
56 156 62 162
122 156 128 162
136 156 142 162
71 157 77 163
175 157 181 163
6 158 12 164
37 158 43 164
117 158 123 164
153 158 159 164
9 160 15 166
152 160 158 166
47 162 53 168
100 163 106 169
91 165 97 171
195 165 201 171
42 166 48 172
184 167 190 173
57 168 63 174
13 169 19 175
61 169 67 175
68 169 74 175
20 170 26 176
166 171 172 177
181 172 187 178
111 173 117 179
127 173 133 179
132 173 138 179
90 174 96 180
118 174 124 180
-2 177 4 183
17 178 23 184
109 179 115 185
62 181 68 187
92 181 98 187
45 182 51 188
88 184 94 190
103 184 109 190
42 186 48 192
69 189 75 195
87 189 93 195
111 189 117 195
173 190 179 196
66 192 72 198
116 192 122 198
173 194 179 200
34 196 40 202
