801
20 -3 26 3
55 -3 61 3
92 -3 98 3
145 -3 151 3
160 -3 166 3
178 -3 184 3
51 -2 57 4
149 -2 155 4
176 -2 182 4
189 -2 195 4
43 -1 49 5
64 -1 70 5
33 0 39 6
86 0 92 6
164 0 170 6
175 0 181 6
181 0 187 6
185 0 191 6
190 0 196 6
193 0 199 6
44 1 50 7
76 1 82 7
96 1 102 7
108 1 114 7
123 1 129 7
-2 2 4 8
41 2 47 8
149 2 155 8
167 2 173 8
30 3 36 9
66 3 72 9
77 3 83 9
133 3 139 9
141 3 147 9
176 3 182 9
117 4 123 10
150 4 156 10
180 4 186 10
92 5 98 11
108 5 114 11
193 5 199 11
90 6 96 12
110 6 116 12
126 6 132 12
145 6 151 12
192 6 198 12
115 7 121 13
140 7 146 13
143 7 149 13
171 7 177 13
-2 8 4 14
3 8 9 14
48 8 54 14
57 8 63 14
90 8 96 14
27 9 33 15
43 9 49 15
130 9 136 15
166 9 172 15
21 10 27 16
86 10 92 16
102 10 108 16
125 10 131 16
145 10 151 16
185 10 191 16
33 11 39 17
42 11 48 17
99 11 105 17
159 11 165 17
26 12 32 18
81 12 87 18
85 12 91 18
91 12 97 18
127 12 133 18
143 12 149 18
160 12 166 18
7 13 13 19
22 13 28 19
45 13 51 19
131 13 137 19
181 13 187 19
5 14 11 20
79 14 85 20
87 14 93 20
93 14 99 20
128 14 134 20
139 14 145 20
151 14 157 20
190 14 196 20
170 15 176 21
174 15 180 21
11 16 17 22
61 16 67 22
153 16 159 22
6 17 12 23
74 17 80 23
127 17 133 23
155 17 161 23
162 17 168 23
178 17 184 23
12 18 18 24
60 18 66 24
139 18 145 24
145 18 151 24
188 18 194 24
84 19 90 25
170 19 176 25
12 20 18 26
53 20 59 26
90 20 96 26
42 21 48 27
119 21 125 27
-1 22 5 28
62 22 68 28
78 22 84 28
149 22 155 28
156 22 162 28
9 23 15 29
103 23 109 29
115 23 121 29
143 23 149 29
177 23 183 29
183 23 189 29
135 24 141 30
138 24 144 30
161 24 167 30
176 24 182 30
-3 25 3 31
28 25 34 31
48 25 54 31
93 25 99 31
96 25 102 31
103 25 109 31
112 25 118 31
189 25 195 31
14 26 20 32
101 26 107 32
157 26 163 32
167 26 173 32
166 27 172 33
26 28 32 34
48 28 54 34
56 28 62 34
71 29 77 35
82 29 88 35
129 29 135 35
89 30 95 36
100 30 106 36
124 30 130 36
143 30 149 36
5 31 11 37
60 31 66 37
74 31 80 37
83 31 89 37
102 31 108 37
111 31 117 37
137 31 143 37
167 31 173 37
3 32 9 38
57 32 63 38
126 32 132 38
87 33 93 39
145 33 151 39
190 33 196 39
82 34 88 40
172 34 178 40
27 35 33 41
36 35 42 41
45 35 51 41
90 35 96 41
188 35 194 41
88 36 94 42
151 36 157 42
186 36 192 42
37 37 43 43
41 37 47 43
144 37 150 43
31 38 37 44
65 38 71 44
94 38 100 44
96 38 102 44
126 38 132 44
178 38 184 44
179 38 185 44
185 38 191 44
32 39 38 45
119 39 125 45
134 39 140 45
9 40 15 46
65 40 71 46
131 40 137 46
135 40 141 46
150 40 156 46
185 40 191 46
11 41 17 47
108 41 114 47
83 42 89 48
142 42 148 48
7 43 13 49
63 43 69 49
64 43 70 49
85 43 91 49
138 43 144 49
178 43 184 49
33 44 39 50
72 44 78 50
80 44 86 50
120 44 126 50
148 44 154 50
115 45 121 51
171 45 177 51
5 46 11 52
109 46 115 52
131 46 137 52
168 46 174 52
1 47 7 53
25 47 31 53
39 47 45 53
64 47 70 53
119 47 125 53
145 47 151 53
174 47 180 53
180 47 186 53
188 47 194 53
22 48 28 54
111 48 117 54
117 48 123 54
131 48 137 54
73 49 79 55
82 49 88 55
192 49 198 55
89 50 95 56
123 50 129 56
138 50 144 56
169 50 175 56
47 51 53 57
109 51 115 57
114 51 120 57
163 51 169 57
192 51 198 57
2 52 8 58
34 52 40 58
66 52 72 58
90 52 96 58
139 52 145 58
181 52 187 58
3 53 9 59
35 53 41 59
50 53 56 59
79 53 85 59
108 53 114 59
166 53 172 59
183 53 189 59
193 53 199 59
44 54 50 60
57 54 63 60
96 54 102 60
151 54 157 60
80 55 86 61
97 55 103 61
8 56 14 62
92 56 98 62
117 56 123 62
151 56 157 62
48 57 54 63
79 57 85 63
14 58 20 64
77 58 83 64
49 59 55 65
63 59 69 65
85 59 91 65
109 59 115 65
179 59 185 65
33 60 39 66
40 60 46 66
81 60 87 66
64 61 70 67
161 61 167 67
193 61 199 67
68 62 74 68
110 62 116 68
119 62 125 68
123 62 129 68
5 63 11 69
99 63 105 69
125 63 131 69
188 63 194 69
-1 64 5 70
71 64 77 70
106 64 112 70
137 64 143 70
161 64 167 70
50 65 56 71
67 65 73 71
156 65 162 71
0 66 6 72
15 66 21 72
59 66 65 72
80 66 86 72
90 66 96 72
136 66 142 72
145 66 151 72
16 67 22 73
82 67 88 73
193 67 199 73
61 68 67 74
21 69 27 75
97 69 103 75
168 69 174 75
63 70 69 76
181 70 187 76
182 70 188 76
2 71 8 77
22 71 28 77
46 71 52 77
76 71 82 77
106 71 112 77
139 71 145 77
141 71 147 77
152 71 158 77
180 71 186 77
0 72 6 78
11 72 17 78
17 72 23 78
98 72 104 78
19 73 25 79
130 73 136 79
148 73 154 79
186 73 192 79
190 73 196 79
39 74 45 80
108 74 114 80
173 74 179 80
178 74 184 80
1 75 7 81
11 75 17 81
18 75 24 81
121 75 127 81
170 75 176 81
146 76 152 82
101 77 107 83
105 77 111 83
182 77 188 83
-2 78 4 84
126 78 132 84
31 80 37 86
38 80 44 86
57 80 63 86
82 80 88 86
92 80 98 86
122 80 128 86
139 80 145 86
169 80 175 86
-1 81 5 87
12 81 18 87
69 81 75 87
76 81 82 87
125 81 131 87
142 81 148 87
167 81 173 87
5 82 11 88
11 82 17 88
19 82 25 88
41 82 47 88
30 83 36 89
79 83 85 89
83 83 89 89
118 83 124 89
132 83 138 89
40 84 46 90
87 85 93 91
176 85 182 91
79 86 85 92
91 86 97 92
141 87 147 93
155 87 161 93
92 88 98 94
97 88 103 94
175 88 181 94
184 88 190 94
98 89 104 95
36 90 42 96
69 90 75 96
80 90 86 96
100 90 106 96
149 90 155 96
163 91 169 97
184 91 190 97
24 92 30 98
42 92 48 98
49 92 55 98
83 92 89 98
102 92 108 98
166 92 172 98
182 92 188 98
76 93 82 99
118 93 124 99
191 93 197 99
195 93 201 99
72 94 78 100
183 94 189 100
38 95 44 101
162 95 168 101
164 95 170 101
187 95 193 101
23 96 29 102
52 96 58 102
3 97 9 103
123 97 129 103
132 97 138 103
180 97 186 103
19 98 25 104
46 98 52 104
136 98 142 104
11 99 17 105
129 99 135 105
160 99 166 105
63 100 69 106
138 100 144 106
164 100 170 106
66 101 72 107
84 101 90 107
158 101 164 107
166 101 172 107
195 101 201 107
92 102 98 108
193 102 199 108
27 103 33 109
50 103 56 109
107 103 113 109
120 103 126 109
129 103 135 109
137 103 143 109
187 103 193 109
11 104 17 110
54 104 60 110
84 104 90 110
143 104 149 110
149 104 155 110
154 104 160 110
185 104 191 110
88 105 94 111
98 105 104 111
123 105 129 111
159 105 165 111
161 105 167 111
55 106 61 112
75 106 81 112
96 106 102 112
134 106 140 112
141 106 147 112
176 106 182 112
23 107 29 113
38 107 44 113
40 107 46 113
76 107 82 113
85 107 91 113
90 107 96 113
111 107 117 113
192 107 198 113
10 108 16 114
24 108 30 114
41 108 47 114
12 109 18 115
70 109 76 115
150 109 156 115
69 110 75 116
93 111 99 117
120 111 126 117
127 111 133 117
176 111 182 117
186 111 192 117
64 112 70 118
148 112 154 118
165 112 171 118
5 113 11 119
11 113 17 119
46 113 52 119
93 113 99 119
92 114 98 120
101 114 107 120
160 114 166 120
161 114 167 120
65 115 71 121
121 115 127 121
31 116 37 122
99 116 105 122
123 116 129 122
148 116 154 122
65 117 71 123
84 117 90 123
143 117 149 123
37 118 43 124
81 118 87 124
186 118 192 124
50 119 56 125
84 119 90 125
114 119 120 125
120 119 126 125
125 120 131 126
184 120 190 126
164 121 170 127
178 121 184 127
40 122 46 128
106 122 112 128
171 122 177 128
195 122 201 128
-3 123 3 129
107 123 113 129
138 123 144 129
179 123 185 129
0 124 6 130
41 124 47 130
52 124 58 130
85 124 91 130
132 124 138 130
173 124 179 130
123 125 129 131
142 125 148 131
22 126 28 132
25 126 31 132
172 126 178 132
-3 127 3 133
127 127 133 133
165 127 171 133
-1 128 5 134
5 128 11 134
25 128 31 134
66 128 72 134
162 128 168 134
57 129 63 135
76 129 82 135
132 129 138 135
87 130 93 136
124 130 130 136
137 130 143 136
6 131 12 137
22 131 28 137
33 131 39 137
84 131 90 137
42 132 48 138
76 132 82 138
172 132 178 138
65 133 71 139
143 133 149 139
-2 134 4 140
7 134 13 140
25 134 31 140
38 134 44 140
45 134 51 140
61 134 67 140
142 134 148 140
173 134 179 140
6 135 12 141
18 135 24 141
36 135 42 141
52 135 58 141
72 135 78 141
102 135 108 141
124 135 130 141
175 135 181 141
181 135 187 141
10 136 16 142
16 136 22 142
78 136 84 142
93 136 99 142
113 136 119 142
185 136 191 142
194 136 200 142
81 137 87 143
117 137 123 143
165 137 171 143
170 137 176 143
2 138 8 144
5 138 11 144
170 138 176 144
182 138 188 144
8 139 14 145
92 139 98 145
109 139 115 145
164 139 170 145
183 139 189 145
23 140 29 146
50 140 56 146
194 140 200 146
33 141 39 147
69 141 75 147
105 141 111 147
187 141 193 147
141 142 147 148
191 142 197 148
103 143 109 149
135 143 141 149
156 143 162 149
188 143 194 149
8 144 14 150
164 144 170 150
174 144 180 150
19 145 25 151
51 145 57 151
119 145 125 151
167 145 173 151
86 146 92 152
150 146 156 152
87 147 93 153
36 148 42 154
80 148 86 154
119 148 125 154
180 148 186 154
17 149 23 155
60 149 66 155
101 149 107 155
97 150 103 156
119 150 125 156
149 150 155 156
75 151 81 157
109 151 115 157
67 152 73 158
111 152 117 158
159 152 165 158
179 152 185 158
17 154 23 160
82 154 88 160
157 154 163 160
187 154 193 160
71 155 77 161
136 155 142 161
139 155 145 161
178 155 184 161
56 156 62 162
91 156 97 162
167 156 173 162
182 156 188 162
139 157 145 163
155 157 161 163
166 157 172 163
174 157 180 163
183 157 189 163
4 158 10 164
39 158 45 164
55 158 61 164
117 158 123 164
145 158 151 164
33 159 39 165
54 159 60 165
90 159 96 165
107 159 113 165
109 159 115 165
142 159 148 165
9 160 15 166
95 160 101 166
104 160 110 166
25 161 31 167
26 161 32 167
47 162 53 168
92 162 98 168
144 162 150 168
14 163 20 169
100 163 106 169
108 163 114 169
152 163 158 169
-3 164 3 170
37 164 43 170
131 164 137 170
176 164 182 170
30 165 36 171
49 165 55 171
77 165 83 171
84 165 90 171
91 165 97 171
135 165 141 171
195 165 201 171
3 166 9 172
42 166 48 172
93 166 99 172
193 166 199 172
16 167 22 173
55 167 61 173
74 167 80 173
137 167 143 173
154 167 160 173
167 167 173 173
168 167 174 173
183 167 189 173
4 168 10 174
15 168 21 174
25 168 31 174
175 168 181 174
12 169 18 175
49 169 55 175
68 169 74 175
192 169 198 175
195 169 201 175
61 170 67 176
131 170 137 176
-3 171 3 177
35 171 41 177
36 171 42 177
162 171 168 177
166 171 172 177
100 173 106 179
110 173 116 179
120 173 126 179
128 173 134 179
132 173 138 179
151 173 157 179
164 173 170 179
17 174 23 180
36 174 42 180
79 175 85 181
144 175 150 181
33 176 39 182
101 176 107 182
138 176 144 182
157 176 163 182
43 177 49 183
113 177 119 183
127 177 133 183
135 177 141 183
16 178 22 184
41 178 47 184
125 178 131 184
187 178 193 184
-2 179 4 185
29 179 35 185
115 179 121 185
8 180 14 186
16 180 22 186
35 180 41 186
41 181 47 187
82 181 88 187
92 181 98 187
138 181 144 187
183 181 189 187
36 182 42 188
74 182 80 188
177 182 183 188
24 183 30 189
33 183 39 189
47 183 53 189
79 183 85 189
81 183 87 189
103 183 109 189
126 183 132 189
136 183 142 189
140 183 146 189
161 183 167 189
169 183 175 189
4 184 10 190
77 184 83 190
124 184 130 190
165 184 171 190
5 185 11 191
34 185 40 191
35 185 41 191
44 185 50 191
49 185 55 191
71 185 77 191
154 185 160 191
187 185 193 191
70 186 76 192
144 186 150 192
185 186 191 192
74 187 80 193
155 187 161 193
27 188 33 194
74 188 80 194
121 188 127 194
133 188 139 194
8 189 14 195
12 189 18 195
21 189 27 195
60 189 66 195
86 189 92 195
112 189 118 195
141 189 147 195
173 189 179 195
190 189 196 195
50 190 56 196
143 190 149 196
116 191 122 197
22 192 28 198
63 192 69 198
82 192 88 198
9 193 15 199
50 193 56 199
66 193 72 199
89 193 95 199
133 193 139 199
27 194 33 200
74 194 80 200
80 194 86 200
93 194 99 200
158 194 164 200
11 195 17 201
26 195 32 201
121 195 127 201
155 195 161 201
34 196 40 202
48 196 54 202
173 196 179 202
