168
20 -3 26 3
55 -3 61 3
160 -1 166 5
86 0 92 6
123 1 129 7
133 2 139 8
117 4 123 10
115 6 121 12
-2 7 4 13
155 8 161 14
171 10 177 16
65 12 71 18
87 14 93 20
136 15 142 21
68 16 74 22
130 17 136 23
194 18 200 24
91 21 97 27
53 23 59 29
56 26 62 32
101 26 107 32
183 26 189 32
110 31 116 37
172 33 178 39
189 34 195 40
45 35 51 41
126 36 132 42
119 39 125 45
33 44 39 50
188 47 194 53
18 50 24 56
123 50 129 56
66 52 72 58
29 53 35 59
50 53 56 59
176 54 182 60
103 55 109 61
92 56 98 62
14 58 20 64
151 58 157 64
26 59 32 65
179 59 185 65
188 62 194 68
4 64 10 70
106 64 112 70
146 66 152 72
159 66 165 72
152 69 158 75
46 70 52 76
118 70 124 76
18 73 24 79
121 74 127 80
128 74 134 80
1 75 7 81
129 78 135 84
69 79 75 85
56 80 62 86
5 82 11 88
27 83 33 89
87 84 93 90
97 85 103 91
146 87 152 93
149 89 155 95
155 89 161 95
8 90 14 96
49 91 55 97
12 92 18 98
25 92 31 98
118 93 124 99
60 94 66 100
38 95 44 101
52 95 58 101
187 95 193 101
46 98 52 104
28 103 34 109
50 103 56 109
107 103 113 109
114 103 120 109
136 103 142 109
141 104 147 110
111 105 117 111
134 105 140 111
85 106 91 112
76 107 82 113
119 111 125 117
134 111 140 117
113 112 119 118
127 112 133 118
5 113 11 119
10 113 16 119
46 113 52 119
79 118 85 124
50 119 56 125
96 120 102 126
29 121 35 127
72 123 78 129
138 123 144 129
52 124 58 130
131 125 137 131
142 125 148 131
56 129 62 135
33 131 39 137
173 133 179 139
25 134 31 140
191 134 197 140
23 140 29 146
59 140 65 146
33 141 39 147
69 141 75 147
168 143 174 149
19 145 25 151
119 145 125 151
173 145 179 151
78 147 84 153
37 148 43 154
180 148 186 154
17 149 23 155
60 149 66 155
75 151 81 157
68 152 74 158
17 154 23 160
112 155 118 161
56 156 62 162
122 156 128 162
136 156 142 162
71 157 77 163
175 157 181 163
7 158 13 164
37 158 43 164
117 158 123 164
189 159 195 165
9 160 15 166
47 162 53 168
13 163 19 169
100 163 106 169
75 165 81 171
91 165 97 171
195 165 201 171
42 166 48 172
184 167 190 173
109 168 115 174
13 169 19 175
68 169 74 175
20 170 26 176
-3 171 3 177
166 171 172 177
181 171 187 177
111 173 117 179
127 173 133 179
131 173 137 179
90 174 96 180
151 174 157 180
-2 177 4 183
17 178 23 184
7 179 13 185
109 179 115 185
62 181 68 187
92 181 98 187
19 183 25 189
45 183 51 189
42 185 48 191
88 185 94 191
87 189 93 195
111 189 117 195
68 190 74 196
67 191 73 197
116 192 122 198
34 196 40 202
