221
20 -3 26 3
51 -2 57 4
160 -2 166 4
86 0 92 6
108 0 114 6
123 1 129 7
133 2 139 8
117 4 123 10
-2 7 4 13
30 7 36 13
115 7 121 13
47 8 53 14
155 8 161 14
171 10 177 16
185 10 191 16
181 12 187 18
45 13 51 19
87 14 93 20
136 15 142 21
111 16 117 22
129 17 135 23
68 18 74 24
81 19 87 25
79 20 85 26
162 20 168 26
161 21 167 27
53 22 59 28
183 25 189 31
17 28 23 34
56 28 62 34
111 31 117 37
104 32 110 38
172 33 178 39
189 34 195 40
45 35 51 41
144 36 150 42
119 39 125 45
131 42 137 48
101 43 107 49
33 44 39 50
188 47 194 53
18 50 24 56
123 50 129 56
29 51 35 57
66 52 72 58
47 53 53 59
50 53 56 59
45 54 51 60
176 54 182 60
57 55 63 61
103 55 109 61
92 56 98 62
14 58 20 64
151 58 157 64
26 59 32 65
42 61 48 67
193 61 199 67
43 62 49 68
119 62 125 68
187 63 193 69
106 64 112 70
59 66 65 72
90 66 96 72
146 66 152 72
152 69 158 75
46 70 52 76
18 73 24 79
60 73 66 79
128 73 134 79
121 74 127 80
1 75 7 81
69 79 75 85
56 80 62 86
92 80 98 86
28 83 34 89
130 83 136 89
87 85 93 91
97 85 103 91
50 86 56 92
144 87 150 93
81 89 87 95
149 89 155 95
155 89 161 95
49 91 55 97
83 91 89 97
12 92 18 98
25 92 31 98
42 93 48 99
118 93 124 99
60 94 66 100
38 95 44 101
3 96 9 102
22 96 28 102
20 97 26 103
46 98 52 104
136 100 142 106
123 101 129 107
27 103 33 109
50 103 56 109
107 103 113 109
114 103 120 109
128 104 134 110
134 105 140 111
85 106 91 112
189 106 195 112
75 107 81 113
111 107 117 113
192 107 198 113
120 111 126 117
134 111 140 117
186 111 192 117
113 112 119 118
127 112 133 118
5 113 11 119
46 113 52 119
166 113 172 119
32 117 38 123
33 117 39 123
80 118 86 124
50 119 56 125
72 123 78 129
52 124 58 130
131 125 137 131
142 125 148 131
85 126 91 132
-1 128 5 134
27 129 33 135
56 129 62 135
86 129 92 135
33 131 39 137
173 133 179 139
-2 134 4 140
25 134 31 140
191 134 197 140
102 136 108 142
113 136 119 142
5 137 11 143
194 137 200 143
3 138 9 144
109 138 115 144
194 138 200 144
23 140 29 146
58 140 64 146
33 141 39 147
69 141 75 147
91 142 97 148
135 143 141 149
141 143 147 149
173 145 179 151
78 146 84 152
37 148 43 154
80 148 86 154
180 148 186 154
17 149 23 155
60 149 66 155
81 150 87 156
75 151 81 157
68 152 74 158
17 154 23 160
111 155 117 161
56 156 62 162
122 156 128 162
136 156 142 162
71 157 77 163
175 157 181 163
5 158 11 164
117 158 123 164
189 159 195 165
9 160 15 166
47 162 53 168
13 163 19 169
100 163 106 169
91 165 97 171
195 165 201 171
42 166 48 172
56 167 62 173
184 167 190 173
109 168 115 174
13 169 19 175
68 169 74 175
20 170 26 176
-3 171 3 177
166 171 172 177
127 173 133 179
132 173 138 179
181 173 187 179
90 174 96 180
118 174 124 180
151 174 157 180
-2 177 4 183
17 177 23 183
109 179 115 185
7 180 13 186
29 180 35 186
44 180 50 186
62 181 68 187
92 181 98 187
32 182 38 188
19 183 25 189
47 183 53 189
103 183 109 189
54 184 60 190
88 184 94 190
48 185 54 191
43 186 49 192
57 186 63 192
21 188 27 194
69 188 75 194
121 188 127 194
130 188 136 194
173 188 179 194
87 189 93 195
111 189 117 195
22 192 28 198
116 192 122 198
121 192 127 198
132 192 138 198
66 193 72 199
173 195 179 201
34 196 40 202
49 196 55 202
