505
20 -3 26 3
55 -3 61 3
92 -3 98 3
160 -3 166 3
178 -3 184 3
51 -2 57 4
32 -1 38 5
64 -1 70 5
185 -1 191 5
189 -1 195 5
86 0 92 6
96 0 102 6
108 0 114 6
164 0 170 6
175 0 181 6
180 0 186 6
66 2 72 8
133 2 139 8
167 2 173 8
176 3 182 9
30 4 36 10
117 4 123 10
180 4 186 10
-2 7 4 13
115 7 121 13
140 7 146 13
160 7 166 13
3 8 9 14
48 8 54 14
155 8 161 14
171 8 177 14
6 9 12 15
57 9 63 15
166 9 172 15
65 10 71 16
86 10 92 16
101 10 107 16
185 10 191 16
33 11 39 17
100 11 106 17
145 11 151 17
81 12 87 18
85 12 91 18
143 12 149 18
45 13 51 19
131 13 137 19
181 13 187 19
79 14 85 20
87 14 93 20
92 14 98 20
128 14 134 20
139 14 145 20
152 14 158 20
190 14 196 20
156 15 162 21
170 15 176 21
175 15 181 21
6 16 12 22
61 16 67 22
111 16 117 22
152 16 158 22
128 17 134 23
139 17 145 23
148 17 154 23
155 17 161 23
162 17 168 23
178 17 184 23
60 18 66 24
68 18 74 24
130 18 136 24
170 19 176 25
131 20 137 26
7 21 13 27
53 21 59 27
90 21 96 27
119 21 125 27
-1 22 5 28
9 22 15 28
78 22 84 28
156 22 162 28
115 23 121 29
143 23 149 29
149 23 155 29
183 23 189 29
112 24 118 30
-3 25 3 31
28 25 34 31
157 25 163 31
101 26 107 32
128 26 134 32
14 27 20 33
26 28 32 34
56 28 62 34
18 29 24 35
82 29 88 35
72 30 78 36
125 30 131 36
143 30 149 36
60 31 66 37
73 31 79 37
83 31 89 37
111 31 117 37
167 31 173 37
57 32 63 38
126 32 132 38
164 32 170 38
87 33 93 39
145 33 151 39
82 34 88 40
172 34 178 40
188 35 194 41
81 36 87 42
187 36 193 42
38 37 44 43
41 37 47 43
126 37 132 43
144 37 150 43
151 37 157 43
119 39 125 45
150 40 156 46
108 41 114 47
131 41 137 47
83 42 89 48
84 43 90 49
99 43 105 49
178 43 184 49
33 44 39 50
73 44 79 50
80 44 86 50
147 44 153 50
106 45 112 51
109 45 115 51
171 45 177 51
169 46 175 52
180 46 186 52
22 47 28 53
25 47 31 53
74 47 80 53
145 47 151 53
174 47 180 53
111 48 117 54
116 48 122 54
18 50 24 56
73 50 79 56
123 50 129 56
29 51 35 57
114 51 120 57
163 51 169 57
66 52 72 58
176 52 182 58
50 53 56 59
73 53 79 59
166 53 172 59
194 53 200 59
44 54 50 60
57 54 63 60
196 54 202 60
103 55 109 61
8 56 14 62
92 56 98 62
6 57 12 63
119 57 125 63
14 58 20 64
151 58 157 64
26 59 32 65
109 59 115 65
179 59 185 65
41 60 47 66
85 60 91 66
33 61 39 67
193 61 199 67
53 62 59 68
119 62 125 68
5 63 11 69
33 63 39 69
98 63 104 69
187 63 193 69
106 64 112 70
96 65 102 71
154 65 160 71
156 65 162 71
90 66 96 72
146 66 152 72
97 69 103 75
168 69 174 75
117 70 123 76
46 71 52 77
98 71 104 77
166 72 172 78
180 72 186 78
18 73 24 79
129 73 135 79
147 73 153 79
18 74 24 80
39 74 45 80
173 74 179 80
178 74 184 80
1 75 7 81
121 75 127 81
170 75 176 81
146 76 152 82
105 77 111 83
127 78 133 84
182 78 188 84
38 80 44 86
56 80 62 86
82 80 88 86
92 80 98 86
140 80 146 86
124 81 130 87
142 81 148 87
5 82 11 88
41 82 47 88
29 83 35 89
40 83 46 89
83 83 89 89
131 83 137 89
125 84 131 90
87 85 93 91
97 85 103 91
49 86 55 92
182 86 188 92
142 87 148 93
155 87 161 93
80 89 86 95
100 89 106 95
8 90 14 96
163 91 169 97
12 92 18 98
25 92 31 98
42 92 48 98
49 92 55 98
84 92 90 98
101 92 107 98
72 93 78 99
118 93 124 99
179 93 185 99
191 93 197 99
195 93 201 99
60 94 66 100
76 94 82 100
38 95 44 101
187 95 193 101
3 96 9 102
52 96 58 102
132 97 138 103
180 97 186 103
19 98 25 104
46 98 52 104
136 98 142 104
11 99 17 105
129 99 135 105
160 99 166 105
138 100 144 106
164 100 170 106
123 101 129 107
158 101 164 107
195 101 201 107
84 102 90 108
89 102 95 108
91 102 97 108
190 102 196 108
193 102 199 108
27 103 33 109
50 103 56 109
107 103 113 109
114 103 120 109
187 103 193 109
11 104 17 110
54 104 60 110
84 104 90 110
129 104 135 110
154 104 160 110
55 105 61 111
88 105 94 111
123 105 129 111
149 105 155 111
189 105 195 111
134 106 140 112
141 106 147 112
176 106 182 112
85 107 91 113
90 107 96 113
111 107 117 113
192 107 198 113
38 108 44 114
37 109 43 115
150 109 156 115
120 111 126 117
134 111 140 117
176 111 182 117
186 111 192 117
64 112 70 118
113 112 119 118
148 112 154 118
10 113 16 119
46 113 52 119
59 113 65 119
92 114 98 120
101 114 107 120
89 115 95 121
121 115 127 121
31 116 37 122
99 116 105 122
148 116 154 122
142 117 148 123
37 118 43 124
80 118 86 124
186 118 192 124
50 119 56 125
184 120 190 126
30 121 36 127
164 121 170 127
171 122 177 128
72 123 78 129
138 123 144 129
52 124 58 130
85 124 91 130
123 124 129 130
131 124 137 130
16 125 22 131
142 125 148 131
13 126 19 132
22 126 28 132
127 127 133 133
137 127 143 133
-1 128 5 134
5 128 11 134
27 129 33 135
57 129 63 135
124 129 130 135
132 129 138 135
137 129 143 135
182 129 188 135
6 130 12 136
22 131 28 137
86 131 92 137
180 131 186 137
43 132 49 138
65 133 71 139
-2 134 4 140
25 134 31 140
44 134 50 140
62 134 68 140
132 134 138 140
189 134 195 140
6 135 12 141
10 135 16 141
52 135 58 141
124 135 130 141
182 135 188 141
17 136 23 142
18 136 24 142
78 136 84 142
102 136 108 142
113 136 119 142
184 136 190 142
194 136 200 142
5 137 11 143
81 137 87 143
93 137 99 143
2 138 8 144
92 138 98 144
8 139 14 145
50 139 56 145
109 139 115 145
23 140 29 146
58 140 64 146
194 140 200 146
33 141 39 147
69 141 75 147
91 142 97 148
104 142 110 148
135 143 141 149
141 143 147 149
155 143 161 149
188 143 194 149
8 144 14 150
164 144 170 150
174 144 180 150
19 145 25 151
119 145 125 151
51 146 57 152
77 146 83 152
37 148 43 154
80 148 86 154
180 148 186 154
48 149 54 155
60 149 66 155
100 149 106 155
98 150 104 156
75 151 81 157
67 152 73 158
187 154 193 160
71 155 77 161
110 155 116 161
136 155 142 161
178 155 184 161
122 156 128 162
91 157 97 163
154 157 160 163
174 157 180 163
90 158 96 164
145 158 151 164
33 159 39 165
143 159 149 165
189 159 195 165
9 160 15 166
95 160 101 166
47 162 53 168
92 162 98 168
152 162 158 168
14 163 20 169
108 163 114 169
-3 164 3 170
176 164 182 170
29 165 35 171
49 165 55 171
77 165 83 171
91 165 97 171
135 165 141 171
195 165 201 171
42 166 48 172
137 167 143 173
184 167 190 173
25 168 31 174
109 168 115 174
129 168 135 174
175 168 181 174
12 169 18 175
49 169 55 175
68 169 74 175
20 170 26 176
61 170 67 176
131 170 137 176
-3 171 3 177
166 171 172 177
162 172 168 178
100 173 106 179
110 173 116 179
127 173 133 179
132 173 138 179
164 173 170 179
36 174 42 180
77 174 83 180
90 174 96 180
117 174 123 180
151 174 157 180
79 175 85 181
144 175 150 181
135 176 141 182
43 177 49 183
113 177 119 183
-2 178 4 184
115 178 121 184
109 179 115 185
7 180 13 186
62 181 68 187
92 181 98 187
183 181 189 187
74 182 80 188
178 182 184 188
19 183 25 189
33 183 39 189
47 183 53 189
103 183 109 189
125 183 131 189
140 183 146 189
24 184 30 190
54 184 60 190
77 184 83 190
88 184 94 190
124 184 130 190
161 184 167 190
165 184 171 190
44 185 50 191
144 185 150 191
154 185 160 191
57 186 63 192
155 186 161 192
160 186 166 192
130 187 136 193
21 188 27 194
27 188 33 194
69 188 75 194
101 188 107 194
121 188 127 194
173 188 179 194
196 188 202 194
190 189 196 195
60 190 66 196
116 191 122 197
22 192 28 198
63 192 69 198
86 192 92 198
133 192 139 198
66 193 72 199
88 193 94 199
93 194 99 200
121 194 127 200
158 194 164 200
155 195 161 201
173 195 179 201
33 196 39 202
96 196 102 202
