675
20 -3 26 3
32 -3 38 3
55 -3 61 3
92 -3 98 3
178 -3 184 3
51 -2 57 4
149 -2 155 4
189 -2 195 4
64 -1 70 5
185 -1 191 5
32 0 38 6
96 0 102 6
175 0 181 6
180 0 186 6
190 0 196 6
108 1 114 7
123 1 129 7
149 2 155 8
167 2 173 8
30 3 36 9
66 3 72 9
141 3 147 9
176 3 182 9
117 4 123 10
150 4 156 10
180 4 186 10
126 6 132 12
-2 7 4 13
115 7 121 13
129 7 135 13
140 7 146 13
160 7 166 13
171 7 177 13
3 8 9 14
48 8 54 14
57 8 63 14
130 8 136 14
155 8 161 14
6 9 12 15
27 9 33 15
166 9 172 15
21 10 27 16
43 10 49 16
65 10 71 16
86 10 92 16
102 10 108 16
185 10 191 16
33 11 39 17
43 11 49 17
58 11 64 17
99 11 105 17
159 11 165 17
26 12 32 18
85 12 91 18
91 12 97 18
127 12 133 18
143 12 149 18
22 13 28 19
45 13 51 19
131 13 137 19
181 13 187 19
79 14 85 20
87 14 93 20
93 14 99 20
128 14 134 20
139 14 145 20
151 14 157 20
190 14 196 20
156 15 162 21
175 15 181 21
61 16 67 22
111 16 117 22
153 16 159 22
6 17 12 23
74 17 80 23
127 17 133 23
148 17 154 23
155 17 161 23
162 17 168 23
178 17 184 23
188 17 194 23
12 18 18 24
60 18 66 24
68 18 74 24
130 18 136 24
139 18 145 24
194 18 200 24
84 19 90 25
170 19 176 25
12 20 18 26
131 20 137 26
7 21 13 27
42 21 48 27
53 21 59 27
90 21 96 27
119 21 125 27
-1 22 5 28
62 22 68 28
78 22 84 28
149 22 155 28
156 22 162 28
41 23 47 29
115 23 121 29
143 23 149 29
161 24 167 30
-3 25 3 31
93 25 99 31
96 25 102 31
112 25 118 31
101 26 107 32
128 26 134 32
48 27 54 33
26 28 32 34
56 28 62 34
82 29 88 35
89 30 95 36
101 30 107 36
125 30 131 36
4 31 10 37
60 31 66 37
74 31 80 37
102 31 108 37
111 31 117 37
167 31 173 37
57 32 63 38
105 32 111 38
126 32 132 38
37 33 43 39
87 33 93 39
82 34 88 40
172 34 178 40
45 35 51 41
188 35 194 41
27 36 33 42
28 36 34 42
88 36 94 42
151 36 157 42
37 37 43 43
41 37 47 43
144 37 150 43
65 38 71 44
126 38 132 44
119 39 125 45
134 39 140 45
9 40 15 46
65 40 71 46
131 40 137 46
135 40 141 46
150 40 156 46
10 41 16 47
108 41 114 47
142 42 148 48
85 43 91 49
99 43 105 49
138 43 144 49
178 43 184 49
33 44 39 50
73 44 79 50
148 44 154 50
106 45 112 51
115 45 121 51
171 45 177 51
4 46 10 52
119 46 125 52
169 46 175 52
2 47 8 53
22 47 28 53
25 47 31 53
75 47 81 53
145 47 151 53
174 47 180 53
180 47 186 53
111 48 117 54
116 48 122 54
73 49 79 55
82 49 88 55
123 50 129 56
169 50 175 56
30 51 36 57
47 51 53 57
89 51 95 57
109 51 115 57
114 51 120 57
163 51 169 57
35 52 41 58
66 52 72 58
90 52 96 58
108 52 114 58
139 52 145 58
50 53 56 59
79 53 85 59
166 53 172 59
193 53 199 59
44 54 50 60
196 54 202 60
80 55 86 61
103 55 109 61
8 56 14 62
92 56 98 62
117 56 123 62
48 57 54 63
79 57 85 63
120 57 126 63
14 58 20 64
49 58 55 64
77 58 83 64
151 58 157 64
26 59 32 65
63 59 69 65
109 59 115 65
179 59 185 65
33 60 39 66
40 60 46 66
64 60 70 66
81 60 87 66
85 60 91 66
110 61 116 67
161 61 167 67
193 61 199 67
53 62 59 68
119 62 125 68
123 62 129 68
5 63 11 69
44 63 50 69
68 63 74 69
99 63 105 69
125 63 131 69
187 63 193 69
-1 64 5 70
33 64 39 70
67 64 73 70
71 64 77 70
106 64 112 70
161 64 167 70
50 65 56 71
96 65 102 71
137 65 143 71
153 65 159 71
156 65 162 71
0 66 6 72
59 66 65 72
90 66 96 72
136 66 142 72
146 66 152 72
160 66 166 72
62 68 68 74
191 68 197 74
22 69 28 75
97 69 103 75
22 70 28 76
63 70 69 76
152 70 158 76
2 71 8 77
46 71 52 77
73 71 79 77
106 71 112 77
180 71 186 77
0 72 6 78
17 72 23 78
98 72 104 78
166 72 172 78
147 73 153 79
190 73 196 79
173 74 179 80
178 74 184 80
1 75 7 81
18 75 24 81
60 75 66 81
170 75 176 81
101 77 107 83
105 77 111 83
30 78 36 84
99 78 105 84
127 78 133 84
182 78 188 84
-2 79 4 85
76 79 82 85
120 79 126 85
31 80 37 86
38 80 44 86
57 80 63 86
76 80 82 86
82 80 88 86
92 80 98 86
117 80 123 86
122 80 128 86
139 80 145 86
169 80 175 86
125 81 131 87
142 81 148 87
168 81 174 87
5 82 11 88
19 82 25 88
22 82 28 88
41 82 47 88
118 82 124 88
30 83 36 89
83 83 89 89
132 83 138 89
79 84 85 90
124 84 130 90
87 85 93 91
97 85 103 91
176 85 182 91
49 86 55 92
79 86 85 92
182 86 188 92
141 87 147 93
155 87 161 93
92 88 98 94
97 88 103 94
175 88 181 94
34 89 40 95
80 89 86 95
98 89 104 95
100 89 106 95
184 89 190 95
8 90 14 96
36 90 42 96
69 90 75 96
149 90 155 96
67 91 73 97
12 92 18 98
24 92 30 98
42 92 48 98
49 92 55 98
101 92 107 98
166 92 172 98
182 92 188 98
118 93 124 99
179 93 185 99
191 93 197 99
195 93 201 99
60 94 66 100
72 94 78 100
76 94 82 100
183 94 189 100
38 95 44 101
187 95 193 101
3 96 9 102
23 96 29 102
52 96 58 102
132 97 138 103
180 97 186 103
19 98 25 104
136 98 142 104
11 99 17 105
129 99 135 105
160 99 166 105
64 100 70 106
138 100 144 106
164 100 170 106
84 101 90 107
89 101 95 107
123 101 129 107
158 101 164 107
188 101 194 107
195 101 201 107
92 102 98 108
190 102 196 108
193 102 199 108
27 103 33 109
50 103 56 109
107 103 113 109
114 103 120 109
120 103 126 109
129 103 135 109
138 103 144 109
187 103 193 109
11 104 17 110
54 104 60 110
84 104 90 110
149 104 155 110
154 104 160 110
88 105 94 111
98 105 104 111
161 105 167 111
134 106 140 112
176 106 182 112
38 107 44 113
75 107 81 113
85 107 91 113
111 107 117 113
192 107 198 113
10 108 16 114
12 109 18 115
36 109 42 115
150 109 156 115
120 111 126 117
134 111 140 117
176 111 182 117
186 111 192 117
64 112 70 118
127 112 133 118
148 112 154 118
165 112 171 118
5 113 11 119
10 113 16 119
46 113 52 119
59 113 65 119
93 113 99 119
173 113 179 119
92 114 98 120
101 114 107 120
171 114 177 120
88 115 94 121
121 115 127 121
31 116 37 122
99 116 105 122
123 116 129 122
138 116 144 122
148 116 154 122
143 117 149 123
37 118 43 124
80 118 86 124
123 118 129 124
186 118 192 124
50 119 56 125
120 119 126 125
125 120 131 126
30 121 36 127
96 121 102 127
164 121 170 127
178 121 184 127
171 122 177 128
179 122 185 128
195 122 201 128
72 123 78 129
138 123 144 129
-3 124 3 130
1 124 7 130
52 124 58 130
85 124 91 130
131 124 137 130
16 125 22 131
123 125 129 131
142 125 148 131
1 126 7 132
13 126 19 132
25 126 31 132
63 126 69 132
137 127 143 133
-1 128 5 134
5 128 11 134
25 128 31 134
66 128 72 134
163 128 169 134
57 129 63 135
62 129 68 135
65 129 71 135
76 129 82 135
124 129 130 135
132 129 138 135
86 130 92 136
137 130 143 136
6 131 12 137
22 131 28 137
76 131 82 137
180 131 186 137
42 132 48 138
172 132 178 138
65 133 71 139
-2 134 4 140
7 134 13 140
9 134 15 140
25 134 31 140
45 134 51 140
61 134 67 140
132 134 138 140
173 134 179 140
189 134 195 140
6 135 12 141
18 135 24 141
36 135 42 141
52 135 58 141
124 135 130 141
175 135 181 141
181 135 187 141
10 136 16 142
16 136 22 142
78 136 84 142
93 136 99 142
102 136 108 142
113 136 119 142
184 136 190 142
81 137 87 143
2 138 8 144
5 138 11 144
92 138 98 144
126 138 132 144
182 138 188 144
8 139 14 145
109 139 115 145
125 139 131 145
164 139 170 145
183 139 189 145
23 140 29 146
58 140 64 146
194 140 200 146
33 141 39 147
69 141 75 147
105 141 111 147
91 142 97 148
191 142 197 148
135 143 141 149
141 143 147 149
156 143 162 149
8 144 14 150
164 144 170 150
51 145 57 151
119 145 125 151
169 145 175 151
76 146 82 152
150 146 156 152
37 148 43 154
80 148 86 154
180 148 186 154
17 149 23 155
48 149 54 155
60 149 66 155
101 149 107 155
147 149 153 155
97 150 103 156
148 150 154 156
75 151 81 157
109 151 115 157
67 152 73 158
110 152 116 158
158 152 164 158
179 152 185 158
17 154 23 160
82 154 88 160
183 154 189 160
187 154 193 160
71 155 77 161
110 155 116 161
56 156 62 162
91 156 97 162
122 156 128 162
139 156 145 162
167 156 173 162
166 157 172 163
174 157 180 163
4 158 10 164
35 158 41 164
39 158 45 164
55 158 61 164
117 158 123 164
145 158 151 164
33 159 39 165
54 159 60 165
90 159 96 165
142 159 148 165
189 159 195 165
9 160 15 166
95 160 101 166
149 160 155 166
47 162 53 168
92 162 98 168
14 163 20 169
108 163 114 169
-3 164 3 170
38 164 44 170
39 164 45 170
176 164 182 170
30 165 36 171
49 165 55 171
77 165 83 171
135 165 141 171
195 165 201 171
42 166 48 172
72 166 78 172
93 166 99 172
193 166 199 172
55 167 61 173
74 167 80 173
137 167 143 173
183 167 189 173
16 168 22 174
94 168 100 174
129 168 135 174
175 168 181 174
49 169 55 175
68 169 74 175
195 169 201 175
20 170 26 176
61 170 67 176
131 170 137 176
-3 171 3 177
166 171 172 177
162 172 168 178
100 173 106 179
110 173 116 179
128 173 134 179
132 173 138 179
164 173 170 179
36 174 42 180
76 174 82 180
90 174 96 180
117 174 123 180
151 174 157 180
181 174 187 180
144 175 150 181
33 176 39 182
113 177 119 183
127 177 133 183
135 177 141 183
41 178 47 184
125 178 131 184
-2 179 4 185
29 179 35 185
147 179 153 185
7 180 13 186
92 181 98 187
183 181 189 187
36 182 42 188
177 182 183 188
19 183 25 189
33 183 39 189
47 183 53 189
103 183 109 189
140 183 146 189
161 183 167 189
169 183 175 189
24 184 30 190
54 184 60 190
77 184 83 190
88 184 94 190
124 184 130 190
165 184 171 190
44 185 50 191
49 185 55 191
71 185 77 191
154 185 160 191
187 185 193 191
57 186 63 192
70 186 76 192
144 186 150 192
185 186 191 192
129 187 135 193
155 187 161 193
27 188 33 194
101 188 107 194
121 188 127 194
134 188 140 194
173 188 179 194
196 188 202 194
9 189 15 195
11 189 17 195
21 189 27 195
60 189 66 195
69 189 75 195
86 189 92 195
141 189 147 195
143 190 149 196
116 191 122 197
22 192 28 198
63 192 69 198
82 192 88 198
9 193 15 199
66 193 72 199
88 193 94 199
133 193 139 199
159 193 165 199
74 194 80 200
80 194 86 200
94 194 100 200
158 194 164 200
73 195 79 201
121 195 127 201
155 195 161 201
34 196 40 202
48 196 54 202
96 196 102 202
173 196 179 202
