223
55 -3 61 3
51 -2 57 4
86 0 92 6
108 0 114 6
123 1 129 7
117 4 123 10
30 6 36 12
-2 7 4 13
115 7 121 13
47 8 53 14
155 8 161 14
171 9 177 15
33 10 39 16
185 10 191 16
80 12 86 18
181 12 187 18
45 13 51 19
87 14 93 20
68 18 74 24
194 18 200 24
82 19 88 25
162 19 168 25
79 20 85 26
91 21 97 27
53 22 59 28
161 22 167 28
183 25 189 31
101 26 107 32
15 27 21 33
18 28 24 34
104 32 110 38
172 33 178 39
45 35 51 41
126 36 132 42
119 39 125 45
131 42 137 48
100 43 106 49
33 44 39 50
188 47 194 53
18 50 24 56
123 50 129 56
47 52 53 58
66 52 72 58
50 53 56 59
45 54 51 60
176 54 182 60
57 55 63 61
103 55 109 61
92 56 98 62
14 58 20 64
151 58 157 64
26 59 32 65
193 61 199 67
43 62 49 68
119 62 125 68
187 63 193 69
5 64 11 70
106 64 112 70
59 66 65 72
90 66 96 72
160 66 166 72
152 69 158 75
46 70 52 76
117 70 123 76
18 73 24 79
60 73 66 79
128 73 134 79
1 75 7 81
39 76 45 82
38 77 44 83
129 78 135 84
69 79 75 85
56 80 62 86
92 80 98 86
182 81 188 87
5 82 11 88
130 83 136 89
87 85 93 91
97 85 103 91
182 85 188 91
50 86 56 92
144 87 150 93
80 89 86 95
155 89 161 95
8 90 14 96
49 91 55 97
83 91 89 97
12 92 18 98
25 92 31 98
42 93 48 99
118 93 124 99
60 94 66 100
38 95 44 101
187 95 193 101
3 96 9 102
22 96 28 102
52 96 58 102
20 97 26 103
46 98 52 104
136 100 142 106
27 103 33 109
107 103 113 109
114 103 120 109
129 104 135 110
141 104 147 110
134 105 140 111
189 105 195 111
85 106 91 112
75 107 81 113
111 107 117 113
192 107 198 113
120 111 126 117
134 111 140 117
186 111 192 117
113 112 119 118
5 113 11 119
10 113 16 119
46 113 52 119
166 113 172 119
33 118 39 124
80 118 86 124
50 119 56 125
96 120 102 126
30 121 36 127
72 123 78 129
138 123 144 129
131 125 137 131
-1 128 5 134
27 129 33 135
56 129 62 135
86 130 92 136
33 131 39 137
173 133 179 139
-2 134 4 140
25 134 31 140
191 134 197 140
102 136 108 142
113 136 119 142
194 136 200 142
5 137 11 143
2 138 8 144
109 139 115 145
23 140 29 146
58 140 64 146
33 141 39 147
91 142 97 148
135 143 141 149
141 143 147 149
165 143 171 149
19 145 25 151
119 145 125 151
173 145 179 151
78 146 84 152
37 148 43 154
80 148 86 154
180 148 186 154
17 149 23 155
60 149 66 155
81 151 87 157
68 152 74 158
111 155 117 161
56 156 62 162
122 156 128 162
136 156 142 162
71 157 77 163
154 157 160 163
175 157 181 163
5 158 11 164
37 158 43 164
189 159 195 165
152 161 158 167
47 162 53 168
13 163 19 169
100 163 106 169
76 165 82 171
91 165 97 171
195 165 201 171
42 166 48 172
56 167 62 173
184 167 190 173
109 168 115 174
13 169 19 175
61 169 67 175
68 169 74 175
20 170 26 176
-3 171 3 177
166 171 172 177
111 173 117 179
127 173 133 179
132 173 138 179
181 173 187 179
90 174 96 180
118 174 124 180
-2 177 4 183
17 177 23 183
44 179 50 185
109 179 115 185
7 180 13 186
29 180 35 186
62 181 68 187
92 181 98 187
32 182 38 188
19 183 25 189
47 183 53 189
103 183 109 189
54 184 60 190
88 184 94 190
43 186 49 192
27 188 33 194
69 188 75 194
103 188 109 194
121 188 127 194
130 188 136 194
173 188 179 194
87 189 93 195
111 189 117 195
22 192 28 198
116 192 122 198
132 192 138 198
66 193 72 199
121 193 127 199
173 195 179 201
34 196 40 202
