240
20 -3 26 3
55 -3 61 3
86 0 92 6
108 0 114 6
178 0 184 6
123 1 129 7
176 1 182 7
117 4 123 10
30 6 36 12
-2 7 4 13
115 7 121 13
163 7 169 13
47 8 53 14
155 8 161 14
164 9 170 15
171 9 177 15
33 10 39 16
185 10 191 16
45 13 51 19
181 13 187 19
79 14 85 20
87 14 93 20
136 15 142 21
111 16 117 22
128 17 134 23
82 19 88 25
91 21 97 27
53 22 59 28
145 23 151 29
148 23 154 29
161 23 167 29
183 25 189 31
101 26 107 32
15 27 21 33
28 27 34 33
26 28 32 34
56 28 62 34
18 29 24 35
111 31 117 37
144 31 150 37
104 32 110 38
144 32 150 38
172 33 178 39
189 34 195 40
45 35 51 41
144 36 150 42
119 39 125 45
108 41 114 47
131 42 137 48
33 44 39 50
64 47 70 53
171 47 177 53
188 47 194 53
169 49 175 55
18 50 24 56
64 50 70 56
123 50 129 56
29 51 35 57
47 52 53 58
176 53 182 59
44 54 50 60
57 55 63 61
103 55 109 61
92 56 98 62
14 58 20 64
151 58 157 64
26 59 32 65
179 59 185 65
42 60 48 66
119 62 125 68
43 63 49 69
187 63 193 69
5 64 11 70
106 64 112 70
59 66 65 72
146 66 152 72
160 66 166 72
46 70 52 76
117 70 123 76
60 73 66 79
106 73 112 79
121 74 127 80
172 74 178 80
1 75 7 81
105 75 111 81
170 75 176 81
40 76 46 82
38 78 44 84
129 78 135 84
56 80 62 86
92 80 98 86
182 80 188 86
5 82 11 88
28 83 34 89
130 83 136 89
87 85 93 91
97 85 103 91
50 86 56 92
143 87 149 93
80 89 86 95
149 89 155 95
8 90 14 96
49 91 55 97
12 92 18 98
25 92 31 98
83 92 89 98
42 93 48 99
118 93 124 99
38 95 44 101
187 95 193 101
3 96 9 102
23 96 29 102
19 97 25 103
136 99 142 105
123 101 129 107
27 103 33 109
50 103 56 109
107 103 113 109
114 103 120 109
141 104 147 110
123 105 129 111
85 106 91 112
75 107 81 113
111 107 117 113
192 107 198 113
120 111 126 117
134 111 140 117
186 111 192 117
113 112 119 118
127 112 133 118
5 113 11 119
10 113 16 119
166 113 172 119
80 118 86 124
50 119 56 125
96 120 102 126
72 123 78 129
138 123 144 129
52 124 58 130
131 125 137 131
85 126 91 132
-1 128 5 134
27 129 33 135
57 129 63 135
86 130 92 136
33 131 39 137
173 133 179 139
-2 134 4 140
51 136 57 142
102 136 108 142
113 136 119 142
194 136 200 142
5 137 11 143
50 137 56 143
2 138 8 144
109 139 115 145
23 140 29 146
58 140 64 146
194 140 200 146
33 141 39 147
69 141 75 147
91 142 97 148
135 143 141 149
141 143 147 149
154 143 160 149
165 143 171 149
19 145 25 151
173 145 179 151
37 148 43 154
80 148 86 154
180 148 186 154
17 149 23 155
60 149 66 155
82 151 88 157
68 152 74 158
17 154 23 160
111 155 117 161
56 156 62 162
122 156 128 162
136 156 142 162
71 157 77 163
154 157 160 163
37 158 43 164
117 158 123 164
152 161 158 167
47 162 53 168
13 163 19 169
76 165 82 171
91 165 97 171
195 165 201 171
42 166 48 172
56 167 62 173
184 167 190 173
109 168 115 174
13 169 19 175
68 169 74 175
20 170 26 176
-3 171 3 177
166 171 172 177
111 173 117 179
127 173 133 179
132 173 138 179
181 173 187 179
90 174 96 180
118 174 124 180
151 174 157 180
-2 177 4 183
17 177 23 183
44 179 50 185
7 180 13 186
29 180 35 186
62 181 68 187
92 181 98 187
32 182 38 188
47 183 53 189
75 183 81 189
103 183 109 189
168 183 174 189
54 184 60 190
77 184 83 190
88 184 94 190
166 184 172 190
49 185 55 191
25 186 31 192
43 186 49 192
57 186 63 192
21 188 27 194
27 188 33 194
69 188 75 194
102 188 108 194
121 188 127 194
130 188 136 194
87 189 93 195
111 189 117 195
193 189 199 195
22 192 28 198
132 192 138 198
66 193 72 199
121 193 127 199
173 195 179 201
