909
20 -3 26 3
31 -3 37 3
55 -3 61 3
92 -3 98 3
96 -3 102 3
145 -3 151 3
178 -3 184 3
51 -2 57 4
96 -2 102 4
149 -2 155 4
176 -2 182 4
43 -1 49 5
64 -1 70 5
33 0 39 6
86 0 92 6
164 0 170 6
185 0 191 6
190 0 196 6
193 0 199 6
44 1 50 7
76 1 82 7
96 1 102 7
123 1 129 7
175 1 181 7
-2 2 4 8
149 2 155 8
167 2 173 8
30 3 36 9
77 3 83 9
133 3 139 9
141 3 147 9
176 3 182 9
-2 4 4 10
66 4 72 10
150 4 156 10
180 4 186 10
92 5 98 11
108 5 114 11
128 5 134 11
193 5 199 11
90 6 96 12
94 6 100 12
110 6 116 12
126 6 132 12
145 6 151 12
192 6 198 12
57 7 63 13
115 7 121 13
160 7 166 13
-2 8 4 14
3 8 9 14
13 8 19 14
48 8 54 14
90 8 96 14
27 9 33 15
43 9 49 15
130 9 136 15
166 9 172 15
177 9 183 15
6 10 12 16
13 10 19 16
21 10 27 16
86 10 92 16
102 10 108 16
145 10 151 16
185 10 191 16
42 11 48 17
99 11 105 17
159 11 165 17
177 11 183 17
26 12 32 18
81 12 87 18
85 12 91 18
91 12 97 18
143 12 149 18
160 12 166 18
7 13 13 19
22 13 28 19
45 13 51 19
131 13 137 19
139 13 145 19
181 13 187 19
5 14 11 20
63 14 69 20
79 14 85 20
87 14 93 20
94 14 100 20
128 14 134 20
190 14 196 20
63 15 69 21
111 15 117 21
136 15 142 21
174 15 180 21
11 16 17 22
61 16 67 22
75 16 81 22
74 17 80 23
127 17 133 23
148 17 154 23
155 17 161 23
162 17 168 23
12 18 18 24
60 18 66 24
68 18 74 24
130 18 136 24
145 18 151 24
194 18 200 24
84 19 90 25
139 19 145 25
170 19 176 25
12 20 18 26
53 20 59 26
90 20 96 26
131 20 137 26
7 21 13 27
60 21 66 27
119 21 125 27
-1 22 5 28
78 22 84 28
149 22 155 28
156 22 162 28
9 23 15 29
62 23 68 29
115 23 121 29
121 23 127 29
127 23 133 29
143 23 149 29
177 23 183 29
183 23 189 29
41 24 47 30
55 24 61 30
135 24 141 30
138 24 144 30
160 24 166 30
176 24 182 30
28 25 34 31
48 25 54 31
93 25 99 31
96 25 102 31
188 25 194 31
190 25 196 31
14 26 20 32
101 26 107 32
167 26 173 32
165 27 171 33
26 28 32 34
47 28 53 34
144 28 150 34
18 29 24 35
71 29 77 35
82 29 88 35
100 30 106 36
124 30 130 36
134 30 140 36
143 30 149 36
5 31 11 37
41 31 47 37
74 31 80 37
83 31 89 37
102 31 108 37
111 31 117 37
114 31 120 37
115 31 121 37
137 31 143 37
167 31 173 37
42 32 48 38
57 32 63 38
105 32 111 38
115 32 121 38
126 32 132 38
164 32 170 38
23 33 29 39
37 33 43 39
87 33 93 39
145 33 151 39
190 33 196 39
82 34 88 40
172 34 178 40
27 35 33 41
36 35 42 41
45 35 51 41
90 35 96 41
114 35 120 41
151 35 157 41
188 35 194 41
88 36 94 42
186 36 192 42
28 37 34 43
38 37 44 43
41 37 47 43
81 37 87 43
114 37 120 43
18 38 24 44
31 38 37 44
65 38 71 44
94 38 100 44
101 38 107 44
126 38 132 44
154 38 160 44
156 38 162 44
177 38 183 44
185 38 191 44
18 39 24 45
32 39 38 45
119 39 125 45
134 39 140 45
9 40 15 46
65 40 71 46
131 40 137 46
135 40 141 46
150 40 156 46
168 40 174 46
185 40 191 46
11 41 17 47
108 41 114 47
64 42 70 48
142 42 148 48
85 43 91 49
138 43 144 49
178 43 184 49
7 44 13 50
33 44 39 50
63 44 69 50
72 44 78 50
80 44 86 50
120 44 126 50
148 44 154 50
106 45 112 51
115 45 121 51
171 45 177 51
5 46 11 52
109 46 115 52
131 46 137 52
168 46 174 52
1 47 7 53
25 47 31 53
40 47 46 53
64 47 70 53
75 47 81 53
119 47 125 53
188 47 194 53
111 48 117 54
117 48 123 54
73 49 79 55
131 49 137 55
17 50 23 56
61 50 67 56
89 50 95 56
123 50 129 56
127 50 133 56
169 50 175 56
47 51 53 57
109 51 115 57
114 51 120 57
126 51 132 57
191 51 197 57
2 52 8 58
66 52 72 58
181 52 187 58
3 53 9 59
36 53 42 59
50 53 56 59
79 53 85 59
108 53 114 59
139 53 145 59
166 53 172 59
183 53 189 59
96 54 102 60
151 54 157 60
80 55 86 61
97 55 103 61
103 55 109 61
8 56 14 62
92 56 98 62
117 56 123 62
151 56 157 62
6 57 12 63
47 57 53 63
79 57 85 63
14 58 20 64
120 58 126 64
26 59 32 65
49 59 55 65
63 59 69 65
85 59 91 65
109 59 115 65
151 59 157 65
179 59 185 65
40 60 46 66
81 60 87 66
64 61 70 67
161 61 167 67
193 61 199 67
54 62 60 68
68 62 74 68
110 62 116 68
119 62 125 68
123 62 129 68
5 63 11 69
44 63 50 69
99 63 105 69
188 63 194 69
-1 64 5 70
71 64 77 70
106 64 112 70
137 64 143 70
161 64 167 70
67 65 73 71
96 65 102 71
152 65 158 71
156 65 162 71
14 66 20 72
59 66 65 72
90 66 96 72
136 66 142 72
145 66 151 72
160 66 166 72
16 67 22 73
72 67 78 73
82 67 88 73
193 67 199 73
61 68 67 74
191 68 197 74
21 69 27 75
97 69 103 75
117 69 123 75
168 69 174 75
181 69 187 75
63 70 69 76
116 70 122 76
123 70 129 76
124 70 130 76
182 70 188 76
-3 71 3 77
2 71 8 77
22 71 28 77
35 71 41 77
46 71 52 77
73 71 79 77
76 71 82 77
106 71 112 77
141 71 147 77
152 71 158 77
180 71 186 77
0 72 6 78
11 72 17 78
17 72 23 78
33 72 39 78
98 72 104 78
139 72 145 78
166 72 172 78
13 73 19 79
19 73 25 79
130 73 136 79
148 73 154 79
186 73 192 79
190 73 196 79
13 74 19 80
173 74 179 80
178 74 184 80
1 75 7 81
11 75 17 81
17 75 23 81
60 75 66 81
90 75 96 81
121 75 127 81
170 75 176 81
108 76 114 82
146 76 152 82
105 77 111 83
182 77 188 83
-2 78 4 84
30 78 36 84
76 78 82 84
99 78 105 84
126 78 132 84
120 79 126 85
31 80 37 86
57 80 63 86
82 80 88 86
117 80 123 86
122 80 128 86
139 80 145 86
169 80 175 86
184 80 190 86
-1 81 5 87
12 81 18 87
38 81 44 87
69 81 75 87
76 81 82 87
92 81 98 87
142 81 148 87
167 81 173 87
185 81 191 87
5 82 11 88
19 82 25 88
22 82 28 88
34 82 40 88
41 82 47 88
29 83 35 89
35 83 41 89
79 83 85 89
83 83 89 89
118 83 124 89
132 83 138 89
40 84 46 90
124 84 130 90
87 85 93 91
98 85 104 91
3 86 9 92
79 86 85 92
91 86 97 92
182 86 188 92
2 87 8 93
141 87 147 93
155 87 161 93
97 88 103 94
175 88 181 94
184 88 190 94
33 89 39 95
69 89 75 95
92 89 98 95
8 90 14 96
37 90 43 96
80 90 86 96
100 90 106 96
131 91 137 97
149 91 155 97
163 91 169 97
184 91 190 97
12 92 18 98
24 92 30 98
41 92 47 98
102 92 108 98
166 92 172 98
182 92 188 98
76 93 82 99
118 93 124 99
195 93 201 99
60 94 66 100
72 94 78 100
179 94 185 100
183 94 189 100
191 94 197 100
38 95 44 101
123 95 129 101
127 95 133 101
128 95 134 101
144 95 150 101
162 95 168 101
165 95 171 101
187 95 193 101
23 96 29 102
52 96 58 102
144 96 150 102
3 97 9 103
123 97 129 103
132 97 138 103
180 97 186 103
19 98 25 104
46 98 52 104
136 98 142 104
171 98 177 104
11 99 17 105
129 99 135 105
170 99 176 105
63 100 69 106
164 100 170 106
6 101 12 107
66 101 72 107
89 101 95 107
158 101 164 107
188 101 194 107
195 101 201 107
92 102 98 108
123 102 129 108
190 102 196 108
27 103 33 109
50 103 56 109
107 103 113 109
114 103 120 109
120 103 126 109
129 103 135 109
137 103 143 109
187 103 193 109
11 104 17 110
54 104 60 110
143 104 149 110
149 104 155 110
166 104 172 110
185 104 191 110
88 105 94 111
98 105 104 111
161 105 167 111
189 105 195 111
56 106 62 112
75 106 81 112
107 106 113 112
134 106 140 112
141 106 147 112
144 106 150 112
171 106 177 112
172 106 178 112
23 107 29 113
38 107 44 113
40 107 46 113
76 107 82 113
85 107 91 113
90 107 96 113
108 107 114 113
111 107 117 113
192 107 198 113
10 108 16 114
41 108 47 114
35 109 41 115
70 109 76 115
150 109 156 115
12 110 18 116
69 110 75 116
134 110 140 116
93 111 99 117
98 111 104 117
120 111 126 117
176 111 182 117
186 111 192 117
64 112 70 118
99 112 105 118
113 112 119 118
165 112 171 118
11 113 17 119
46 113 52 119
59 113 65 119
94 113 100 119
160 113 166 119
173 113 179 119
92 114 98 120
101 114 107 120
161 114 167 120
65 115 71 121
88 115 94 121
121 115 127 121
171 115 177 121
31 116 37 122
84 116 90 122
99 116 105 122
138 116 144 122
148 116 154 122
46 117 52 123
143 117 149 123
38 118 44 124
65 118 71 124
81 118 87 124
123 118 129 124
19 119 25 125
50 119 56 125
84 119 90 125
114 119 120 125
115 120 121 126
125 120 131 126
184 120 190 126
19 121 25 127
30 121 36 127
96 121 102 127
164 121 170 127
178 121 184 127
40 122 46 128
171 122 177 128
195 122 201 128
138 123 144 129
179 123 185 129
0 124 6 130
16 124 22 130
52 124 58 130
85 124 91 130
107 124 113 130
132 124 138 130
173 124 179 130
-3 125 3 131
13 125 19 131
75 125 81 131
123 125 129 131
142 125 148 131
22 126 28 132
25 126 31 132
63 126 69 132
76 126 82 132
172 126 178 132
1 127 7 133
93 127 99 133
137 127 143 133
159 127 165 133
165 127 171 133
196 127 202 133
-1 128 5 134
5 128 11 134
25 128 31 134
66 128 72 134
159 128 165 134
162 128 168 134
57 129 63 135
76 129 82 135
182 129 188 135
65 130 71 136
87 130 93 136
124 130 130 136
137 130 143 136
6 131 12 137
33 131 39 137
84 131 90 137
86 131 92 137
99 131 105 137
101 131 107 137
42 132 48 138
76 132 82 138
143 132 149 138
65 133 71 139
-2 134 4 140
7 134 13 140
9 134 15 140
25 134 31 140
38 134 44 140
45 134 51 140
61 134 67 140
132 134 138 140
142 134 148 140
173 134 179 140
188 134 194 140
6 135 12 141
36 135 42 141
52 135 58 141
72 135 78 141
124 135 130 141
181 135 187 141
16 136 22 142
71 136 77 142
78 136 84 142
93 136 99 142
113 136 119 142
170 136 176 142
185 136 191 142
194 136 200 142
35 137 41 143
81 137 87 143
117 137 123 143
165 137 171 143
0 138 6 144
2 138 8 144
5 138 11 144
35 138 41 144
126 138 132 144
182 138 188 144
8 139 14 145
48 139 54 145
109 139 115 145
164 139 170 145
170 139 176 145
183 139 189 145
0 140 6 146
23 140 29 146
50 140 56 146
194 140 200 146
33 141 39 147
69 141 75 147
106 141 112 147
187 141 193 147
91 142 97 148
191 142 197 148
103 143 109 149
156 143 162 149
188 143 194 149
57 144 63 150
164 144 170 150
8 145 14 151
51 145 57 151
56 145 62 151
119 145 125 151
166 145 172 151
76 146 82 152
87 147 93 153
159 147 165 153
36 148 42 154
80 148 86 154
119 148 125 154
158 148 164 154
180 148 186 154
17 149 23 155
48 149 54 155
60 149 66 155
147 149 153 155
171 149 177 155
97 150 103 156
119 150 125 156
149 150 155 156
14 151 20 157
75 151 81 157
169 151 175 157
13 152 19 158
111 152 117 158
179 152 185 158
17 154 23 160
157 154 163 160
183 154 189 160
187 154 193 160
71 155 77 161
109 155 115 161
137 155 143 161
139 155 145 161
178 155 184 161
56 156 62 162
122 156 128 162
167 156 173 162
182 156 188 162
64 157 70 163
139 157 145 163
155 157 161 163
166 157 172 163
174 157 180 163
4 158 10 164
35 158 41 164
39 158 45 164
55 158 61 164
117 158 123 164
145 158 151 164
183 158 189 164
33 159 39 165
53 159 59 165
64 159 70 165
90 159 96 165
107 159 113 165
109 159 115 165
142 159 148 165
189 159 195 165
9 160 15 166
104 160 110 166
150 160 156 166
27 161 33 167
38 161 44 167
25 162 31 168
47 162 53 168
92 162 98 168
144 162 150 168
14 163 20 169
100 163 106 169
108 163 114 169
152 163 158 169
-2 164 4 170
37 164 43 170
40 164 46 170
83 164 89 170
131 164 137 170
176 164 182 170
30 165 36 171
49 165 55 171
77 165 83 171
84 165 90 171
91 165 97 171
132 165 138 171
135 165 141 171
153 165 159 171
195 165 201 171
3 166 9 172
42 166 48 172
72 166 78 172
97 166 103 172
16 167 22 173
55 167 61 173
74 167 80 173
129 167 135 173
137 167 143 173
154 167 160 173
166 167 172 173
183 167 189 173
4 168 10 174
15 168 21 174
175 168 181 174
11 169 17 175
49 169 55 175
68 169 74 175
94 169 100 175
195 169 201 175
20 170 26 176
61 170 67 176
131 170 137 176
-3 171 3 177
36 171 42 177
162 171 168 177
166 171 172 177
11 173 17 179
22 173 28 179
110 173 116 179
122 173 128 179
128 173 134 179
132 173 138 179
151 173 157 179
10 174 16 180
17 174 23 180
36 174 42 180
75 174 81 180
90 174 96 180
117 174 123 180
164 174 170 180
79 175 85 181
144 175 150 181
153 175 159 181
181 175 187 181
138 176 144 182
153 176 159 182
155 176 161 182
158 176 164 182
43 177 49 183
76 177 82 183
113 177 119 183
161 177 167 183
188 177 194 183
41 178 47 184
76 178 82 184
77 178 83 184
187 178 193 184
-2 179 4 185
29 179 35 185
110 179 116 185
115 179 121 185
8 180 14 186
35 180 41 186
81 180 87 186
147 180 153 186
82 181 88 187
92 181 98 187
138 181 144 187
183 181 189 187
30 182 36 188
74 182 80 188
126 182 132 188
19 183 25 189
24 183 30 189
47 183 53 189
79 183 85 189
81 183 87 189
103 183 109 189
136 183 142 189
140 183 146 189
161 183 167 189
169 183 175 189
1 184 7 190
4 184 10 190
77 184 83 190
89 184 95 190
124 184 130 190
165 184 171 190
0 185 6 191
34 185 40 191
44 185 50 191
49 185 55 191
71 185 77 191
154 185 160 191
187 185 193 191
35 186 41 192
74 186 80 192
142 186 148 192
144 186 150 192
160 186 166 192
185 186 191 192
70 187 76 193
109 187 115 193
129 187 135 193
27 188 33 194
121 188 127 194
133 188 139 194
196 188 202 194
8 189 14 195
12 189 18 195
21 189 27 195
60 189 66 195
69 189 75 195
74 189 80 195
86 189 92 195
112 189 118 195
141 189 147 195
190 189 196 195
50 190 56 196
143 190 149 196
116 191 122 197
185 191 191 197
9 192 15 198
22 192 28 198
63 192 69 198
82 192 88 198
85 192 91 198
50 193 56 199
66 193 72 199
89 193 95 199
133 193 139 199
159 193 165 199
74 194 80 200
79 194 85 200
93 194 99 200
96 194 102 200
103 194 109 200
105 194 111 200
158 194 164 200
161 194 167 200
11 195 17 201
26 195 32 201
72 195 78 201
121 195 127 201
155 195 161 201
34 196 40 202
48 196 54 202
173 196 179 202
