409
55 -3 61 3
92 -3 98 3
160 -3 166 3
51 -2 57 4
178 -2 184 4
187 -1 193 5
64 0 70 6
86 0 92 6
108 0 114 6
180 0 186 6
66 2 72 8
133 2 139 8
166 2 172 8
180 2 186 8
176 3 182 9
117 4 123 10
141 4 147 10
30 5 36 11
-2 7 4 13
115 7 121 13
140 7 146 13
161 7 167 13
48 8 54 14
155 8 161 14
171 8 177 14
65 10 71 16
86 10 92 16
185 10 191 16
33 11 39 17
81 12 87 18
85 12 91 18
45 13 51 19
131 13 137 19
181 13 187 19
79 14 85 20
87 14 93 20
128 14 134 20
189 14 195 20
170 15 176 21
6 16 12 22
11 16 17 22
111 16 117 22
136 16 142 22
128 17 134 23
147 17 153 23
162 17 168 23
177 17 183 23
189 17 195 23
68 18 74 24
145 18 151 24
170 18 176 24
83 19 89 25
53 21 59 27
90 21 96 27
-2 22 4 28
119 22 125 28
121 23 127 29
143 23 149 29
149 23 155 29
112 24 118 30
157 25 163 31
101 26 107 32
128 26 134 32
14 27 20 33
26 28 32 34
56 28 62 34
129 28 135 34
18 29 24 35
82 29 88 35
143 30 149 36
60 31 66 37
83 31 89 37
111 31 117 37
125 31 131 37
166 31 172 37
57 32 63 38
104 32 110 38
126 32 132 38
165 32 171 38
145 33 151 39
172 34 178 40
189 34 195 40
45 35 51 41
126 37 132 43
144 37 150 43
151 37 157 43
119 39 125 45
150 40 156 46
108 41 114 47
131 41 137 47
138 42 144 48
141 42 147 48
100 43 106 49
33 44 39 50
81 44 87 50
147 44 153 50
178 44 184 50
73 45 79 51
171 45 177 51
115 46 121 52
169 46 175 52
179 46 185 52
23 47 29 53
24 47 30 53
64 47 70 53
82 47 88 53
145 47 151 53
173 47 179 53
188 47 194 53
111 48 117 54
116 48 122 54
63 50 69 56
114 50 120 56
123 50 129 56
169 50 175 56
29 51 35 57
47 52 53 58
66 52 72 58
163 52 169 58
176 52 182 58
50 53 56 59
166 53 172 59
44 54 50 60
57 54 63 60
92 56 98 62
14 58 20 64
26 59 32 65
179 59 185 65
41 60 47 66
193 61 199 67
119 62 125 68
5 63 11 69
43 63 49 69
98 63 104 69
187 63 193 69
50 64 56 70
106 64 112 70
59 66 65 72
90 66 96 72
160 66 166 72
168 69 174 75
117 70 123 76
46 71 52 77
106 71 112 77
18 73 24 79
128 73 134 79
40 74 46 80
60 74 66 80
121 74 127 80
173 74 179 80
178 74 184 80
105 76 111 82
38 79 44 85
69 79 75 85
182 79 188 85
56 80 62 86
92 80 98 86
5 82 11 88
124 82 130 88
29 83 35 89
131 83 137 89
87 85 93 91
97 85 103 91
182 86 188 92
142 87 148 93
155 88 161 94
80 89 86 95
100 89 106 95
149 89 155 95
8 90 14 96
49 91 55 97
12 92 18 98
25 92 31 98
42 92 48 98
83 92 89 98
101 92 107 98
118 93 124 99
60 94 66 100
76 94 82 100
179 94 185 100
38 95 44 101
187 95 193 101
3 96 9 102
23 96 29 102
180 96 186 102
19 98 25 104
46 98 52 104
132 98 138 104
136 98 142 104
11 99 17 105
160 99 166 105
163 100 169 106
123 101 129 107
138 101 144 107
158 101 164 107
50 103 56 109
121 103 127 109
138 103 144 109
129 104 135 110
155 104 161 110
89 105 95 111
123 105 129 111
141 105 147 111
189 105 195 111
134 106 140 112
149 106 155 112
75 107 81 113
85 107 91 113
111 107 117 113
176 107 182 113
192 107 198 113
150 109 156 115
176 110 182 116
134 111 140 117
186 111 192 117
64 112 70 118
113 112 119 118
127 112 133 118
5 113 11 119
10 113 16 119
46 113 52 119
59 113 65 119
165 113 171 119
90 114 96 120
100 114 106 120
148 115 154 121
31 116 37 122
99 116 105 122
121 116 127 122
139 116 145 122
142 117 148 123
36 118 42 124
80 118 86 124
186 118 192 124
50 119 56 125
120 119 126 125
124 120 130 126
184 120 190 126
30 121 36 127
96 121 102 127
164 122 170 128
170 122 176 128
72 123 78 129
123 123 129 129
138 123 144 129
52 124 58 130
131 124 137 130
16 125 22 131
85 125 91 131
142 125 148 131
14 126 20 132
22 127 28 133
64 127 70 133
127 127 133 133
-1 128 5 134
124 128 130 134
27 129 33 135
57 129 63 135
62 129 68 135
132 129 138 135
180 130 186 136
22 131 28 137
33 131 39 137
86 131 92 137
65 133 71 139
172 133 178 139
-2 134 4 140
25 134 31 140
62 134 68 140
132 134 138 140
9 135 15 141
52 135 58 141
123 135 129 141
79 136 85 142
102 136 108 142
113 136 119 142
194 136 200 142
5 137 11 143
81 137 87 143
119 137 125 143
2 138 8 144
50 138 56 144
8 139 14 145
109 139 115 145
23 140 29 146
58 140 64 146
194 140 200 146
33 141 39 147
69 141 75 147
91 142 97 148
191 142 197 148
8 143 14 149
135 143 141 149
141 143 147 149
188 143 194 149
165 144 171 150
174 144 180 150
19 145 25 151
119 145 125 151
51 146 57 152
77 146 83 152
151 146 157 152
37 148 43 154
80 148 86 154
180 148 186 154
17 149 23 155
60 149 66 155
75 151 81 157
67 152 73 158
82 152 88 158
17 154 23 160
178 154 184 160
179 154 185 160
186 154 192 160
110 155 116 161
136 155 142 161
71 156 77 162
122 156 128 162
154 157 160 163
175 157 181 163
37 158 43 164
117 158 123 164
145 158 151 164
143 159 149 165
189 159 195 165
94 160 100 166
148 160 154 166
105 161 111 167
47 162 53 168
93 162 99 168
152 162 158 168
14 163 20 169
100 163 106 169
108 163 114 169
176 164 182 170
77 165 83 171
91 165 97 171
135 165 141 171
194 165 200 171
42 166 48 172
49 166 55 172
55 167 61 173
137 167 143 173
184 167 190 173
25 168 31 174
109 168 115 174
175 168 181 174
13 169 19 175
49 169 55 175
68 169 74 175
20 170 26 176
61 170 67 176
-3 171 3 177
166 171 172 177
111 173 117 179
132 173 138 179
35 174 41 180
90 174 96 180
101 174 107 180
118 174 124 180
151 174 157 180
181 174 187 180
101 175 107 181
145 175 151 181
17 176 23 182
34 176 40 182
-2 178 4 184
109 179 115 185
146 179 152 185
7 180 13 186
29 180 35 186
62 181 68 187
92 181 98 187
182 181 188 187
74 182 80 188
179 182 185 188
19 183 25 189
33 183 39 189
103 183 109 189
169 183 175 189
54 184 60 190
77 184 83 190
88 184 94 190
140 184 146 190
165 184 171 190
24 185 30 191
49 185 55 191
144 185 150 191
44 186 50 192
57 186 63 192
130 187 136 193
21 188 27 194
27 188 33 194
69 188 75 194
121 188 127 194
173 188 179 194
196 188 202 194
111 189 117 195
61 190 67 196
116 191 122 197
63 192 69 198
133 192 139 198
66 193 72 199
93 194 99 200
121 194 127 200
158 194 164 200
173 195 179 201
49 196 55 202
96 196 102 202
