154
20 -3 26 3
55 -3 61 3
86 0 92 6
108 0 114 6
123 1 129 7
133 2 139 8
117 5 123 11
115 6 121 12
-2 7 4 13
155 8 161 14
65 13 71 19
87 14 93 20
67 15 73 21
135 15 141 21
111 16 117 22
131 17 137 23
194 18 200 24
91 21 97 27
101 26 107 32
183 26 189 32
108 31 114 37
105 32 111 38
172 33 178 39
189 34 195 40
45 35 51 41
125 36 131 42
144 36 150 42
120 39 126 45
131 42 137 48
33 44 39 50
188 47 194 53
18 50 24 56
123 50 129 56
66 52 72 58
29 53 35 59
50 53 56 59
176 54 182 60
57 55 63 61
103 55 109 61
92 56 98 62
14 58 20 64
151 58 157 64
26 59 32 65
179 59 185 65
193 61 199 67
188 62 194 68
90 66 96 72
146 66 152 72
159 66 165 72
152 69 158 75
46 70 52 76
118 70 124 76
18 73 24 79
121 74 127 80
128 74 134 80
1 75 7 81
69 79 75 85
5 82 11 88
92 82 98 88
27 83 33 89
87 84 93 90
97 85 103 91
50 86 56 92
146 87 152 93
149 89 155 95
155 89 161 95
9 90 15 96
49 91 55 97
11 92 17 98
25 92 31 98
118 93 124 99
42 94 48 100
59 94 65 100
38 95 44 101
52 95 58 101
188 95 194 101
3 96 9 102
46 98 52 104
28 103 34 109
50 103 56 109
107 103 113 109
114 103 120 109
141 104 147 110
111 105 117 111
85 106 91 112
77 107 83 113
134 110 140 116
118 111 124 117
186 111 192 117
114 112 120 118
46 113 52 119
166 113 172 119
50 119 56 125
96 120 102 126
29 121 35 127
72 123 78 129
138 123 144 129
52 124 58 130
131 125 137 131
56 129 62 135
33 131 39 137
173 133 179 139
25 134 31 140
191 134 197 140
102 136 108 142
59 140 65 146
33 141 39 147
69 141 75 147
170 143 176 149
19 145 25 151
119 145 125 151
173 145 179 151
78 147 84 153
37 148 43 154
180 148 186 154
69 152 75 158
17 154 23 160
112 155 118 161
56 156 62 162
122 156 128 162
71 157 77 163
136 157 142 163
175 157 181 163
37 158 43 164
117 158 123 164
189 159 195 165
47 162 53 168
13 163 19 169
42 165 48 171
75 165 81 171
91 165 97 171
195 165 201 171
184 168 190 174
13 169 19 175
68 169 74 175
20 170 26 176
182 170 188 176
-3 171 3 177
166 171 172 177
111 173 117 179
90 174 96 180
118 174 124 180
151 174 157 180
-2 177 4 183
7 179 13 185
17 179 23 185
109 179 115 185
62 180 68 186
92 181 98 187
19 182 25 188
45 184 51 190
42 185 48 191
111 189 117 195
35 196 41 202
