455
20 -3 26 3
92 -3 98 3
160 -3 166 3
51 -2 57 4
186 -1 192 5
189 -1 195 5
86 0 92 6
96 0 102 6
108 0 114 6
164 0 170 6
180 0 186 6
123 1 129 7
66 2 72 8
133 2 139 8
167 2 173 8
141 3 147 9
176 3 182 9
180 3 186 9
30 4 36 10
117 4 123 10
115 7 121 13
140 7 146 13
160 7 166 13
48 8 54 14
155 8 161 14
171 8 177 14
3 9 9 15
5 9 11 15
166 9 172 15
86 10 92 16
101 10 107 16
185 10 191 16
33 11 39 17
100 11 106 17
81 12 87 18
85 12 91 18
143 12 149 18
131 13 137 19
181 13 187 19
79 14 85 20
87 14 93 20
128 14 134 20
156 15 162 21
170 15 176 21
175 15 181 21
6 16 12 22
11 16 17 22
111 16 117 22
136 16 142 22
139 16 145 22
148 17 154 23
162 17 168 23
178 17 184 23
188 17 194 23
68 18 74 24
130 18 136 24
145 18 151 24
194 18 200 24
83 19 89 25
130 20 136 26
7 21 13 27
53 21 59 27
90 21 96 27
-1 22 5 28
8 22 14 28
78 22 84 28
156 22 162 28
115 23 121 29
121 23 127 29
143 23 149 29
149 23 155 29
112 24 118 30
161 24 167 30
183 24 189 30
-3 25 3 31
157 25 163 31
28 26 34 32
101 26 107 32
128 26 134 32
14 27 20 33
26 28 32 34
56 28 62 34
129 28 135 34
18 29 24 35
82 29 88 35
125 30 131 36
60 31 66 37
83 31 89 37
89 31 95 37
111 31 117 37
166 31 172 37
57 32 63 38
104 32 110 38
126 32 132 38
164 32 170 38
87 33 93 39
82 34 88 40
172 34 178 40
189 34 195 40
45 35 51 41
81 36 87 42
38 37 44 43
41 37 47 43
126 37 132 43
144 37 150 43
119 39 125 45
150 40 156 46
108 41 114 47
131 41 137 47
141 42 147 48
138 43 144 49
178 43 184 49
147 44 153 50
73 45 79 51
107 45 113 51
108 45 114 51
171 45 177 51
115 46 121 52
169 46 175 52
22 47 28 53
25 47 31 53
64 47 70 53
74 47 80 53
145 47 151 53
188 47 194 53
82 48 88 54
111 48 117 54
18 50 24 56
73 50 79 56
114 50 120 56
123 50 129 56
29 51 35 57
163 51 169 57
47 52 53 58
176 52 182 58
50 53 56 59
73 53 79 59
166 53 172 59
194 53 200 59
44 54 50 60
57 54 63 60
103 55 109 61
8 56 14 62
6 57 12 63
151 58 157 64
26 59 32 65
41 60 47 66
82 60 88 66
84 60 90 66
109 60 115 66
53 62 59 68
119 62 125 68
5 63 11 69
43 63 49 69
187 63 193 69
106 64 112 70
50 65 56 71
96 65 102 71
59 66 65 72
90 66 96 72
160 66 166 72
168 69 174 75
97 70 103 76
117 70 123 76
152 70 158 76
46 71 52 77
98 71 104 77
106 71 112 77
18 72 24 78
180 72 186 78
129 73 135 79
40 74 46 80
60 74 66 80
121 74 127 80
147 74 153 80
173 74 179 80
178 74 184 80
1 75 7 81
146 75 152 81
170 75 176 81
128 78 134 84
38 79 44 85
182 79 188 85
56 80 62 86
69 80 75 86
92 80 98 86
124 81 130 87
5 82 11 88
29 83 35 89
83 83 89 89
125 83 131 89
131 83 137 89
87 85 93 91
97 85 103 91
182 86 188 92
155 88 161 94
80 89 86 95
100 89 106 95
149 89 155 95
8 90 14 96
12 92 18 98
25 92 31 98
42 92 48 98
84 92 90 98
101 92 107 98
165 92 171 98
72 93 78 99
118 93 124 99
179 93 185 99
191 93 197 99
194 93 200 99
76 94 82 100
187 95 193 101
3 96 9 102
23 96 29 102
52 96 58 102
180 97 186 103
19 98 25 104
46 98 52 104
132 98 138 104
11 99 17 105
160 99 166 105
138 100 144 106
123 101 129 107
158 101 164 107
188 101 194 107
27 103 33 109
50 103 56 109
107 103 113 109
120 103 126 109
138 103 144 109
187 103 193 109
11 104 17 110
129 104 135 110
155 104 161 110
186 104 192 110
89 105 95 111
123 105 129 111
149 105 155 111
189 105 195 111
134 106 140 112
141 106 147 112
176 106 182 112
75 107 81 113
85 107 91 113
90 107 96 113
111 107 117 113
192 107 198 113
150 109 156 115
120 111 126 117
134 111 140 117
176 111 182 117
186 111 192 117
64 112 70 118
113 112 119 118
127 112 133 118
148 112 154 118
10 113 16 119
46 113 52 119
59 113 65 119
165 113 171 119
91 114 97 120
100 114 106 120
89 115 95 121
121 115 127 121
31 116 37 122
99 116 105 122
139 116 145 122
148 116 154 122
142 117 148 123
36 118 42 124
80 118 86 124
186 118 192 124
120 119 126 125
124 120 130 126
30 121 36 127
96 121 102 127
164 121 170 127
170 122 176 128
195 122 201 128
-3 123 3 129
138 123 144 129
52 124 58 130
85 124 91 130
131 124 137 130
16 125 22 131
142 125 148 131
13 126 19 132
22 126 28 132
64 126 70 132
127 127 133 133
-1 128 5 134
27 129 33 135
57 129 63 135
124 129 130 135
132 129 138 135
181 129 187 135
22 131 28 137
33 131 39 137
86 131 92 137
180 131 186 137
43 133 49 139
65 133 71 139
172 133 178 139
25 134 31 140
62 134 68 140
132 134 138 140
189 134 195 140
10 135 16 141
52 135 58 141
124 135 130 141
79 136 85 142
102 136 108 142
113 136 119 142
194 136 200 142
5 137 11 143
81 137 87 143
119 137 125 143
2 138 8 144
50 139 56 145
109 139 115 145
23 140 29 146
58 140 64 146
194 140 200 146
33 141 39 147
191 142 197 148
135 143 141 149
141 143 147 149
155 143 161 149
188 143 194 149
8 144 14 150
165 144 171 150
174 144 180 150
19 145 25 151
119 145 125 151
51 146 57 152
77 146 83 152
151 146 157 152
37 148 43 154
180 148 186 154
17 149 23 155
49 149 55 155
60 149 66 155
99 150 105 156
75 151 81 157
67 152 73 158
179 153 185 159
17 154 23 160
186 154 192 160
71 155 77 161
110 155 116 161
136 155 142 161
178 155 184 161
183 155 189 161
56 156 62 162
122 156 128 162
91 157 97 163
154 157 160 163
175 157 181 163
4 158 10 164
38 158 44 164
90 158 96 164
117 158 123 164
145 158 151 164
143 159 149 165
9 160 15 166
95 160 101 166
105 160 111 166
148 160 154 166
47 162 53 168
145 162 151 168
152 162 158 168
14 163 20 169
100 163 106 169
108 163 114 169
-3 164 3 170
176 164 182 170
49 165 55 171
91 165 97 171
135 165 141 171
195 165 201 171
42 166 48 172
193 166 199 172
137 167 143 173
184 167 190 173
25 168 31 174
109 168 115 174
129 168 135 174
175 168 181 174
13 169 19 175
49 169 55 175
61 170 67 176
131 170 137 176
-3 171 3 177
166 171 172 177
162 172 168 178
111 173 117 179
127 173 133 179
132 173 138 179
164 173 170 179
36 174 42 180
118 174 124 180
151 174 157 180
181 174 187 180
17 175 23 181
145 175 151 181
34 176 40 182
113 177 119 183
43 178 49 184
114 178 120 184
109 179 115 185
147 179 153 185
7 180 13 186
29 180 35 186
62 181 68 187
92 181 98 187
183 181 189 187
74 182 80 188
178 182 184 188
19 183 25 189
47 183 53 189
140 183 146 189
169 183 175 189
24 184 30 190
54 184 60 190
77 184 83 190
88 184 94 190
161 184 167 190
165 184 171 190
44 185 50 191
49 185 55 191
144 185 150 191
57 186 63 192
160 186 166 192
130 187 136 193
21 188 27 194
27 188 33 194
69 188 75 194
101 188 107 194
173 188 179 194
111 189 117 195
190 189 196 195
60 190 66 196
22 192 28 198
63 192 69 198
133 192 139 198
66 193 72 199
93 194 99 200
121 194 127 200
158 194 164 200
155 195 161 201
173 195 179 201
33 196 39 202
49 196 55 202
96 196 102 202
