260
20 -3 26 3
55 -3 61 3
160 -3 166 3
51 -2 57 4
86 0 92 6
108 0 114 6
178 0 184 6
123 1 129 7
133 2 139 8
117 4 123 10
30 6 36 12
-2 7 4 13
115 7 121 13
47 8 53 14
155 8 161 14
164 9 170 15
171 9 177 15
33 10 39 16
65 10 71 16
185 10 191 16
181 13 187 19
79 14 85 20
87 14 93 20
136 15 142 21
111 16 117 22
128 17 134 23
68 18 74 24
162 18 168 24
194 18 200 24
83 19 89 25
144 23 150 29
161 23 167 29
183 25 189 31
28 26 34 32
101 26 107 32
14 27 20 33
56 28 62 34
18 29 24 35
111 31 117 37
143 31 149 37
104 32 110 38
144 33 150 39
172 33 178 39
189 34 195 40
45 35 51 41
126 36 132 42
144 36 150 42
119 39 125 45
108 41 114 47
131 42 137 48
33 44 39 50
64 47 70 53
171 47 177 53
188 47 194 53
169 49 175 55
18 50 24 56
64 50 70 56
123 50 129 56
29 51 35 57
47 52 53 58
66 52 72 58
50 53 56 59
176 53 182 59
44 54 50 60
57 55 63 61
14 58 20 64
151 58 157 64
26 59 32 65
179 59 185 65
193 61 199 67
43 63 49 69
187 63 193 69
5 64 11 70
106 64 112 70
96 65 102 71
59 66 65 72
90 66 96 72
146 66 152 72
160 66 166 72
152 69 158 75
117 70 123 76
46 71 52 77
18 73 24 79
60 73 66 79
128 73 134 79
173 74 179 80
1 75 7 81
105 75 111 81
40 76 46 82
38 78 44 84
129 78 135 84
69 79 75 85
56 80 62 86
92 80 98 86
5 82 11 88
28 83 34 89
130 83 136 89
87 85 93 91
50 86 56 92
182 86 188 92
143 87 149 93
155 88 161 94
80 89 86 95
149 89 155 95
8 90 14 96
12 92 18 98
25 92 31 98
83 92 89 98
42 93 48 99
118 93 124 99
60 94 66 100
38 95 44 101
187 95 193 101
3 96 9 102
23 96 29 102
52 96 58 102
19 97 25 103
46 98 52 104
136 99 142 105
123 101 129 107
157 101 163 107
156 102 162 108
27 103 33 109
50 103 56 109
114 103 120 109
129 104 135 110
123 105 129 111
141 105 147 111
189 105 195 111
85 106 91 112
134 106 140 112
75 107 81 113
111 107 117 113
192 107 198 113
120 111 126 117
134 111 140 117
186 111 192 117
62 112 68 118
113 112 119 118
127 112 133 118
5 113 11 119
46 113 52 119
60 113 66 119
166 113 172 119
31 116 37 122
34 118 40 124
80 118 86 124
50 119 56 125
185 119 191 125
96 120 102 126
184 120 190 126
30 121 36 127
72 123 78 129
52 124 58 130
85 125 91 131
142 125 148 131
27 129 33 135
57 129 63 135
25 134 31 140
190 134 196 140
52 136 58 142
113 136 119 142
122 136 128 142
194 136 200 142
121 137 127 143
50 138 56 144
109 139 115 145
58 140 64 146
194 140 200 146
33 141 39 147
69 141 75 147
91 142 97 148
135 143 141 149
141 143 147 149
154 143 160 149
165 143 171 149
173 144 179 150
19 145 25 151
119 145 125 151
151 145 157 151
37 148 43 154
80 148 86 154
17 149 23 155
60 149 66 155
75 151 81 157
82 151 88 157
111 155 117 161
56 156 62 162
71 156 77 162
122 156 128 162
136 156 142 162
154 157 160 163
175 157 181 163
4 158 10 164
37 158 43 164
117 158 123 164
189 159 195 165
9 160 15 166
47 162 53 168
107 162 113 168
152 162 158 168
13 163 19 169
100 163 106 169
91 165 97 171
176 165 182 171
195 165 201 171
28 166 34 172
42 166 48 172
175 166 181 172
55 167 61 173
184 167 190 173
109 168 115 174
13 169 19 175
68 169 74 175
20 170 26 176
-3 171 3 177
166 171 172 177
127 173 133 179
132 173 138 179
181 173 187 179
90 174 96 180
118 174 124 180
151 174 157 180
145 176 151 182
-2 177 4 183
17 177 23 183
146 177 152 183
44 179 50 185
109 179 115 185
7 180 13 186
62 181 68 187
92 181 98 187
33 182 39 188
47 183 53 189
74 183 80 189
103 183 109 189
168 183 174 189
54 184 60 190
77 184 83 190
88 184 94 190
141 184 147 190
166 184 172 190
49 185 55 191
143 185 149 191
25 186 31 192
43 186 49 192
57 186 63 192
21 188 27 194
27 188 33 194
69 188 75 194
121 188 127 194
87 189 93 195
192 189 198 195
22 192 28 198
116 192 122 198
132 192 138 198
121 193 127 199
173 195 179 201
34 196 40 202
49 196 55 202
