570
20 -3 26 3
32 -3 38 3
92 -3 98 3
160 -3 166 3
178 -3 184 3
51 -2 57 4
149 -2 155 4
176 -2 182 4
64 -1 70 5
185 -1 191 5
189 -1 195 5
32 0 38 6
86 0 92 6
96 0 102 6
164 0 170 6
175 0 181 6
180 0 186 6
191 0 197 6
108 1 114 7
123 1 129 7
133 2 139 8
167 2 173 8
66 3 72 9
141 3 147 9
176 3 182 9
117 4 123 10
180 4 186 10
-2 7 4 13
115 7 121 13
140 7 146 13
160 7 166 13
3 8 9 14
48 8 54 14
155 8 161 14
6 9 12 15
166 9 172 15
27 10 33 16
58 10 64 16
65 10 71 16
86 10 92 16
102 10 108 16
126 10 132 16
185 10 191 16
21 11 27 17
26 11 32 17
33 11 39 17
99 11 105 17
145 11 151 17
81 12 87 18
85 12 91 18
127 12 133 18
22 13 28 19
45 13 51 19
91 13 97 19
131 13 137 19
79 14 85 20
87 14 93 20
128 14 134 20
139 14 145 20
190 14 196 20
156 15 162 21
170 15 176 21
175 15 181 21
6 16 12 22
61 16 67 22
111 16 117 22
136 16 142 22
153 16 159 22
128 17 134 23
139 17 145 23
148 17 154 23
155 17 161 23
162 17 168 23
178 17 184 23
188 17 194 23
60 18 66 24
130 18 136 24
145 18 151 24
194 18 200 24
84 19 90 25
170 19 176 25
131 20 137 26
7 21 13 27
53 21 59 27
90 21 96 27
119 21 125 27
-1 22 5 28
9 22 15 28
156 22 162 28
115 23 121 29
121 23 127 29
143 23 149 29
149 23 155 29
183 23 189 29
161 24 167 30
-3 25 3 31
28 25 34 31
94 25 100 31
95 25 101 31
112 25 118 31
128 26 134 32
157 26 163 32
14 27 20 33
26 28 32 34
56 28 62 34
18 29 24 35
72 29 78 35
89 30 95 36
101 30 107 36
125 30 131 36
135 30 141 36
143 30 149 36
60 31 66 37
102 31 108 37
111 31 117 37
167 31 173 37
57 32 63 38
87 33 93 39
145 33 151 39
82 34 88 40
172 34 178 40
190 34 196 40
45 35 51 41
188 35 194 41
151 36 157 42
186 36 192 42
38 37 44 43
41 37 47 43
81 37 87 43
144 37 150 43
119 39 125 45
134 39 140 45
131 40 137 46
135 40 141 46
150 40 156 46
108 41 114 47
83 42 89 48
84 43 90 49
99 43 105 49
138 43 144 49
178 43 184 49
33 44 39 50
73 44 79 50
147 44 153 50
106 45 112 51
115 45 121 51
120 45 126 51
171 45 177 51
3 46 9 52
109 46 115 52
119 46 125 52
169 46 175 52
2 47 8 53
22 47 28 53
64 47 70 53
74 47 80 53
145 47 151 53
174 47 180 53
188 47 194 53
111 48 117 54
73 49 79 55
82 49 88 55
18 50 24 56
62 50 68 56
123 50 129 56
169 50 175 56
89 51 95 57
114 51 120 57
163 51 169 57
176 51 182 57
47 52 53 58
66 52 72 58
50 53 56 59
166 53 172 59
44 54 50 60
57 54 63 60
73 54 79 60
196 54 202 60
103 55 109 61
8 56 14 62
92 56 98 62
120 57 126 63
26 59 32 65
109 59 115 65
179 59 185 65
41 60 47 66
81 60 87 66
85 60 91 66
33 61 39 67
110 61 116 67
193 61 199 67
53 62 59 68
119 62 125 68
123 62 129 68
161 62 167 68
5 63 11 69
43 63 49 69
124 63 130 69
187 63 193 69
33 64 39 70
106 64 112 70
161 64 167 70
50 65 56 71
71 65 77 71
96 65 102 71
153 65 159 71
0 66 6 72
90 66 96 72
160 66 166 72
62 68 68 74
97 69 103 75
168 69 174 75
62 70 68 76
117 70 123 76
152 70 158 76
1 71 7 77
98 71 104 77
106 71 112 77
1 72 7 78
166 72 172 78
180 72 186 78
18 73 24 79
129 73 135 79
187 73 193 79
189 73 195 79
39 74 45 80
173 74 179 80
178 74 184 80
1 75 7 81
18 75 24 81
60 75 66 81
121 75 127 81
170 75 176 81
146 76 152 82
100 77 106 83
101 77 107 83
105 77 111 83
127 78 133 84
121 79 127 85
38 80 44 86
56 80 62 86
69 80 75 86
92 80 98 86
121 80 127 86
140 80 146 86
117 81 123 87
142 81 148 87
5 82 11 88
41 82 47 88
29 83 35 89
40 83 46 89
132 83 138 89
125 84 131 90
87 85 93 91
97 85 103 91
91 86 97 92
176 86 182 92
182 86 188 92
142 87 148 93
155 87 161 93
175 87 181 93
92 88 98 94
34 89 40 95
80 89 86 95
100 89 106 95
8 90 14 96
36 90 42 96
149 90 155 96
12 92 18 98
25 92 31 98
42 92 48 98
49 92 55 98
84 92 90 98
101 92 107 98
166 92 172 98
118 93 124 99
179 93 185 99
182 93 188 99
195 93 201 99
60 94 66 100
72 94 78 100
76 94 82 100
183 94 189 100
38 95 44 101
187 95 193 101
3 96 9 102
52 96 58 102
132 97 138 103
180 97 186 103
19 98 25 104
136 98 142 104
11 99 17 105
129 99 135 105
160 99 166 105
138 100 144 106
164 100 170 106
84 101 90 107
158 101 164 107
188 101 194 107
195 101 201 107
89 102 95 108
92 102 98 108
190 102 196 108
50 103 56 109
114 103 120 109
120 103 126 109
129 103 135 109
138 103 144 109
187 103 193 109
11 104 17 110
54 104 60 110
154 104 160 110
185 104 191 110
88 105 94 111
123 105 129 111
149 105 155 111
189 105 195 111
55 106 61 112
134 106 140 112
141 106 147 112
176 106 182 112
38 107 44 113
75 107 81 113
85 107 91 113
192 107 198 113
11 108 17 114
12 109 18 115
36 109 42 115
150 109 156 115
120 111 126 117
134 111 140 117
176 111 182 117
186 111 192 117
64 112 70 118
113 112 119 118
148 112 154 118
10 113 16 119
46 113 52 119
59 113 65 119
165 113 171 119
92 114 98 120
89 115 95 121
121 115 127 121
31 116 37 122
99 116 105 122
138 116 144 122
148 116 154 122
143 117 149 123
80 118 86 124
186 118 192 124
50 119 56 125
120 119 126 125
124 120 130 126
184 120 190 126
96 121 102 127
164 121 170 127
171 122 177 128
72 123 78 129
138 123 144 129
52 124 58 130
85 124 91 130
131 124 137 130
16 125 22 131
142 125 148 131
13 126 19 132
22 126 28 132
64 126 70 132
164 127 170 133
-1 128 5 134
5 128 11 134
57 129 63 135
62 129 68 135
124 129 130 135
132 129 138 135
6 130 12 136
137 130 143 136
22 131 28 137
33 131 39 137
86 131 92 137
180 131 186 137
43 132 49 138
65 133 71 139
172 133 178 139
-2 134 4 140
25 134 31 140
44 134 50 140
61 134 67 140
132 134 138 140
173 134 179 140
6 135 12 141
10 135 16 141
18 135 24 141
124 135 130 141
175 135 181 141
181 135 187 141
78 136 84 142
102 136 108 142
113 136 119 142
184 136 190 142
194 136 200 142
93 137 99 143
118 137 124 143
165 137 171 143
2 138 8 144
92 138 98 144
8 139 14 145
50 139 56 145
109 139 115 145
183 139 189 145
58 140 64 146
33 141 39 147
69 141 75 147
191 142 197 148
104 143 110 149
135 143 141 149
141 143 147 149
156 143 162 149
188 143 194 149
8 144 14 150
164 144 170 150
174 144 180 150
19 145 25 151
119 145 125 151
76 146 82 152
37 148 43 154
80 148 86 154
180 148 186 154
17 149 23 155
60 149 66 155
100 149 106 155
98 150 104 156
75 151 81 157
67 152 73 158
179 152 185 158
17 154 23 160
187 154 193 160
71 155 77 161
110 155 116 161
136 155 142 161
178 155 184 161
183 155 189 161
56 156 62 162
91 156 97 162
122 156 128 162
154 157 160 163
174 157 180 163
35 158 41 164
39 158 45 164
117 158 123 164
90 159 96 165
189 159 195 165
9 160 15 166
95 160 101 166
105 160 111 166
149 160 155 166
47 162 53 168
92 162 98 168
144 162 150 168
152 162 158 168
14 163 20 169
100 163 106 169
108 163 114 169
-3 164 3 170
131 164 137 170
176 164 182 170
30 165 36 171
77 165 83 171
132 165 138 171
135 165 141 171
195 165 201 171
42 166 48 172
72 166 78 172
55 167 61 173
74 167 80 173
137 167 143 173
183 167 189 173
25 168 31 174
129 168 135 174
12 169 18 175
49 169 55 175
68 169 74 175
193 169 199 175
195 169 201 175
20 170 26 176
131 170 137 176
-3 171 3 177
166 171 172 177
162 172 168 178
110 173 116 179
132 173 138 179
164 173 170 179
36 174 42 180
76 174 82 180
90 174 96 180
117 174 123 180
151 174 157 180
181 174 187 180
17 175 23 181
79 175 85 181
144 175 150 181
33 176 39 182
101 176 107 182
135 176 141 182
138 176 144 182
43 177 49 183
126 177 132 183
126 178 132 184
-2 179 4 185
109 179 115 185
115 179 121 185
147 179 153 185
7 180 13 186
29 180 35 186
62 181 68 187
92 181 98 187
183 181 189 187
74 182 80 188
177 182 183 188
33 183 39 189
47 183 53 189
103 183 109 189
126 183 132 189
140 183 146 189
169 183 175 189
24 184 30 190
54 184 60 190
77 184 83 190
88 184 94 190
124 184 130 190
165 184 171 190
49 185 55 191
154 185 160 191
57 186 63 192
144 186 150 192
160 186 166 192
130 187 136 193
155 187 161 193
27 188 33 194
69 188 75 194
101 188 107 194
121 188 127 194
173 188 179 194
11 189 17 195
21 189 27 195
86 189 92 195
111 189 117 195
141 189 147 195
190 189 196 195
60 190 66 196
142 190 148 196
116 191 122 197
22 192 28 198
63 192 69 198
86 192 92 198
133 192 139 198
9 193 15 199
66 193 72 199
82 193 88 199
88 193 94 199
160 193 166 199
10 194 16 200
81 194 87 200
121 194 127 200
158 194 164 200
161 194 167 200
155 195 161 201
173 195 179 201
33 196 39 202
48 196 54 202
96 196 102 202
