226
-3 -2 3 4
85 -2 91 4
166 -2 172 4
46 -1 52 5
115 -1 121 5
125 -1 131 5
0 0 6 6
31 1 37 7
71 2 77 8
61 3 67 9
0 4 6 10
81 4 87 10
12 5 18 11
21 5 27 11
139 5 145 11
17 6 23 12
97 7 103 13
60 8 66 14
44 10 50 16
34 11 40 17
82 12 88 18
8 13 14 19
31 13 37 19
37 13 43 19
139 13 145 19
25 14 31 20
93 14 99 20
75 15 81 21
87 16 93 22
120 16 126 22
129 16 135 22
11 17 17 23
72 19 78 25
131 20 137 26
159 20 165 26
4 21 10 27
50 21 56 27
145 23 151 29
8 24 14 30
176 26 182 32
20 27 26 33
75 27 81 33
179 28 185 34
170 30 176 36
16 31 22 37
131 33 137 39
124 35 130 41
6 36 12 42
188 36 194 42
97 38 103 44
148 38 154 44
146 39 152 45
104 40 110 46
185 41 191 47
33 42 39 48
5 43 11 49
38 43 44 49
108 45 114 51
193 45 199 51
66 46 72 52
145 46 151 52
87 47 93 53
177 47 183 53
188 47 194 53
158 48 164 54
187 48 193 54
121 49 127 55
128 50 134 56
148 50 154 56
87 51 93 57
99 51 105 57
91 52 97 58
-2 53 4 59
40 53 46 59
147 54 153 60
42 55 48 61
48 55 54 61
158 56 164 62
179 56 185 62
184 59 190 65
153 62 159 68
166 63 172 69
78 64 84 70
20 65 26 71
80 65 86 71
53 66 59 72
109 66 115 72
162 67 168 73
185 67 191 73
36 70 42 76
129 72 135 78
186 73 192 79
18 75 24 81
148 77 154 83
15 79 21 85
0 80 6 86
164 80 170 86
38 82 44 88
52 82 58 88
10 83 16 89
87 83 93 89
69 84 75 90
93 84 99 90
147 84 153 90
182 84 188 90
121 85 127 91
130 85 136 91
27 86 33 92
84 86 90 92
164 86 170 92
41 87 47 93
51 87 57 93
158 87 164 93
100 89 106 95
174 89 180 95
81 90 87 96
180 90 186 96
111 91 117 97
130 91 136 97
73 93 79 99
10 94 16 100
40 94 46 100
31 95 37 101
6 97 12 103
195 97 201 103
32 99 38 105
137 99 143 105
109 101 115 107
140 102 146 108
6 103 12 109
155 104 161 110
13 106 19 112
89 107 95 113
33 108 39 114
45 108 51 114
193 108 199 114
119 109 125 115
174 111 180 117
182 111 188 117
43 113 49 119
152 114 158 120
46 117 52 123
66 117 72 123
159 117 165 123
77 119 83 125
91 120 97 126
145 120 151 126
7 123 13 129
29 123 35 129
171 123 177 129
167 124 173 130
3 126 9 132
62 127 68 133
184 128 190 134
104 129 110 135
163 129 169 135
189 130 195 136
76 131 82 137
58 132 64 138
115 133 121 139
153 133 159 139
97 135 103 141
117 135 123 141
183 136 189 142
169 137 175 143
35 139 41 145
76 139 82 145
7 140 13 146
30 140 36 146
50 140 56 146
186 140 192 146
37 142 43 148
52 142 58 148
98 142 104 148
0 143 6 149
165 143 171 149
162 145 168 151
156 146 162 152
90 151 96 157
66 154 72 160
143 154 149 160
37 157 43 163
124 158 130 164
153 158 159 164
119 159 125 165
187 159 193 165
67 160 73 166
112 160 118 166
35 161 41 167
139 161 145 167
41 162 47 168
57 162 63 168
178 162 184 168
60 163 66 169
131 163 137 169
142 163 148 169
4 164 10 170
68 164 74 170
89 165 95 171
168 165 174 171
67 168 73 174
22 173 28 179
67 173 73 179
173 174 179 180
25 175 31 181
115 175 121 181
120 176 126 182
113 178 119 184
142 179 148 185
27 180 33 186
170 180 176 186
48 181 54 187
196 182 202 188
115 184 121 190
44 185 50 191
77 185 83 191
127 186 133 192
51 188 57 194
50 189 56 195
76 190 82 196
60 192 66 198
45 193 51 199
133 193 139 199
22 194 28 200
28 194 34 200
106 194 112 200
