516
-3 -2 3 4
77 -2 83 4
90 -2 96 4
134 -2 140 4
166 -2 172 4
188 -2 194 4
46 -1 52 5
88 -1 94 5
92 -1 98 5
110 -1 116 5
115 -1 121 5
125 -1 131 5
0 0 6 6
138 0 144 6
10 1 16 7
31 1 37 7
179 1 185 7
71 2 77 8
107 2 113 8
185 2 191 8
61 3 67 9
4 4 10 10
80 4 86 10
154 4 160 10
22 5 28 11
139 5 145 11
12 6 18 12
17 6 23 12
54 6 60 12
56 6 62 12
152 7 158 13
52 8 58 14
60 8 66 14
97 8 103 14
42 10 48 16
55 10 61 16
34 11 40 17
26 12 32 18
82 12 88 18
8 13 14 19
27 13 33 19
39 13 45 19
69 13 75 19
139 13 145 19
161 13 167 19
24 14 30 20
92 14 98 20
2 15 8 21
17 15 23 21
65 15 71 21
78 15 84 21
32 16 38 22
114 16 120 22
120 16 126 22
129 16 135 22
11 17 17 23
30 18 36 24
81 18 87 24
72 19 78 25
88 19 94 25
102 19 108 25
151 19 157 25
17 20 23 26
47 20 53 26
98 20 104 26
122 20 128 26
131 20 137 26
159 20 165 26
4 21 10 27
11 21 17 27
80 21 86 27
172 21 178 27
184 21 190 27
10 23 16 29
145 23 151 29
170 23 176 29
88 24 94 30
121 24 127 30
126 24 132 30
124 25 130 31
130 25 136 31
74 26 80 32
8 27 14 33
20 27 26 33
50 27 56 33
52 28 58 34
79 28 85 34
124 28 130 34
7 29 13 35
64 29 70 35
13 30 19 36
33 30 39 36
170 30 176 36
8 31 14 37
52 31 58 37
178 31 184 37
16 32 22 38
132 33 138 39
49 34 55 40
71 34 77 40
72 34 78 40
83 34 89 40
124 34 130 40
101 35 107 41
69 36 75 42
152 36 158 42
189 36 195 42
177 37 183 43
71 38 77 44
97 38 103 44
148 38 154 44
144 39 150 45
172 39 178 45
179 39 185 45
104 40 110 46
138 41 144 47
185 41 191 47
33 42 39 48
4 43 10 49
26 43 32 49
39 43 45 49
67 43 73 49
162 43 168 49
27 44 33 50
139 44 145 50
170 44 176 50
45 45 51 51
171 45 177 51
173 45 179 51
193 45 199 51
65 46 71 52
145 46 151 52
152 46 158 52
160 46 166 52
188 46 194 52
87 47 93 53
162 47 168 53
177 47 183 53
151 48 157 54
156 48 162 54
120 49 126 55
186 49 192 55
9 50 15 56
59 50 65 56
129 50 135 56
148 50 154 56
67 51 73 57
73 51 79 57
76 52 82 58
86 52 92 58
91 52 97 58
99 52 105 58
-2 53 4 59
40 53 46 59
11 54 17 60
59 54 65 60
147 54 153 60
187 54 193 60
4 55 10 61
42 55 48 61
155 55 161 61
48 56 54 62
104 56 110 62
152 56 158 62
158 56 164 62
72 57 78 63
75 57 81 63
105 57 111 63
153 57 159 63
188 57 194 63
94 58 100 64
96 59 102 65
168 59 174 65
185 59 191 65
10 60 16 66
166 61 172 67
55 63 61 69
20 64 26 70
77 64 83 70
153 64 159 70
123 65 129 71
169 65 175 71
81 66 87 72
109 66 115 72
127 66 133 72
50 67 56 73
36 69 42 75
74 69 80 75
59 70 65 76
191 70 197 76
92 71 98 77
171 71 177 77
128 72 134 78
6 73 12 79
45 73 51 79
62 73 68 79
95 73 101 79
153 73 159 79
170 73 176 79
47 74 53 80
89 74 95 80
107 74 113 80
150 74 156 80
94 75 100 81
6 76 12 82
41 76 47 82
8 77 14 83
148 77 154 83
15 78 21 84
27 79 33 85
30 79 36 85
109 79 115 85
119 79 125 85
122 79 128 85
0 80 6 86
164 80 170 86
23 81 29 87
112 81 118 87
135 81 141 87
38 82 44 88
191 82 197 88
196 82 202 88
10 83 16 89
87 83 93 89
162 83 168 89
19 84 25 90
69 84 75 90
94 84 100 90
121 84 127 90
147 84 153 90
182 84 188 90
8 85 14 91
130 85 136 91
136 85 142 91
7 86 13 92
27 86 33 92
84 86 90 92
105 86 111 92
164 86 170 92
195 86 201 92
41 87 47 93
59 87 65 93
89 87 95 93
190 87 196 93
118 88 124 94
158 88 164 94
186 88 192 94
51 89 57 95
91 89 97 95
100 89 106 95
163 89 169 95
81 90 87 96
108 90 114 96
120 90 126 96
180 90 186 96
111 91 117 97
129 91 135 97
86 92 92 98
165 92 171 98
135 93 141 99
40 94 46 100
107 94 113 100
133 94 139 100
29 95 35 101
73 95 79 101
84 95 90 101
124 95 130 101
18 97 24 103
110 97 116 103
179 97 185 103
195 97 201 103
111 98 117 104
137 98 143 104
32 99 38 105
180 99 186 105
161 100 167 106
-3 101 3 107
69 101 75 107
92 101 98 107
176 101 182 107
109 102 115 108
140 102 146 108
162 102 168 108
173 102 179 108
-2 103 4 109
45 103 51 109
64 103 70 109
166 103 172 109
170 103 176 109
6 104 12 110
65 104 71 110
155 104 161 110
93 105 99 111
14 106 20 112
133 106 139 112
135 107 141 113
33 108 39 114
45 108 51 114
107 108 113 114
130 108 136 114
194 108 200 114
48 109 54 115
54 109 60 115
59 109 65 115
119 109 125 115
105 110 111 116
173 111 179 117
182 111 188 117
128 112 134 118
148 112 154 118
43 113 49 119
19 115 25 121
58 115 64 121
149 115 155 121
164 115 170 121
46 117 52 123
66 117 72 123
85 117 91 123
158 117 164 123
82 118 88 124
13 119 19 125
76 119 82 125
92 120 98 126
119 120 125 126
185 120 191 126
11 121 17 127
151 121 157 127
187 121 193 127
21 122 27 128
157 122 163 128
171 122 177 128
7 123 13 129
29 123 35 129
117 123 123 129
158 123 164 129
24 124 30 130
153 124 159 130
167 124 173 130
101 125 107 131
131 125 137 131
144 125 150 131
3 126 9 132
147 126 153 132
62 127 68 133
184 128 190 134
69 129 75 135
115 129 121 135
128 129 134 135
160 129 166 135
190 130 196 136
78 131 84 137
131 131 137 137
45 132 51 138
147 132 153 138
161 133 167 139
97 134 103 140
133 134 139 140
145 134 151 140
117 135 123 141
3 136 9 142
139 137 145 143
169 137 175 143
188 137 194 143
5 138 11 144
35 138 41 144
172 138 178 144
75 139 81 145
140 139 146 145
171 139 177 145
24 141 30 147
176 141 182 147
26 142 32 148
42 142 48 148
78 142 84 148
0 143 6 149
37 143 43 149
167 143 173 149
177 144 183 150
61 145 67 151
111 145 117 151
114 145 120 151
121 145 127 151
162 145 168 151
156 146 162 152
173 147 179 153
18 148 24 154
133 148 139 154
145 148 151 154
158 148 164 154
161 148 167 154
171 148 177 154
39 149 45 155
43 149 49 155
139 149 145 155
44 150 50 156
25 151 31 157
90 151 96 157
20 152 26 158
24 152 30 158
101 152 107 158
38 153 44 159
46 154 52 160
67 154 73 160
81 154 87 160
144 154 150 160
45 155 51 161
83 156 89 162
166 156 172 162
37 157 43 163
89 158 95 164
103 158 109 164
124 158 130 164
52 159 58 165
87 159 93 165
153 159 159 165
187 159 193 165
66 160 72 166
139 160 145 166
166 160 172 166
-2 161 4 167
34 161 40 167
104 161 110 167
164 161 170 167
41 162 47 168
52 162 58 168
55 162 61 168
178 162 184 168
193 162 199 168
92 163 98 169
131 163 137 169
143 163 149 169
4 164 10 170
69 164 75 170
101 164 107 170
118 164 124 170
158 164 164 170
168 164 174 170
20 165 26 171
114 165 120 171
16 166 22 172
87 166 93 172
28 167 34 173
92 167 98 173
34 168 40 174
67 168 73 174
104 168 110 174
181 168 187 174
18 169 24 175
45 169 51 175
90 169 96 175
184 169 190 175
144 170 150 176
12 171 18 177
36 171 42 177
10 172 16 178
44 172 50 178
139 172 145 178
67 173 73 179
70 173 76 179
102 173 108 179
8 174 14 180
162 174 168 180
173 174 179 180
27 175 33 181
71 175 77 181
153 175 159 181
166 175 172 181
120 176 126 182
188 176 194 182
84 177 90 183
179 177 185 183
131 178 137 184
26 180 32 186
90 180 96 186
130 180 136 186
170 180 176 186
178 180 184 186
185 180 191 186
189 180 195 186
48 181 54 187
155 181 161 187
5 182 11 188
153 182 159 188
196 183 202 189
116 184 122 190
78 185 84 191
134 185 140 191
178 186 184 192
44 187 50 193
54 187 60 193
57 187 63 193
84 187 90 193
112 187 118 193
137 187 143 193
3 188 9 194
52 188 58 194
49 189 55 195
83 189 89 195
102 189 108 195
73 190 79 196
66 191 72 197
0 192 6 198
60 192 66 198
71 192 77 198
100 192 106 198
120 192 126 198
125 192 131 198
45 193 51 199
64 193 70 199
136 193 142 199
-3 194 3 200
22 194 28 200
28 194 34 200
106 194 112 200
190 194 196 200
77 195 83 201
