207
-3 -2 3 4
110 -2 116 4
166 -2 172 4
46 -1 52 5
85 -1 91 5
125 -1 131 5
31 1 37 7
180 1 186 7
61 3 67 9
81 4 87 10
20 5 26 11
139 5 145 11
17 6 23 12
60 8 66 14
44 10 50 16
82 12 88 18
9 13 15 19
31 13 37 19
36 13 42 19
139 13 145 19
26 14 32 20
93 14 99 20
75 16 81 22
87 16 93 22
114 16 120 22
120 16 126 22
129 16 135 22
11 17 17 23
72 19 78 25
131 19 137 25
48 20 54 26
4 22 10 28
8 23 14 29
145 23 151 29
176 26 182 32
20 27 26 33
76 28 82 34
77 28 83 34
179 28 185 34
131 33 137 39
83 34 89 40
124 35 130 41
6 36 12 42
150 36 156 42
188 36 194 42
97 38 103 44
172 39 178 45
104 40 110 46
185 41 191 47
33 42 39 48
38 43 44 49
108 45 114 51
173 45 179 51
193 45 199 51
66 46 72 52
145 46 151 52
177 47 183 53
158 48 164 54
122 49 128 55
148 50 154 56
91 52 97 58
-2 53 4 59
40 53 46 59
147 54 153 60
42 55 48 61
48 55 54 61
70 55 76 61
158 56 164 62
179 56 185 62
184 59 190 65
153 62 159 68
166 63 172 69
20 65 26 71
169 65 175 71
109 66 115 72
162 67 168 73
185 67 191 73
36 70 42 76
191 70 197 76
185 73 191 79
107 74 113 80
18 75 24 81
148 77 154 83
15 79 21 85
0 80 6 86
164 80 170 86
39 82 45 88
10 83 16 89
52 83 58 89
87 83 93 89
69 84 75 90
93 84 99 90
147 84 153 90
182 84 188 90
121 85 127 91
130 85 136 91
27 86 33 92
51 86 57 92
84 86 90 92
41 87 47 93
105 87 111 93
158 87 164 93
100 89 106 95
174 89 180 95
81 90 87 96
109 90 115 96
180 90 186 96
111 91 117 97
130 91 136 97
73 93 79 99
123 93 129 99
184 93 190 99
10 94 16 100
40 94 46 100
6 97 12 103
107 97 113 103
195 97 201 103
32 99 38 105
140 101 146 107
-2 102 4 108
6 103 12 109
45 103 51 109
155 104 161 110
13 106 19 112
89 107 95 113
33 108 39 114
45 108 51 114
193 108 199 114
119 109 125 115
174 111 180 117
182 111 188 117
43 113 49 119
152 114 158 120
46 117 52 123
66 117 72 123
160 117 166 123
77 119 83 125
91 120 97 126
7 123 13 129
29 123 35 129
171 123 177 129
167 124 173 130
152 125 158 131
3 126 9 132
102 126 108 132
62 127 68 133
104 128 110 134
115 128 121 134
184 128 190 134
72 129 78 135
189 130 195 136
75 131 81 137
58 132 64 138
39 133 45 139
117 135 123 141
183 136 189 142
169 137 175 143
35 139 41 145
76 139 82 145
7 140 13 146
30 140 36 146
37 142 43 148
41 142 47 148
52 142 58 148
98 142 104 148
0 143 6 149
165 143 171 149
162 145 168 151
156 146 162 152
90 151 96 157
143 154 149 160
153 157 159 163
165 157 171 163
124 158 130 164
119 159 125 165
186 159 192 165
35 161 41 167
67 161 73 167
140 161 146 167
41 162 47 168
58 162 64 168
178 162 184 168
59 163 65 169
131 163 137 169
142 163 148 169
4 164 10 170
68 164 74 170
161 164 167 170
67 168 73 174
144 169 150 175
22 173 28 179
67 173 73 179
173 174 179 180
25 175 31 181
115 175 121 181
120 176 126 182
113 178 119 184
27 180 33 186
170 180 176 186
48 181 54 187
196 182 202 188
115 184 121 190
127 186 133 192
76 189 82 195
60 192 66 198
133 193 139 199
22 194 28 200
