170
-3 -2 3 4
110 -2 116 4
166 -2 172 4
46 -1 52 5
85 -1 91 5
115 -1 121 5
125 -1 131 5
31 1 37 7
180 1 186 7
71 2 77 8
61 3 67 9
82 4 88 10
12 5 18 11
139 5 145 11
97 7 103 13
60 8 66 14
45 10 51 16
82 12 88 18
29 13 35 19
139 13 145 19
28 14 34 20
93 14 99 20
87 16 93 22
115 16 121 22
119 16 125 22
11 17 17 23
129 17 135 23
131 19 137 25
145 23 151 29
20 27 26 33
170 30 176 36
16 31 22 37
83 34 89 40
124 35 130 41
188 36 194 42
97 38 103 44
172 39 178 45
104 40 110 46
185 41 191 47
5 43 11 49
108 45 114 51
173 45 179 51
193 45 199 51
66 46 72 52
145 46 151 52
177 47 183 53
159 48 165 54
126 50 132 56
148 50 154 56
98 51 104 57
92 52 98 58
-2 53 4 59
147 54 153 60
48 55 54 61
70 55 76 61
158 56 164 62
179 56 185 62
184 59 190 65
153 61 159 67
20 65 26 71
162 67 168 73
185 68 191 74
36 70 42 76
191 70 197 76
129 72 135 78
185 73 191 79
18 75 24 81
148 77 154 83
15 79 21 85
164 79 170 85
0 80 6 86
39 82 45 88
10 83 16 89
69 84 75 90
87 84 93 90
93 84 99 90
147 84 153 90
182 84 188 90
121 85 127 91
130 85 136 91
27 86 33 92
84 86 90 92
41 87 47 93
105 87 111 93
158 87 164 93
100 89 106 95
174 89 180 95
81 90 87 96
180 90 186 96
130 91 136 97
73 92 79 98
184 93 190 99
40 94 46 100
31 96 37 102
6 97 12 103
195 97 201 103
32 99 38 105
-2 102 4 108
6 103 12 109
45 103 51 109
155 105 161 111
12 106 18 112
89 107 95 113
33 108 39 114
45 108 51 114
193 108 199 114
119 109 125 115
175 111 181 117
182 111 188 117
44 113 50 119
152 114 158 120
46 116 52 122
66 117 72 123
91 120 97 126
145 120 151 126
7 123 13 129
29 123 35 129
170 123 176 129
152 125 158 131
3 126 9 132
62 127 68 133
115 128 121 134
184 128 190 134
164 129 170 135
189 130 195 136
58 131 64 137
46 132 52 138
183 136 189 142
76 139 82 145
186 139 192 145
7 140 13 146
30 140 36 146
35 140 41 146
52 142 58 148
156 146 162 152
101 152 107 158
66 154 72 160
144 154 150 160
153 157 159 163
165 157 171 163
37 158 43 164
124 158 130 164
119 159 125 165
186 159 192 165
36 160 42 166
41 162 47 168
178 162 184 168
131 163 137 169
4 164 10 170
162 164 168 170
168 165 174 171
67 168 73 174
144 169 150 175
67 173 73 179
173 174 179 180
115 176 121 182
120 176 126 182
113 178 119 184
142 179 148 185
27 180 33 186
170 180 176 186
48 181 54 187
196 182 202 188
115 183 121 189
127 186 133 192
60 192 66 198
45 193 51 199
132 193 138 199
22 194 28 200
106 194 112 200
