457
-3 -2 3 4
85 -2 91 4
90 -2 96 4
135 -2 141 4
166 -2 172 4
46 -1 52 5
88 -1 94 5
92 -1 98 5
110 -1 116 5
115 -1 121 5
125 -1 131 5
0 0 6 6
103 0 109 6
138 0 144 6
182 0 188 6
31 1 37 7
93 1 99 7
179 1 185 7
71 2 77 8
107 2 113 8
11 3 17 9
61 3 67 9
0 4 6 10
154 4 160 10
12 5 18 11
139 5 145 11
17 6 23 12
107 7 113 13
152 7 158 13
53 8 59 14
60 8 66 14
97 8 103 14
42 10 48 16
55 10 61 16
106 10 112 16
34 11 40 17
82 12 88 18
8 13 14 19
31 13 37 19
38 13 44 19
69 13 75 19
139 13 145 19
160 13 166 19
24 14 30 20
92 14 98 20
2 15 8 21
65 15 71 21
78 15 84 21
151 15 157 21
0 16 6 22
17 16 23 22
32 16 38 22
86 16 92 22
114 16 120 22
120 16 126 22
129 16 135 22
11 17 17 23
30 17 36 23
81 18 87 24
72 19 78 25
88 19 94 25
102 19 108 25
151 19 157 25
17 20 23 26
80 20 86 26
98 20 104 26
159 20 165 26
4 21 10 27
50 21 56 27
11 22 17 28
172 22 178 28
10 23 16 29
130 23 136 29
145 23 151 29
170 23 176 29
8 24 14 30
87 24 93 30
126 24 132 30
124 25 130 31
130 25 136 31
74 26 80 32
175 26 181 32
8 27 14 33
20 27 26 33
50 27 56 33
129 27 135 33
52 28 58 34
124 28 130 34
181 28 187 34
7 29 13 35
64 29 70 35
75 29 81 35
13 30 19 36
27 30 33 36
33 30 39 36
60 30 66 36
170 30 176 36
8 31 14 37
16 31 22 37
52 31 58 37
76 32 82 38
132 33 138 39
49 34 55 40
83 34 89 40
7 36 13 42
70 36 76 42
152 36 158 42
71 37 77 43
97 38 103 44
148 38 154 44
177 38 183 44
144 39 150 45
172 39 178 45
179 39 185 45
104 40 110 46
139 41 145 47
185 41 191 47
4 43 10 49
39 43 45 49
67 43 73 49
162 43 168 49
139 44 145 50
70 45 76 51
109 45 115 51
173 45 179 51
193 45 199 51
65 46 71 52
145 46 151 52
188 46 194 52
87 47 93 53
152 47 158 53
177 47 183 53
151 48 157 54
156 48 162 54
121 49 127 55
9 50 15 56
128 50 134 56
148 50 154 56
67 51 73 57
70 52 76 58
76 52 82 58
86 52 92 58
91 52 97 58
99 52 105 58
-2 53 4 59
40 53 46 59
59 53 65 59
11 54 17 60
147 54 153 60
153 54 159 60
4 55 10 61
42 55 48 61
155 55 161 61
187 55 193 61
8 56 14 62
48 56 54 62
69 56 75 62
158 56 164 62
178 56 184 62
188 56 194 62
94 58 100 64
166 58 172 64
96 59 102 65
185 59 191 65
166 61 172 67
20 64 26 70
55 64 61 70
77 64 83 70
153 64 159 70
170 65 176 71
81 66 87 72
109 66 115 72
123 66 129 72
127 66 133 72
50 67 56 73
162 67 168 73
184 67 190 73
59 70 65 76
191 70 197 76
92 71 98 77
170 71 176 77
128 72 134 78
6 73 12 79
62 73 68 79
152 73 158 79
186 73 192 79
9 74 15 80
89 74 95 80
107 74 113 80
150 74 156 80
18 75 24 81
6 76 12 82
148 77 154 83
44 78 50 84
191 78 197 84
15 79 21 85
29 79 35 85
0 80 6 86
164 80 170 86
23 81 29 87
52 81 58 87
112 81 118 87
135 82 141 88
191 82 197 88
10 83 16 89
196 83 202 89
19 84 25 90
69 84 75 90
93 84 99 90
121 84 127 90
147 84 153 90
182 84 188 90
130 85 136 91
136 85 142 91
84 86 90 92
164 86 170 92
89 87 95 93
158 87 164 93
190 87 196 93
118 88 124 94
186 88 192 94
51 89 57 95
91 89 97 95
100 89 106 95
163 89 169 95
174 89 180 95
81 90 87 96
108 90 114 96
120 90 126 96
180 90 186 96
111 91 117 97
129 91 135 97
86 92 92 98
165 92 171 98
184 93 190 99
10 94 16 100
40 94 46 100
73 94 79 100
107 94 113 100
124 94 130 100
135 94 141 100
30 95 36 101
6 97 12 103
179 97 185 103
195 97 201 103
18 98 24 104
137 98 143 104
32 99 38 105
180 99 186 105
17 100 23 106
196 100 202 106
69 101 75 107
175 101 181 107
140 102 146 108
173 102 179 108
-2 103 4 109
45 103 51 109
166 103 172 109
170 103 176 109
6 104 12 110
93 104 99 110
155 104 161 110
134 106 140 112
89 107 95 113
135 107 141 113
33 108 39 114
107 108 113 114
130 108 136 114
194 108 200 114
48 109 54 115
53 109 59 115
119 109 125 115
59 110 65 116
20 111 26 117
173 111 179 117
182 111 188 117
128 112 134 118
43 113 49 119
148 113 154 119
19 114 25 120
58 114 64 120
149 114 155 120
46 117 52 123
66 117 72 123
85 117 91 123
158 117 164 123
82 118 88 124
12 119 18 125
76 119 82 125
91 120 97 126
119 120 125 126
145 120 151 126
185 120 191 126
11 121 17 127
187 121 193 127
7 123 13 129
24 123 30 129
29 123 35 129
117 123 123 129
101 125 107 131
131 125 137 131
144 125 150 131
129 126 135 132
147 126 153 132
62 127 68 133
141 127 147 133
184 128 190 134
69 129 75 135
106 129 112 135
160 129 166 135
78 131 84 137
127 131 133 137
131 131 137 137
139 131 145 137
147 132 153 138
39 133 45 139
59 134 65 140
97 134 103 140
133 134 139 140
117 135 123 141
183 135 189 141
187 135 193 141
3 136 9 142
169 137 175 143
188 137 194 143
5 138 11 144
35 138 41 144
7 140 13 146
30 140 36 146
50 140 56 146
25 141 31 147
176 141 182 147
26 142 32 148
42 142 48 148
64 142 70 148
78 142 84 148
98 142 104 148
0 143 6 149
37 143 43 149
80 143 86 149
177 144 183 150
61 145 67 151
121 145 127 151
131 145 137 151
118 147 124 153
173 147 179 153
18 148 24 154
133 148 139 154
145 148 151 154
158 148 164 154
161 148 167 154
172 148 178 154
140 149 146 155
90 151 96 157
20 152 26 158
101 152 107 158
38 153 44 159
67 154 73 160
81 154 87 160
143 154 149 160
83 156 89 162
37 157 43 163
166 157 172 163
88 158 94 164
103 158 109 164
124 158 130 164
87 159 93 165
111 159 117 165
119 159 125 165
153 159 159 165
187 159 193 165
104 160 110 166
139 160 145 166
-2 161 4 167
164 161 170 167
41 162 47 168
55 162 61 168
178 162 184 168
194 162 200 168
61 163 67 169
92 163 98 169
131 163 137 169
143 163 149 169
4 164 10 170
69 164 75 170
117 164 123 170
158 164 164 170
168 164 174 170
20 165 26 171
101 165 107 171
114 165 120 171
16 166 22 172
34 168 40 174
67 168 73 174
92 168 98 174
104 168 110 174
181 168 187 174
18 169 24 175
45 169 51 175
90 169 96 175
184 169 190 175
36 170 42 176
144 170 150 176
12 171 18 177
44 171 50 177
10 172 16 178
21 172 27 178
102 172 108 178
103 172 109 178
8 173 14 179
67 173 73 179
70 173 76 179
139 173 145 179
71 174 77 180
140 174 146 180
162 174 168 180
173 174 179 180
27 175 33 181
165 175 171 181
120 176 126 182
188 176 194 182
84 177 90 183
185 177 191 183
111 178 117 184
178 180 184 186
185 180 191 186
189 180 195 186
3 181 9 187
4 182 10 188
196 183 202 189
116 184 122 190
78 185 84 191
134 185 140 191
5 186 11 192
127 186 133 192
177 186 183 192
44 187 50 193
137 187 143 193
175 187 181 193
52 188 58 194
49 189 55 195
76 190 82 196
66 191 72 197
0 192 6 198
60 192 66 198
64 192 70 198
71 192 77 198
101 192 107 198
121 192 127 198
125 192 131 198
45 193 51 199
133 193 139 199
-3 194 3 200
22 194 28 200
28 194 34 200
106 194 112 200
190 194 196 200
