908
5 -3 11 3
22 -3 28 3
34 -3 40 3
95 -3 101 3
146 -3 152 3
177 -3 183 3
-3 -2 3 4
85 -2 91 4
90 -2 96 4
134 -2 140 4
149 -2 155 4
167 -2 173 4
34 -1 40 5
46 -1 52 5
92 -1 98 5
110 -1 116 5
115 -1 121 5
126 -1 132 5
88 0 94 6
93 0 99 6
103 0 109 6
138 0 144 6
182 0 188 6
0 1 6 7
10 1 16 7
179 1 185 7
31 2 37 8
40 2 46 8
71 2 77 8
108 2 114 8
185 2 191 8
4 3 10 9
11 3 17 9
145 3 151 9
178 3 184 9
22 4 28 10
61 4 67 10
78 4 84 10
83 4 89 10
154 4 160 10
0 5 6 11
40 5 46 11
46 5 52 11
81 5 87 11
95 5 101 11
6 6 12 12
12 6 18 12
45 6 51 12
57 6 63 12
67 6 73 12
96 6 102 12
138 6 144 12
145 6 151 12
182 6 188 12
17 7 23 13
74 7 80 13
180 7 186 13
50 8 56 14
60 8 66 14
130 8 136 14
136 8 142 14
190 8 196 14
194 8 200 14
29 9 35 15
30 9 36 15
55 9 61 15
85 9 91 15
130 9 136 15
26 10 32 16
77 10 83 16
106 10 112 16
159 10 165 16
14 11 20 17
42 11 48 17
88 11 94 17
90 11 96 17
96 11 102 17
49 12 55 18
77 12 83 18
82 12 88 18
7 13 13 19
27 13 33 19
31 13 37 19
39 13 45 19
139 13 145 19
146 13 152 19
193 13 199 19
2 14 8 20
17 14 23 20
25 14 31 20
48 14 54 20
91 14 97 20
161 14 167 20
173 14 179 20
192 14 198 20
152 15 158 21
156 15 162 21
-1 16 5 22
32 16 38 22
86 16 92 22
114 16 120 22
129 16 135 22
172 16 178 22
176 16 182 22
61 17 67 23
64 17 70 23
96 17 102 23
154 17 160 23
11 18 17 24
33 18 39 24
81 18 87 24
92 18 98 24
30 19 36 25
33 19 39 25
72 19 78 25
90 19 96 25
176 19 182 25
183 19 189 25
17 20 23 26
47 20 53 26
122 20 128 26
128 20 134 26
131 20 137 26
151 20 157 26
4 21 10 27
12 21 18 27
26 21 32 27
27 21 33 27
28 21 34 27
80 21 86 27
98 21 104 27
112 21 118 27
126 21 132 27
173 21 179 27
0 22 6 28
1 22 7 28
50 22 56 28
114 22 120 28
130 22 136 28
10 23 16 29
145 23 151 29
7 24 13 30
28 24 34 30
68 24 74 30
69 24 75 30
88 24 94 30
126 24 132 30
169 24 175 30
124 25 130 31
130 25 136 31
175 25 181 31
162 26 168 32
8 27 14 33
17 27 23 33
29 27 35 33
50 27 56 33
116 27 122 33
120 27 126 33
155 27 161 33
16 28 22 34
52 28 58 34
79 28 85 34
108 28 114 34
119 28 125 34
124 28 130 34
7 29 13 35
65 29 71 35
108 29 114 35
129 29 135 35
161 29 167 35
13 30 19 36
27 30 33 36
33 30 39 36
60 30 66 36
179 30 185 36
8 31 14 37
52 31 58 37
170 31 176 37
176 31 182 37
0 32 6 38
2 32 8 38
16 32 22 38
180 32 186 38
41 33 47 39
43 33 49 39
76 33 82 39
132 33 138 39
48 34 54 40
70 34 76 40
73 34 79 40
83 34 89 40
92 34 98 40
102 34 108 40
124 34 130 40
152 34 158 40
14 35 20 41
181 35 187 41
7 36 13 42
12 36 18 42
44 36 50 42
69 36 75 42
99 36 105 42
152 36 158 42
190 36 196 42
42 37 48 43
55 37 61 43
91 37 97 43
152 37 158 43
15 38 21 44
57 38 63 44
71 38 77 44
97 38 103 44
148 38 154 44
0 39 6 45
21 39 27 45
144 39 150 45
172 39 178 45
179 39 185 45
16 40 22 46
19 40 25 46
45 40 51 46
60 40 66 46
137 41 143 47
185 41 191 47
33 42 39 48
60 42 66 48
67 42 73 48
157 42 163 48
25 43 31 49
155 43 161 49
162 43 168 49
170 43 176 49
27 44 33 50
39 44 45 50
94 44 100 50
140 44 146 50
45 45 51 51
187 45 193 51
193 45 199 51
145 46 151 52
152 46 158 52
160 46 166 52
4 47 10 53
87 47 93 53
124 47 130 53
171 47 177 53
183 47 189 53
185 47 191 53
67 48 73 54
75 48 81 54
76 48 82 54
156 48 162 54
162 48 168 54
195 48 201 54
51 49 57 55
53 49 59 55
59 49 65 55
66 49 72 55
120 49 126 55
125 49 131 55
141 49 147 55
151 49 157 55
177 49 183 55
129 50 135 56
194 50 200 56
73 51 79 57
40 52 46 58
70 52 76 58
76 52 82 58
86 52 92 58
91 52 97 58
177 52 183 58
-2 53 4 59
44 53 50 59
45 53 51 59
99 53 105 59
131 53 137 59
153 53 159 59
187 53 193 59
17 54 23 60
59 54 65 60
131 54 137 60
134 54 140 60
147 54 153 60
4 55 10 61
42 55 48 61
81 55 87 61
155 55 161 61
8 56 14 62
69 56 75 62
103 56 109 62
151 56 157 62
159 56 165 62
164 56 170 62
34 57 40 63
48 57 54 63
58 57 64 63
72 57 78 63
94 57 100 63
107 57 113 63
131 57 137 63
154 57 160 63
163 57 169 63
173 57 179 63
178 57 184 63
188 57 194 63
58 58 64 64
75 58 81 64
164 58 170 64
8 59 14 65
114 59 120 65
117 59 123 65
136 59 142 65
168 59 174 65
172 59 178 65
186 59 192 65
96 60 102 66
73 61 79 67
167 61 173 67
34 62 40 68
99 62 105 68
102 62 108 68
132 62 138 68
45 63 51 69
55 63 61 69
66 63 72 69
131 63 137 69
146 63 152 69
147 63 153 69
21 64 27 70
85 64 91 70
118 64 124 70
140 64 146 70
178 64 184 70
44 65 50 71
68 65 74 71
120 65 126 71
123 65 129 71
139 65 145 71
153 65 159 71
169 65 175 71
81 66 87 72
84 66 90 72
109 66 115 72
127 66 133 72
179 66 185 72
184 67 190 73
42 68 48 74
12 69 18 75
36 69 42 75
58 70 64 76
85 70 91 76
103 70 109 76
171 70 177 76
179 70 185 76
190 70 196 76
12 71 18 77
92 71 98 77
156 71 162 77
80 72 86 78
82 72 88 78
128 72 134 78
159 72 165 78
1 73 7 79
6 73 12 79
44 73 50 79
62 73 68 79
96 73 102 79
150 73 156 79
153 73 159 79
170 73 176 79
187 73 193 79
9 74 15 80
88 74 94 80
106 74 112 80
111 74 117 80
113 74 119 80
154 74 160 80
1 75 7 81
19 75 25 81
55 75 61 81
94 75 100 81
158 75 164 81
185 75 191 81
193 75 199 81
6 76 12 82
33 76 39 82
56 76 62 82
79 76 85 82
193 76 199 82
9 77 15 83
32 77 38 83
81 77 87 83
144 77 150 83
148 77 154 83
154 77 160 83
15 78 21 84
43 78 49 84
109 78 115 84
119 78 125 84
142 78 148 84
191 78 197 84
27 79 33 85
30 79 36 85
61 79 67 85
122 79 128 85
135 80 141 86
164 80 170 86
179 80 185 86
0 81 6 87
23 81 29 87
43 81 49 87
44 81 50 87
53 81 59 87
62 81 68 87
117 81 123 87
157 81 163 87
38 82 44 88
112 82 118 88
176 82 182 88
192 82 198 88
195 82 201 88
79 83 85 89
87 83 93 89
161 83 167 89
69 84 75 90
120 84 126 90
157 84 163 90
182 84 188 90
9 85 15 91
19 85 25 91
27 85 33 91
64 85 70 91
80 85 86 91
130 85 136 91
5 86 11 92
66 86 72 92
84 86 90 92
88 86 94 92
105 86 111 92
136 86 142 92
165 86 171 92
41 87 47 93
132 87 138 93
190 87 196 93
118 88 124 94
174 88 180 94
186 88 192 94
51 89 57 95
58 89 64 95
85 89 91 95
92 89 98 95
94 89 100 95
100 89 106 95
158 89 164 95
163 89 169 95
13 90 19 96
15 90 21 96
81 90 87 96
86 90 92 96
96 90 102 96
108 90 114 96
120 90 126 96
161 90 167 96
180 90 186 96
193 90 199 96
4 91 10 97
112 91 118 97
125 91 131 97
160 91 166 97
1 92 7 98
47 92 53 98
87 92 93 98
165 92 171 98
193 92 199 98
64 93 70 99
125 93 131 99
135 93 141 99
152 93 158 99
185 93 191 99
10 94 16 100
66 94 72 100
107 94 113 100
29 95 35 101
36 95 42 101
72 95 78 101
84 95 90 101
154 95 160 101
18 96 24 102
124 96 130 102
179 96 185 102
186 96 192 102
6 97 12 103
24 97 30 103
36 97 42 103
110 97 116 103
143 97 149 103
195 97 201 103
102 98 108 104
112 98 118 104
137 98 143 104
141 99 147 105
155 99 161 105
167 99 173 105
180 99 186 105
185 99 191 105
196 99 202 105
56 100 62 106
79 100 85 106
168 100 174 106
191 100 197 106
194 100 200 106
-2 101 4 107
17 101 23 107
78 101 84 107
119 101 125 107
109 102 115 108
140 102 146 108
173 102 179 108
45 103 51 109
68 103 74 109
100 103 106 109
121 103 127 109
166 103 172 109
170 103 176 109
179 103 185 109
192 103 198 109
194 103 200 109
-2 104 4 110
6 104 12 110
66 104 72 110
101 104 107 110
124 104 130 110
61 105 67 111
114 105 120 111
126 105 132 111
155 105 161 111
178 105 184 111
14 106 20 112
62 106 68 112
97 106 103 112
133 106 139 112
116 107 122 113
145 107 151 113
45 108 51 114
107 108 113 114
119 108 125 114
130 108 136 114
194 108 200 114
3 109 9 115
15 109 21 115
48 109 54 115
54 109 60 115
4 110 10 116
14 110 20 116
84 110 90 116
105 110 111 116
148 110 154 116
137 111 143 117
168 111 174 117
173 111 179 117
182 111 188 117
82 112 88 118
166 112 172 118
43 113 49 119
128 113 134 119
138 113 144 119
152 113 158 119
171 114 177 120
187 114 193 120
165 115 171 121
18 116 24 122
58 116 64 122
66 116 72 122
102 116 108 122
105 116 111 122
137 116 143 122
149 117 155 123
158 117 164 123
68 118 74 124
82 118 88 124
138 118 144 124
13 119 19 125
75 119 81 125
185 119 191 125
63 120 69 126
70 120 76 126
92 120 98 126
120 120 126 126
194 120 200 126
11 121 17 127
21 121 27 127
49 121 55 127
61 121 67 127
151 121 157 127
157 121 163 127
171 121 177 127
187 121 193 127
7 123 13 129
28 123 34 129
41 123 47 129
49 123 55 129
117 123 123 129
24 124 30 130
86 124 92 130
153 124 159 130
159 124 165 130
167 124 173 130
40 125 46 131
101 125 107 131
144 125 150 131
3 126 9 132
19 126 25 132
148 126 154 132
20 127 26 133
63 127 69 133
14 128 20 134
59 129 65 135
88 129 94 135
92 129 98 135
106 129 112 135
115 129 121 135
128 129 134 135
187 129 193 135
189 129 195 135
16 130 22 136
69 130 75 136
191 130 197 136
127 131 133 137
131 131 137 137
139 131 145 137
166 131 172 137
174 131 180 137
45 132 51 138
78 132 84 138
161 132 167 138
167 132 173 138
39 133 45 139
67 133 73 139
111 133 117 139
66 134 72 140
97 134 103 140
134 134 140 140
145 134 151 140
3 135 9 141
23 135 29 141
117 135 123 141
162 135 168 141
183 135 189 141
187 135 193 141
21 137 27 143
74 137 80 143
106 137 112 143
158 137 164 143
169 137 175 143
5 138 11 144
18 138 24 144
173 138 179 144
15 139 21 145
55 139 61 145
75 139 81 145
160 139 166 145
171 139 177 145
7 140 13 146
30 140 36 146
50 140 56 146
140 140 146 146
176 140 182 146
42 142 48 148
53 142 59 148
64 142 70 148
78 142 84 148
91 142 97 148
100 142 106 148
6 143 12 149
26 143 32 149
37 143 43 149
96 143 102 149
168 143 174 149
186 143 192 149
17 144 23 150
80 144 86 150
121 144 127 150
176 144 182 150
19 145 25 151
58 145 64 151
60 145 66 151
130 145 136 151
162 145 168 151
74 146 80 152
75 146 81 152
156 146 162 152
58 147 64 153
111 147 117 153
118 147 124 153
187 147 193 153
39 148 45 154
107 148 113 154
113 148 119 154
134 148 140 154
145 148 151 154
158 148 164 154
162 148 168 154
170 148 176 154
32 149 38 155
42 149 48 155
77 149 83 155
185 149 191 155
45 150 51 156
26 151 32 157
75 151 81 157
90 151 96 157
-2 152 4 158
20 152 26 158
122 152 128 158
32 153 38 159
81 153 87 159
120 153 126 159
-3 154 3 160
47 154 53 160
58 154 64 160
87 154 93 160
128 154 134 160
144 154 150 160
193 154 199 160
44 155 50 161
56 155 62 161
126 155 132 161
140 155 146 161
88 156 94 162
120 156 126 162
141 156 147 162
166 156 172 162
30 157 36 163
36 157 42 163
121 157 127 163
191 157 197 163
89 158 95 164
102 158 108 164
124 158 130 164
173 158 179 164
21 159 27 165
52 159 58 165
166 159 172 165
174 159 180 165
188 159 194 165
66 160 72 166
73 160 79 166
139 160 145 166
153 160 159 166
186 160 192 166
-2 161 4 167
34 161 40 167
105 161 111 167
41 162 47 168
56 162 62 168
151 162 157 168
152 162 158 168
178 162 184 168
193 162 199 168
52 163 58 169
101 163 107 169
144 163 150 169
69 164 75 170
118 164 124 170
158 164 164 170
168 164 174 170
191 164 197 170
4 165 10 171
21 165 27 171
55 165 61 171
113 165 119 171
55 166 61 172
16 167 22 173
25 167 31 173
30 167 36 173
78 167 84 173
87 167 93 173
92 167 98 173
116 167 122 173
191 167 197 173
34 168 40 174
64 168 70 174
67 168 73 174
2 169 8 175
18 169 24 175
45 169 51 175
62 169 68 175
90 169 96 175
185 169 191 175
1 170 7 176
92 170 98 176
12 171 18 177
36 171 42 177
159 171 165 177
10 172 16 178
20 172 26 178
44 172 50 178
70 172 76 178
135 172 141 178
139 172 145 178
-1 173 5 179
67 173 73 179
159 173 165 179
162 173 168 179
2 174 8 180
4 174 10 180
8 174 14 180
153 174 159 180
-3 175 3 181
27 175 33 181
56 175 62 181
71 175 77 181
115 175 121 181
120 175 126 181
128 175 134 181
140 175 146 181
166 175 172 181
31 176 37 182
188 176 194 182
83 177 89 183
97 177 103 183
180 177 186 183
33 178 39 184
53 178 59 184
41 179 47 185
45 179 51 185
72 179 78 185
100 179 106 185
111 179 117 185
25 180 31 186
90 180 96 186
155 180 161 186
170 180 176 186
189 180 195 186
3 181 9 187
48 181 54 187
71 181 77 187
102 181 108 187
129 181 135 187
178 181 184 187
0 182 6 188
5 182 11 188
18 182 24 188
54 182 60 188
74 182 80 188
111 182 117 188
112 182 118 188
153 182 159 188
186 182 192 188
21 183 27 189
73 183 79 189
196 183 202 189
-1 184 5 190
53 184 59 190
79 184 85 190
116 184 122 190
158 185 164 191
5 186 11 192
84 186 90 192
127 186 133 192
158 186 164 192
54 187 60 193
57 187 63 193
69 187 75 193
112 187 118 193
175 187 181 193
44 188 50 194
52 188 58 194
72 188 78 194
114 188 120 194
141 188 147 194
164 188 170 194
168 188 174 194
49 189 55 195
89 189 95 195
102 189 108 195
142 189 148 195
73 190 79 196
76 190 82 196
83 190 89 196
109 190 115 196
182 190 188 196
67 191 73 197
113 191 119 197
1 192 7 198
25 192 31 198
60 192 66 198
71 192 77 198
100 192 106 198
106 192 112 198
133 192 139 198
183 192 189 198
12 193 18 199
27 193 33 199
45 193 51 199
52 193 58 199
136 193 142 199
139 193 145 199
5 194 11 200
21 194 27 200
52 194 58 200
196 194 202 200
76 195 82 201
80 195 86 201
131 195 137 201
160 196 166 202
176 196 182 202
