676
96 -3 102 3
-3 -2 3 4
78 -2 84 4
90 -2 96 4
149 -2 155 4
166 -2 172 4
188 -2 194 4
46 -1 52 5
92 -1 98 5
110 -1 116 5
115 -1 121 5
125 -1 131 5
0 0 6 6
103 0 109 6
138 0 144 6
182 0 188 6
10 1 16 7
31 1 37 7
93 1 99 7
179 1 185 7
108 2 114 8
11 3 17 9
61 4 67 10
79 4 85 10
83 4 89 10
22 5 28 11
82 5 88 11
139 5 145 11
6 6 12 12
12 6 18 12
17 6 23 12
54 6 60 12
57 6 63 12
97 7 103 13
107 7 113 13
51 8 57 14
60 8 66 14
74 8 80 14
87 8 93 14
191 8 197 14
193 8 199 14
55 9 61 15
86 9 92 15
97 9 103 15
136 9 142 15
73 10 79 16
96 10 102 16
106 10 112 16
26 11 32 17
34 11 40 17
42 11 48 17
159 11 165 17
8 13 14 19
27 13 33 19
31 13 37 19
39 13 45 19
69 13 75 19
139 13 145 19
145 13 151 19
92 14 98 20
161 14 167 20
17 15 23 21
78 15 84 21
151 15 157 21
173 15 179 21
-1 16 5 22
65 16 71 22
86 16 92 22
114 16 120 22
120 16 126 22
129 16 135 22
156 16 162 22
176 16 182 22
154 17 160 23
11 18 17 24
81 18 87 24
91 18 97 24
30 19 36 25
72 19 78 25
88 19 94 25
102 19 108 25
176 19 182 25
183 19 189 25
17 20 23 26
47 20 53 26
122 20 128 26
131 20 137 26
151 20 157 26
159 20 165 26
4 21 10 27
50 21 56 27
80 21 86 27
172 21 178 27
130 22 136 28
184 22 190 28
10 23 16 29
145 23 151 29
8 24 14 30
88 24 94 30
121 24 127 30
170 24 176 30
28 25 34 31
124 25 130 31
130 25 136 31
175 25 181 31
29 26 35 32
8 27 14 33
20 27 26 33
50 27 56 33
120 27 126 33
156 27 162 33
158 27 164 33
161 27 167 33
52 28 58 34
124 28 130 34
7 29 13 35
75 29 81 35
161 29 167 35
13 30 19 36
27 30 33 36
33 30 39 36
170 30 176 36
179 30 185 36
8 31 14 37
52 31 58 37
177 31 183 37
76 33 82 39
132 33 138 39
180 33 186 39
70 34 76 40
73 34 79 40
83 34 89 40
102 34 108 40
14 35 20 41
99 35 105 41
181 35 187 41
0 36 6 42
7 36 13 42
13 36 19 42
69 36 75 42
189 36 195 42
44 37 50 43
177 37 183 43
0 38 6 44
16 38 22 44
71 38 77 44
97 38 103 44
148 38 154 44
20 39 26 45
144 39 150 45
172 39 178 45
179 39 185 45
16 40 22 46
19 40 25 46
45 40 51 46
104 40 110 46
138 41 144 47
185 41 191 47
33 42 39 48
4 43 10 49
25 43 31 49
67 43 73 49
156 43 162 49
157 43 163 49
162 43 168 49
27 44 33 50
39 44 45 50
170 44 176 50
173 44 179 50
45 45 51 51
70 45 76 51
109 45 115 51
193 45 199 51
65 46 71 52
145 46 151 52
160 46 166 52
171 46 177 52
87 47 93 53
162 47 168 53
177 47 183 53
151 48 157 54
156 48 162 54
120 49 126 55
186 49 192 55
10 50 16 56
148 50 154 56
67 51 73 57
73 51 79 57
70 52 76 58
76 52 82 58
86 52 92 58
91 52 97 58
99 52 105 58
-2 53 4 59
40 53 46 59
153 53 159 59
11 54 17 60
147 54 153 60
187 54 193 60
4 55 10 61
80 55 86 61
131 55 137 61
134 55 140 61
155 55 161 61
8 56 14 62
69 56 75 62
103 56 109 62
152 56 158 62
159 56 165 62
72 57 78 63
79 57 85 63
94 57 100 63
153 57 159 63
178 57 184 63
188 57 194 63
34 58 40 64
75 58 81 64
165 58 171 64
115 59 121 65
117 59 123 65
168 59 174 65
185 59 191 65
11 60 17 66
34 61 40 67
166 61 172 67
73 62 79 68
74 62 80 68
55 63 61 69
20 64 26 70
44 64 50 70
68 64 74 70
77 64 83 70
85 64 91 70
84 65 90 71
118 65 124 71
119 65 125 71
123 65 129 71
169 65 175 71
81 66 87 72
127 66 133 72
75 67 81 73
184 67 190 73
36 69 42 75
87 69 93 75
58 70 64 76
74 70 80 76
86 70 92 76
171 70 177 76
191 70 197 76
92 71 98 77
157 71 163 77
128 72 134 78
158 72 164 78
6 73 12 79
44 73 50 79
96 73 102 79
150 73 156 79
153 73 159 79
170 73 176 79
187 73 193 79
9 74 15 80
88 74 94 80
106 74 112 80
154 74 160 80
19 75 25 81
41 75 47 81
94 75 100 81
6 76 12 82
55 76 61 82
79 76 85 82
154 76 160 82
8 77 14 83
81 77 87 83
148 77 154 83
43 78 49 84
119 78 125 84
191 78 197 84
109 79 115 85
122 79 128 85
118 80 124 86
164 80 170 86
0 81 6 87
23 81 29 87
53 81 59 87
118 81 124 87
135 81 141 87
176 81 182 87
179 81 185 87
38 82 44 88
112 82 118 88
192 82 198 88
196 82 202 88
10 83 16 89
79 83 85 89
87 83 93 89
162 83 168 89
69 84 75 90
94 84 100 90
121 84 127 90
147 84 153 90
182 84 188 90
9 85 15 91
80 85 86 91
130 85 136 91
6 86 12 92
59 86 65 92
84 86 90 92
105 86 111 92
165 86 171 92
195 86 201 92
41 87 47 93
88 87 94 93
190 87 196 93
118 88 124 94
158 88 164 94
174 88 180 94
186 88 192 94
51 89 57 95
58 89 64 95
91 89 97 95
100 89 106 95
163 89 169 95
81 90 87 96
120 90 126 96
180 90 186 96
3 91 9 97
111 91 117 97
129 91 135 97
2 92 8 98
87 92 93 98
165 92 171 98
135 93 141 99
153 93 159 99
185 93 191 99
10 94 16 100
40 94 46 100
107 94 113 100
133 94 139 100
29 95 35 101
73 95 79 101
84 95 90 101
154 95 160 101
179 96 185 102
6 97 12 103
18 97 24 103
110 97 116 103
143 97 149 103
186 97 192 103
195 97 201 103
24 98 30 104
185 98 191 104
33 99 39 105
142 99 148 105
180 99 186 105
23 100 29 106
69 100 75 106
92 100 98 106
161 100 167 106
196 100 202 106
-2 101 4 107
17 101 23 107
109 102 115 108
119 102 125 108
140 102 146 108
162 102 168 108
173 102 179 108
45 103 51 109
68 103 74 109
120 103 126 109
166 103 172 109
170 103 176 109
6 104 12 110
66 104 72 110
155 104 161 110
179 104 185 110
93 105 99 111
98 105 104 111
14 106 20 112
97 106 103 112
116 106 122 112
133 106 139 112
89 107 95 113
136 107 142 113
142 107 148 113
144 107 150 113
45 108 51 114
107 108 113 114
130 108 136 114
194 108 200 114
48 109 54 115
54 109 60 115
59 109 65 115
119 109 125 115
20 110 26 116
84 110 90 116
105 110 111 116
82 111 88 117
148 111 154 117
173 111 179 117
182 111 188 117
43 113 49 119
128 113 134 119
152 114 158 120
58 115 64 121
149 115 155 121
165 115 171 121
85 116 91 122
46 117 52 123
66 117 72 123
158 117 164 123
68 118 74 124
82 118 88 124
70 119 76 125
76 119 82 125
145 119 151 125
119 120 125 126
185 120 191 126
11 121 17 127
148 121 154 127
151 121 157 127
157 121 163 127
21 122 27 128
171 122 177 128
41 123 47 129
117 123 123 129
159 123 165 129
24 124 30 130
40 124 46 130
86 124 92 130
131 124 137 130
167 124 173 130
84 125 90 131
101 125 107 131
144 125 150 131
3 126 9 132
129 126 135 132
148 126 154 132
62 127 68 133
14 128 20 134
184 128 190 134
89 129 95 135
91 129 97 135
106 129 112 135
115 129 121 135
128 129 134 135
160 129 166 135
15 130 21 136
69 130 75 136
190 130 196 136
78 131 84 137
131 131 137 137
45 132 51 138
147 132 153 138
161 132 167 138
39 133 45 139
112 133 118 139
59 134 65 140
97 134 103 140
133 134 139 140
145 134 151 140
3 135 9 141
117 135 123 141
162 135 168 141
183 135 189 141
187 135 193 141
104 136 110 142
106 136 112 142
139 136 145 142
169 137 175 143
189 137 195 143
17 138 23 144
158 138 164 144
173 138 179 144
16 139 22 145
75 139 81 145
140 139 146 145
159 139 165 145
171 139 177 145
7 140 13 146
50 140 56 146
176 140 182 146
42 142 48 148
53 142 59 148
64 142 70 148
78 142 84 148
94 142 100 148
96 142 102 148
99 142 105 148
186 142 192 148
0 143 6 149
26 143 32 149
37 143 43 149
80 143 86 149
168 143 174 149
111 144 117 150
60 145 66 151
130 145 136 151
162 145 168 151
107 146 113 152
156 146 162 152
107 147 113 153
118 147 124 153
174 147 180 153
18 148 24 154
111 148 117 154
112 148 118 154
134 148 140 154
145 148 151 154
158 148 164 154
161 148 167 154
170 148 176 154
187 148 193 154
42 149 48 155
76 149 82 155
139 149 145 155
32 150 38 156
75 150 81 156
26 151 32 157
90 151 96 157
20 152 26 158
23 152 29 158
32 152 38 158
102 152 108 158
38 153 44 159
81 153 87 159
47 154 53 160
58 154 64 160
68 154 74 160
128 154 134 160
144 154 150 160
44 155 50 161
126 155 132 161
193 155 199 161
166 156 172 162
191 156 197 162
37 157 43 163
83 157 89 163
89 158 95 164
103 158 109 164
124 158 130 164
20 159 26 165
52 159 58 165
87 159 93 165
111 159 117 165
119 159 125 165
153 159 159 165
187 159 193 165
19 160 25 166
66 160 72 166
139 160 145 166
166 160 172 166
-2 161 4 167
34 161 40 167
105 161 111 167
41 162 47 168
55 162 61 168
178 162 184 168
193 162 199 168
92 163 98 169
144 163 150 169
69 164 75 170
101 164 107 170
158 164 164 170
168 164 174 170
4 165 10 171
21 165 27 171
113 165 119 171
16 166 22 172
26 167 32 173
29 167 35 173
87 167 93 173
104 168 110 174
2 169 8 175
18 169 24 175
45 169 51 175
90 169 96 175
184 169 190 175
1 170 7 176
144 170 150 176
12 171 18 177
36 171 42 177
10 172 16 178
21 172 27 178
44 172 50 178
139 172 145 178
67 173 73 179
70 173 76 179
101 173 107 179
8 174 14 180
55 174 61 180
56 174 62 180
162 174 168 180
173 174 179 180
27 175 33 181
71 175 77 181
115 175 121 181
130 175 136 181
140 175 146 181
153 175 159 181
157 175 163 181
120 176 126 182
188 176 194 182
32 177 38 183
84 177 90 183
131 177 137 183
184 177 190 183
33 178 39 184
111 178 117 184
42 179 48 185
100 179 106 185
25 180 31 186
72 180 78 186
155 180 161 186
185 180 191 186
189 180 195 186
3 181 9 187
48 181 54 187
71 181 77 187
101 181 107 187
130 181 136 187
178 181 184 187
0 182 6 188
5 182 11 188
18 182 24 188
74 182 80 188
153 182 159 188
20 183 26 189
54 183 60 189
73 183 79 189
196 183 202 189
-1 184 5 190
116 184 122 190
134 185 140 191
5 186 11 192
127 186 133 192
178 186 184 192
54 187 60 193
57 187 63 193
72 187 78 193
137 187 143 193
175 187 181 193
3 188 9 194
44 188 50 194
52 188 58 194
114 188 120 194
141 188 147 194
165 188 171 194
167 188 173 194
102 189 108 195
142 189 148 195
76 190 82 196
83 190 89 196
110 190 116 196
67 191 73 197
112 191 118 197
182 191 188 197
1 192 7 198
60 192 66 198
71 192 77 198
100 192 106 198
119 192 125 198
126 192 132 198
182 192 188 198
25 193 31 199
27 193 33 199
45 193 51 199
64 193 70 199
106 193 112 199
133 193 139 199
136 193 142 199
139 193 145 199
21 194 27 200
190 194 196 200
196 194 202 200
77 195 83 201
97 196 103 202
