231
-3 -2 3 4
85 -2 91 4
110 -2 116 4
166 -2 172 4
46 -1 52 5
115 -1 121 5
125 -1 131 5
0 0 6 6
31 1 37 7
180 1 186 7
71 2 77 8
61 3 67 9
0 4 6 10
81 4 87 10
12 5 18 11
21 5 27 11
139 5 145 11
17 6 23 12
60 8 66 14
44 10 50 16
34 11 40 17
8 13 14 19
31 13 37 19
37 13 43 19
139 13 145 19
25 14 31 20
93 14 99 20
75 15 81 21
87 16 93 22
114 16 120 22
120 16 126 22
129 16 135 22
11 17 17 23
47 20 53 26
88 20 94 26
131 20 137 26
159 20 165 26
4 21 10 27
50 21 56 27
145 23 151 29
8 24 14 30
175 26 181 32
20 27 26 33
75 27 81 33
179 28 185 34
170 30 176 36
16 31 22 37
131 33 137 39
83 34 89 40
124 35 130 41
6 36 12 42
151 36 157 42
188 36 194 42
148 38 154 44
146 39 152 45
172 39 178 45
104 40 110 46
33 42 39 48
38 43 44 49
161 43 167 49
108 45 114 51
173 45 179 51
193 45 199 51
145 46 151 52
177 47 183 53
188 47 194 53
158 48 164 54
121 49 127 55
187 49 193 55
128 50 134 56
148 50 154 56
87 51 93 57
9 52 15 58
91 52 97 58
40 53 46 59
10 54 16 60
147 54 153 60
42 55 48 61
48 55 54 61
70 55 76 61
158 56 164 62
184 59 190 65
153 62 159 68
166 63 172 69
20 65 26 71
53 65 59 71
80 65 86 71
170 65 176 71
109 66 115 72
51 67 57 73
162 67 168 73
185 67 191 73
191 70 197 76
128 72 134 78
186 73 192 79
107 74 113 80
18 75 24 81
148 77 154 83
15 79 21 85
0 80 6 86
164 80 170 86
38 82 44 88
52 82 58 88
10 83 16 89
69 84 75 90
93 84 99 90
147 84 153 90
182 84 188 90
130 85 136 91
163 85 169 91
27 86 33 92
84 86 90 92
164 86 170 92
41 87 47 93
105 87 111 93
158 87 164 93
100 89 106 95
174 89 180 95
81 90 87 96
108 90 114 96
180 90 186 96
111 91 117 97
130 91 136 97
123 93 129 99
184 93 190 99
10 94 16 100
40 94 46 100
30 95 36 101
107 96 113 102
6 97 12 103
137 99 143 105
109 101 115 107
-2 102 4 108
140 102 146 108
155 104 161 110
13 106 19 112
33 108 39 114
45 108 51 114
193 108 199 114
119 109 125 115
174 111 180 117
182 111 188 117
43 113 49 119
152 114 158 120
163 115 169 121
46 117 52 123
66 117 72 123
159 117 165 123
77 119 83 125
91 120 97 126
7 123 13 129
29 123 35 129
171 123 177 129
167 124 173 130
102 125 108 131
152 125 158 131
3 126 9 132
62 127 68 133
115 128 121 134
71 129 77 135
104 129 110 135
163 129 169 135
46 132 52 138
58 132 64 138
114 133 120 139
153 133 159 139
97 134 103 140
117 135 123 141
183 136 189 142
169 137 175 143
35 139 41 145
76 139 82 145
7 140 13 146
30 140 36 146
42 142 48 148
52 142 58 148
98 142 104 148
37 143 43 149
63 143 69 149
166 143 172 149
162 145 168 151
156 146 162 152
132 147 138 153
90 151 96 157
101 152 107 158
66 154 72 160
143 154 149 160
37 157 43 163
165 157 171 163
124 158 130 164
153 158 159 164
119 159 125 165
187 159 193 165
111 160 117 166
35 161 41 167
139 161 145 167
41 162 47 168
56 162 62 168
91 163 97 169
4 164 10 170
68 164 74 170
160 164 166 170
88 165 94 171
67 168 73 174
16 169 22 175
144 169 150 175
14 171 20 177
22 173 28 179
67 173 73 179
173 174 179 180
25 175 31 181
120 176 126 182
86 178 92 184
112 178 118 184
88 179 94 185
142 179 148 185
27 180 33 186
170 180 176 186
48 181 54 187
196 182 202 188
115 184 121 190
44 185 50 191
77 185 83 191
49 189 55 195
76 190 82 196
60 192 66 198
45 193 51 199
133 193 139 199
22 194 28 200
28 194 34 200
106 194 112 200
