189
110 -2 116 4
166 -2 172 4
46 -1 52 5
85 -1 91 5
115 -1 121 5
125 -1 131 5
31 1 37 7
180 1 186 7
71 2 77 8
61 3 67 9
81 4 87 10
12 5 18 11
19 5 25 11
139 5 145 11
18 6 24 12
97 7 103 13
60 8 66 14
82 12 88 18
9 13 15 19
30 13 36 19
139 13 145 19
27 14 33 20
93 14 99 20
74 16 80 22
87 16 93 22
114 16 120 22
11 17 17 23
129 17 135 23
72 18 78 24
131 19 137 25
8 23 14 29
145 23 151 29
20 27 26 33
170 30 176 36
16 31 22 37
83 34 89 40
124 35 130 41
6 36 12 42
150 36 156 42
188 36 194 42
97 38 103 44
172 39 178 45
104 40 110 46
185 41 191 47
34 42 40 48
5 43 11 49
37 43 43 49
161 43 167 49
108 45 114 51
173 45 179 51
193 45 199 51
66 46 72 52
122 49 128 55
127 50 133 56
148 50 154 56
98 51 104 57
91 52 97 58
-2 53 4 59
147 54 153 60
48 55 54 61
70 55 76 61
179 56 185 62
184 59 190 65
153 61 159 67
166 63 172 69
20 65 26 71
169 65 175 71
109 66 115 72
162 67 168 73
185 67 191 73
36 70 42 76
191 70 197 76
129 72 135 78
107 74 113 80
148 77 154 83
15 79 21 85
164 79 170 85
0 80 6 86
39 82 45 88
69 84 75 90
87 84 93 90
93 84 99 90
147 84 153 90
182 84 188 90
121 85 127 91
130 85 136 91
27 86 33 92
84 86 90 92
41 87 47 93
105 87 111 93
158 87 164 93
174 89 180 95
81 90 87 96
180 90 186 96
130 91 136 97
73 93 79 99
123 93 129 99
184 93 190 99
10 94 16 100
40 94 46 100
6 97 12 103
195 97 201 103
32 99 38 105
137 99 143 105
139 101 145 107
-2 102 4 108
6 103 12 109
45 103 51 109
155 104 161 110
12 106 18 112
89 107 95 113
33 108 39 114
193 108 199 114
119 109 125 115
174 111 180 117
182 111 188 117
44 113 50 119
46 117 52 123
66 117 72 123
77 119 83 125
91 120 97 126
145 120 151 126
29 123 35 129
171 123 177 129
167 124 173 130
152 125 158 131
3 126 9 132
115 128 121 134
184 128 190 134
73 130 79 136
58 131 64 137
74 131 80 137
46 132 52 138
39 133 45 139
153 133 159 139
97 136 103 142
183 136 189 142
169 137 175 143
35 139 41 145
76 139 82 145
186 139 192 145
7 140 13 146
30 140 36 146
50 140 56 146
98 141 104 147
37 142 43 148
40 142 46 148
52 142 58 148
0 143 6 149
156 146 162 152
90 151 96 157
101 152 107 158
66 154 72 160
144 154 150 160
37 157 43 163
153 157 159 163
165 157 171 163
119 159 125 165
186 159 192 165
112 160 118 166
41 162 47 168
67 162 73 168
178 162 184 168
131 163 137 169
4 164 10 170
68 164 74 170
162 164 168 170
168 165 174 171
67 168 73 174
144 169 150 175
67 173 73 179
173 174 179 180
115 175 121 181
120 176 126 182
142 179 148 185
27 180 33 186
170 180 176 186
48 181 54 187
196 182 202 188
115 183 121 189
44 184 50 190
77 186 83 192
127 186 133 192
76 188 82 194
45 193 51 199
133 193 139 199
22 194 28 200
106 194 112 200
28 195 34 201
