150
-3 -2 3 4
166 -2 172 4
46 -1 52 5
125 -1 131 5
85 0 91 6
31 1 37 7
180 1 186 7
61 3 67 9
82 4 88 10
12 5 18 11
139 5 145 11
97 7 103 13
60 8 66 14
46 10 52 16
82 12 88 18
9 13 15 19
139 13 145 19
93 14 99 20
87 16 93 22
11 17 17 23
159 20 165 26
20 27 26 33
170 30 176 36
131 33 137 39
83 34 89 40
6 36 12 42
150 36 156 42
188 36 194 42
97 38 103 44
172 39 178 45
104 40 110 46
185 41 191 47
5 43 11 49
107 45 113 51
161 45 167 51
173 45 179 51
193 45 199 51
66 46 72 52
145 46 151 52
177 47 183 53
148 50 154 56
96 51 102 57
-2 52 4 58
94 52 100 58
147 54 153 60
70 55 76 61
180 56 186 62
183 59 189 65
153 61 159 67
20 65 26 71
109 66 115 72
162 67 168 73
185 69 191 75
191 70 197 76
129 72 135 78
185 73 191 79
107 74 113 80
18 75 24 81
148 77 154 83
15 79 21 85
164 79 170 85
0 80 6 86
10 82 16 88
69 84 75 90
87 84 93 90
93 84 99 90
147 84 153 90
182 84 188 90
122 85 128 91
130 85 136 91
27 86 33 92
84 86 90 92
41 87 47 93
105 87 111 93
158 87 164 93
100 89 106 95
174 89 180 95
180 90 186 96
130 91 136 97
73 92 79 98
123 92 129 98
184 93 190 99
10 94 16 100
40 94 46 100
6 97 12 103
195 97 201 103
-2 102 4 108
6 103 12 109
45 103 51 109
155 105 161 111
12 106 18 112
89 107 95 113
193 108 199 114
119 109 125 115
176 111 182 117
181 111 187 117
44 113 50 119
46 116 52 122
66 117 72 123
77 119 83 125
91 120 97 126
145 120 151 126
29 123 35 129
152 125 158 131
62 127 68 133
116 128 122 134
184 128 190 134
164 129 170 135
189 130 195 136
58 131 64 137
46 132 52 138
39 133 45 139
153 133 159 139
185 137 191 143
76 139 82 145
7 140 13 146
30 140 36 146
35 140 41 146
1 143 7 149
156 146 162 152
90 151 96 157
101 152 107 158
66 154 72 160
144 154 150 160
153 157 159 163
164 157 170 163
124 158 130 164
185 159 191 165
112 160 118 166
41 162 47 168
178 162 184 168
131 163 137 169
164 164 170 170
167 165 173 171
67 168 73 174
144 169 150 175
67 173 73 179
120 176 126 182
170 179 176 185
27 180 33 186
47 181 53 187
115 182 121 188
196 182 202 188
127 186 133 192
60 192 66 198
45 193 51 199
131 193 137 199
22 194 28 200
106 194 112 200
28 196 34 202
