341
-3 -2 3 4
85 -2 91 4
110 -2 116 4
135 -2 141 4
166 -2 172 4
189 -2 195 4
46 -1 52 5
115 -1 121 5
125 -1 131 5
0 0 6 6
104 0 110 6
138 0 144 6
182 0 188 6
31 1 37 7
179 1 185 7
71 2 77 8
106 2 112 8
184 2 190 8
61 3 67 9
0 4 6 10
80 4 86 10
154 4 160 10
12 5 18 11
139 5 145 11
97 7 103 13
107 7 113 13
152 7 158 13
60 8 66 14
43 10 49 16
106 10 112 16
34 11 40 17
82 12 88 18
8 13 14 19
31 13 37 19
38 13 44 19
139 13 145 19
92 14 98 20
65 15 71 21
77 15 83 21
151 15 157 21
87 16 93 22
114 16 120 22
120 16 126 22
129 16 135 22
11 17 17 23
81 18 87 24
151 18 157 24
72 19 78 25
88 19 94 25
101 19 107 25
47 20 53 26
99 20 105 26
122 20 128 26
131 20 137 26
159 20 165 26
4 21 10 27
50 21 56 27
145 23 151 29
8 24 14 30
87 24 93 30
121 24 127 30
74 26 80 32
129 26 135 32
175 26 181 32
20 27 26 33
50 27 56 33
8 28 14 34
51 28 57 34
79 28 85 34
124 28 130 34
180 28 186 34
7 29 13 35
13 30 19 36
33 30 39 36
60 30 66 36
75 30 81 36
76 30 82 36
170 30 176 36
51 31 57 37
132 33 138 39
50 34 56 40
83 34 89 40
124 34 130 40
152 36 158 42
189 36 195 42
97 38 103 44
148 38 154 44
144 39 150 45
172 39 178 45
104 40 110 46
185 41 191 47
39 43 45 49
67 43 73 49
45 45 51 51
70 45 76 51
193 45 199 51
65 46 71 52
145 46 151 52
188 46 194 52
87 47 93 53
177 47 183 53
157 48 163 54
121 49 127 55
186 49 192 55
9 50 15 56
128 50 134 56
148 50 154 56
68 51 74 57
99 51 105 57
69 52 75 58
87 52 93 58
91 52 97 58
-2 53 4 59
40 53 46 59
11 54 17 60
5 55 11 61
42 55 48 61
48 55 54 61
8 56 14 62
70 56 76 62
158 56 164 62
178 56 184 62
185 59 191 65
166 62 172 68
20 64 26 70
55 64 61 70
77 64 83 70
170 65 176 71
81 66 87 72
109 66 115 72
123 66 129 72
127 66 133 72
50 67 56 73
162 67 168 73
184 67 190 73
36 70 42 76
59 70 65 76
191 70 197 76
128 72 134 78
61 73 67 79
186 73 192 79
90 74 96 80
107 74 113 80
41 77 47 83
44 78 50 84
191 78 197 84
15 79 21 85
109 79 115 85
0 80 6 86
23 81 29 87
52 81 58 87
111 81 117 87
38 82 44 88
191 82 197 88
10 83 16 89
87 83 93 89
20 84 26 90
69 84 75 90
93 84 99 90
121 84 127 90
147 84 153 90
162 84 168 90
130 85 136 91
27 86 33 92
84 86 90 92
105 86 111 92
164 86 170 92
158 87 164 93
189 87 195 93
118 88 124 94
187 88 193 94
100 89 106 95
174 89 180 95
81 90 87 96
108 90 114 96
120 90 126 96
163 90 169 96
180 90 186 96
129 91 135 97
165 92 171 98
184 93 190 99
10 94 16 100
40 94 46 100
73 94 79 100
107 94 113 100
124 94 130 100
30 95 36 101
6 97 12 103
195 97 201 103
137 98 143 104
32 99 38 105
-2 102 4 108
109 102 115 108
140 102 146 108
6 104 12 110
155 104 161 110
14 106 20 112
89 107 95 113
33 108 39 114
45 108 51 114
107 108 113 114
193 108 199 114
130 109 136 115
59 110 65 116
105 110 111 116
128 111 134 117
173 111 179 117
182 111 188 117
19 113 25 119
43 113 49 119
58 113 64 119
152 114 158 120
164 115 170 121
46 117 52 123
66 117 72 123
85 117 91 123
158 117 164 123
83 118 89 124
77 119 83 125
91 120 97 126
118 120 124 126
145 120 151 126
171 122 177 128
29 123 35 129
117 123 123 129
167 124 173 130
101 125 107 131
145 125 151 131
3 126 9 132
147 126 153 132
62 127 68 133
115 128 121 134
141 128 147 134
161 129 167 135
140 130 146 136
189 130 195 136
77 131 83 137
131 132 137 138
147 132 153 138
39 133 45 139
113 133 119 139
132 133 138 139
145 133 151 139
58 134 64 140
97 134 103 140
183 135 189 141
3 137 9 143
169 137 175 143
5 138 11 144
35 138 41 144
75 139 81 145
7 140 13 146
50 140 56 146
42 142 48 148
53 142 59 148
64 142 70 148
78 142 84 148
0 143 6 149
37 143 43 149
79 143 85 149
167 143 173 149
61 145 67 151
131 145 137 151
162 145 168 151
156 146 162 152
133 148 139 154
145 148 151 154
18 149 24 155
141 149 147 155
39 150 45 156
20 151 26 157
90 151 96 157
101 152 107 158
38 153 44 159
67 154 73 160
143 154 149 160
166 157 172 163
124 158 130 164
119 159 125 165
67 160 73 166
111 160 117 166
139 160 145 166
34 161 40 167
41 162 47 168
178 162 184 168
61 163 67 169
92 163 98 169
143 163 149 169
4 164 10 170
69 164 75 170
117 164 123 170
159 164 165 170
168 164 174 170
19 165 25 171
101 165 107 171
114 165 120 171
16 166 22 172
87 166 93 172
34 168 40 174
67 168 73 174
104 168 110 174
181 168 187 174
18 169 24 175
184 169 190 175
35 170 41 176
144 170 150 176
21 173 27 179
67 173 73 179
163 174 169 180
173 174 179 180
115 175 121 181
120 176 126 182
188 176 194 182
85 177 91 183
111 178 117 184
179 178 185 184
142 179 148 185
178 179 184 185
26 180 32 186
188 180 194 186
48 181 54 187
196 182 202 188
116 184 122 190
78 185 84 191
134 185 140 191
44 186 50 192
127 186 133 192
137 187 143 193
52 188 58 194
49 189 55 195
73 190 79 196
72 191 78 197
60 192 66 198
124 192 130 198
45 193 51 199
133 193 139 199
-3 194 3 200
22 194 28 200
28 194 34 200
106 194 112 200
189 194 195 200
