278
85 -2 91 4
110 -2 116 4
166 -2 172 4
115 -1 121 5
125 -1 131 5
136 -1 142 5
182 0 188 6
31 1 37 7
179 1 185 7
71 2 77 8
61 3 67 9
0 4 6 10
80 4 86 10
12 5 18 11
139 5 145 11
153 5 159 11
17 6 23 12
152 6 158 12
60 8 66 14
43 10 49 16
34 11 40 17
82 12 88 18
8 13 14 19
31 13 37 19
38 13 44 19
68 13 74 19
66 14 72 20
92 14 98 20
77 15 83 21
87 16 93 22
114 16 120 22
120 16 126 22
72 19 78 25
88 19 94 25
47 20 53 26
131 20 137 26
159 20 165 26
4 21 10 27
50 21 56 27
87 23 93 29
121 23 127 29
145 23 151 29
8 24 14 30
126 25 132 31
128 25 134 31
175 26 181 32
20 27 26 33
74 27 80 33
79 28 85 34
180 28 186 34
64 29 70 35
9 30 15 36
13 30 19 36
28 30 34 36
32 30 38 36
61 30 67 36
170 30 176 36
16 31 22 37
132 33 138 39
83 34 89 40
124 35 130 41
97 38 103 44
148 38 154 44
144 39 150 45
172 39 178 45
104 40 110 46
185 41 191 47
39 43 45 49
67 44 73 50
70 45 76 51
108 45 114 51
173 45 179 51
193 45 199 51
145 46 151 52
188 46 194 52
87 47 93 53
177 47 183 53
121 49 127 55
128 50 134 56
148 50 154 56
99 51 105 57
87 52 93 58
91 52 97 58
-2 53 4 59
40 53 46 59
147 54 153 60
5 55 11 61
42 55 48 61
48 55 54 61
70 55 76 61
8 56 14 62
178 56 184 62
185 59 191 65
153 63 159 69
20 64 26 70
54 64 60 70
77 64 83 70
81 65 87 71
109 66 115 72
50 67 56 73
162 67 168 73
36 70 42 76
60 70 66 76
191 70 197 76
128 72 134 78
61 73 67 79
186 73 192 79
107 74 113 80
18 75 24 81
148 77 154 83
191 78 197 84
109 79 115 85
0 80 6 86
164 80 170 86
23 81 29 87
52 81 58 87
38 82 44 88
191 82 197 88
10 83 16 89
21 83 27 89
87 83 93 89
93 84 99 90
121 84 127 90
147 84 153 90
162 84 168 90
182 84 188 90
130 85 136 91
27 86 33 92
84 86 90 92
164 86 170 92
41 87 47 93
105 87 111 93
158 87 164 93
119 88 125 94
51 89 57 95
100 89 106 95
81 90 87 96
108 90 114 96
180 90 186 96
111 91 117 97
130 91 136 97
85 93 91 99
184 93 190 99
10 94 16 100
40 94 46 100
73 94 79 100
107 94 113 100
123 94 129 100
30 95 36 101
84 95 90 101
6 97 12 103
195 97 201 103
137 98 143 104
32 99 38 105
-2 102 4 108
109 102 115 108
140 102 146 108
45 103 51 109
6 104 12 110
14 106 20 112
89 107 95 113
33 108 39 114
45 108 51 114
107 108 113 114
193 108 199 114
105 109 111 115
119 109 125 115
173 111 179 117
182 111 188 117
43 113 49 119
152 114 158 120
164 115 170 121
46 117 52 123
66 117 72 123
159 117 165 123
77 119 83 125
91 120 97 126
145 120 151 126
171 122 177 128
7 123 13 129
29 123 35 129
117 123 123 129
167 124 173 130
101 125 107 131
152 125 158 131
3 126 9 132
62 127 68 133
115 128 121 134
184 128 190 134
70 129 76 135
105 129 111 135
162 129 168 135
39 133 45 139
58 133 64 139
113 133 119 139
153 133 159 139
97 134 103 140
117 135 123 141
183 135 189 141
169 137 175 143
35 138 41 144
76 139 82 145
7 140 13 146
30 140 36 146
50 140 56 146
186 140 192 146
42 142 48 148
53 142 59 148
64 142 70 148
98 142 104 148
0 143 6 149
37 143 43 149
166 143 172 149
62 145 68 151
131 145 137 151
162 145 168 151
156 146 162 152
133 148 139 154
145 148 151 154
18 149 24 155
142 149 148 155
20 151 26 157
39 151 45 157
90 151 96 157
101 152 107 158
38 153 44 159
66 154 72 160
143 154 149 160
37 157 43 163
166 157 172 163
124 158 130 164
153 158 159 164
187 159 193 165
67 160 73 166
111 160 117 166
34 161 40 167
41 162 47 168
178 162 184 168
61 163 67 169
91 163 97 169
131 163 137 169
4 164 10 170
69 164 75 170
159 164 165 170
101 165 107 171
168 165 174 171
88 166 94 172
67 168 73 174
103 168 109 174
18 169 24 175
144 169 150 175
13 171 19 177
67 173 73 179
26 175 32 181
115 175 121 181
120 176 126 182
85 177 91 183
112 178 118 184
142 179 148 185
26 180 32 186
89 180 95 186
170 180 176 186
48 181 54 187
115 184 121 190
78 185 84 191
134 185 140 191
127 186 133 192
136 187 142 193
52 188 58 194
49 189 55 195
76 190 82 196
60 192 66 198
45 193 51 199
133 193 139 199
-2 194 4 200
22 194 28 200
28 194 34 200
106 194 112 200
