686
96 -3 102 3
-3 -2 3 4
78 -2 84 4
85 -2 91 4
90 -2 96 4
134 -2 140 4
46 -1 52 5
88 -1 94 5
92 -1 98 5
110 -1 116 5
125 -1 131 5
0 0 6 6
103 0 109 6
138 0 144 6
182 0 188 6
10 1 16 7
31 1 37 7
93 1 99 7
179 1 185 7
71 2 77 8
108 2 114 8
185 2 191 8
4 3 10 9
11 3 17 9
61 4 67 10
79 4 85 10
154 4 160 10
0 5 6 11
22 5 28 11
139 5 145 11
6 6 12 12
17 6 23 12
54 6 60 12
57 6 63 12
181 6 187 12
98 7 104 13
107 7 113 13
181 7 187 13
51 8 57 14
60 8 66 14
74 8 80 14
191 8 197 14
193 8 199 14
97 9 103 15
96 10 102 16
135 10 141 16
26 11 32 17
34 11 40 17
42 11 48 17
159 11 165 17
82 12 88 18
144 12 150 18
7 13 13 19
27 13 33 19
69 13 75 19
139 13 145 19
145 13 151 19
2 14 8 20
24 14 30 20
92 14 98 20
161 14 167 20
78 15 84 21
152 15 158 21
173 15 179 21
-1 16 5 22
32 16 38 22
65 16 71 22
86 16 92 22
114 16 120 22
120 16 126 22
129 16 135 22
156 16 162 22
176 16 182 22
11 18 17 24
92 18 98 24
30 19 36 25
72 19 78 25
87 19 93 25
90 19 96 25
102 19 108 25
176 19 182 25
183 19 189 25
17 20 23 26
47 20 53 26
122 20 128 26
131 20 137 26
151 20 157 26
159 20 165 26
4 21 10 27
11 21 17 27
80 21 86 27
127 21 133 27
130 22 136 28
184 22 190 28
10 23 16 29
145 23 151 29
8 24 14 30
121 24 127 30
170 24 176 30
74 25 80 31
130 25 136 31
175 25 181 31
29 26 35 32
161 26 167 32
8 27 14 33
50 27 56 33
120 27 126 33
155 27 161 33
158 27 164 33
52 28 58 34
119 28 125 34
124 28 130 34
129 28 135 34
7 29 13 35
64 29 70 35
75 29 81 35
161 29 167 35
13 30 19 36
27 30 33 36
33 30 39 36
60 30 66 36
170 30 176 36
179 30 185 36
8 31 14 37
52 31 58 37
177 31 183 37
16 32 22 38
76 33 82 39
132 33 138 39
180 33 186 39
70 34 76 40
73 34 79 40
83 34 89 40
102 34 108 40
14 35 20 41
92 35 98 41
0 36 6 42
7 36 13 42
12 36 18 42
69 36 75 42
99 36 105 42
152 36 158 42
189 36 195 42
42 37 48 43
44 37 50 43
55 37 61 43
177 37 183 43
16 38 22 44
56 38 62 44
97 38 103 44
148 38 154 44
0 39 6 45
21 39 27 45
144 39 150 45
172 39 178 45
19 40 25 46
104 40 110 46
138 41 144 47
33 42 39 48
4 43 10 49
25 43 31 49
156 43 162 49
157 43 163 49
162 43 168 49
170 43 176 49
27 44 33 50
39 44 45 50
140 44 146 50
45 45 51 51
70 45 76 51
109 45 115 51
188 45 194 51
193 45 199 51
145 46 151 52
152 46 158 52
160 46 166 52
171 46 177 52
162 47 168 53
177 47 183 53
66 48 72 54
102 48 108 54
156 48 162 54
66 49 72 55
101 49 107 55
142 49 148 55
143 49 149 55
151 49 157 55
186 49 192 55
59 50 65 56
129 50 135 56
148 50 154 56
67 51 73 57
73 51 79 57
70 52 76 58
76 52 82 58
86 52 92 58
91 52 97 58
99 52 105 58
153 53 159 59
11 54 17 60
59 54 65 60
147 54 153 60
187 54 193 60
4 55 10 61
42 55 48 61
80 55 86 61
155 55 161 61
8 56 14 62
69 56 75 62
103 56 109 62
131 56 137 62
152 56 158 62
48 57 54 63
94 57 100 63
106 57 112 63
154 57 160 63
188 57 194 63
34 58 40 64
75 58 81 64
164 58 170 64
8 59 14 65
114 59 120 65
117 59 123 65
168 59 174 65
185 59 191 65
11 60 17 66
96 60 102 66
73 61 79 67
166 61 172 67
34 62 40 68
74 62 80 68
55 63 61 69
66 63 72 69
44 64 50 70
68 64 74 70
77 64 83 70
85 64 91 70
118 65 124 71
120 65 126 71
123 65 129 71
169 65 175 71
81 66 87 72
109 66 115 72
127 66 133 72
50 67 56 73
75 67 81 73
163 67 169 73
184 67 190 73
36 69 42 75
87 69 93 75
58 70 64 76
74 70 80 76
86 70 92 76
171 70 177 76
191 70 197 76
92 71 98 77
156 71 162 77
128 72 134 78
158 72 164 78
6 73 12 79
62 73 68 79
96 73 102 79
150 73 156 79
153 73 159 79
170 73 176 79
9 74 15 80
48 74 54 80
88 74 94 80
106 74 112 80
154 74 160 80
19 75 25 81
41 75 47 81
55 75 61 81
6 76 12 82
79 76 85 82
154 76 160 82
8 77 14 83
81 77 87 83
148 77 154 83
15 78 21 84
43 78 49 84
191 78 197 84
27 79 33 85
30 79 36 85
109 79 115 85
122 79 128 85
119 80 125 86
164 80 170 86
179 80 185 86
0 81 6 87
23 81 29 87
53 81 59 87
117 81 123 87
135 81 141 87
112 82 118 88
176 82 182 88
192 82 198 88
196 82 202 88
10 83 16 89
79 83 85 89
87 83 93 89
162 83 168 89
69 84 75 90
94 84 100 90
121 84 127 90
126 84 132 90
147 84 153 90
182 84 188 90
19 85 25 91
27 85 33 91
64 85 70 91
80 85 86 91
130 85 136 91
136 85 142 91
6 86 12 92
59 86 65 92
65 86 71 92
84 86 90 92
105 86 111 92
165 86 171 92
195 86 201 92
41 87 47 93
88 87 94 93
190 87 196 93
118 88 124 94
158 88 164 94
174 88 180 94
186 88 192 94
58 89 64 95
92 89 98 95
100 89 106 95
163 89 169 95
81 90 87 96
120 90 126 96
193 90 199 96
3 91 9 97
46 91 52 97
111 91 117 97
129 91 135 97
2 92 8 98
47 92 53 98
87 92 93 98
125 92 131 98
165 92 171 98
193 92 199 98
135 93 141 99
152 93 158 99
10 94 16 100
40 94 46 100
107 94 113 100
133 94 139 100
29 95 35 101
72 95 78 101
84 95 90 101
154 95 160 101
179 96 185 102
18 97 24 103
110 97 116 103
143 97 149 103
186 97 192 103
195 97 201 103
24 98 30 104
112 98 118 104
137 98 143 104
33 99 39 105
141 99 147 105
180 99 186 105
23 100 29 106
55 100 61 106
69 100 75 106
92 100 98 106
155 100 161 106
161 100 167 106
196 100 202 106
-2 101 4 107
17 101 23 107
54 101 60 107
176 101 182 107
109 102 115 108
119 102 125 108
155 102 161 108
162 102 168 108
173 102 179 108
45 103 51 109
120 103 126 109
170 103 176 109
179 103 185 109
-2 104 4 110
155 104 161 110
178 104 184 110
93 105 99 111
99 105 105 111
14 106 20 112
97 106 103 112
116 106 122 112
133 106 139 112
89 107 95 113
136 107 142 113
142 107 148 113
33 108 39 114
45 108 51 114
130 108 136 114
48 109 54 115
54 109 60 115
59 109 65 115
119 109 125 115
20 110 26 116
84 110 90 116
105 110 111 116
148 111 154 117
173 111 179 117
182 111 188 117
128 113 134 119
152 114 158 120
165 115 171 121
58 116 64 122
66 116 72 122
85 116 91 122
149 116 155 122
46 117 52 123
158 117 164 123
68 118 74 124
82 118 88 124
13 119 19 125
70 119 76 125
76 119 82 125
145 119 151 125
92 120 98 126
119 120 125 126
185 120 191 126
11 121 17 127
148 121 154 127
151 121 157 127
157 121 163 127
187 121 193 127
171 122 177 128
7 123 13 129
29 123 35 129
41 123 47 129
24 124 30 130
131 124 137 130
167 124 173 130
40 125 46 131
84 125 90 131
101 125 107 131
144 125 150 131
3 126 9 132
129 126 135 132
148 126 154 132
141 127 147 133
14 128 20 134
184 128 190 134
106 129 112 135
115 129 121 135
15 130 21 136
69 130 75 136
190 130 196 136
131 131 137 137
139 131 145 137
45 132 51 138
161 132 167 138
39 133 45 139
153 133 159 139
59 134 65 140
97 134 103 140
133 134 139 140
145 134 151 140
23 135 29 141
117 135 123 141
162 135 168 141
183 135 189 141
139 136 145 142
22 137 28 143
72 137 78 143
73 137 79 143
106 137 112 143
169 137 175 143
189 137 195 143
17 138 23 144
35 138 41 144
158 138 164 144
173 138 179 144
16 139 22 145
75 139 81 145
140 139 146 145
160 139 166 145
171 139 177 145
7 140 13 146
24 140 30 146
30 140 36 146
50 140 56 146
176 140 182 146
42 142 48 148
53 142 59 148
78 142 84 148
94 142 100 148
96 142 102 148
99 142 105 148
186 142 192 148
0 143 6 149
26 143 32 149
37 143 43 149
80 143 86 149
168 143 174 149
111 144 117 150
121 144 127 150
176 144 182 150
60 145 66 151
114 145 120 151
162 145 168 151
108 146 114 152
156 146 162 152
111 147 117 153
118 147 124 153
174 147 180 153
18 148 24 154
134 148 140 154
145 148 151 154
158 148 164 154
170 148 176 154
185 148 191 154
39 149 45 155
42 149 48 155
76 149 82 155
139 149 145 155
32 150 38 156
45 150 51 156
26 151 32 157
90 151 96 157
20 152 26 158
23 152 29 158
102 152 108 158
180 152 186 158
32 153 38 159
38 153 44 159
81 153 87 159
47 154 53 160
58 154 64 160
128 154 134 160
44 155 50 161
126 155 132 161
37 157 43 163
83 157 89 163
191 157 197 163
89 158 95 164
103 158 109 164
124 158 130 164
20 159 26 165
87 159 93 165
111 159 117 165
119 159 125 165
19 160 25 166
66 160 72 166
139 160 145 166
153 160 159 166
166 160 172 166
187 160 193 166
-2 161 4 167
105 161 111 167
41 162 47 168
55 162 61 168
178 162 184 168
193 162 199 168
92 163 98 169
131 163 137 169
144 163 150 169
61 164 67 170
69 164 75 170
118 164 124 170
158 164 164 170
168 164 174 170
4 165 10 171
113 165 119 171
16 166 22 172
26 167 32 173
87 167 93 173
92 167 98 173
34 168 40 174
63 168 69 174
64 168 70 174
67 168 73 174
181 168 187 174
2 169 8 175
18 169 24 175
45 169 51 175
90 169 96 175
184 169 190 175
1 170 7 176
144 170 150 176
12 171 18 177
104 171 110 177
21 172 27 178
70 172 76 178
-2 173 4 179
67 173 73 179
101 173 107 179
8 174 14 180
55 174 61 180
162 174 168 180
173 174 179 180
-2 175 4 181
27 175 33 181
56 175 62 181
71 175 77 181
115 175 121 181
129 175 135 181
131 175 137 181
140 175 146 181
153 175 159 181
157 175 163 181
166 175 172 181
32 176 38 182
120 176 126 182
188 176 194 182
131 177 137 183
179 177 185 183
184 177 190 183
33 178 39 184
111 178 117 184
42 179 48 185
44 179 50 185
100 179 106 185
25 180 31 186
90 180 96 186
170 180 176 186
185 180 191 186
189 180 195 186
3 181 9 187
48 181 54 187
71 181 77 187
101 181 107 187
130 181 136 187
178 181 184 187
0 182 6 188
5 182 11 188
18 182 24 188
74 182 80 188
153 182 159 188
20 183 26 189
54 183 60 189
73 183 79 189
-1 184 5 190
53 184 59 190
78 184 84 190
116 184 122 190
5 186 11 192
84 186 90 192
127 186 133 192
178 186 184 192
54 187 60 193
57 187 63 193
69 187 75 193
72 187 78 193
112 187 118 193
137 187 143 193
175 187 181 193
44 188 50 194
52 188 58 194
114 188 120 194
141 188 147 194
165 188 171 194
49 189 55 195
142 189 148 195
73 190 79 196
76 190 82 196
83 190 89 196
67 191 73 197
182 191 188 197
25 192 31 198
60 192 66 198
71 192 77 198
100 192 106 198
126 192 132 198
183 192 189 198
45 193 51 199
64 193 70 199
106 193 112 199
133 193 139 199
136 193 142 199
139 193 145 199
21 194 27 200
29 194 35 200
190 194 196 200
196 194 202 200
77 195 83 201
97 196 103 202
