138
-3 -2 3 4
110 -2 116 4
166 -2 172 4
46 -1 52 5
115 -1 121 5
125 -1 131 5
31 0 37 6
85 0 91 6
180 1 186 7
71 2 77 8
61 3 67 9
82 4 88 10
12 5 18 11
139 5 145 11
97 7 103 13
60 8 66 14
82 12 88 18
9 13 15 19
139 13 145 19
93 14 99 20
87 16 93 22
10 17 16 23
159 20 165 26
145 23 151 29
20 27 26 33
170 30 176 36
130 33 136 39
83 34 89 40
124 35 130 41
6 36 12 42
188 37 194 43
97 38 103 44
104 40 110 46
185 41 191 47
5 43 11 49
107 45 113 51
173 45 179 51
67 46 73 52
145 46 151 52
177 47 183 53
-2 52 4 58
147 54 153 60
48 55 54 61
70 55 76 61
158 56 164 62
180 56 186 62
183 58 189 64
153 60 159 66
20 65 26 71
109 66 115 72
162 68 168 74
191 70 197 76
129 72 135 78
107 74 113 80
18 75 24 81
148 77 154 83
164 78 170 84
15 79 21 85
0 80 6 86
10 82 16 88
39 82 45 88
69 84 75 90
93 84 99 90
147 84 153 90
182 84 188 90
130 85 136 91
27 86 33 92
84 86 90 92
41 87 47 93
105 87 111 93
100 89 106 95
174 89 180 95
81 90 87 96
180 90 186 96
73 91 79 97
130 91 136 97
123 92 129 98
184 93 190 99
40 94 46 100
10 95 16 101
6 97 12 103
195 97 201 103
-2 102 4 108
6 103 12 109
155 105 161 111
11 106 17 112
89 107 95 113
33 108 39 114
193 108 199 114
119 109 125 115
152 114 158 120
66 117 72 123
77 119 83 125
91 120 97 126
7 123 13 129
29 123 35 129
152 125 158 131
3 126 9 132
62 127 68 133
116 128 122 134
165 129 171 135
58 130 64 136
189 130 195 136
46 132 52 138
153 133 159 139
169 136 175 142
76 139 82 145
7 140 13 146
30 140 36 146
35 140 41 146
1 143 7 149
156 146 162 152
101 152 107 158
66 154 72 160
145 154 151 160
153 157 159 163
164 157 170 163
119 159 125 165
184 159 190 165
113 160 119 166
41 162 47 168
131 163 137 169
4 164 10 170
144 169 150 175
173 174 179 180
120 177 126 183
142 179 148 185
170 179 176 185
27 180 33 186
115 182 121 188
196 182 202 188
127 186 133 192
60 192 66 198
45 193 51 199
131 193 137 199
22 194 28 200
106 194 112 200
28 196 34 202
