268
36 -3 42 3
88 -2 94 4
-1 -1 5 5
59 -1 65 5
135 -1 141 5
174 0 180 6
6 1 12 7
34 2 40 8
95 2 101 8
60 3 66 9
103 4 109 10
5 5 11 11
28 6 34 12
172 7 178 13
18 8 24 14
106 8 112 14
137 9 143 15
-1 10 5 16
19 10 25 16
98 11 104 17
172 11 178 17
5 12 11 18
70 13 76 19
111 14 117 20
8 16 14 22
112 16 118 22
96 18 102 24
125 18 131 24
2 19 8 25
20 20 26 26
141 21 147 27
175 21 181 27
99 22 105 28
158 23 164 29
61 24 67 30
117 24 123 30
135 25 141 31
104 26 110 32
121 26 127 32
163 27 169 33
111 29 117 35
-1 30 5 36
87 31 93 37
19 32 25 38
74 32 80 38
48 33 54 39
62 33 68 39
114 33 120 39
156 33 162 39
158 34 164 40
188 34 194 40
72 35 78 41
18 36 24 42
95 36 101 42
69 37 75 43
82 37 88 43
105 37 111 43
57 38 63 44
56 39 62 45
43 41 49 47
119 41 125 47
146 43 152 49
41 44 47 50
87 44 93 50
99 44 105 50
139 47 145 53
27 48 33 54
110 48 116 54
74 49 80 55
165 50 171 56
98 52 104 58
121 52 127 58
143 52 149 58
176 52 182 58
185 52 191 58
196 53 202 59
11 54 17 60
84 54 90 60
167 54 173 60
191 54 197 60
99 57 105 63
5 59 11 65
130 59 136 65
28 61 34 67
93 61 99 67
108 61 114 67
64 63 70 69
2 65 8 71
18 67 24 73
136 67 142 73
144 67 150 73
15 68 21 74
36 68 42 74
10 69 16 75
92 70 98 76
9 72 15 78
38 73 44 79
99 73 105 79
49 74 55 80
97 74 103 80
126 75 132 81
13 76 19 82
81 78 87 84
16 79 22 85
72 79 78 85
141 79 147 85
64 80 70 86
52 81 58 87
61 81 67 87
110 82 116 88
75 83 81 89
146 83 152 89
179 83 185 89
83 84 89 90
181 85 187 91
192 85 198 91
12 86 18 92
73 87 79 93
52 88 58 94
7 89 13 95
16 90 22 96
84 90 90 96
147 91 153 97
40 92 46 98
117 92 123 98
52 93 58 99
81 94 87 100
89 94 95 100
92 94 98 100
71 96 77 102
175 96 181 102
90 97 96 103
194 97 200 103
56 98 62 104
63 98 69 104
85 98 91 104
111 99 117 105
177 99 183 105
61 100 67 106
33 101 39 107
116 101 122 107
57 103 63 109
96 104 102 110
43 105 49 111
61 106 67 112
26 108 32 114
185 108 191 114
176 109 182 115
41 110 47 116
138 110 144 116
22 112 28 118
103 112 109 118
65 113 71 119
190 113 196 119
16 114 22 120
129 114 135 120
174 114 180 120
40 115 46 121
48 115 54 121
27 116 33 122
105 116 111 122
31 117 37 123
171 117 177 123
112 118 118 124
192 118 198 124
151 119 157 125
171 123 177 129
194 123 200 129
112 124 118 130
94 125 100 131
83 126 89 132
95 126 101 132
186 126 192 132
55 127 61 133
136 128 142 134
166 128 172 134
56 129 62 135
67 130 73 136
123 131 129 137
147 132 153 138
32 135 38 141
125 135 131 141
149 135 155 141
173 135 179 141
4 136 10 142
48 136 54 142
164 136 170 142
180 136 186 142
28 137 34 143
184 137 190 143
143 138 149 144
77 141 83 147
127 142 133 148
-2 145 4 151
180 145 186 151
28 146 34 152
75 146 81 152
127 146 133 152
183 146 189 152
176 147 182 153
66 148 72 154
44 149 50 155
41 150 47 156
65 150 71 156
26 153 32 159
117 153 123 159
152 153 158 159
30 154 36 160
83 154 89 160
51 157 57 163
97 157 103 163
38 158 44 164
118 158 124 164
33 159 39 165
119 159 125 165
192 159 198 165
10 160 16 166
157 161 163 167
147 162 153 168
152 162 158 168
33 163 39 169
80 163 86 169
45 164 51 170
132 164 138 170
79 165 85 171
124 165 130 171
39 166 45 172
111 168 117 174
48 169 54 175
53 169 59 175
1 170 7 176
51 170 57 176
142 170 148 176
147 171 153 177
84 174 90 180
68 175 74 181
194 177 200 183
48 178 54 184
65 178 71 184
115 179 121 185
73 180 79 186
163 180 169 186
193 181 199 187
110 182 116 188
122 182 128 188
33 183 39 189
83 183 89 189
141 183 147 189
170 183 176 189
109 184 115 190
90 185 96 191
60 187 66 193
143 187 149 193
77 188 83 194
175 189 181 195
4 190 10 196
16 190 22 196
70 190 76 196
182 190 188 196
75 191 81 197
84 191 90 197
187 191 193 197
41 192 47 198
89 192 95 198
103 192 109 198
104 194 110 200
50 196 56 202
105 196 111 202
