479
36 -3 42 3
50 -3 56 3
100 -3 106 3
88 -2 94 4
103 -2 109 4
58 -1 64 5
68 -1 74 5
135 -1 141 5
163 -1 169 5
47 0 53 6
175 0 181 6
7 1 13 7
34 2 40 8
49 2 55 8
94 2 100 8
62 3 68 9
103 3 109 9
88 4 94 10
111 5 117 11
192 5 198 11
28 6 34 12
112 6 118 12
121 6 127 12
17 7 23 13
124 7 130 13
172 7 178 13
87 8 93 14
105 8 111 14
109 8 115 14
112 8 118 14
137 9 143 15
151 9 157 15
181 10 187 16
12 11 18 17
186 11 192 17
5 12 11 18
102 12 108 18
111 12 117 18
152 13 158 19
172 13 178 19
13 14 19 20
70 14 76 20
185 15 191 21
8 16 14 22
32 17 38 23
112 17 118 23
146 17 152 23
2 18 8 24
96 18 102 24
124 18 130 24
129 18 135 24
34 19 40 25
127 19 133 25
168 19 174 25
9 20 15 26
13 20 19 26
19 20 25 26
180 20 186 26
22 21 28 27
141 21 147 27
175 21 181 27
80 22 86 28
99 22 105 28
8 23 14 29
12 23 18 29
66 23 72 29
157 23 163 29
60 24 66 30
68 24 74 30
74 24 80 30
117 24 123 30
168 24 174 30
77 25 83 31
135 25 141 31
104 26 110 32
166 26 172 32
81 27 87 33
96 27 102 33
169 27 175 33
178 27 184 33
163 28 169 34
30 29 36 35
98 29 104 35
111 29 117 35
144 29 150 35
-1 30 5 36
28 30 34 36
122 30 128 36
173 30 179 36
79 31 85 37
88 31 94 37
122 31 128 37
169 31 175 37
74 32 80 38
82 32 88 38
156 32 162 38
183 32 189 38
48 33 54 39
62 33 68 39
88 33 94 39
114 33 120 39
88 34 94 40
95 34 101 40
167 34 173 40
72 35 78 41
18 36 24 42
130 36 136 42
82 37 88 43
105 37 111 43
168 37 174 43
58 38 64 44
94 39 100 45
144 39 150 45
12 40 18 46
93 40 99 46
25 41 31 47
43 41 49 47
55 41 61 47
77 41 83 47
119 41 125 47
14 42 20 48
135 42 141 48
132 43 138 49
86 44 92 50
99 44 105 50
146 44 152 50
104 45 110 51
27 46 33 52
41 46 47 52
67 46 73 52
68 48 74 54
73 49 79 55
110 49 116 55
165 50 171 56
98 52 104 58
177 52 183 58
29 53 35 59
143 53 149 59
196 53 202 59
12 54 18 60
64 54 70 60
167 54 173 60
64 55 70 61
92 55 98 61
128 55 134 61
137 55 143 61
191 55 197 61
28 56 34 62
20 57 26 63
57 57 63 63
99 57 105 63
5 59 11 65
91 59 97 65
160 59 166 65
165 59 171 65
108 60 114 66
129 60 135 66
29 61 35 67
75 61 81 67
93 61 99 67
176 61 182 67
124 62 130 68
171 62 177 68
64 63 70 69
74 63 80 69
184 63 190 69
18 64 24 70
23 64 29 70
122 64 128 70
99 66 105 72
19 67 25 73
36 67 42 73
89 67 95 73
136 67 142 73
145 67 151 73
15 68 21 74
10 69 16 75
116 69 122 75
92 70 98 76
80 71 86 77
109 71 115 77
115 71 121 77
9 73 15 79
82 73 88 79
100 73 106 79
111 73 117 79
175 73 181 79
38 74 44 80
96 74 102 80
173 74 179 80
126 75 132 81
13 76 19 82
72 78 78 84
118 78 124 84
16 79 22 85
32 79 38 85
64 79 70 85
141 79 147 85
37 81 43 87
52 81 58 87
119 81 125 87
61 82 67 88
171 82 177 88
75 83 81 89
146 83 152 89
179 83 185 89
12 85 18 91
83 85 89 91
89 85 95 91
183 85 189 91
194 85 200 91
164 86 170 92
72 87 78 93
181 87 187 93
51 88 57 94
169 88 175 94
7 89 13 95
66 89 72 95
100 89 106 95
16 90 22 96
85 90 91 96
101 90 107 96
161 90 167 96
40 91 46 97
96 91 102 97
147 91 153 97
117 92 123 98
189 92 195 98
18 93 24 99
52 93 58 99
89 93 95 99
80 94 86 100
92 94 98 100
190 95 196 101
20 96 26 102
87 96 93 102
174 96 180 102
43 97 49 103
71 97 77 103
90 97 96 103
56 98 62 104
63 98 69 104
85 98 91 104
111 99 117 105
178 99 184 105
87 100 93 106
33 101 39 107
61 101 67 107
92 101 98 107
117 101 123 107
143 102 149 108
57 103 63 109
88 103 94 109
95 103 101 109
23 104 29 110
27 104 33 110
102 104 108 110
103 105 109 111
155 105 161 111
62 106 68 112
158 106 164 112
123 107 129 113
184 108 190 114
41 110 47 116
137 110 143 116
23 112 29 118
103 112 109 118
65 113 71 119
190 113 196 119
16 114 22 120
52 114 58 120
129 114 135 120
145 114 151 120
174 114 180 120
47 115 53 121
27 116 33 122
40 116 46 122
105 116 111 122
171 117 177 123
185 117 191 123
113 118 119 124
192 118 198 124
151 119 157 125
186 119 192 125
164 120 170 126
101 121 107 127
76 122 82 128
166 122 172 128
102 123 108 129
158 123 164 129
171 123 177 129
195 123 201 129
112 124 118 130
92 125 98 131
83 126 89 132
140 126 146 132
151 126 157 132
157 126 163 132
179 126 185 132
186 126 192 132
55 127 61 133
96 127 102 133
177 127 183 133
136 128 142 134
141 128 147 134
150 128 156 134
166 128 172 134
56 129 62 135
67 130 73 136
151 130 157 136
123 131 129 137
153 131 159 137
190 131 196 137
58 132 64 138
81 132 87 138
112 132 118 138
130 132 136 138
134 132 140 138
32 134 38 140
79 134 85 140
109 134 115 140
48 135 54 141
125 135 131 141
150 135 156 141
180 135 186 141
4 136 10 142
164 136 170 142
28 137 34 143
127 137 133 143
184 137 190 143
128 138 134 144
157 138 163 144
171 139 177 145
196 139 202 145
-3 140 3 146
7 140 13 146
26 140 32 146
171 140 177 146
78 141 84 147
2 142 8 148
5 142 11 148
127 142 133 148
6 143 12 149
8 144 14 150
-2 145 4 151
41 145 47 151
180 145 186 151
30 146 36 152
69 146 75 152
74 146 80 152
184 146 190 152
190 146 196 152
38 147 44 153
127 147 133 153
135 147 141 153
139 147 145 153
176 147 182 153
66 148 72 154
44 149 50 155
77 149 83 155
164 149 170 155
193 149 199 155
79 150 85 156
120 150 126 156
8 151 14 157
65 151 71 157
166 151 172 157
11 152 17 158
26 153 32 159
53 153 59 159
117 153 123 159
169 153 175 159
30 154 36 160
56 154 62 160
84 154 90 160
59 155 65 161
94 155 100 161
142 155 148 161
60 156 66 162
95 156 101 162
38 157 44 163
51 157 57 163
97 157 103 163
117 157 123 163
33 159 39 165
120 159 126 165
192 159 198 165
10 160 16 166
116 160 122 166
147 162 153 168
152 162 158 168
33 163 39 169
53 163 59 169
81 163 87 169
107 163 113 169
116 163 122 169
45 164 51 170
132 164 138 170
163 164 169 170
21 165 27 171
66 165 72 171
78 165 84 171
124 165 130 171
161 165 167 171
62 166 68 172
165 166 171 172
2 167 8 173
39 167 45 173
5 168 11 174
91 168 97 174
92 168 98 174
111 168 117 174
28 169 34 175
164 169 170 175
142 170 148 176
26 171 32 177
51 171 57 177
107 171 113 177
147 171 153 177
153 171 159 177
62 172 68 178
128 173 134 179
84 174 90 180
127 174 133 180
177 175 183 181
180 176 186 182
195 176 201 182
149 177 155 183
48 178 54 184
65 178 71 184
72 178 78 184
41 179 47 185
115 179 121 185
74 180 80 186
183 180 189 186
186 180 192 186
21 181 27 187
110 181 116 187
122 182 128 188
155 182 161 188
33 183 39 189
140 183 146 189
171 183 177 189
83 184 89 190
118 184 124 190
90 185 96 191
117 185 123 191
157 185 163 191
148 186 154 192
0 187 6 193
60 187 66 193
109 187 115 193
143 187 149 193
149 187 155 193
183 187 189 193
129 188 135 194
185 188 191 194
54 189 60 195
79 189 85 195
166 189 172 195
175 189 181 195
5 190 11 196
16 190 22 196
51 190 57 196
70 190 76 196
182 190 188 196
41 191 47 197
75 191 81 197
84 191 90 197
102 191 108 197
158 191 164 197
188 191 194 197
89 192 95 198
133 192 139 198
-3 194 3 200
79 194 85 200
104 194 110 200
81 196 87 202
106 196 112 202
