164
36 -3 42 3
135 -3 141 3
88 -2 94 4
-1 -1 5 5
68 0 74 6
174 0 180 6
34 2 40 8
96 2 102 8
103 5 109 11
28 6 34 12
137 9 143 15
0 10 6 16
125 18 131 24
97 19 103 25
170 19 176 25
2 20 8 26
20 20 26 26
178 20 184 26
141 21 147 27
176 21 182 27
61 24 67 30
135 25 141 31
163 26 169 32
111 29 117 35
-1 30 5 36
48 33 54 39
62 33 68 39
74 33 80 39
114 33 120 39
72 35 78 41
69 37 75 43
105 37 111 43
95 38 101 44
25 39 31 45
77 41 83 47
119 41 125 47
88 44 94 50
99 46 105 52
110 47 116 53
139 48 145 54
27 49 33 55
74 49 80 55
98 51 104 57
143 51 149 57
121 52 127 58
176 52 182 58
195 53 201 59
11 54 17 60
84 54 90 60
191 54 197 60
137 56 143 62
6 59 12 65
131 59 137 65
93 61 99 67
108 61 114 67
64 63 70 69
19 64 25 70
23 64 29 70
2 65 8 71
97 66 103 72
89 67 95 73
136 67 142 73
142 67 148 73
92 70 98 76
72 79 78 85
141 79 147 85
81 80 87 86
74 83 80 89
181 83 187 89
12 86 18 92
90 86 96 92
73 87 79 93
7 89 13 95
16 90 22 96
84 90 90 96
93 91 99 97
117 91 123 97
147 91 153 97
40 92 46 98
82 93 88 99
66 94 72 100
71 95 77 101
89 96 95 102
175 96 181 102
194 96 200 102
56 98 62 104
85 98 91 104
111 99 117 105
116 101 122 107
143 102 149 108
57 103 63 109
43 105 49 111
61 105 67 111
139 110 145 116
103 112 109 118
65 113 71 119
190 113 196 119
16 114 22 120
128 114 134 120
145 114 151 120
174 114 180 120
105 116 111 122
171 117 177 123
111 118 117 124
192 118 198 124
151 119 157 125
171 123 177 129
194 123 200 129
112 124 118 130
186 126 192 132
67 130 73 136
32 135 38 141
173 135 179 141
4 136 10 142
48 136 54 142
164 136 170 142
181 136 187 142
28 137 34 143
183 137 189 143
143 138 149 144
2 142 8 148
28 144 34 150
-2 145 4 151
68 146 74 152
176 147 182 153
152 153 158 159
30 154 36 160
82 154 88 160
3 155 9 161
101 155 107 161
52 157 58 163
98 157 104 163
38 159 44 165
192 159 198 165
9 160 15 166
33 160 39 166
157 161 163 167
33 163 39 169
21 164 27 170
45 164 51 170
124 165 130 171
38 166 44 172
48 166 54 172
1 170 7 176
142 170 148 176
84 174 90 180
48 178 54 184
189 178 195 184
115 179 121 185
19 181 25 187
122 182 128 188
33 183 39 189
141 183 147 189
168 183 174 189
143 187 149 193
129 188 135 194
175 189 181 195
16 190 22 196
70 190 76 196
167 190 173 196
103 192 109 198
133 192 139 198
41 193 47 199
50 195 56 201
