116
36 -3 42 3
88 -2 94 4
-1 0 5 6
68 0 74 6
174 0 180 6
34 2 40 8
96 2 102 8
28 6 34 12
0 10 6 16
70 13 76 19
2 20 8 26
20 20 26 26
61 24 67 30
135 25 141 31
104 26 110 32
111 29 117 35
-1 30 5 36
48 33 54 39
62 33 68 39
114 33 120 39
105 37 111 43
95 39 101 45
76 41 82 47
119 41 125 47
88 44 94 50
110 47 116 53
74 48 80 54
27 50 33 56
121 52 127 58
176 52 182 58
185 52 191 58
10 54 16 60
84 54 90 60
136 56 142 62
134 58 140 64
7 59 13 65
108 60 114 66
64 63 70 69
2 65 8 71
126 75 132 81
141 79 147 85
52 81 58 87
146 83 152 89
187 85 193 91
12 87 18 93
73 87 79 93
7 89 13 95
117 90 123 96
147 91 153 97
40 92 46 98
194 94 200 100
114 101 120 107
143 102 149 108
97 104 103 110
43 105 49 111
186 108 192 114
176 109 182 115
141 110 147 116
22 112 28 118
103 112 109 118
65 113 71 119
190 113 196 119
128 114 134 120
145 114 151 120
174 114 180 120
105 116 111 122
171 117 177 123
111 118 117 124
192 118 198 124
151 119 157 125
112 123 118 129
171 123 177 129
83 126 89 132
55 127 61 133
166 127 172 133
137 128 143 134
67 130 73 136
173 135 179 141
48 136 54 142
164 136 170 142
143 137 149 143
2 142 8 148
-2 145 4 151
68 146 74 152
38 147 44 153
176 147 182 153
82 154 88 160
3 155 9 161
53 157 59 163
8 160 14 166
157 161 163 167
21 164 27 170
132 164 138 170
124 165 130 171
1 170 7 176
142 170 148 176
84 174 90 180
48 178 54 184
189 178 195 184
115 179 121 185
163 180 169 186
18 181 24 187
83 181 89 187
122 182 128 188
33 183 39 189
166 183 172 189
62 187 68 193
129 188 135 194
175 189 181 195
17 190 23 196
168 190 174 196
75 191 81 197
83 191 89 197
103 192 109 198
41 193 47 199
50 195 56 201
