128
36 -3 42 3
88 -2 94 4
-1 0 5 6
174 0 180 6
28 6 34 12
137 9 143 15
0 10 6 16
70 13 76 19
125 18 131 24
170 19 176 25
20 20 26 26
141 21 147 27
61 24 67 30
135 25 141 31
104 26 110 32
111 29 117 35
-1 30 5 36
48 33 54 39
62 33 68 39
114 33 120 39
105 37 111 43
95 39 101 45
77 41 83 47
119 41 125 47
88 44 94 50
110 47 116 53
74 48 80 54
139 48 145 54
121 52 127 58
176 52 182 58
10 54 16 60
84 54 90 60
137 56 143 62
6 59 12 65
132 59 138 65
28 61 34 67
108 61 114 67
64 63 70 69
93 64 99 70
2 65 8 71
95 66 101 72
92 69 98 75
126 75 132 81
141 79 147 85
72 80 78 86
52 81 58 87
74 83 80 89
110 83 116 89
146 83 152 89
182 83 188 89
171 84 177 90
188 85 194 91
12 86 18 92
90 87 96 93
7 89 13 95
16 90 22 96
147 91 153 97
40 92 46 98
194 95 200 101
88 96 94 102
86 97 92 103
56 98 62 104
111 99 117 105
115 101 121 107
143 102 149 108
97 104 103 110
43 105 49 111
140 110 146 116
22 112 28 118
103 112 109 118
65 113 71 119
190 113 196 119
16 114 22 120
128 114 134 120
145 114 151 120
174 114 180 120
105 116 111 122
171 117 177 123
111 118 117 124
192 118 198 124
151 119 157 125
193 123 199 129
112 124 118 130
83 126 89 132
186 126 192 132
55 127 61 133
166 127 172 133
137 128 143 134
67 130 73 136
173 135 179 141
4 136 10 142
48 136 54 142
164 136 170 142
143 137 149 143
2 142 8 148
-2 145 4 151
68 146 74 152
38 147 44 153
176 147 182 153
82 154 88 160
152 154 158 160
3 155 9 161
53 157 59 163
192 159 198 165
9 160 15 166
157 161 163 167
21 164 27 170
132 164 138 170
1 170 7 176
84 174 90 180
48 178 54 184
189 178 195 184
115 179 121 185
163 180 169 186
18 181 24 187
122 182 128 188
33 183 39 189
167 183 173 189
61 187 67 193
129 188 135 194
175 189 181 195
17 190 23 196
70 190 76 196
75 191 81 197
83 191 89 197
90 192 96 198
103 192 109 198
41 193 47 199
