207
36 -3 42 3
88 -2 94 4
135 -2 141 4
-1 -1 5 5
68 0 74 6
174 0 180 6
6 1 12 7
103 4 109 10
5 5 11 11
28 6 34 12
106 8 112 14
137 9 143 15
-1 10 5 16
5 13 11 19
70 13 76 19
7 15 13 21
96 18 102 24
125 18 131 24
169 19 175 25
2 20 8 26
20 20 26 26
180 20 186 26
99 21 105 27
141 21 147 27
158 23 164 29
61 24 67 30
117 24 123 30
135 25 141 31
104 26 110 32
120 26 126 32
163 26 169 32
-1 30 5 36
19 32 25 38
74 32 80 38
184 32 190 38
48 33 54 39
62 33 68 39
187 34 193 40
72 35 78 41
18 36 24 42
69 37 75 43
82 37 88 43
95 37 101 43
105 37 111 43
25 39 31 45
77 41 83 47
119 41 125 47
88 44 94 50
99 45 105 51
139 47 145 53
110 48 116 54
74 49 80 55
143 51 149 57
165 51 171 57
98 52 104 58
121 52 127 58
176 52 182 58
167 53 173 59
196 53 202 59
11 54 17 60
84 54 90 60
191 54 197 60
137 56 143 62
99 58 105 64
5 59 11 65
101 59 107 65
131 59 137 65
28 61 34 67
93 61 99 67
108 61 114 67
64 63 70 69
19 64 25 70
2 65 8 71
99 66 105 72
17 67 23 73
89 67 95 73
136 67 142 73
143 67 149 73
36 69 42 75
92 70 98 76
126 75 132 81
14 76 20 82
72 79 78 85
81 79 87 85
141 79 147 85
52 81 58 87
110 82 116 88
146 83 152 89
180 83 186 89
83 84 89 90
171 84 177 90
191 85 197 91
12 86 18 92
73 87 79 93
52 88 58 94
7 89 13 95
16 90 22 96
84 90 90 96
94 91 100 97
147 91 153 97
52 92 58 98
117 92 123 98
66 93 72 99
81 93 87 99
89 96 95 102
194 97 200 103
56 98 62 104
85 98 91 104
111 99 117 105
177 99 183 105
116 101 122 107
143 102 149 108
97 104 103 110
61 105 67 111
29 106 35 112
27 108 33 114
185 108 191 114
176 109 182 115
41 110 47 116
138 110 144 116
22 112 28 118
103 112 109 118
65 113 71 119
190 113 196 119
16 114 22 120
40 114 46 120
128 114 134 120
145 114 151 120
174 114 180 120
105 116 111 122
112 118 118 124
192 118 198 124
151 119 157 125
194 123 200 129
112 124 118 130
83 126 89 132
137 128 143 134
166 128 172 134
67 130 73 136
123 131 129 137
32 135 38 141
125 135 131 141
148 135 154 141
173 135 179 141
4 136 10 142
48 136 54 142
164 136 170 142
180 136 186 142
28 137 34 143
184 137 190 143
143 138 149 144
27 140 33 146
2 142 8 148
77 142 83 148
76 145 82 151
28 146 34 152
38 147 44 153
176 147 182 153
26 153 32 159
152 153 158 159
3 155 9 161
102 155 108 161
33 159 39 165
192 159 198 165
10 160 16 166
157 161 163 167
148 162 154 168
33 163 39 169
21 164 27 170
45 164 51 170
132 164 138 170
39 166 45 172
48 168 54 174
110 168 116 174
1 170 7 176
142 170 148 176
108 171 114 177
147 171 153 177
84 174 90 180
68 176 74 182
48 178 54 184
65 178 71 184
190 178 196 184
115 179 121 185
163 180 169 186
19 181 25 187
193 181 199 187
33 183 39 189
83 183 89 189
141 183 147 189
169 183 175 189
89 185 95 191
60 187 66 193
143 187 149 193
129 188 135 194
175 189 181 195
4 190 10 196
16 190 22 196
70 190 76 196
182 190 188 196
75 191 81 197
83 191 89 197
185 191 191 197
90 192 96 198
103 192 109 198
133 192 139 198
50 195 56 201
