182
135 -3 141 3
88 -2 94 4
-1 -1 5 5
68 0 74 6
174 0 180 6
6 2 12 8
34 2 40 8
96 2 102 8
5 4 11 10
103 5 109 11
28 6 34 12
105 8 111 14
137 9 143 15
0 10 6 16
97 18 103 24
170 19 176 25
2 20 8 26
20 20 26 26
99 20 105 26
141 21 147 27
176 21 182 27
61 24 67 30
159 24 165 30
135 25 141 31
104 26 110 32
163 26 169 32
111 29 117 35
-1 30 5 36
85 31 91 37
19 32 25 38
185 32 191 38
48 33 54 39
74 33 80 39
114 33 120 39
18 34 24 40
72 35 78 41
69 37 75 43
82 37 88 43
105 37 111 43
95 38 101 44
25 39 31 45
77 41 83 47
119 41 125 47
99 45 105 51
110 47 116 53
139 47 145 53
27 49 33 55
74 49 80 55
143 51 149 57
98 52 104 58
121 52 127 58
185 52 191 58
195 53 201 59
11 54 17 60
84 54 90 60
191 54 197 60
137 56 143 62
5 59 11 65
131 59 137 65
28 61 34 67
93 61 99 67
108 61 114 67
64 63 70 69
19 64 25 70
23 64 29 70
2 65 8 71
98 66 104 72
89 67 95 73
136 67 142 73
142 67 148 73
92 70 98 76
126 75 132 81
72 79 78 85
81 79 87 85
141 79 147 85
52 81 58 87
110 82 116 88
146 83 152 89
181 83 187 89
83 84 89 90
171 84 177 90
12 86 18 92
90 86 96 92
7 89 13 95
16 90 22 96
117 91 123 97
147 91 153 97
40 92 46 98
66 94 72 100
71 95 77 101
89 96 95 102
175 96 181 102
194 96 200 102
56 98 62 104
85 98 91 104
111 99 117 105
177 99 183 105
116 101 122 107
143 102 149 108
57 103 63 109
97 104 103 110
186 108 192 114
176 109 182 115
41 110 47 116
139 110 145 116
22 112 28 118
40 112 46 118
103 112 109 118
65 113 71 119
190 113 196 119
16 114 22 120
174 114 180 120
105 116 111 122
171 117 177 123
111 118 117 124
151 119 157 125
171 123 177 129
194 123 200 129
112 124 118 130
83 126 89 132
186 126 192 132
55 127 61 133
166 127 172 133
137 128 143 134
67 130 73 136
32 135 38 141
173 135 179 141
4 136 10 142
48 136 54 142
164 136 170 142
180 136 186 142
28 137 34 143
183 137 189 143
143 138 149 144
2 142 8 148
-2 145 4 151
28 145 34 151
68 146 74 152
38 147 44 153
176 147 182 153
152 153 158 159
30 154 36 160
82 154 88 160
102 155 108 161
52 157 58 163
98 157 104 163
38 159 44 165
192 159 198 165
10 160 16 166
157 161 163 167
33 163 39 169
21 164 27 170
132 164 138 170
124 165 130 171
38 166 44 172
48 167 54 173
1 170 7 176
142 170 148 176
84 174 90 180
67 177 73 183
48 178 54 184
66 178 72 184
189 178 195 184
115 179 121 185
163 180 169 186
122 182 128 188
33 183 39 189
141 183 147 189
168 183 174 189
89 185 95 191
60 187 66 193
143 187 149 193
129 188 135 194
175 189 181 195
16 190 22 196
70 190 76 196
167 190 173 196
75 191 81 197
83 191 89 197
90 192 96 198
41 193 47 199
50 195 56 201
