286
36 -3 42 3
88 -2 94 4
-1 -1 5 5
135 -1 141 5
68 0 74 6
175 0 181 6
6 1 12 7
34 2 40 8
95 2 101 8
5 5 11 11
28 6 34 12
18 8 24 14
106 8 112 14
-1 10 5 16
19 11 25 17
98 11 104 17
101 12 107 18
13 13 19 19
111 13 117 19
8 16 14 22
112 16 118 22
96 18 102 24
125 18 131 24
2 19 8 25
169 19 175 25
20 20 26 26
180 20 186 26
13 21 19 27
141 21 147 27
12 22 18 28
99 22 105 28
158 23 164 29
61 24 67 30
117 24 123 30
135 25 141 31
80 26 86 32
121 26 127 32
163 27 169 33
111 29 117 35
-1 30 5 36
87 31 93 37
19 32 25 38
74 32 80 38
156 32 162 38
183 32 189 38
48 33 54 39
114 33 120 39
158 34 164 40
188 34 194 40
72 35 78 41
18 36 24 42
95 36 101 42
69 37 75 43
82 37 88 43
105 37 111 43
58 38 64 44
25 40 31 46
55 40 61 46
43 41 49 47
77 41 83 47
119 41 125 47
144 41 150 47
134 42 140 48
133 43 139 49
146 43 152 49
87 44 93 50
99 44 105 50
41 45 47 51
139 47 145 53
27 48 33 54
110 48 116 54
74 49 80 55
165 50 171 56
98 52 104 58
121 52 127 58
185 52 191 58
196 53 202 59
11 54 17 60
167 54 173 60
191 54 197 60
137 56 143 62
56 57 62 63
99 57 105 63
5 59 11 65
101 59 107 65
161 59 167 65
54 60 60 66
28 61 34 67
93 61 99 67
108 61 114 67
174 61 180 67
173 62 179 68
64 63 70 69
19 64 25 70
23 64 29 70
2 65 8 71
99 66 105 72
18 67 24 73
136 67 142 73
144 67 150 73
15 68 21 74
36 68 42 74
10 69 16 75
92 70 98 76
48 71 54 77
9 72 15 78
100 73 106 79
49 74 55 80
97 74 103 80
126 75 132 81
13 76 19 82
81 77 87 83
16 79 22 85
64 79 70 85
72 79 78 85
141 79 147 85
41 80 47 86
39 81 45 87
52 81 58 87
61 82 67 88
75 83 81 89
146 83 152 89
171 83 177 89
179 83 185 89
83 84 89 90
12 85 18 91
90 85 96 91
183 85 189 91
181 86 187 92
73 87 79 93
52 88 58 94
7 89 13 95
16 90 22 96
84 90 90 96
66 91 72 97
95 91 101 97
147 91 153 97
40 92 46 98
190 92 196 98
89 93 95 99
81 94 87 100
92 94 98 100
88 96 94 102
174 96 180 102
71 97 77 103
90 97 96 103
85 98 91 104
177 99 183 105
116 101 122 107
57 103 63 109
96 103 102 109
24 104 30 110
27 104 33 110
35 104 41 110
128 104 134 110
129 104 135 110
43 105 49 111
31 106 37 112
61 106 67 112
26 108 32 114
185 108 191 114
176 109 182 115
138 110 144 116
22 112 28 118
190 113 196 119
16 114 22 120
52 114 58 120
129 114 135 120
145 114 151 120
174 114 180 120
40 115 46 121
27 116 33 122
105 116 111 122
31 117 37 123
171 117 177 123
112 118 118 124
192 118 198 124
151 119 157 125
171 123 177 129
195 123 201 129
112 124 118 130
93 125 99 131
186 126 192 132
55 127 61 133
95 127 101 133
166 128 172 134
123 131 129 137
147 132 153 138
110 133 116 139
111 133 117 139
32 135 38 141
125 135 131 141
149 135 155 141
173 135 179 141
4 136 10 142
48 136 54 142
180 136 186 142
28 137 34 143
184 137 190 143
143 138 149 144
27 140 33 146
2 142 8 148
127 142 133 148
29 146 35 152
68 146 74 152
75 146 81 152
183 146 189 152
38 147 44 153
127 147 133 153
176 147 182 153
191 147 197 153
66 148 72 154
44 149 50 155
164 149 170 155
120 150 126 156
41 151 47 157
65 151 71 157
26 153 32 159
117 153 123 159
140 153 146 159
55 154 61 160
83 154 89 160
102 155 108 161
141 155 147 161
97 157 103 163
38 158 44 164
118 158 124 164
33 159 39 165
120 159 126 165
192 159 198 165
10 160 16 166
157 161 163 167
152 162 158 168
33 163 39 169
21 164 27 170
45 164 51 170
124 165 130 171
39 167 45 173
111 168 117 174
48 169 54 175
0 170 6 176
51 170 57 176
142 170 148 176
107 171 113 177
147 171 153 177
153 171 159 177
84 174 90 180
68 175 74 181
194 177 200 183
48 178 54 184
72 178 78 184
115 179 121 185
40 180 46 186
74 180 80 186
163 180 169 186
20 181 26 187
39 181 45 187
110 181 116 187
193 181 199 187
122 182 128 188
33 183 39 189
141 183 147 189
156 183 162 189
83 184 89 190
109 185 115 191
157 185 163 191
0 187 6 193
60 187 66 193
143 187 149 193
77 188 83 194
129 188 135 194
79 189 85 195
175 189 181 195
4 190 10 196
16 190 22 196
166 190 172 196
75 191 81 197
84 191 90 197
187 191 193 197
89 192 95 198
102 192 108 198
133 192 139 198
196 192 202 198
104 194 110 200
50 196 56 202
105 196 111 202
