557
28 -3 34 3
36 -3 42 3
50 -3 56 3
29 -2 35 4
88 -2 94 4
103 -2 109 4
58 -1 64 5
68 -1 74 5
135 -1 141 5
163 -1 169 5
47 0 53 6
176 0 182 6
7 1 13 7
191 1 197 7
34 2 40 8
49 2 55 8
62 2 68 8
71 2 77 8
94 2 100 8
71 3 77 9
103 3 109 9
88 4 94 10
5 5 11 11
58 5 64 11
60 5 66 11
192 5 198 11
28 6 34 12
113 6 119 12
121 6 127 12
17 7 23 13
124 7 130 13
172 7 178 13
86 8 92 14
109 8 115 14
137 9 143 15
151 9 157 15
-2 10 4 16
181 10 187 16
12 11 18 17
20 11 26 17
97 11 103 17
186 11 192 17
5 12 11 18
102 12 108 18
111 12 117 18
146 13 152 19
152 13 158 19
183 14 189 20
13 15 19 21
185 15 191 21
93 16 99 22
32 17 38 23
54 17 60 23
94 17 100 23
112 17 118 23
129 17 135 23
2 18 8 24
96 18 102 24
124 18 130 24
23 19 29 25
34 19 40 25
55 19 61 25
127 19 133 25
14 20 20 26
19 20 25 26
180 20 186 26
22 21 28 27
141 21 147 27
175 21 181 27
80 22 86 28
7 23 13 29
12 23 18 29
66 23 72 29
157 23 163 29
60 24 66 30
68 24 74 30
74 24 80 30
117 24 123 30
135 25 141 31
174 25 180 31
104 26 110 32
122 26 128 32
166 26 172 32
96 27 102 33
106 27 112 33
145 27 151 33
169 27 175 33
178 27 184 33
52 28 58 34
107 28 113 34
31 29 37 35
53 29 59 35
98 29 104 35
111 29 117 35
144 29 150 35
28 30 34 36
123 30 129 36
174 30 180 36
8 31 14 37
79 31 85 37
121 31 127 37
156 31 162 37
169 31 175 37
74 32 80 38
82 32 88 38
131 32 137 38
183 32 189 38
62 33 68 39
89 33 95 39
114 33 120 39
128 33 134 39
167 33 173 39
8 34 14 40
87 34 93 40
95 34 101 40
188 34 194 40
72 35 78 41
128 35 134 41
18 36 24 42
130 36 136 42
105 37 111 43
168 37 174 43
94 39 100 45
144 39 150 45
12 40 18 46
25 41 31 47
44 41 50 47
77 41 83 47
93 41 99 47
119 41 125 47
135 41 141 47
14 42 20 48
131 43 137 49
86 44 92 50
99 44 105 50
122 44 128 50
51 45 57 51
105 45 111 51
121 45 127 51
27 46 33 52
41 46 47 52
53 46 59 52
67 46 73 52
139 47 145 53
68 49 74 55
73 49 79 55
110 49 116 55
98 52 104 58
121 52 127 58
177 52 183 58
185 52 191 58
29 53 35 59
127 53 133 59
143 53 149 59
196 53 202 59
12 54 18 60
65 54 71 60
167 54 173 60
30 55 36 61
128 55 134 61
137 55 143 61
191 55 197 61
28 56 34 62
64 56 70 62
57 57 63 63
88 57 94 63
99 57 105 63
20 58 26 64
89 58 95 64
5 59 11 65
160 59 166 65
166 59 172 65
54 60 60 66
75 60 81 66
101 60 107 66
108 60 114 66
129 60 135 66
29 61 35 67
93 61 99 67
176 61 182 67
124 62 130 68
171 62 177 68
64 63 70 69
74 63 80 69
184 63 190 69
18 64 24 70
23 64 29 70
122 64 128 70
181 64 187 70
2 65 8 71
99 66 105 72
19 67 25 73
36 67 42 73
89 67 95 73
136 67 142 73
145 67 151 73
10 68 16 74
15 69 21 75
116 69 122 75
92 70 98 76
109 70 115 76
79 71 85 77
114 71 120 77
82 73 88 79
100 73 106 79
176 73 182 79
38 74 44 80
49 74 55 80
96 74 102 80
172 74 178 80
126 75 132 81
13 76 19 82
107 76 113 82
108 76 114 82
81 77 87 83
100 77 106 83
32 78 38 84
72 78 78 84
98 78 104 84
16 79 22 85
48 79 54 85
64 79 70 85
141 79 147 85
30 80 36 86
43 80 49 86
37 81 43 87
47 81 53 87
52 81 58 87
119 81 125 87
110 82 116 88
191 82 197 88
61 83 67 89
146 83 152 89
179 83 185 89
189 83 195 89
12 85 18 91
83 85 89 91
89 85 95 91
183 85 189 91
194 85 200 91
164 86 170 92
170 86 176 92
72 87 78 93
162 88 168 94
169 88 175 94
7 89 13 95
66 89 72 95
100 89 106 95
122 90 128 96
40 91 46 97
96 91 102 97
101 91 107 97
121 91 127 97
147 91 153 97
117 92 123 98
189 92 195 98
18 93 24 99
89 93 95 99
80 94 86 100
92 94 98 100
162 95 168 101
190 95 196 101
102 96 108 102
20 97 26 103
43 97 49 103
71 97 77 103
90 97 96 103
103 97 109 103
6 98 12 104
56 98 62 104
63 98 69 104
85 98 91 104
6 99 12 105
44 99 50 105
111 99 117 105
178 99 184 105
87 100 93 106
109 100 115 106
61 101 67 107
92 101 98 107
109 102 115 108
143 102 149 108
57 103 63 109
88 103 94 109
92 103 98 109
123 103 129 109
127 103 133 109
156 103 162 109
23 104 29 110
27 104 33 110
91 104 97 110
102 104 108 110
132 104 138 110
158 104 164 110
43 105 49 111
103 105 109 111
154 105 160 111
32 106 38 112
62 106 68 112
123 107 129 113
158 107 164 113
184 108 190 114
176 109 182 115
41 110 47 116
137 110 143 116
24 112 30 118
103 112 109 118
65 113 71 119
190 113 196 119
16 114 22 120
52 114 58 120
130 114 136 120
145 114 151 120
174 114 180 120
47 115 53 121
93 115 99 121
27 116 33 122
40 116 46 122
91 116 97 122
105 116 111 122
31 117 37 123
171 117 177 123
184 117 190 123
46 118 52 124
114 118 120 124
191 118 197 124
44 119 50 125
150 119 156 125
187 119 193 125
101 120 107 126
75 121 81 127
77 122 83 128
166 122 172 128
158 123 164 129
170 123 176 129
195 123 201 129
102 124 108 130
112 124 118 130
11 125 17 131
92 125 98 131
118 125 124 131
140 125 146 131
179 125 185 131
83 126 89 132
152 126 158 132
156 126 162 132
55 127 61 133
119 127 125 133
177 127 183 133
12 128 18 134
141 128 147 134
150 128 156 134
56 129 62 135
67 130 73 136
151 130 157 136
179 130 185 136
153 131 159 137
81 132 87 138
112 132 118 138
129 132 135 138
134 132 140 138
147 132 153 138
58 133 64 139
189 133 195 139
32 134 38 140
68 134 74 140
79 134 85 140
109 134 115 140
48 135 54 141
69 135 75 141
125 135 131 141
142 135 148 141
150 135 156 141
173 135 179 141
180 135 186 141
16 136 22 142
164 136 170 142
17 137 23 143
127 137 133 143
155 137 161 143
184 137 190 143
128 138 134 144
132 138 138 144
158 138 164 144
196 138 202 144
134 139 140 145
172 139 178 145
-3 140 3 146
7 140 13 146
109 140 115 146
170 140 176 146
78 141 84 147
85 141 91 147
110 141 116 147
2 142 8 148
5 142 11 148
86 142 92 148
127 142 133 148
6 143 12 149
43 143 49 149
9 144 15 150
180 144 186 150
-2 145 4 151
41 145 47 151
101 145 107 151
30 146 36 152
73 146 79 152
184 146 190 152
190 146 196 152
127 147 133 153
135 147 141 153
139 147 145 153
176 147 182 153
33 148 39 154
66 148 72 154
44 149 50 155
77 149 83 155
100 149 106 155
164 149 170 155
32 150 38 156
79 150 85 156
121 150 127 156
8 151 14 157
65 151 71 157
166 151 172 157
11 152 17 158
41 152 47 158
150 152 156 158
152 152 158 158
26 153 32 159
53 153 59 159
117 153 123 159
139 153 145 159
153 153 159 159
169 153 175 159
30 154 36 160
56 154 62 160
84 154 90 160
3 155 9 161
59 155 65 161
93 155 99 161
103 155 109 161
142 155 148 161
172 155 178 161
38 156 44 162
61 156 67 162
95 156 101 162
97 157 103 163
117 157 123 163
120 158 126 164
10 159 16 165
33 159 39 165
17 160 23 166
116 160 122 166
157 161 163 167
33 162 39 168
120 162 126 168
147 162 153 168
152 162 158 168
53 163 59 169
81 163 87 169
107 163 113 169
116 163 122 169
45 164 51 170
104 164 110 170
120 164 126 170
132 164 138 170
163 164 169 170
21 165 27 171
54 165 60 171
66 165 72 171
77 165 83 171
124 165 130 171
161 165 167 171
62 166 68 172
165 166 171 172
2 167 8 173
39 167 45 173
5 168 11 174
111 168 117 174
29 169 35 175
48 169 54 175
53 169 59 175
92 169 98 175
159 169 165 175
164 169 170 175
142 170 148 176
183 170 189 176
0 171 6 177
25 171 31 177
107 171 113 177
153 171 159 177
158 171 164 177
182 171 188 177
63 172 69 178
60 173 66 179
84 174 90 180
126 174 132 180
151 174 157 180
68 175 74 181
177 175 183 181
180 176 186 182
195 176 201 182
-1 177 5 183
149 177 155 183
65 178 71 184
72 178 78 184
190 178 196 184
41 179 47 185
74 180 80 186
183 180 189 186
186 180 192 186
21 181 27 187
110 181 116 187
193 181 199 187
122 182 128 188
155 182 161 188
33 183 39 189
39 183 45 189
140 183 146 189
171 183 177 189
118 184 124 190
83 185 89 191
90 185 96 191
116 185 122 191
148 186 154 192
157 186 163 192
0 187 6 193
60 187 66 193
77 187 83 193
109 187 115 193
150 187 156 193
129 188 135 194
54 189 60 195
166 189 172 195
175 189 181 195
16 190 22 196
41 190 47 196
51 190 57 196
70 190 76 196
125 190 131 196
182 190 188 196
75 191 81 197
84 191 90 197
102 191 108 197
189 191 195 197
89 192 95 198
124 192 130 198
133 192 139 198
156 192 162 198
195 192 201 198
-3 194 3 200
79 194 85 200
104 194 110 200
81 196 87 202
106 196 112 202
161 196 167 202
