375
36 -3 42 3
50 -3 56 3
100 -3 106 3
162 -3 168 3
88 -2 94 4
103 -2 109 4
163 -2 169 4
-1 -1 5 5
59 -1 65 5
47 0 53 6
68 0 74 6
7 1 13 7
49 1 55 7
34 2 40 8
95 2 101 8
191 2 197 8
61 3 67 9
87 4 93 10
192 4 198 10
5 5 11 11
28 6 34 12
18 7 24 13
87 7 93 13
124 7 130 13
172 7 178 13
106 8 112 14
110 8 116 14
112 8 118 14
137 9 143 15
-2 10 4 16
182 10 188 16
20 11 26 17
97 11 103 17
5 12 11 18
102 12 108 18
172 12 178 18
70 13 76 19
111 13 117 19
146 13 152 19
152 13 158 19
13 14 19 20
8 16 14 22
146 16 152 22
112 17 118 23
32 18 38 24
96 18 102 24
124 18 130 24
129 18 135 24
2 19 8 25
33 19 39 25
127 19 133 25
169 19 175 25
9 20 15 26
180 20 186 26
141 21 147 27
175 21 181 27
8 22 14 28
80 22 86 28
99 22 105 28
12 23 18 29
158 23 164 29
61 24 67 30
75 24 81 30
117 24 123 30
77 25 83 31
135 25 141 31
167 25 173 31
81 26 87 32
104 26 110 32
167 26 173 32
175 26 181 32
163 27 169 33
177 27 183 33
111 29 117 35
-1 30 5 36
172 30 178 36
79 31 85 37
82 31 88 37
88 31 94 37
169 31 175 37
19 32 25 38
74 32 80 38
156 32 162 38
48 33 54 39
62 33 68 39
114 33 120 39
131 33 137 39
130 34 136 40
167 34 173 40
188 34 194 40
72 35 78 41
95 35 101 41
158 35 164 41
18 36 24 42
168 36 174 42
82 37 88 43
105 37 111 43
69 38 75 44
25 40 31 46
144 40 150 46
55 41 61 47
119 41 125 47
135 42 141 48
132 43 138 49
87 44 93 50
99 44 105 50
146 44 152 50
41 45 47 51
104 45 110 51
27 47 33 53
104 48 110 54
110 49 116 55
98 52 104 58
121 52 127 58
143 52 149 58
176 52 182 58
185 52 191 58
12 54 18 60
84 54 90 60
167 54 173 60
92 56 98 62
137 56 143 62
57 57 63 63
91 57 97 63
5 59 11 65
160 59 166 65
165 59 171 65
54 60 60 66
101 60 107 66
129 60 135 66
93 61 99 67
108 61 114 67
124 62 130 68
172 62 178 68
19 64 25 70
23 64 29 70
122 64 128 70
2 65 8 71
18 67 24 73
89 67 95 73
144 67 150 73
15 68 21 74
36 68 42 74
10 69 16 75
48 71 54 77
109 71 115 77
9 73 15 79
100 73 106 79
49 74 55 80
96 74 102 80
126 75 132 81
81 77 87 83
16 79 22 85
64 79 70 85
72 79 78 85
118 79 124 85
141 79 147 85
42 80 48 86
38 81 44 87
119 81 125 87
61 82 67 88
75 83 81 89
171 83 177 89
179 83 185 89
89 85 95 91
183 85 189 91
170 86 176 92
181 86 187 92
73 87 79 93
164 87 170 93
51 88 57 94
169 88 175 94
7 89 13 95
16 90 22 96
84 90 90 96
40 91 46 97
147 91 153 97
117 92 123 98
189 92 195 98
18 93 24 99
52 93 58 99
89 93 95 99
80 94 86 100
190 95 196 101
19 96 25 102
71 97 77 103
90 97 96 103
56 98 62 104
63 98 69 104
85 98 91 104
111 99 117 105
178 99 184 105
87 100 93 106
33 101 39 107
91 101 97 107
117 101 123 107
88 102 94 108
143 102 149 108
57 103 63 109
95 103 101 109
23 104 29 110
35 104 41 110
131 104 137 110
43 105 49 111
32 106 38 112
61 106 67 112
26 108 32 114
176 109 182 115
41 110 47 116
137 110 143 116
23 112 29 118
103 112 109 118
16 114 22 120
52 114 58 120
129 114 135 120
174 114 180 120
40 115 46 121
47 115 53 121
27 116 33 122
105 116 111 122
31 117 37 123
171 117 177 123
113 118 119 124
192 118 198 124
101 122 107 128
102 123 108 129
158 123 164 129
171 123 177 129
195 123 201 129
112 124 118 130
93 125 99 131
83 126 89 132
140 126 146 132
55 127 61 133
96 127 102 133
136 128 142 134
141 128 147 134
166 128 172 134
56 129 62 135
67 130 73 136
123 131 129 137
58 132 64 138
81 132 87 138
111 132 117 138
131 132 137 138
147 132 153 138
80 134 86 140
125 135 131 141
150 135 156 141
173 135 179 141
4 136 10 142
48 136 54 142
164 136 170 142
28 137 34 143
184 137 190 143
143 139 149 145
7 141 13 147
7 142 13 148
127 142 133 148
180 145 186 151
29 146 35 152
68 146 74 152
101 146 107 152
183 146 189 152
38 147 44 153
127 147 133 153
135 147 141 153
138 147 144 153
176 147 182 153
190 147 196 153
66 148 72 154
100 148 106 154
193 148 199 154
44 149 50 155
164 149 170 155
120 150 126 156
9 151 15 157
41 151 47 157
65 151 71 157
166 151 172 157
11 152 17 158
26 153 32 159
53 153 59 159
117 153 123 159
139 153 145 159
153 153 159 159
169 153 175 159
30 154 36 160
56 154 62 160
83 154 89 160
172 154 178 160
3 155 9 161
103 155 109 161
142 155 148 161
38 157 44 163
97 157 103 163
117 157 123 163
33 159 39 165
120 159 126 165
157 161 163 167
147 162 153 168
152 162 158 168
33 163 39 169
81 163 87 169
45 164 51 170
132 164 138 170
21 165 27 171
65 165 71 171
78 165 84 171
124 165 130 171
63 166 69 172
165 166 171 172
39 167 45 173
2 168 8 174
5 168 11 174
111 168 117 174
164 168 170 174
28 169 34 175
48 169 54 175
53 169 59 175
0 170 6 176
26 171 32 177
51 171 57 177
147 171 153 177
153 171 159 177
84 174 90 180
68 175 74 181
151 175 157 181
149 176 155 182
177 176 183 182
180 176 186 182
194 176 200 182
48 178 54 184
65 178 71 184
115 179 121 185
41 180 47 186
74 180 80 186
163 180 169 186
184 180 190 186
185 180 191 186
20 181 26 187
110 181 116 187
122 182 128 188
155 182 161 188
33 183 39 189
140 183 146 189
170 183 176 189
83 184 89 190
90 185 96 191
157 185 163 191
109 186 115 192
0 187 6 193
60 187 66 193
77 187 83 193
143 187 149 193
129 188 135 194
184 188 190 194
185 188 191 194
79 189 85 195
166 189 172 195
175 189 181 195
5 190 11 196
16 190 22 196
70 190 76 196
182 190 188 196
75 191 81 197
84 191 90 197
187 191 193 197
89 192 95 198
133 192 139 198
-3 194 3 200
79 194 85 200
104 194 110 200
81 195 87 201
105 196 111 202
