164
36 -3 42 3
88 -2 94 4
-1 -1 5 5
68 0 74 6
174 0 180 6
34 2 40 8
96 2 102 8
28 6 34 12
137 9 143 15
0 10 6 16
70 13 76 19
125 18 131 24
170 19 176 25
2 20 8 26
20 20 26 26
141 21 147 27
61 24 67 30
135 25 141 31
160 25 166 31
162 26 168 32
111 29 117 35
-1 30 5 36
84 32 90 38
48 33 54 39
62 33 68 39
74 33 80 39
114 33 120 39
72 35 78 41
82 36 88 42
69 37 75 43
105 37 111 43
95 38 101 44
25 39 31 45
77 41 83 47
119 41 125 47
88 44 94 50
110 47 116 53
74 48 80 54
139 48 145 54
27 49 33 55
98 51 104 57
142 51 148 57
121 52 127 58
176 52 182 58
185 52 191 58
195 53 201 59
11 54 17 60
84 54 90 60
137 56 143 62
6 59 12 65
131 59 137 65
28 61 34 67
108 61 114 67
93 62 99 68
64 63 70 69
2 65 8 71
97 66 103 72
89 67 95 73
136 67 142 73
141 67 147 73
92 70 98 76
126 75 132 81
52 81 58 87
110 82 116 88
74 83 80 89
83 83 89 89
146 83 152 89
181 83 187 89
171 84 177 90
190 85 196 91
12 86 18 92
73 87 79 93
7 89 13 95
16 90 22 96
117 91 123 97
147 91 153 97
82 93 88 99
66 94 72 100
71 95 77 101
89 96 95 102
175 96 181 102
194 96 200 102
56 98 62 104
85 98 91 104
111 99 117 105
176 99 182 105
116 101 122 107
143 102 149 108
57 103 63 109
97 104 103 110
43 105 49 111
61 105 67 111
186 108 192 114
176 109 182 115
22 112 28 118
103 112 109 118
65 113 71 119
190 113 196 119
16 114 22 120
128 114 134 120
145 114 151 120
174 114 180 120
105 116 111 122
171 117 177 123
111 118 117 124
151 119 157 125
171 123 177 129
112 124 118 130
83 126 89 132
186 126 192 132
55 127 61 133
166 127 172 133
137 128 143 134
67 130 73 136
32 135 38 141
173 135 179 141
4 136 10 142
48 136 54 142
164 136 170 142
28 137 34 143
143 138 149 144
-2 145 4 151
68 146 74 152
38 147 44 153
26 153 32 159
29 154 35 160
82 154 88 160
152 154 158 160
3 155 9 161
101 155 107 161
53 157 59 163
99 157 105 163
38 159 44 165
9 160 15 166
157 161 163 167
21 164 27 170
132 164 138 170
47 165 53 171
124 165 130 171
38 166 44 172
1 170 7 176
84 174 90 180
48 178 54 184
189 178 195 184
115 179 121 185
163 180 169 186
19 181 25 187
83 182 89 188
122 182 128 188
33 183 39 189
167 183 173 189
89 186 95 192
143 186 149 192
175 189 181 195
17 190 23 196
167 190 173 196
75 191 81 197
83 191 89 197
90 192 96 198
103 192 109 198
133 192 139 198
41 193 47 199
50 195 56 201
135 196 141 202
