265
9 -3 15 3
78 -3 84 3
12 -2 18 4
91 -2 97 4
97 -2 103 4
141 -2 147 4
-2 -1 4 5
43 0 49 6
146 1 152 7
189 1 195 7
12 2 18 8
39 2 45 8
103 2 109 8
59 3 65 9
8 4 14 10
108 4 114 10
179 5 185 11
115 7 121 13
194 8 200 14
67 9 73 15
175 10 181 16
157 11 163 17
60 12 66 18
188 12 194 18
107 13 113 19
110 14 116 20
122 14 128 20
28 15 34 21
189 15 195 21
13 16 19 22
33 16 39 22
75 16 81 22
170 16 176 22
95 17 101 23
122 18 128 24
20 19 26 25
102 21 108 27
123 21 129 27
100 22 106 28
177 23 183 29
119 24 125 30
36 25 42 31
11 27 17 33
38 27 44 33
22 29 28 35
32 29 38 35
84 29 90 35
160 29 166 35
166 29 172 35
57 31 63 37
72 31 78 37
168 31 174 37
73 33 79 39
24 34 30 40
175 34 181 40
63 35 69 41
164 36 170 42
73 38 79 44
187 39 193 45
175 40 181 46
29 41 35 47
90 41 96 47
126 41 132 47
24 42 30 48
154 42 160 48
118 43 124 49
3 44 9 50
2 45 8 51
134 46 140 52
161 46 167 52
49 47 55 53
174 47 180 53
45 49 51 55
55 49 61 55
71 49 77 55
138 49 144 55
169 50 175 56
73 51 79 57
178 53 184 59
77 54 83 60
23 55 29 61
94 57 100 63
191 57 197 63
165 58 171 64
174 58 180 64
177 61 183 67
68 62 74 68
119 62 125 68
31 63 37 69
49 64 55 70
33 65 39 71
-2 66 4 72
19 66 25 72
118 66 124 72
35 68 41 74
151 68 157 74
21 69 27 75
68 69 74 75
115 70 121 76
157 70 163 76
45 71 51 77
179 71 185 77
155 72 161 78
41 73 47 79
166 74 172 80
190 75 196 81
86 76 92 82
101 76 107 82
79 77 85 83
160 77 166 83
139 78 145 84
62 79 68 85
70 79 76 85
190 80 196 86
65 81 71 87
67 82 73 88
86 82 92 88
68 85 74 91
117 85 123 91
120 85 126 91
129 85 135 91
145 85 151 91
84 86 90 92
78 88 84 94
152 88 158 94
158 88 164 94
3 89 9 95
106 90 112 96
177 90 183 96
120 91 126 97
43 92 49 98
180 92 186 98
7 93 13 99
21 94 27 100
50 94 56 100
79 94 85 100
119 94 125 100
6 95 12 101
183 95 189 101
94 96 100 102
161 98 167 104
5 100 11 106
13 100 19 106
20 101 26 107
164 101 170 107
42 103 48 109
5 104 11 110
28 106 34 112
48 106 54 112
176 107 182 113
17 108 23 114
39 108 45 114
56 108 62 114
106 108 112 114
107 108 113 114
91 112 97 118
169 113 175 119
115 114 121 120
19 115 25 121
48 115 54 121
60 115 66 121
11 116 17 122
35 116 41 122
184 116 190 122
33 117 39 123
176 117 182 123
-1 118 5 124
86 118 92 124
24 119 30 125
138 119 144 125
142 120 148 126
194 120 200 126
40 121 46 127
151 121 157 127
111 122 117 128
42 124 48 130
102 124 108 130
170 124 176 130
43 127 49 133
80 128 86 134
72 129 78 135
112 129 118 135
-3 131 3 137
110 131 116 137
141 131 147 137
30 132 36 138
0 133 6 139
9 133 15 139
69 133 75 139
135 133 141 139
59 138 65 144
100 138 106 144
161 138 167 144
29 139 35 145
43 142 49 148
154 142 160 148
192 142 198 148
30 144 36 150
78 145 84 151
187 145 193 151
196 145 202 151
178 146 184 152
34 147 40 153
89 147 95 153
112 147 118 153
102 148 108 154
123 148 129 154
193 150 199 156
3 151 9 157
103 151 109 157
104 151 110 157
131 151 137 157
104 152 110 158
1 153 7 159
94 153 100 159
157 153 163 159
133 154 139 160
31 156 37 162
90 159 96 165
69 160 75 166
162 161 168 167
182 161 188 167
21 162 27 168
134 162 140 168
125 163 131 169
164 163 170 169
84 166 90 172
96 166 102 172
11 167 17 173
115 167 121 173
149 167 155 173
50 168 56 174
166 168 172 174
81 169 87 175
160 170 166 176
169 171 175 177
-2 173 4 179
100 176 106 182
108 176 114 182
142 176 148 182
194 176 200 182
46 177 52 183
27 178 33 184
95 178 101 184
164 178 170 184
190 178 196 184
54 179 60 185
113 179 119 185
0 180 6 186
22 180 28 186
127 180 133 186
180 181 186 187
140 182 146 188
124 183 130 189
148 183 154 189
-3 186 3 192
36 188 42 194
183 191 189 197
34 192 40 198
43 192 49 198
68 192 74 198
185 194 191 200
20 195 26 201
3 196 9 202
185 196 191 202
