600
9 -3 15 3
114 -3 120 3
141 -3 147 3
185 -3 191 3
12 -2 18 4
91 -2 97 4
97 -2 103 4
16 -1 22 5
49 -1 55 5
54 -1 60 5
78 -1 84 5
-2 0 4 6
21 0 27 6
110 0 116 6
115 0 121 6
17 1 23 7
86 1 92 7
145 1 151 7
181 1 187 7
189 1 195 7
13 2 19 8
39 2 45 8
103 2 109 8
120 2 126 8
61 3 67 9
84 3 90 9
160 3 166 9
174 3 180 9
8 4 14 10
25 4 31 10
68 4 74 10
108 4 114 10
159 4 165 10
172 4 178 10
67 5 73 11
95 5 101 11
179 5 185 11
54 6 60 12
99 6 105 12
16 7 22 13
3 8 9 14
39 8 45 14
115 8 121 14
146 8 152 14
186 8 192 14
194 8 200 14
14 9 20 15
51 9 57 15
67 9 73 15
36 10 42 16
4 12 10 18
60 12 66 18
188 12 194 18
111 13 117 19
118 13 124 19
29 14 35 20
116 14 122 20
42 15 48 21
75 15 81 21
190 15 196 21
13 16 19 22
33 16 39 22
89 16 95 22
91 16 97 22
95 16 101 22
169 16 175 22
5 17 11 23
43 17 49 23
62 17 68 23
55 18 61 24
112 18 118 24
122 18 128 24
172 18 178 24
65 19 71 25
20 20 26 26
118 20 124 26
146 20 152 26
8 21 14 27
78 21 84 27
119 21 125 27
150 21 156 27
172 21 178 27
51 22 57 28
88 22 94 28
123 22 129 28
36 24 42 30
48 24 54 30
104 24 110 30
177 24 183 30
9 25 15 31
90 25 96 31
119 25 125 31
142 25 148 31
107 26 113 32
141 26 147 32
11 27 17 33
51 27 57 33
66 27 72 33
121 27 127 33
133 27 139 33
32 28 38 34
104 28 110 34
123 28 129 34
64 29 70 35
84 29 90 35
131 29 137 35
159 29 165 35
166 29 172 35
58 31 64 37
169 31 175 37
2 32 8 38
13 32 19 38
51 32 57 38
143 32 149 38
73 33 79 39
3 34 9 40
24 34 30 40
63 34 69 40
175 34 181 40
192 34 198 40
16 35 22 41
28 35 34 41
159 35 165 41
191 35 197 41
51 36 57 42
58 37 64 43
66 37 72 43
85 37 91 43
164 37 170 43
35 38 41 44
73 38 79 44
160 38 166 44
11 39 17 45
14 39 20 45
53 39 59 45
129 39 135 45
186 39 192 45
55 40 61 46
175 40 181 46
-3 41 3 47
29 41 35 47
90 41 96 47
126 41 132 47
131 41 137 47
153 42 159 48
163 42 169 48
10 43 16 49
15 43 21 49
83 43 89 49
87 43 93 49
116 43 122 49
164 43 170 49
5 44 11 50
-1 45 5 51
15 45 21 51
109 46 115 52
162 46 168 52
192 46 198 52
50 47 56 53
174 47 180 53
191 47 197 53
64 48 70 54
27 49 33 55
31 49 37 55
43 49 49 55
55 49 61 55
67 49 73 55
71 49 77 55
117 49 123 55
148 49 154 55
81 50 87 56
89 50 95 56
106 50 112 56
54 51 60 57
73 51 79 57
88 51 94 57
102 51 108 57
120 51 126 57
6 52 12 58
53 52 59 58
133 52 139 58
178 53 184 59
12 54 18 60
189 54 195 60
190 54 196 60
127 55 133 61
23 56 29 62
77 56 83 62
123 56 129 62
94 57 100 63
117 57 123 63
120 57 126 63
31 58 37 64
98 58 104 64
135 58 141 64
166 58 172 64
174 58 180 64
191 58 197 64
111 59 117 65
-3 60 3 66
2 60 8 66
72 61 78 67
177 61 183 67
68 62 74 68
120 62 126 68
161 62 167 68
30 63 36 69
167 63 173 69
49 64 55 70
88 64 94 70
96 64 102 70
122 64 128 70
135 64 141 70
171 64 177 70
33 65 39 71
86 65 92 71
-2 66 4 72
19 66 25 72
123 66 129 72
132 66 138 72
136 66 142 72
133 67 139 73
156 67 162 73
185 67 191 73
149 68 155 74
22 69 28 75
69 69 75 75
108 70 114 76
115 70 121 76
157 70 163 76
45 71 51 77
179 71 185 77
187 71 193 77
134 72 140 78
185 72 191 78
16 73 22 79
41 73 47 79
107 73 113 79
65 74 71 80
166 74 172 80
5 75 11 81
160 75 166 81
193 75 199 81
86 76 92 82
103 76 109 82
118 76 124 82
134 76 140 82
78 77 84 83
35 78 41 84
118 78 124 84
141 78 147 84
61 79 67 85
70 79 76 85
138 79 144 85
146 79 152 85
14 80 20 86
96 80 102 86
136 80 142 86
190 80 196 86
8 81 14 87
65 81 71 87
86 81 92 87
150 81 156 87
67 82 73 88
189 82 195 88
144 83 150 89
188 84 194 90
7 85 13 91
44 85 50 91
69 85 75 91
117 85 123 91
121 85 127 91
129 85 135 91
145 85 151 91
1 86 7 92
105 86 111 92
104 88 110 94
111 88 117 94
163 88 169 94
3 89 9 95
84 89 90 95
109 89 115 95
91 90 97 96
95 90 101 96
158 90 164 96
165 90 171 96
177 90 183 96
6 91 12 97
106 91 112 97
44 92 50 98
48 92 54 98
180 92 186 98
8 93 14 99
130 93 136 99
5 94 11 100
21 94 27 100
144 94 150 100
3 95 9 101
50 95 56 101
169 95 175 101
184 95 190 101
7 96 13 102
34 96 40 102
94 96 100 102
35 97 41 103
116 97 122 103
141 98 147 104
160 98 166 104
194 98 200 104
48 99 54 105
69 99 75 105
72 99 78 105
112 99 118 105
177 99 183 105
196 99 202 105
4 100 10 106
13 100 19 106
164 100 170 106
181 100 187 106
9 102 15 108
20 103 26 109
42 103 48 109
98 103 104 109
5 104 11 110
31 105 37 111
132 105 138 111
166 105 172 111
48 106 54 112
80 106 86 112
121 106 127 112
135 106 141 112
148 106 154 112
17 107 23 113
25 107 31 113
67 107 73 113
161 107 167 113
176 107 182 113
39 108 45 114
56 108 62 114
72 108 78 114
104 108 110 114
109 108 115 114
180 108 186 114
32 109 38 115
73 109 79 115
150 109 156 115
185 109 191 115
21 110 27 116
29 110 35 116
77 110 83 116
86 111 92 117
100 111 106 117
159 111 165 117
-2 112 4 118
62 112 68 118
67 112 73 118
91 112 97 118
99 112 105 118
179 112 185 118
182 112 188 118
169 113 175 119
23 114 29 120
64 114 70 120
115 114 121 120
19 115 25 121
48 115 54 121
59 115 65 121
11 116 17 122
166 116 172 122
184 116 190 122
15 117 21 123
87 117 93 123
176 117 182 123
-1 118 5 124
24 119 30 125
94 119 100 125
138 119 144 125
165 119 171 125
142 120 148 126
194 120 200 126
38 121 44 127
71 121 77 127
83 121 89 127
153 121 159 127
179 121 185 127
33 122 39 128
111 122 117 128
52 123 58 129
102 123 108 129
31 124 37 130
67 124 73 130
94 124 100 130
170 124 176 130
85 125 91 131
91 125 97 131
87 126 93 132
31 127 37 133
52 127 58 133
77 127 83 133
59 128 65 134
112 128 118 134
29 129 35 135
72 129 78 135
81 129 87 135
101 129 107 135
167 129 173 135
-3 130 3 136
46 130 52 136
57 130 63 136
40 131 46 137
49 131 55 137
100 131 106 137
141 131 147 137
168 131 174 137
30 132 36 138
9 133 15 139
69 133 75 139
111 133 117 139
0 134 6 140
15 135 21 141
90 135 96 141
147 136 153 142
123 137 129 143
59 138 65 144
99 138 105 144
101 138 107 144
103 138 109 144
194 138 200 144
29 139 35 145
121 139 127 145
191 140 197 146
116 142 122 148
154 143 160 149
192 143 198 149
30 144 36 150
78 144 84 150
125 144 131 150
-3 145 3 151
112 145 118 151
187 145 193 151
89 146 95 152
178 146 184 152
34 147 40 153
62 147 68 153
71 147 77 153
8 148 14 154
22 148 28 154
26 148 32 154
49 148 55 154
101 148 107 154
123 148 129 154
156 148 162 154
161 148 167 154
17 150 23 156
80 150 86 156
193 150 199 156
3 151 9 157
16 151 22 157
103 151 109 157
121 151 127 157
131 151 137 157
185 151 191 157
26 152 32 158
49 152 55 158
105 153 111 159
117 153 123 159
122 153 128 159
157 153 163 159
187 153 193 159
1 154 7 160
94 154 100 160
19 155 25 161
29 155 35 161
31 155 37 161
119 155 125 161
138 155 144 161
9 156 15 162
25 156 31 162
131 156 137 162
167 156 173 162
16 157 22 163
22 157 28 163
54 157 60 163
72 157 78 163
90 157 96 163
169 157 175 163
175 157 181 163
7 159 13 165
15 159 21 165
139 159 145 165
141 159 147 165
68 160 74 166
130 160 136 166
162 160 168 166
182 160 188 166
37 161 43 167
21 162 27 168
47 162 53 168
119 162 125 168
135 162 141 168
153 162 159 168
159 162 165 168
25 163 31 169
121 163 127 169
126 163 132 169
76 164 82 170
155 164 161 170
161 164 167 170
132 165 138 171
134 165 140 171
44 166 50 172
55 166 61 172
11 167 17 173
115 167 121 173
150 167 156 173
185 167 191 173
166 168 172 174
50 169 56 175
80 169 86 175
180 169 186 175
44 170 50 176
132 170 138 176
195 170 201 176
71 171 77 177
191 171 197 177
10 172 16 178
128 172 134 178
169 172 175 178
-1 173 5 179
72 173 78 179
78 173 84 179
9 174 15 180
23 174 29 180
81 174 87 180
127 174 133 180
181 174 187 180
101 176 107 182
141 176 147 182
194 176 200 182
27 178 33 184
78 178 84 184
93 178 99 184
164 178 170 184
190 178 196 184
16 179 22 185
113 179 119 185
132 179 138 185
169 179 175 185
0 180 6 186
70 180 76 186
130 180 136 186
169 180 175 186
12 181 18 187
21 181 27 187
5 182 11 188
118 182 124 188
69 183 75 189
80 183 86 189
101 183 107 189
106 183 112 189
124 183 130 189
151 183 157 189
4 184 10 190
172 185 178 191
-3 186 3 192
52 186 58 192
100 186 106 192
156 186 162 192
166 186 172 192
169 186 175 192
46 187 52 193
96 187 102 193
103 187 109 193
155 187 161 193
36 188 42 194
190 188 196 194
5 189 11 195
94 189 100 195
55 190 61 196
72 190 78 196
123 190 129 196
127 190 133 196
27 191 33 197
73 191 79 197
190 191 196 197
34 192 40 198
43 192 49 198
68 192 74 198
109 192 115 198
111 192 117 198
27 193 33 199
3 194 9 200
62 194 68 200
112 194 118 200
145 194 151 200
147 194 153 200
184 194 190 200
20 195 26 201
161 195 167 201
166 196 172 202
