692
9 -3 15 3
185 -3 191 3
12 -2 18 4
16 -2 22 4
91 -2 97 4
97 -2 103 4
54 -1 60 5
156 -1 162 5
-2 0 4 6
21 0 27 6
43 0 49 6
115 0 121 6
17 1 23 7
145 1 151 7
181 1 187 7
13 2 19 8
39 2 45 8
103 2 109 8
160 2 166 8
61 3 67 9
84 3 90 9
120 3 126 9
25 4 31 10
68 4 74 10
108 4 114 10
159 4 165 10
172 4 178 10
95 5 101 11
54 6 60 12
99 6 105 12
179 6 185 12
24 7 30 13
39 8 45 14
115 8 121 14
146 8 152 14
14 9 20 15
67 9 73 15
36 10 42 16
175 10 181 16
157 11 163 17
123 12 129 18
188 12 194 18
106 13 112 19
111 13 117 19
118 13 124 19
29 14 35 20
116 14 122 20
75 15 81 21
80 15 86 21
190 15 196 21
13 16 19 22
62 16 68 22
79 16 85 22
88 16 94 22
91 16 97 22
96 16 102 22
168 16 174 22
43 17 49 23
55 17 61 23
137 17 143 23
140 17 146 23
112 18 118 24
122 18 128 24
172 18 178 24
54 19 60 25
65 19 71 25
20 20 26 26
111 20 117 26
118 20 124 26
145 20 151 26
157 20 163 26
8 21 14 27
78 21 84 27
103 21 109 27
110 21 116 27
119 21 125 27
150 21 156 27
51 22 57 28
88 22 94 28
99 22 105 28
123 22 129 28
36 24 42 30
48 24 54 30
77 24 83 30
104 24 110 30
106 24 112 30
177 24 183 30
8 25 14 31
54 25 60 31
90 25 96 31
119 25 125 31
142 25 148 31
152 25 158 31
107 26 113 32
150 26 156 32
11 27 17 33
38 27 44 33
51 27 57 33
66 27 72 33
121 27 127 33
133 27 139 33
170 27 176 33
171 27 177 33
104 28 110 34
123 28 129 34
21 29 27 35
64 29 70 35
84 29 90 35
131 29 137 35
159 29 165 35
9 30 15 36
29 31 35 37
58 31 64 37
70 31 76 37
169 31 175 37
2 32 8 38
13 32 19 38
51 32 57 38
143 32 149 38
57 33 63 39
73 33 79 39
128 33 134 39
3 34 9 40
24 34 30 40
56 34 62 40
57 34 63 40
63 34 69 40
193 34 199 40
15 35 21 41
18 35 24 41
28 35 34 41
159 35 165 41
190 35 196 41
51 36 57 42
142 36 148 42
58 37 64 43
66 37 72 43
82 37 88 43
85 37 91 43
164 37 170 43
35 38 41 44
53 38 59 44
80 38 86 44
160 38 166 44
11 39 17 45
129 39 135 45
186 39 192 45
55 40 61 46
79 40 85 46
176 40 182 46
29 41 35 47
90 41 96 47
126 41 132 47
131 41 137 47
24 42 30 48
153 42 159 48
163 42 169 48
15 43 21 49
83 43 89 49
87 43 93 49
116 43 122 49
5 44 11 50
77 44 83 50
164 44 170 50
-1 45 5 51
79 45 85 51
15 46 21 52
110 46 116 52
134 46 140 52
162 46 168 52
192 46 198 52
50 47 56 53
174 47 180 53
64 48 70 54
191 48 197 54
3 49 9 55
31 49 37 55
42 49 48 55
55 49 61 55
62 49 68 55
67 49 73 55
117 49 123 55
138 49 144 55
148 49 154 55
90 50 96 56
106 50 112 56
151 50 157 56
168 50 174 56
13 51 19 57
25 51 31 57
73 51 79 57
6 52 12 58
52 52 58 58
134 52 140 58
25 53 31 59
178 53 184 59
189 53 195 59
12 54 18 60
16 54 22 60
127 54 133 60
23 56 29 62
47 56 53 62
74 56 80 62
123 56 129 62
148 56 154 62
149 56 155 62
94 57 100 63
104 57 110 63
117 57 123 63
120 57 126 63
32 58 38 64
44 58 50 64
98 58 104 64
135 58 141 64
166 58 172 64
174 58 180 64
191 58 197 64
44 59 50 65
104 59 110 65
111 59 117 65
-3 60 3 66
2 60 8 66
72 61 78 67
100 61 106 67
68 62 74 68
120 62 126 68
161 62 167 68
96 63 102 69
162 63 168 69
167 63 173 69
49 64 55 70
88 64 94 70
122 64 128 70
135 64 141 70
172 64 178 70
33 65 39 71
85 65 91 71
-2 66 4 72
19 66 25 72
95 66 101 72
118 66 124 72
131 66 137 72
136 66 142 72
123 67 129 73
156 67 162 73
167 67 173 73
185 67 191 73
133 68 139 74
22 69 28 75
35 69 41 75
69 69 75 75
106 69 112 75
105 70 111 76
108 70 114 76
157 70 163 76
45 71 51 77
64 71 70 77
187 71 193 77
185 72 191 78
16 73 22 79
41 73 47 79
107 73 113 79
155 73 161 79
20 74 26 80
65 74 71 80
166 74 172 80
5 75 11 81
118 75 124 81
160 75 166 81
187 75 193 81
193 75 199 81
86 76 92 82
131 76 137 82
135 76 141 82
10 77 16 83
35 77 41 83
78 77 84 83
133 77 139 83
170 77 176 83
141 78 147 84
71 79 77 85
108 79 114 85
118 79 124 85
146 79 152 85
170 79 176 85
96 80 102 86
109 80 115 86
135 80 141 86
144 80 150 86
190 80 196 86
8 81 14 87
58 81 64 87
86 81 92 87
150 81 156 87
15 82 21 88
67 82 73 88
144 83 150 89
130 84 136 90
34 85 40 91
39 85 45 91
44 85 50 91
69 85 75 91
121 85 127 91
128 85 134 91
145 85 151 91
188 85 194 91
1 86 7 92
7 86 13 92
117 86 123 92
48 88 54 94
104 88 110 94
111 88 117 94
152 88 158 94
163 88 169 94
3 89 9 95
84 89 90 95
109 89 115 95
16 90 22 96
91 90 97 96
95 90 101 96
121 90 127 96
158 90 164 96
165 90 171 96
177 90 183 96
6 91 12 97
106 91 112 97
44 92 50 98
47 92 53 98
88 92 94 98
8 93 14 99
130 93 136 99
5 94 11 100
21 94 27 100
79 94 85 100
144 94 150 100
2 95 8 101
13 95 19 101
51 95 57 101
169 95 175 101
184 95 190 101
7 96 13 102
14 96 20 102
33 96 39 102
94 96 100 102
119 96 125 102
35 97 41 103
49 97 55 103
66 97 72 103
67 97 73 103
116 97 122 103
141 98 147 104
160 98 166 104
193 98 199 104
69 99 75 105
72 99 78 105
177 99 183 105
196 99 202 105
13 100 19 106
48 100 54 106
164 100 170 106
101 101 107 107
181 101 187 107
8 102 14 108
42 103 48 109
5 104 11 110
98 104 104 110
10 105 16 111
166 105 172 111
48 106 54 112
67 106 73 112
80 106 86 112
120 106 126 112
148 106 154 112
17 107 23 113
25 107 31 113
161 107 167 113
176 107 182 113
39 108 45 114
56 108 62 114
71 108 77 114
104 108 110 114
180 108 186 114
32 109 38 115
65 109 71 115
73 109 79 115
150 109 156 115
185 109 191 115
21 110 27 116
29 110 35 116
65 110 71 116
86 111 92 117
100 111 106 117
159 111 165 117
1 112 7 118
62 112 68 118
91 112 97 118
179 112 185 118
182 112 188 118
190 112 196 118
192 112 198 118
99 113 105 119
169 113 175 119
19 114 25 120
23 114 29 120
115 114 121 120
48 115 54 121
133 115 139 121
11 116 17 122
38 116 44 122
59 116 65 122
166 116 172 122
184 116 190 122
195 116 201 122
32 117 38 123
81 117 87 123
87 117 93 123
176 117 182 123
196 117 202 123
-1 118 5 124
24 119 30 125
81 119 87 125
94 119 100 125
138 119 144 125
165 119 171 125
181 119 187 125
194 120 200 126
71 121 77 127
179 121 185 127
33 122 39 128
111 122 117 128
52 123 58 129
90 123 96 129
102 123 108 129
31 124 37 130
43 124 49 130
67 124 73 130
94 124 100 130
170 124 176 130
64 125 70 131
84 125 90 131
87 126 93 132
91 126 97 132
31 127 37 133
43 127 49 133
52 127 58 133
77 127 83 133
123 127 129 133
59 128 65 134
112 128 118 134
29 129 35 135
72 129 78 135
81 129 87 135
101 129 107 135
124 129 130 135
167 129 173 135
-3 130 3 136
46 130 52 136
57 130 63 136
49 131 55 137
100 131 106 137
141 131 147 137
168 131 174 137
18 132 24 138
9 133 15 139
69 133 75 139
103 133 109 139
111 133 117 139
171 133 177 139
0 134 6 140
15 135 21 141
93 135 99 141
147 136 153 142
157 136 163 142
158 136 164 142
15 137 21 143
17 137 23 143
99 137 105 143
158 137 164 143
59 138 65 144
101 138 107 144
104 138 110 144
123 138 129 144
161 138 167 144
195 138 201 144
28 139 34 145
53 139 59 145
121 139 127 145
53 140 59 146
191 140 197 146
1 142 7 148
38 142 44 148
41 142 47 148
45 142 51 148
116 142 122 148
154 143 160 149
1 144 7 150
30 144 36 150
78 144 84 150
124 144 130 150
127 144 133 150
89 146 95 152
178 146 184 152
34 147 40 153
43 147 49 153
49 147 55 153
62 147 68 153
71 147 77 153
8 148 14 154
22 148 28 154
27 148 33 154
65 148 71 154
101 148 107 154
123 148 129 154
156 148 162 154
161 148 167 154
6 149 12 155
17 149 23 155
67 149 73 155
81 150 87 156
193 150 199 156
3 151 9 157
121 151 127 157
131 151 137 157
185 151 191 157
195 151 201 157
26 152 32 158
49 152 55 158
196 152 202 158
105 153 111 159
117 153 123 159
122 153 128 159
187 153 193 159
1 154 7 160
29 154 35 160
94 154 100 160
134 154 140 160
19 155 25 161
28 155 34 161
31 155 37 161
65 155 71 161
119 155 125 161
138 155 144 161
10 156 16 162
131 156 137 162
155 156 161 162
167 156 173 162
16 157 22 163
22 157 28 163
54 157 60 163
72 157 78 163
90 157 96 163
141 157 147 163
169 157 175 163
175 157 181 163
87 158 93 164
7 159 13 165
15 159 21 165
139 159 145 165
173 159 179 165
87 160 93 166
141 160 147 166
162 160 168 166
38 161 44 167
135 161 141 167
153 161 159 167
21 162 27 168
29 162 35 168
47 162 53 168
58 162 64 168
119 162 125 168
159 162 165 168
165 162 171 168
25 163 31 169
122 163 128 169
126 163 132 169
35 164 41 170
155 164 161 170
184 164 190 170
131 165 137 171
134 165 140 171
44 166 50 172
55 166 61 172
78 166 84 172
85 166 91 172
96 166 102 172
10 167 16 173
115 167 121 173
150 167 156 173
185 167 191 173
80 169 86 175
132 169 138 175
180 169 186 175
44 170 50 176
66 170 72 176
75 170 81 176
160 170 166 176
178 170 184 176
195 170 201 176
70 171 76 177
74 171 80 177
131 171 137 177
191 171 197 177
11 172 17 178
128 172 134 178
169 172 175 178
182 172 188 178
0 173 6 179
23 173 29 179
78 173 84 179
9 174 15 180
72 174 78 180
81 174 87 180
127 174 133 180
148 174 154 180
181 174 187 180
108 175 114 181
149 175 155 181
141 176 147 182
22 177 28 183
46 177 52 183
27 178 33 184
77 178 83 184
93 178 99 184
164 178 170 184
16 179 22 185
54 179 60 185
113 179 119 185
132 179 138 185
170 179 176 185
127 180 133 186
130 180 136 186
180 180 186 186
7 181 13 187
12 181 18 187
21 181 27 187
140 181 146 187
5 182 11 188
29 182 35 188
31 182 37 188
39 182 45 188
118 182 124 188
80 183 86 189
101 183 107 189
106 183 112 189
124 183 130 189
151 183 157 189
4 184 10 190
38 184 44 190
69 184 75 190
16 185 22 191
52 185 58 191
111 185 117 191
173 185 179 191
-3 186 3 192
14 186 20 192
100 186 106 192
111 186 117 192
156 186 162 192
169 186 175 192
46 187 52 193
96 187 102 193
103 187 109 193
36 188 42 194
83 188 89 194
155 188 161 194
190 188 196 194
72 189 78 195
81 189 87 195
93 189 99 195
137 189 143 195
123 190 129 196
127 190 133 196
139 190 145 196
183 190 189 196
28 191 34 197
111 191 117 197
190 191 196 197
34 192 40 198
42 192 48 198
27 193 33 199
3 194 9 200
62 194 68 200
112 194 118 200
145 194 151 200
148 194 154 200
184 194 190 200
20 195 26 201
66 195 72 201
90 195 96 201
161 195 167 201
86 196 92 202
166 196 172 202
