266
9 -3 15 3
185 -3 191 3
12 -2 18 4
78 -2 84 4
91 -2 97 4
97 -2 103 4
-2 -1 4 5
146 1 152 7
189 1 195 7
12 2 18 8
39 2 45 8
181 2 187 8
59 3 65 9
108 4 114 10
179 5 185 11
115 8 121 14
146 8 152 14
186 8 192 14
194 8 200 14
67 9 73 15
3 10 9 16
175 10 181 16
4 11 10 17
157 11 163 17
60 12 66 18
188 12 194 18
107 13 113 19
122 13 128 19
110 14 116 20
28 15 34 21
189 15 195 21
13 16 19 22
33 16 39 22
75 16 81 22
6 17 12 23
95 17 101 23
122 18 128 24
20 19 26 25
112 19 118 25
103 21 109 27
123 21 129 27
99 22 105 28
119 24 125 30
36 25 42 31
11 27 17 33
38 27 44 33
32 28 38 34
22 29 28 35
160 29 166 35
29 31 35 37
71 31 77 37
168 31 174 37
73 33 79 39
24 34 30 40
175 34 181 40
28 35 34 41
63 35 69 41
66 36 72 42
164 36 170 42
58 37 64 43
73 38 79 44
187 39 193 45
175 40 181 46
-3 41 3 47
14 41 20 47
29 41 35 47
126 41 132 47
24 42 30 48
154 42 160 48
117 43 123 49
1 45 7 51
134 46 140 52
49 47 55 53
174 47 180 53
45 49 51 55
55 49 61 55
67 49 73 55
71 49 77 55
138 49 144 55
81 50 87 56
169 50 175 56
73 51 79 57
178 53 184 59
77 54 83 60
23 55 29 61
94 57 100 63
191 57 197 63
165 58 171 64
31 59 37 65
119 62 125 68
31 63 37 69
49 64 55 70
33 65 39 71
-2 66 4 72
19 66 25 72
118 66 124 72
167 67 173 73
35 68 41 74
156 68 162 74
22 69 28 75
68 69 74 75
115 70 121 76
157 70 163 76
45 71 51 77
155 72 161 78
41 73 47 79
190 75 196 81
86 76 92 82
101 76 107 82
79 77 85 83
139 78 145 84
62 79 68 85
70 79 76 85
98 80 104 86
190 80 196 86
65 81 71 87
67 82 73 88
86 82 92 88
68 85 74 91
117 85 123 91
129 85 135 91
1 87 7 93
84 87 90 93
152 88 158 94
158 88 164 94
3 89 9 95
106 90 112 96
120 90 126 96
177 90 183 96
6 91 12 97
43 92 49 98
180 92 186 98
7 93 13 99
21 94 27 100
50 94 56 100
79 94 85 100
6 95 12 101
119 95 125 101
142 95 148 101
183 95 189 101
94 96 100 102
141 96 147 102
169 96 175 102
5 100 11 106
13 100 19 106
164 101 170 107
42 103 48 109
166 103 172 109
5 104 11 110
30 105 36 111
48 106 54 112
28 107 34 113
176 107 182 113
39 108 45 114
105 108 111 114
108 108 114 114
21 110 27 116
169 113 175 119
115 114 121 120
19 115 25 121
48 115 54 121
60 115 66 121
11 116 17 122
35 116 41 122
134 116 140 122
184 116 190 122
16 117 22 123
33 117 39 123
176 117 182 123
-1 118 5 124
87 118 93 124
138 119 144 125
194 120 200 126
40 121 46 127
151 121 157 127
111 122 117 128
42 124 48 130
170 124 176 130
77 127 83 133
80 128 86 134
112 128 118 134
72 129 78 135
39 130 45 136
-3 131 3 137
141 131 147 137
30 132 36 138
0 133 6 139
69 133 75 139
135 133 141 139
100 138 106 144
161 138 167 144
29 139 35 145
193 139 199 145
193 140 199 146
43 142 49 148
154 142 160 148
192 143 198 149
78 145 84 151
187 145 193 151
196 145 202 151
178 146 184 152
34 147 40 153
89 147 95 153
112 147 118 153
43 148 49 154
102 148 108 154
123 148 129 154
157 148 163 154
42 149 48 155
79 150 85 156
3 151 9 157
103 151 109 157
131 151 137 157
105 152 111 158
1 153 7 159
94 153 100 159
157 153 163 159
133 154 139 160
31 156 37 162
72 157 78 163
90 159 96 165
69 160 75 166
162 161 168 167
182 161 188 167
21 162 27 168
134 162 140 168
125 163 131 169
47 164 53 170
84 166 90 172
96 166 102 172
11 167 17 173
55 167 61 173
115 167 121 173
50 168 56 174
166 168 172 174
81 169 87 175
65 170 71 176
160 170 166 176
195 170 201 176
169 171 175 177
193 171 199 177
-2 173 4 179
100 176 106 182
108 176 114 182
142 176 148 182
194 176 200 182
46 177 52 183
27 178 33 184
164 178 170 184
190 178 196 184
14 179 20 185
54 179 60 185
113 179 119 185
21 180 27 186
180 181 186 187
140 182 146 188
124 183 130 189
148 183 154 189
172 185 178 191
-3 186 3 192
45 187 51 193
36 188 42 194
183 191 189 197
43 192 49 198
68 192 74 198
3 196 9 202
