331
114 -3 120 3
12 -2 18 4
78 -2 84 4
91 -2 97 4
97 -2 103 4
141 -2 147 4
43 0 49 6
111 0 117 6
114 0 120 6
146 1 152 7
181 1 187 7
189 1 195 7
13 2 19 8
39 2 45 8
103 2 109 8
60 3 66 9
8 4 14 10
108 4 114 10
179 5 185 11
38 8 44 14
115 8 121 14
146 8 152 14
186 8 192 14
194 8 200 14
3 9 9 15
67 9 73 15
4 12 10 18
60 12 66 18
188 12 194 18
122 13 128 19
111 14 117 20
190 15 196 21
13 16 19 22
170 16 176 22
95 17 101 23
122 18 128 24
20 19 26 25
103 21 109 27
123 21 129 27
8 22 14 28
99 22 105 28
177 24 183 30
9 25 15 31
36 25 42 31
53 26 59 32
11 27 17 33
38 27 44 33
51 27 57 33
32 28 38 34
22 29 28 35
84 29 90 35
29 31 35 37
57 31 63 37
71 31 77 37
168 31 174 37
73 33 79 39
24 34 30 40
63 34 69 40
175 34 181 40
28 35 34 41
66 36 72 42
164 36 170 42
58 37 64 43
34 38 40 44
73 38 79 44
10 39 16 45
129 40 135 46
175 40 181 46
14 41 20 47
29 41 35 47
90 41 96 47
126 41 132 47
131 41 137 47
24 42 30 48
153 42 159 48
117 43 123 49
5 44 11 50
109 44 115 50
0 45 6 51
109 45 115 51
134 46 140 52
49 47 55 53
174 47 180 53
45 49 51 55
55 49 61 55
67 49 73 55
71 49 77 55
138 49 144 55
81 50 87 56
169 50 175 56
73 51 79 57
178 53 184 59
23 55 29 61
77 55 83 61
135 56 141 62
94 57 100 63
191 57 197 63
31 58 37 64
165 58 171 64
112 59 118 65
177 61 183 67
68 62 74 68
120 62 126 68
31 63 37 69
49 64 55 70
33 65 39 71
-2 66 4 72
118 66 124 72
156 67 162 73
167 67 173 73
35 68 41 74
22 69 28 75
68 69 74 75
115 70 121 76
157 70 163 76
45 71 51 77
179 71 185 77
41 73 47 79
155 73 161 79
166 74 172 80
190 75 196 81
86 76 92 82
102 76 108 82
160 76 166 82
79 77 85 83
61 79 67 85
70 79 76 85
138 79 144 85
35 80 41 86
97 80 103 86
146 80 152 86
149 80 155 86
190 80 196 86
65 81 71 87
67 82 73 88
34 83 40 89
68 85 74 91
117 85 123 91
121 85 127 91
129 85 135 91
145 85 151 91
1 86 7 92
84 87 90 93
78 88 84 94
152 88 158 94
3 89 9 95
47 90 53 96
106 90 112 96
120 90 126 96
6 91 12 97
43 92 49 98
48 92 54 98
180 92 186 98
7 93 13 99
21 94 27 100
79 94 85 100
143 94 149 100
6 95 12 101
50 95 56 101
119 95 125 101
184 95 190 101
169 96 175 102
116 97 122 103
141 97 147 103
113 98 119 104
178 99 184 105
4 100 10 106
13 100 19 106
164 100 170 106
180 100 186 106
101 101 107 107
20 102 26 108
42 103 48 109
166 103 172 109
5 104 11 110
31 105 37 111
48 106 54 112
17 107 23 113
27 107 33 113
176 107 182 113
39 108 45 114
56 108 62 114
104 108 110 114
109 108 115 114
77 109 83 115
183 109 189 115
86 110 92 116
91 112 97 118
22 114 28 120
115 114 121 120
19 115 25 121
48 115 54 121
59 115 65 121
11 116 17 122
36 116 42 122
134 116 140 122
184 116 190 122
16 117 22 123
32 117 38 123
87 117 93 123
176 117 182 123
24 119 30 125
138 119 144 125
83 120 89 126
142 120 148 126
194 120 200 126
40 121 46 127
152 121 158 127
70 122 76 128
111 122 117 128
68 123 74 129
43 127 49 133
31 128 37 134
112 128 118 134
30 129 36 135
-3 130 3 136
39 131 45 137
141 131 147 137
30 132 36 138
110 132 116 138
0 133 6 139
9 133 15 139
69 133 75 139
135 133 141 139
147 137 153 143
59 138 65 144
100 138 106 144
161 138 167 144
194 138 200 144
29 139 35 145
148 139 154 145
192 140 198 146
43 142 49 148
154 142 160 148
192 143 198 149
30 144 36 150
78 144 84 150
-3 145 3 151
187 145 193 151
89 146 95 152
112 146 118 152
178 146 184 152
34 147 40 153
43 147 49 153
64 147 70 153
69 147 75 153
22 148 28 154
26 148 32 154
123 148 129 154
157 148 163 154
161 148 167 154
80 150 86 156
193 150 199 156
3 151 9 157
42 151 48 157
103 151 109 157
131 151 137 157
105 153 111 159
157 153 163 159
133 154 139 160
20 155 26 161
31 156 37 162
22 157 28 163
175 157 181 163
55 158 61 164
90 158 96 164
174 158 180 164
69 160 75 166
162 160 168 166
182 160 188 166
21 162 27 168
134 162 140 168
125 163 131 169
164 163 170 169
47 164 53 170
44 166 50 172
85 166 91 172
55 167 61 173
115 167 121 173
149 167 155 173
50 168 56 174
166 168 172 174
44 169 50 175
80 169 86 175
65 170 71 176
195 170 201 176
169 171 175 177
192 171 198 177
-2 173 4 179
100 176 106 182
108 176 114 182
142 176 148 182
194 176 200 182
27 178 33 184
94 178 100 184
164 178 170 184
190 178 196 184
15 179 21 185
54 179 60 185
78 179 84 185
113 179 119 185
0 180 6 186
21 180 27 186
127 180 133 186
13 181 19 187
180 181 186 187
118 182 124 188
140 182 146 188
124 183 130 189
149 183 155 189
105 184 111 190
4 185 10 191
172 185 178 191
-3 186 3 192
103 186 109 192
45 187 51 193
52 187 58 193
5 188 11 194
36 188 42 194
54 189 60 195
183 191 189 197
34 192 40 198
43 192 49 198
68 192 74 198
185 194 191 200
3 195 9 201
20 195 26 201
88 195 94 201
162 195 168 201
87 196 93 202
113 196 119 202
