382
9 -3 15 3
114 -3 120 3
185 -3 191 3
12 -2 18 4
78 -2 84 4
141 -2 147 4
50 -1 56 5
52 -1 58 5
-2 0 4 6
22 0 28 6
43 0 49 6
110 0 116 6
114 0 120 6
22 1 28 7
86 1 92 7
146 1 152 7
181 1 187 7
13 2 19 8
103 2 109 8
60 3 66 9
85 3 91 9
8 4 14 10
108 4 114 10
179 5 185 11
54 7 60 13
3 8 9 14
38 8 44 14
51 8 57 14
115 8 121 14
186 8 192 14
194 8 200 14
67 9 73 15
36 10 42 16
157 11 163 17
4 12 10 18
60 12 66 18
122 12 128 18
188 12 194 18
106 13 112 19
28 14 34 20
111 14 117 20
75 15 81 21
190 15 196 21
13 16 19 22
33 16 39 22
169 16 175 22
6 17 12 23
95 17 101 23
122 18 128 24
20 19 26 25
112 19 118 25
103 21 109 27
123 21 129 27
8 22 14 28
50 22 56 28
36 24 42 30
49 24 55 30
89 24 95 30
177 24 183 30
9 25 15 31
119 25 125 31
11 27 17 33
38 27 44 33
32 28 38 34
105 28 111 34
84 29 90 35
159 29 165 35
166 29 172 35
71 31 77 37
168 31 174 37
73 33 79 39
63 34 69 40
175 34 181 40
28 35 34 41
66 36 72 42
58 37 64 43
164 37 170 43
34 38 40 44
73 38 79 44
129 39 135 45
186 39 192 45
175 40 181 46
-3 41 3 47
29 41 35 47
90 41 96 47
126 41 132 47
131 41 137 47
24 42 30 48
153 42 159 48
10 43 16 49
117 43 123 49
5 44 11 50
0 45 6 51
134 46 140 52
162 46 168 52
49 47 55 53
44 49 50 55
55 49 61 55
67 49 73 55
138 49 144 55
81 50 87 56
105 50 111 56
117 50 123 56
120 50 126 56
169 50 175 56
73 51 79 57
104 51 110 57
133 53 139 59
178 53 184 59
77 55 83 61
135 56 141 62
73 57 79 63
191 57 197 63
31 58 37 64
165 58 171 64
174 58 180 64
112 59 118 65
-3 60 3 66
0 60 6 66
72 60 78 66
100 60 106 66
177 61 183 67
68 62 74 68
120 62 126 68
31 63 37 69
169 63 175 69
49 64 55 70
169 64 175 70
33 65 39 71
186 65 192 71
-2 66 4 72
19 66 25 72
185 66 191 72
156 67 162 73
35 68 41 74
22 69 28 75
68 69 74 75
115 70 121 76
157 70 163 76
45 71 51 77
179 71 185 77
41 73 47 79
166 74 172 80
189 75 195 81
86 76 92 82
103 76 109 82
79 77 85 83
35 79 41 85
70 79 76 85
138 79 144 85
146 79 152 85
97 80 103 86
136 80 142 86
150 80 156 86
190 80 196 86
65 81 71 87
67 82 73 88
86 82 92 88
8 83 14 89
117 85 123 91
121 85 127 91
129 85 135 91
145 85 151 91
1 86 7 92
78 88 84 94
84 88 90 94
152 88 158 94
3 89 9 95
47 89 53 95
90 90 96 96
96 90 102 96
158 90 164 96
177 90 183 96
6 91 12 97
43 92 49 98
48 92 54 98
89 92 95 98
180 92 186 98
8 93 14 99
126 93 132 99
21 94 27 100
79 94 85 100
144 94 150 100
50 95 56 101
169 95 175 101
184 95 190 101
94 96 100 102
116 97 122 103
141 97 147 103
112 98 118 104
160 98 166 104
178 99 184 105
4 100 10 106
13 100 19 106
164 100 170 106
181 100 187 106
101 101 107 107
20 102 26 108
42 103 48 109
5 104 11 110
166 104 172 110
31 105 37 111
48 106 54 112
17 107 23 113
26 107 32 113
149 107 155 113
176 107 182 113
39 108 45 114
67 108 73 114
104 108 110 114
161 108 167 114
180 108 186 114
31 109 37 115
77 109 83 115
150 109 156 115
184 109 190 115
21 110 27 116
29 110 35 116
86 110 92 116
159 110 165 116
67 112 73 118
91 112 97 118
169 113 175 119
22 114 28 120
115 114 121 120
19 115 25 121
48 115 54 121
59 115 65 121
134 115 140 121
11 116 17 122
36 116 42 122
166 116 172 122
15 117 21 123
32 117 38 123
87 117 93 123
176 117 182 123
-1 118 5 124
24 119 30 125
138 119 144 125
142 120 148 126
194 120 200 126
39 121 45 127
83 121 89 127
152 121 158 127
71 122 77 128
111 122 117 128
67 123 73 129
102 123 108 129
42 124 48 130
52 124 58 130
170 124 176 130
31 127 37 133
77 127 83 133
112 128 118 134
30 129 36 135
-3 130 3 136
39 131 45 137
141 131 147 137
30 132 36 138
0 133 6 139
9 133 15 139
69 133 75 139
135 133 141 139
16 135 22 141
147 136 153 142
59 138 65 144
161 138 167 144
194 138 200 144
29 139 35 145
192 140 198 146
44 142 50 148
154 142 160 148
191 143 197 149
30 144 36 150
78 144 84 150
-3 145 3 151
187 145 193 151
89 146 95 152
112 146 118 152
178 146 184 152
34 147 40 153
43 147 49 153
64 147 70 153
70 147 76 153
22 148 28 154
26 148 32 154
102 148 108 154
123 148 129 154
156 148 162 154
161 148 167 154
80 150 86 156
193 150 199 156
3 151 9 157
42 151 48 157
131 151 137 157
26 153 32 159
94 153 100 159
105 153 111 159
117 153 123 159
157 153 163 159
1 154 7 160
133 154 139 160
19 155 25 161
31 155 37 161
119 155 125 161
9 157 15 163
22 157 28 163
55 157 61 163
72 157 78 163
131 157 137 163
175 157 181 163
7 158 13 164
90 158 96 164
173 158 179 164
131 159 137 165
69 160 75 166
162 160 168 166
182 160 188 166
37 161 43 167
57 161 63 167
21 162 27 168
27 162 33 168
160 162 166 168
25 163 31 169
36 163 42 169
47 163 53 169
164 163 170 169
161 164 167 170
184 165 190 171
44 166 50 172
85 166 91 172
96 166 102 172
11 167 17 173
55 167 61 173
115 167 121 173
185 167 191 173
166 168 172 174
50 169 56 175
80 169 86 175
65 170 71 176
160 170 166 176
195 170 201 176
-1 173 5 179
80 173 86 179
81 174 87 180
108 176 114 182
194 176 200 182
46 177 52 183
78 178 84 184
94 178 100 184
164 178 170 184
190 178 196 184
54 179 60 185
113 179 119 185
0 180 6 186
21 180 27 186
127 180 133 186
180 181 186 187
80 182 86 188
118 182 124 188
140 182 146 188
105 183 111 189
124 183 130 189
149 183 155 189
4 184 10 190
172 185 178 191
-3 186 3 192
52 187 58 193
103 187 109 193
36 188 42 194
5 189 11 195
55 189 61 195
183 190 189 196
34 192 40 198
185 194 191 200
3 195 9 201
20 195 26 201
89 195 95 201
161 195 167 201
166 195 172 201
86 196 92 202
112 196 118 202
