195
9 -3 15 3
78 -3 84 3
12 -2 18 4
91 -2 97 4
97 -2 103 4
141 -2 147 4
-1 -1 5 5
43 0 49 6
145 1 151 7
189 1 195 7
39 2 45 8
103 2 109 8
181 2 187 8
9 4 15 10
108 4 114 10
115 7 121 13
194 8 200 14
186 10 192 16
157 11 163 17
60 12 66 18
188 12 194 18
28 15 34 21
189 15 195 21
13 16 19 22
33 16 39 22
75 16 81 22
170 16 176 22
95 17 101 23
20 19 26 25
112 19 118 25
122 21 128 27
120 22 126 28
177 23 183 29
162 29 168 35
166 29 172 35
22 30 28 36
32 30 38 36
29 31 35 37
24 34 30 40
175 34 181 40
164 35 170 41
58 36 64 42
33 38 39 44
73 38 79 44
175 40 181 46
15 41 21 47
29 41 35 47
90 41 96 47
126 41 132 47
196 41 202 47
25 42 31 48
156 42 162 48
119 43 125 49
134 46 140 52
55 49 61 55
68 49 74 55
71 49 77 55
138 49 144 55
73 51 79 57
81 51 87 57
77 53 83 59
178 53 184 59
23 55 29 61
94 57 100 63
191 57 197 63
165 58 171 64
175 58 181 64
113 59 119 65
177 61 183 67
68 62 74 68
118 62 124 68
49 64 55 70
33 65 39 71
-2 66 4 72
118 66 124 72
35 67 41 73
115 69 121 75
45 71 51 77
179 71 185 77
41 73 47 79
166 74 172 80
79 77 85 83
139 78 145 84
160 79 166 85
86 84 92 90
85 85 91 91
129 85 135 91
146 85 152 91
158 87 164 93
78 88 84 94
152 88 158 94
106 90 112 96
177 90 183 96
43 92 49 98
50 94 56 100
78 94 84 100
5 95 11 101
170 96 176 102
161 98 167 104
5 100 11 106
20 100 26 106
13 101 19 107
42 103 48 109
5 104 11 110
176 107 182 113
18 108 24 114
56 108 62 114
86 110 92 116
91 112 97 118
169 113 175 119
48 115 54 121
60 115 66 121
11 116 17 122
184 116 190 122
16 117 22 123
135 117 141 123
176 117 182 123
138 118 144 124
24 119 30 125
142 120 148 126
194 120 200 126
40 121 46 127
150 121 156 127
111 122 117 128
170 123 176 129
102 124 108 130
72 129 78 135
39 130 45 136
30 132 36 138
141 132 147 138
9 133 15 139
69 133 75 139
135 133 141 139
59 138 65 144
29 139 35 145
154 141 160 147
43 142 49 148
192 142 198 148
30 144 36 150
187 145 193 151
195 145 201 151
78 146 84 152
178 146 184 152
34 147 40 153
89 147 95 153
112 147 118 153
103 148 109 154
123 148 129 154
79 150 85 156
131 152 137 158
94 153 100 159
157 153 163 159
133 154 139 160
31 156 37 162
72 157 78 163
69 160 75 166
90 160 96 166
182 161 188 167
21 162 27 168
134 162 140 168
125 163 131 169
96 165 102 171
48 166 54 172
11 167 17 173
49 167 55 173
115 167 121 173
166 169 172 175
65 170 71 176
160 170 166 176
168 171 174 177
-3 174 3 180
99 176 105 182
108 176 114 182
142 176 148 182
194 176 200 182
46 177 52 183
26 178 32 184
164 178 170 184
190 178 196 184
54 179 60 185
113 179 119 185
0 180 6 186
23 180 29 186
127 180 133 186
180 181 186 187
118 182 124 188
140 182 146 188
124 183 130 189
145 183 151 189
172 185 178 191
-3 186 3 192
45 189 51 195
43 192 49 198
68 192 74 198
20 195 26 201
