568
9 -3 15 3
114 -3 120 3
141 -3 147 3
185 -3 191 3
12 -2 18 4
91 -2 97 4
16 -1 22 5
49 -1 55 5
54 -1 60 5
78 -1 84 5
21 0 27 6
110 0 116 6
115 0 121 6
17 1 23 7
86 1 92 7
146 1 152 7
181 1 187 7
189 1 195 7
13 2 19 8
23 2 29 8
39 2 45 8
60 3 66 9
84 3 90 9
160 3 166 9
174 3 180 9
8 4 14 10
25 4 31 10
68 4 74 10
108 4 114 10
173 4 179 10
67 5 73 11
95 5 101 11
179 5 185 11
54 6 60 12
99 6 105 12
16 7 22 13
24 7 30 13
3 8 9 14
39 8 45 14
115 8 121 14
186 8 192 14
194 8 200 14
14 9 20 15
51 9 57 15
36 10 42 16
157 11 163 17
4 12 10 18
60 12 66 18
123 12 129 18
188 12 194 18
106 13 112 19
111 13 117 19
118 13 124 19
29 14 35 20
116 14 122 20
42 15 48 21
75 15 81 21
190 15 196 21
13 16 19 22
33 16 39 22
95 16 101 22
169 16 175 22
5 17 11 23
43 17 49 23
62 17 68 23
112 18 118 24
122 18 128 24
172 18 178 24
65 19 71 25
20 20 26 26
118 20 124 26
8 21 14 27
78 21 84 27
103 21 109 27
119 21 125 27
149 21 155 27
172 21 178 27
51 22 57 28
88 22 94 28
123 22 129 28
36 24 42 30
48 24 54 30
78 24 84 30
104 24 110 30
106 24 112 30
177 24 183 30
9 25 15 31
89 25 95 31
119 25 125 31
142 25 148 31
54 26 60 32
107 26 113 32
142 26 148 32
11 27 17 33
38 27 44 33
51 27 57 33
66 27 72 33
121 27 127 33
133 27 139 33
32 28 38 34
123 28 129 34
21 29 27 35
65 29 71 35
84 29 90 35
131 29 137 35
159 29 165 35
166 29 172 35
9 31 15 37
29 31 35 37
58 31 64 37
70 31 76 37
169 31 175 37
13 32 19 38
51 32 57 38
143 33 149 39
3 34 9 40
24 34 30 40
63 34 69 40
175 34 181 40
192 34 198 40
28 35 34 41
191 35 197 41
142 36 148 42
58 37 64 43
66 37 72 43
164 37 170 43
35 38 41 44
73 38 79 44
160 38 166 44
11 39 17 45
14 39 20 45
53 39 59 45
129 39 135 45
186 39 192 45
175 40 181 46
-3 41 3 47
29 41 35 47
90 41 96 47
126 41 132 47
131 41 137 47
24 42 30 48
153 42 159 48
163 42 169 48
10 43 16 49
15 43 21 49
84 43 90 49
86 43 92 49
108 43 114 49
116 43 122 49
164 43 170 49
5 44 11 50
-1 45 5 51
15 45 21 51
109 46 115 52
134 46 140 52
162 46 168 52
50 47 56 53
174 47 180 53
5 48 11 54
64 48 70 54
27 49 33 55
31 49 37 55
43 49 49 55
55 49 61 55
62 49 68 55
67 49 73 55
117 49 123 55
138 49 144 55
149 49 155 55
7 50 13 56
88 50 94 56
106 50 112 56
168 50 174 56
54 51 60 57
73 51 79 57
102 51 108 57
6 52 12 58
53 52 59 58
133 52 139 58
178 53 184 59
12 54 18 60
23 56 29 62
77 56 83 62
74 57 80 63
94 57 100 63
120 57 126 63
31 58 37 64
135 58 141 64
165 58 171 64
174 58 180 64
-3 60 3 66
72 61 78 67
100 61 106 67
68 62 74 68
120 62 126 68
167 63 173 69
49 64 55 70
88 64 94 70
96 64 102 70
122 64 128 70
135 64 141 70
186 64 192 70
33 65 39 71
86 65 92 71
95 65 101 71
-2 66 4 72
19 66 25 72
118 66 124 72
132 66 138 72
133 67 139 73
156 67 162 73
167 67 173 73
185 67 191 73
22 69 28 75
35 69 41 75
69 69 75 75
108 70 114 76
115 70 121 76
157 70 163 76
45 71 51 77
179 71 185 77
187 71 193 77
64 72 70 78
134 72 140 78
17 73 23 79
41 73 47 79
107 73 113 79
155 73 161 79
19 74 25 80
65 74 71 80
166 74 172 80
-3 75 3 81
6 75 12 81
193 75 199 81
7 76 13 82
103 76 109 82
118 76 124 82
134 76 140 82
78 77 84 83
35 78 41 84
118 78 124 84
61 79 67 85
138 79 144 85
146 79 152 85
14 80 20 86
97 80 103 86
136 80 142 86
144 80 150 86
65 81 71 87
86 81 92 87
150 81 156 87
15 82 21 88
67 82 73 88
189 82 195 88
144 83 150 89
188 84 194 90
7 85 13 91
34 85 40 91
40 85 46 91
44 85 50 91
69 85 75 91
117 85 123 91
121 85 127 91
145 85 151 91
1 86 7 92
105 86 111 92
78 87 84 93
47 88 53 94
105 88 111 94
152 88 158 94
3 89 9 95
84 89 90 95
109 89 115 95
91 90 97 96
95 90 101 96
121 90 127 96
158 90 164 96
177 90 183 96
6 91 12 97
106 91 112 97
44 92 50 98
48 92 54 98
88 92 94 98
180 92 186 98
8 93 14 99
125 93 131 99
5 94 11 100
21 94 27 100
79 94 85 100
144 94 150 100
3 95 9 101
50 95 56 101
169 95 175 101
7 96 13 102
94 96 100 102
119 96 125 102
35 97 41 103
49 97 55 103
112 98 118 104
141 98 147 104
160 98 166 104
194 98 200 104
48 99 54 105
69 99 75 105
72 99 78 105
177 99 183 105
195 99 201 105
4 100 10 106
13 100 19 106
9 102 15 108
20 103 26 109
42 103 48 109
98 103 104 109
5 104 11 110
10 105 16 111
31 105 37 111
132 105 138 111
48 106 54 112
80 106 86 112
121 106 127 112
148 106 154 112
17 107 23 113
25 107 31 113
67 107 73 113
161 107 167 113
176 107 182 113
39 108 45 114
104 108 110 114
109 108 115 114
122 108 128 114
32 109 38 115
150 109 156 115
185 109 191 115
29 110 35 116
77 110 83 116
100 111 106 117
159 111 165 117
-2 112 4 118
62 112 68 118
91 112 97 118
99 112 105 118
182 112 188 118
23 114 29 120
115 114 121 120
19 115 25 121
48 115 54 121
133 115 139 121
37 116 43 122
184 116 190 122
15 117 21 123
32 117 38 123
87 117 93 123
176 117 182 123
-1 118 5 124
24 119 30 125
138 119 144 125
165 119 171 125
180 119 186 125
142 120 148 126
194 120 200 126
38 121 44 127
71 121 77 127
153 121 159 127
111 122 117 128
52 123 58 129
102 123 108 129
31 124 37 130
67 124 73 130
94 124 100 130
170 124 176 130
85 125 91 131
91 125 97 131
87 126 93 132
31 127 37 133
52 127 58 133
77 127 83 133
59 128 65 134
112 128 118 134
29 129 35 135
81 129 87 135
101 129 107 135
-3 130 3 136
47 130 53 136
57 130 63 136
167 130 173 136
39 131 45 137
48 131 54 137
100 131 106 137
141 131 147 137
168 131 174 137
18 132 24 138
30 132 36 138
9 133 15 139
69 133 75 139
111 133 117 139
135 133 141 139
0 134 6 140
90 135 96 141
92 135 98 141
147 136 153 142
123 137 129 143
59 138 65 144
99 138 105 144
161 138 167 144
29 139 35 145
148 139 154 145
191 140 197 146
45 142 51 148
116 142 122 148
117 143 123 149
154 143 160 149
192 143 198 149
30 144 36 150
-3 145 3 151
112 145 118 151
187 145 193 151
89 146 95 152
178 146 184 152
34 147 40 153
43 147 49 153
63 147 69 153
71 147 77 153
8 148 14 154
26 148 32 154
49 148 55 154
102 148 108 154
123 148 129 154
156 148 162 154
161 148 167 154
6 149 12 155
17 150 23 156
80 150 86 156
3 151 9 157
16 151 22 157
42 151 48 157
121 151 127 157
185 151 191 157
26 152 32 158
49 152 55 158
187 152 193 158
105 153 111 159
117 153 123 159
157 153 163 159
94 154 100 160
134 154 140 160
19 155 25 161
31 155 37 161
119 155 125 161
138 155 144 161
9 156 15 162
25 156 31 162
131 156 137 162
167 156 173 162
16 157 22 163
22 157 28 163
55 157 61 163
72 157 78 163
90 157 96 163
169 157 175 163
175 157 181 163
15 159 21 165
173 159 179 165
68 160 74 166
130 160 136 166
162 160 168 166
182 160 188 166
37 161 43 167
47 162 53 168
58 162 64 168
120 162 126 168
135 162 141 168
159 162 165 168
25 163 31 169
126 163 132 169
165 163 171 169
35 164 41 170
76 164 82 170
155 164 161 170
161 164 167 170
184 164 190 170
132 165 138 171
134 165 140 171
44 166 50 172
55 166 61 172
78 166 84 172
85 166 91 172
96 166 102 172
11 167 17 173
115 167 121 173
150 167 156 173
185 167 191 173
166 168 172 174
50 169 56 175
80 169 86 175
44 170 50 176
66 170 72 176
160 170 166 176
195 170 201 176
71 171 77 177
10 172 16 178
169 172 175 178
182 172 188 178
72 173 78 179
79 173 85 179
127 173 133 179
181 173 187 179
9 174 15 180
23 174 29 180
81 174 87 180
101 176 107 182
108 176 114 182
141 176 147 182
194 176 200 182
46 177 52 183
27 178 33 184
78 178 84 184
93 178 99 184
164 178 170 184
190 178 196 184
16 179 22 185
54 179 60 185
113 179 119 185
0 180 6 186
70 180 76 186
127 180 133 186
180 180 186 186
6 181 12 187
12 181 18 187
21 181 27 187
140 181 146 187
118 182 124 188
39 183 45 189
69 183 75 189
80 183 86 189
4 184 10 190
38 184 44 190
172 185 178 191
-3 186 3 192
52 186 58 192
100 186 106 192
156 186 162 192
166 186 172 192
169 186 175 192
46 187 52 193
95 187 101 193
103 187 109 193
155 187 161 193
36 188 42 194
190 188 196 194
5 189 11 195
94 189 100 195
55 190 61 196
72 190 78 196
123 190 129 196
126 190 132 196
183 190 189 196
73 191 79 197
190 191 196 197
43 192 49 198
68 192 74 198
3 194 9 200
62 194 68 200
112 194 118 200
184 194 190 200
20 195 26 201
161 195 167 201
86 196 92 202
166 196 172 202
