162
3 -3 9 3
0 -2 6 4
91 -2 97 4
97 -2 103 4
141 -2 147 4
144 1 150 7
189 1 195 7
39 2 45 8
103 2 109 8
59 3 65 9
181 3 187 9
107 4 113 10
179 5 185 11
115 7 121 13
146 8 152 14
194 8 200 14
175 10 181 16
157 11 163 17
60 12 66 18
188 12 194 18
28 15 34 21
189 15 195 21
33 16 39 22
75 16 81 22
170 16 176 22
95 17 101 23
20 19 26 25
177 22 183 28
11 27 17 33
84 29 90 35
166 31 172 37
164 34 170 40
175 34 181 40
28 35 34 41
58 36 64 42
32 38 38 44
73 38 79 44
188 39 194 45
15 41 21 47
28 41 34 47
90 41 96 47
126 41 132 47
196 41 202 47
26 42 32 48
120 43 126 49
158 45 164 51
134 46 140 52
174 47 180 53
55 49 61 55
138 49 144 55
73 51 79 57
80 51 86 57
77 52 83 58
178 53 184 59
94 57 100 63
191 57 197 63
165 58 171 64
176 58 182 64
114 59 120 65
177 60 183 66
68 62 74 68
118 62 124 68
49 64 55 70
34 65 40 71
118 66 124 72
35 67 41 73
167 67 173 73
68 69 74 75
115 69 121 75
45 71 51 77
179 71 185 77
41 73 47 79
166 74 172 80
79 77 85 83
139 78 145 84
160 80 166 86
129 85 135 91
146 85 152 91
106 90 112 96
43 92 49 98
50 94 56 100
78 94 84 100
5 95 11 101
95 96 101 102
170 96 176 102
161 98 167 104
20 99 26 105
5 100 11 106
13 101 19 107
42 104 48 110
176 107 182 113
39 108 45 114
56 108 62 114
90 112 96 118
169 113 175 119
115 114 121 120
11 116 17 122
184 116 190 122
16 117 22 123
176 117 182 123
-1 118 5 124
24 119 30 125
142 120 148 126
194 120 200 126
40 121 46 127
150 121 156 127
111 122 117 128
102 124 108 130
72 129 78 135
39 130 45 136
141 132 147 138
9 133 15 139
69 133 75 139
135 133 141 139
59 138 65 144
100 138 106 144
29 139 35 145
154 141 160 147
43 142 49 148
30 144 36 150
188 145 194 151
195 145 201 151
178 146 184 152
34 147 40 153
78 147 84 153
112 147 118 153
89 148 95 154
104 148 110 154
123 148 129 154
79 149 85 155
193 149 199 155
94 153 100 159
133 154 139 160
72 157 78 163
69 160 75 166
90 161 96 167
182 161 188 167
21 162 27 168
125 163 131 169
96 165 102 171
55 167 61 173
115 167 121 173
149 167 155 173
65 170 71 176
160 170 166 176
196 175 202 181
98 176 104 182
108 176 114 182
143 176 149 182
195 176 201 182
97 177 103 183
164 178 170 184
190 178 196 184
54 179 60 185
113 179 119 185
0 180 6 186
180 181 186 187
118 182 124 188
140 182 146 188
183 194 189 200
20 195 26 201
78 196 84 202
