405
9 -3 15 3
114 -3 120 3
185 -3 191 3
12 -2 18 4
91 -2 97 4
97 -2 103 4
141 -2 147 4
49 -1 55 5
53 -1 59 5
-2 0 4 6
21 0 27 6
43 0 49 6
114 0 120 6
86 1 92 7
189 1 195 7
13 2 19 8
22 2 28 8
39 2 45 8
103 2 109 8
60 3 66 9
108 4 114 10
96 5 102 11
179 5 185 11
38 8 44 14
51 8 57 14
115 8 121 14
146 8 152 14
186 8 192 14
194 8 200 14
67 9 73 15
175 10 181 16
157 11 163 17
60 12 66 18
122 12 128 18
188 12 194 18
106 13 112 19
28 14 34 20
111 14 117 20
190 15 196 21
13 16 19 22
33 16 39 22
95 16 101 22
169 16 175 22
6 17 12 23
63 17 69 23
122 18 128 24
20 19 26 25
78 21 84 27
51 22 57 28
88 22 94 28
99 22 105 28
78 23 84 29
36 24 42 30
49 24 55 30
89 24 95 30
177 24 183 30
119 25 125 31
54 26 60 32
107 26 113 32
38 27 44 33
51 27 57 33
32 28 38 34
105 28 111 34
22 29 28 35
84 29 90 35
166 29 172 35
29 31 35 37
58 31 64 37
70 31 76 37
169 31 175 37
10 32 16 38
73 33 79 39
24 34 30 40
63 34 69 40
143 34 149 40
175 34 181 40
28 35 34 41
142 35 148 41
66 36 72 42
58 37 64 43
164 37 170 43
34 38 40 44
73 38 79 44
10 39 16 45
129 39 135 45
186 39 192 45
14 40 20 46
175 40 181 46
-3 41 3 47
29 41 35 47
90 41 96 47
126 41 132 47
131 41 137 47
24 42 30 48
153 42 159 48
10 43 16 49
108 43 114 49
116 43 122 49
5 44 11 50
0 45 6 51
134 46 140 52
162 46 168 52
49 47 55 53
174 47 180 53
64 48 70 54
44 49 50 55
55 49 61 55
63 49 69 55
71 49 77 55
117 49 123 55
138 49 144 55
81 50 87 56
106 50 112 56
120 50 126 56
169 50 175 56
73 51 79 57
103 51 109 57
133 53 139 59
178 53 184 59
23 55 29 61
77 55 83 61
125 55 131 61
124 56 130 62
31 58 37 64
98 58 104 64
112 59 118 65
1 60 7 66
100 60 106 66
177 61 183 67
68 62 74 68
120 62 126 68
31 63 37 69
49 64 55 70
33 65 39 71
186 65 192 71
-2 66 4 72
19 66 25 72
118 66 124 72
185 66 191 72
167 67 173 73
150 68 156 74
22 69 28 75
35 69 41 75
68 69 74 75
115 70 121 76
157 70 163 76
45 71 51 77
108 71 114 77
179 71 185 77
41 73 47 79
155 73 161 79
166 74 172 80
160 75 166 81
194 75 200 81
196 75 202 81
86 76 92 82
103 76 109 82
78 77 84 83
140 78 146 84
35 79 41 85
61 79 67 85
70 79 76 85
138 79 144 85
136 80 142 86
190 80 196 86
65 81 71 87
150 81 156 87
8 82 14 88
67 82 73 88
86 82 92 88
7 84 13 90
34 84 40 90
41 85 47 91
43 85 49 91
69 85 75 91
117 85 123 91
121 85 127 91
129 85 135 91
145 85 151 91
1 86 7 92
47 88 53 94
84 88 90 94
152 88 158 94
163 88 169 94
3 89 9 95
90 90 96 96
96 90 102 96
106 90 112 96
158 90 164 96
164 90 170 96
177 90 183 96
6 91 12 97
43 92 49 98
48 92 54 98
180 92 186 98
8 93 14 99
126 93 132 99
130 93 136 99
21 94 27 100
79 94 85 100
144 94 150 100
6 95 12 101
50 95 56 101
169 95 175 101
184 95 190 101
94 96 100 102
116 97 122 103
112 98 118 104
178 99 184 105
4 100 10 106
13 100 19 106
164 100 170 106
181 100 187 106
20 102 26 108
9 103 15 109
42 103 48 109
5 104 11 110
10 104 16 110
31 105 37 111
17 107 23 113
80 107 86 113
148 107 154 113
176 107 182 113
39 108 45 114
56 108 62 114
67 108 73 114
104 108 110 114
109 108 115 114
180 108 186 114
32 109 38 115
150 109 156 115
184 109 190 115
21 110 27 116
29 110 35 116
86 110 92 116
159 110 165 116
91 112 97 118
180 112 186 118
115 114 121 120
19 115 25 121
48 115 54 121
59 115 65 121
134 115 140 121
11 116 17 122
36 116 42 122
166 116 172 122
184 116 190 122
15 117 21 123
32 117 38 123
87 117 93 123
176 117 182 123
-1 118 5 124
24 119 30 125
138 119 144 125
165 119 171 125
142 120 148 126
194 120 200 126
39 121 45 127
83 121 89 127
152 121 158 127
71 122 77 128
111 122 117 128
67 123 73 129
90 123 96 129
102 123 108 129
42 124 48 130
170 124 176 130
91 125 97 131
31 127 37 133
52 127 58 133
77 127 83 133
112 128 118 134
29 129 35 135
72 129 78 135
81 129 87 135
-3 130 3 136
39 131 45 137
141 131 147 137
30 132 36 138
0 133 6 139
9 133 15 139
18 133 24 139
110 133 116 139
135 133 141 139
15 135 21 141
147 136 153 142
59 138 65 144
194 138 200 144
29 139 35 145
192 140 198 146
154 143 160 149
191 143 197 149
30 144 36 150
78 144 84 150
-3 145 3 151
187 145 193 151
89 146 95 152
112 146 118 152
34 147 40 153
43 147 49 153
63 147 69 153
70 147 76 153
22 148 28 154
26 148 32 154
102 148 108 154
123 148 129 154
156 148 162 154
161 148 167 154
49 149 55 155
80 150 86 156
193 150 199 156
3 151 9 157
49 151 55 157
103 151 109 157
131 151 137 157
26 153 32 159
117 153 123 159
157 153 163 159
1 154 7 160
94 154 100 160
133 154 139 160
19 155 25 161
25 155 31 161
31 155 37 161
9 156 15 162
138 156 144 162
22 157 28 163
55 157 61 163
72 157 78 163
90 157 96 163
131 157 137 163
175 157 181 163
130 159 136 165
173 159 179 165
68 160 74 166
162 160 168 166
182 160 188 166
37 161 43 167
21 162 27 168
28 162 34 168
57 162 63 168
160 162 166 168
25 163 31 169
47 163 53 169
126 163 132 169
153 163 159 169
164 163 170 169
36 164 42 170
85 166 91 172
55 167 61 173
115 167 121 173
150 167 156 173
185 167 191 173
166 168 172 174
50 169 56 175
80 169 86 175
44 170 50 176
65 170 71 176
160 170 166 176
195 170 201 176
191 171 197 177
169 172 175 178
81 174 87 180
100 176 106 182
142 176 148 182
194 176 200 182
46 177 52 183
27 178 33 184
94 178 100 184
164 178 170 184
190 178 196 184
16 179 22 185
54 179 60 185
113 179 119 185
0 180 6 186
21 180 27 186
70 180 76 186
127 180 133 186
12 181 18 187
140 181 146 187
69 182 75 188
80 182 86 188
118 182 124 188
105 183 111 189
124 183 130 189
150 183 156 189
4 184 10 190
101 184 107 190
172 185 178 191
-3 186 3 192
52 186 58 192
103 187 109 193
36 188 42 194
55 190 61 196
34 192 40 198
43 192 49 198
64 194 70 200
65 194 71 200
185 194 191 200
3 195 9 201
20 195 26 201
89 195 95 201
112 195 118 201
166 195 172 201
86 196 92 202
