330
9 -3 15 3
114 -3 120 3
185 -3 191 3
12 -2 18 4
78 -2 84 4
91 -2 97 4
97 -2 103 4
141 -2 147 4
43 0 49 6
110 0 116 6
114 0 120 6
146 1 152 7
181 1 187 7
189 1 195 7
13 2 19 8
39 2 45 8
103 2 109 8
60 3 66 9
8 4 14 10
108 4 114 10
179 5 185 11
53 7 59 13
186 8 192 14
194 8 200 14
3 9 9 15
67 9 73 15
37 10 43 16
175 10 181 16
157 11 163 17
4 12 10 18
188 12 194 18
106 13 112 19
122 13 128 19
28 14 34 20
13 16 19 22
33 16 39 22
169 16 175 22
6 17 12 23
95 17 101 23
122 18 128 24
20 19 26 25
112 19 118 25
123 21 129 27
8 22 14 28
99 22 105 28
88 23 94 29
88 24 94 30
119 24 125 30
9 25 15 31
53 26 59 32
11 27 17 33
38 27 44 33
51 27 57 33
32 28 38 34
22 29 28 35
84 29 90 35
29 31 35 37
57 31 63 37
71 31 77 37
168 31 174 37
73 33 79 39
24 34 30 40
175 34 181 40
28 35 34 41
66 36 72 42
58 37 64 43
164 37 170 43
34 38 40 44
73 38 79 44
129 39 135 45
187 39 193 45
-3 41 3 47
14 41 20 47
29 41 35 47
90 41 96 47
126 41 132 47
153 42 159 48
117 43 123 49
5 44 11 50
0 45 6 51
109 46 115 52
134 46 140 52
49 47 55 53
174 47 180 53
45 49 51 55
67 49 73 55
71 49 77 55
138 49 144 55
169 50 175 56
73 51 79 57
178 53 184 59
133 54 139 60
23 55 29 61
77 55 83 61
135 56 141 62
94 57 100 63
191 57 197 63
31 58 37 64
73 58 79 64
174 58 180 64
112 59 118 65
177 61 183 67
68 62 74 68
120 62 126 68
31 63 37 69
49 64 55 70
33 65 39 71
-2 66 4 72
19 66 25 72
118 66 124 72
167 67 173 73
35 68 41 74
150 68 156 74
115 70 121 76
157 70 163 76
45 71 51 77
179 71 185 77
41 73 47 79
155 73 161 79
166 74 172 80
86 76 92 82
160 76 166 82
79 77 85 83
61 79 67 85
70 79 76 85
138 79 144 85
35 80 41 86
97 80 103 86
137 80 143 86
150 80 156 86
65 81 71 87
67 82 73 88
86 82 92 88
68 85 74 91
117 85 123 91
129 85 135 91
1 86 7 92
84 87 90 93
78 88 84 94
152 88 158 94
3 89 9 95
47 89 53 95
106 90 112 96
120 90 126 96
177 90 183 96
6 91 12 97
43 92 49 98
48 92 54 98
180 92 186 98
7 93 13 99
21 94 27 100
79 94 85 100
143 94 149 100
6 95 12 101
50 95 56 101
119 95 125 101
169 95 175 101
184 95 190 101
94 96 100 102
116 97 122 103
141 97 147 103
113 98 119 104
161 98 167 104
178 99 184 105
4 100 10 106
164 100 170 106
101 101 107 107
42 103 48 109
98 103 104 109
166 103 172 109
5 104 11 110
48 106 54 112
17 107 23 113
26 107 32 113
80 107 86 113
176 107 182 113
39 108 45 114
56 108 62 114
104 108 110 114
109 108 115 114
29 109 35 115
31 109 37 115
67 109 73 115
77 109 83 115
184 109 190 115
21 110 27 116
86 110 92 116
67 111 73 117
91 112 97 118
169 113 175 119
22 114 28 120
115 114 121 120
19 115 25 121
48 115 54 121
59 115 65 121
134 115 140 121
11 116 17 122
36 116 42 122
32 117 38 123
87 117 93 123
166 117 172 123
176 117 182 123
-1 118 5 124
165 118 171 124
24 119 30 125
138 119 144 125
83 120 89 126
142 120 148 126
39 121 45 127
152 121 158 127
70 122 76 128
111 122 117 128
67 123 73 129
42 124 48 130
102 124 108 130
170 124 176 130
43 127 49 133
77 127 83 133
31 128 37 134
30 129 36 135
72 129 78 135
81 129 87 135
39 131 45 137
141 131 147 137
30 132 36 138
0 133 6 139
9 133 15 139
18 133 24 139
110 133 116 139
135 133 141 139
16 135 22 141
147 136 153 142
59 138 65 144
100 138 106 144
194 138 200 144
29 139 35 145
148 139 154 145
192 140 198 146
43 142 49 148
154 142 160 148
191 143 197 149
30 144 36 150
78 144 84 150
-3 145 3 151
89 146 95 152
112 146 118 152
178 146 184 152
34 147 40 153
43 147 49 153
26 148 32 154
157 148 163 154
161 148 167 154
80 150 86 156
193 150 199 156
3 151 9 157
42 151 48 157
103 151 109 157
131 151 137 157
94 153 100 159
105 153 111 159
118 153 124 159
157 153 163 159
1 154 7 160
119 154 125 160
133 154 139 160
31 156 37 162
22 157 28 163
72 157 78 163
175 157 181 163
55 158 61 164
90 158 96 164
173 158 179 164
69 160 75 166
162 160 168 166
182 160 188 166
57 161 63 167
21 162 27 168
27 162 33 168
134 162 140 168
26 163 32 169
125 163 131 169
164 163 170 169
44 166 50 172
85 166 91 172
11 167 17 173
55 167 61 173
115 167 121 173
149 167 155 173
50 168 56 174
166 168 172 174
44 169 50 175
65 170 71 176
160 170 166 176
195 170 201 176
192 171 198 177
169 172 175 178
-1 173 5 179
108 176 114 182
142 176 148 182
46 177 52 183
27 178 33 184
94 178 100 184
164 178 170 184
190 178 196 184
54 179 60 185
113 179 119 185
21 180 27 186
127 180 133 186
12 181 18 187
118 182 124 188
140 182 146 188
105 183 111 189
124 183 130 189
4 185 10 191
-3 186 3 192
103 186 109 192
45 187 51 193
52 187 58 193
5 188 11 194
36 188 42 194
55 189 61 195
183 191 189 197
34 192 40 198
43 192 49 198
68 192 74 198
185 194 191 200
3 195 9 201
88 195 94 201
161 195 167 201
165 195 171 201
