469
9 -3 15 3
114 -3 120 3
141 -3 147 3
185 -3 191 3
12 -2 18 4
91 -2 97 4
97 -2 103 4
16 -1 22 5
53 -1 59 5
-2 0 4 6
17 0 23 6
21 0 27 6
43 0 49 6
110 0 116 6
86 1 92 7
181 1 187 7
189 1 195 7
13 2 19 8
23 2 29 8
39 2 45 8
103 2 109 8
60 3 66 9
84 3 90 9
8 4 14 10
108 4 114 10
25 5 31 11
96 5 102 11
179 5 185 11
24 6 30 12
3 8 9 14
16 8 22 14
38 8 44 14
115 8 121 14
146 8 152 14
186 8 192 14
194 8 200 14
15 9 21 15
51 9 57 15
67 9 73 15
175 10 181 16
157 11 163 17
4 12 10 18
60 12 66 18
188 12 194 18
106 13 112 19
117 13 123 19
118 13 124 19
28 14 34 20
75 15 81 21
190 15 196 21
13 16 19 22
33 16 39 22
169 16 175 22
6 17 12 23
62 17 68 23
122 18 128 24
20 19 26 25
112 19 118 25
8 21 14 27
78 21 84 27
103 21 109 27
149 21 155 27
88 22 94 28
99 22 105 28
123 22 129 28
36 24 42 30
78 24 84 30
89 25 95 31
119 25 125 31
107 26 113 32
11 27 17 33
51 27 57 33
122 27 128 33
123 27 129 33
32 28 38 34
66 28 72 34
105 28 111 34
132 28 138 34
22 29 28 35
65 29 71 35
84 29 90 35
131 29 137 35
159 29 165 35
166 29 172 35
10 31 16 37
58 31 64 37
12 32 18 38
2 33 8 39
73 33 79 39
143 33 149 39
24 34 30 40
28 35 34 41
142 35 148 41
159 36 165 42
58 37 64 43
164 37 170 43
35 38 41 44
73 38 79 44
129 39 135 45
186 39 192 45
14 40 20 46
-3 41 3 47
90 41 96 47
126 41 132 47
131 41 137 47
153 42 159 48
10 43 16 49
108 43 114 49
116 43 122 49
5 44 11 50
0 45 6 51
109 46 115 52
134 46 140 52
162 46 168 52
50 47 56 53
174 47 180 53
64 48 70 54
30 49 36 55
44 49 50 55
62 49 68 55
67 49 73 55
71 49 77 55
117 49 123 55
138 49 144 55
81 50 87 56
106 50 112 56
120 50 126 56
168 50 174 56
73 51 79 57
103 51 109 57
13 52 19 58
133 52 139 58
12 53 18 59
178 53 184 59
126 55 132 61
23 56 29 62
77 56 83 62
123 56 129 62
73 57 79 63
94 57 100 63
118 57 124 63
119 57 125 63
135 57 141 63
98 58 104 64
165 58 171 64
174 58 180 64
191 58 197 64
111 59 117 65
-3 60 3 66
1 60 7 66
100 60 106 66
72 61 78 67
177 61 183 67
68 62 74 68
120 62 126 68
30 63 36 69
49 64 55 70
171 64 177 70
186 65 192 71
-2 66 4 72
19 66 25 72
118 66 124 72
156 67 162 73
167 67 173 73
185 67 191 73
149 68 155 74
22 69 28 75
35 69 41 75
68 69 74 75
108 70 114 76
115 70 121 76
157 70 163 76
45 71 51 77
179 71 185 77
65 72 71 78
41 73 47 79
65 73 71 79
134 73 140 79
155 73 161 79
19 74 25 80
-3 75 3 81
134 75 140 81
160 75 166 81
188 75 194 81
193 75 199 81
86 76 92 82
103 76 109 82
78 77 84 83
35 78 41 84
141 78 147 84
61 79 67 85
70 79 76 85
138 79 144 85
146 79 152 85
14 80 20 86
97 80 103 86
190 80 196 86
15 81 21 87
65 81 71 87
144 81 150 87
150 81 156 87
8 82 14 88
67 82 73 88
86 82 92 88
144 82 150 88
189 83 195 89
34 84 40 90
7 85 13 91
40 85 46 91
44 85 50 91
69 85 75 91
117 85 123 91
121 85 127 91
129 85 135 91
145 85 151 91
1 86 7 92
78 87 84 93
47 88 53 94
84 88 90 94
111 88 117 94
152 88 158 94
163 88 169 94
3 89 9 95
98 89 104 95
90 90 96 96
95 90 101 96
121 90 127 96
158 90 164 96
164 90 170 96
177 90 183 96
6 91 12 97
43 92 49 98
48 92 54 98
88 92 94 98
180 92 186 98
8 93 14 99
125 93 131 99
130 93 136 99
21 94 27 100
144 94 150 100
3 95 9 101
5 95 11 101
7 95 13 101
169 95 175 101
94 96 100 102
116 97 122 103
49 98 55 104
141 98 147 104
160 98 166 104
48 99 54 105
70 99 76 105
71 99 77 105
178 99 184 105
4 100 10 106
13 100 19 106
164 100 170 106
181 100 187 106
101 101 107 107
20 102 26 108
9 103 15 109
42 103 48 109
98 103 104 109
10 104 16 110
166 104 172 110
31 105 37 111
48 106 54 112
17 107 23 113
25 107 31 113
67 107 73 113
80 107 86 113
121 107 127 113
148 107 154 113
176 107 182 113
39 108 45 114
56 108 62 114
104 108 110 114
109 108 115 114
122 108 128 114
32 109 38 115
150 109 156 115
185 109 191 115
21 110 27 116
29 110 35 116
86 110 92 116
159 110 165 116
-1 112 5 118
0 112 6 118
62 112 68 118
67 112 73 118
91 112 97 118
182 112 188 118
64 113 70 119
169 113 175 119
23 114 29 120
115 114 121 120
59 115 65 121
134 115 140 121
11 116 17 122
37 116 43 122
166 116 172 122
184 116 190 122
15 117 21 123
32 117 38 123
87 117 93 123
176 117 182 123
-1 118 5 124
138 119 144 125
165 119 171 125
94 120 100 126
142 120 148 126
194 120 200 126
71 121 77 127
83 121 89 127
33 123 39 129
52 123 58 129
67 123 73 129
90 123 96 129
94 123 100 129
102 123 108 129
31 124 37 130
170 124 176 130
91 125 97 131
31 127 37 133
52 127 58 133
77 127 83 133
112 128 118 134
29 129 35 135
57 129 63 135
72 129 78 135
81 129 87 135
-3 130 3 136
39 131 45 137
30 132 36 138
9 133 15 139
69 133 75 139
110 133 116 139
135 133 141 139
0 134 6 140
15 135 21 141
147 136 153 142
59 138 65 144
100 138 106 144
123 138 129 144
161 138 167 144
194 138 200 144
29 139 35 145
121 139 127 145
148 139 154 145
192 140 198 146
44 142 50 148
154 143 160 149
192 143 198 149
30 144 36 150
78 144 84 150
-3 145 3 151
187 145 193 151
89 146 95 152
112 146 118 152
178 146 184 152
43 147 49 153
63 147 69 153
71 147 77 153
22 148 28 154
49 148 55 154
102 148 108 154
123 148 129 154
156 148 162 154
161 148 167 154
80 150 86 156
3 151 9 157
42 151 48 157
103 151 109 157
131 151 137 157
26 152 32 158
49 152 55 158
185 152 191 158
186 152 192 158
117 153 123 159
122 153 128 159
157 153 163 159
1 154 7 160
134 154 140 160
25 155 31 161
31 155 37 161
119 155 125 161
9 156 15 162
131 156 137 162
138 156 144 162
55 157 61 163
72 157 78 163
90 157 96 163
141 157 147 163
175 157 181 163
7 159 13 165
130 159 136 165
173 159 179 165
68 160 74 166
162 160 168 166
182 160 188 166
21 162 27 168
28 162 34 168
47 162 53 168
57 162 63 168
135 162 141 168
153 162 159 168
25 163 31 169
126 163 132 169
165 163 171 169
155 164 161 170
161 164 167 170
184 165 190 171
44 166 50 172
85 166 91 172
96 166 102 172
11 167 17 173
115 167 121 173
150 167 156 173
185 167 191 173
166 168 172 174
80 169 86 175
44 170 50 176
195 170 201 176
191 171 197 177
169 172 175 178
-1 173 5 179
79 173 85 179
81 174 87 180
22 176 28 182
101 176 107 182
108 176 114 182
194 176 200 182
46 177 52 183
27 178 33 184
78 178 84 184
93 178 99 184
164 178 170 184
16 179 22 185
54 179 60 185
113 179 119 185
0 180 6 186
70 180 76 186
180 180 186 186
140 181 146 187
80 182 86 188
118 182 124 188
106 183 112 189
124 183 130 189
150 183 156 189
4 184 10 190
172 185 178 191
-3 186 3 192
52 186 58 192
101 186 107 192
46 187 52 193
103 187 109 193
36 188 42 194
5 189 11 195
55 190 61 196
183 190 189 196
34 192 40 198
43 192 49 198
68 192 74 198
3 194 9 200
63 194 69 200
20 195 26 201
65 195 71 201
112 195 118 201
161 195 167 201
86 196 92 202
