491
9 -3 15 3
114 -3 120 3
141 -3 147 3
185 -3 191 3
12 -2 18 4
91 -2 97 4
16 -1 22 5
49 -1 55 5
78 -1 84 5
-2 0 4 6
17 0 23 6
21 0 27 6
43 0 49 6
110 0 116 6
115 0 121 6
86 1 92 7
146 1 152 7
181 1 187 7
189 1 195 7
13 2 19 8
23 2 29 8
103 2 109 8
60 3 66 9
84 3 90 9
68 4 74 10
108 4 114 10
25 5 31 11
67 5 73 11
96 5 102 11
179 5 185 11
54 6 60 12
98 6 104 12
24 7 30 13
16 8 22 14
146 8 152 14
186 8 192 14
194 8 200 14
14 9 20 15
51 9 57 15
67 9 73 15
36 10 42 16
175 10 181 16
157 11 163 17
4 12 10 18
60 12 66 18
123 12 129 18
188 12 194 18
106 13 112 19
111 13 117 19
118 13 124 19
75 15 81 21
190 15 196 21
13 16 19 22
33 16 39 22
42 16 48 22
95 16 101 22
169 16 175 22
6 17 12 23
62 17 68 23
122 18 128 24
20 19 26 25
65 19 71 25
112 19 118 25
147 20 153 26
8 21 14 27
78 21 84 27
103 21 109 27
149 21 155 27
172 21 178 27
51 22 57 28
88 22 94 28
99 22 105 28
123 22 129 28
36 24 42 30
49 24 55 30
78 24 84 30
9 25 15 31
89 25 95 31
119 25 125 31
54 26 60 32
11 27 17 33
38 27 44 33
51 27 57 33
122 27 128 33
32 28 38 34
66 28 72 34
104 28 110 34
123 28 129 34
22 29 28 35
65 29 71 35
84 29 90 35
131 29 137 35
159 29 165 35
166 29 172 35
29 31 35 37
58 31 64 37
70 31 76 37
169 31 175 37
2 32 8 38
12 32 18 38
51 33 57 39
73 33 79 39
143 33 149 39
3 34 9 40
24 34 30 40
51 34 57 40
63 34 69 40
175 34 181 40
51 35 57 41
142 35 148 41
159 36 165 42
58 37 64 43
160 37 166 43
164 37 170 43
35 38 41 44
73 38 79 44
54 39 60 45
14 40 20 46
175 40 181 46
-3 41 3 47
29 41 35 47
90 41 96 47
126 41 132 47
24 42 30 48
153 42 159 48
10 43 16 49
108 43 114 49
116 43 122 49
5 44 11 50
-1 45 5 51
134 46 140 52
162 46 168 52
50 47 56 53
64 48 70 54
43 49 49 55
55 49 61 55
62 49 68 55
67 49 73 55
71 49 77 55
117 49 123 55
138 49 144 55
149 49 155 55
7 50 13 56
106 50 112 56
120 50 126 56
150 50 156 56
168 50 174 56
13 51 19 57
103 51 109 57
6 52 12 58
12 53 18 59
178 53 184 59
23 56 29 62
77 56 83 62
123 56 129 62
73 57 79 63
94 57 100 63
117 57 123 63
120 57 126 63
31 58 37 64
98 58 104 64
135 58 141 64
165 58 171 64
174 58 180 64
111 59 117 65
-3 60 3 66
1 60 7 66
72 61 78 67
100 61 106 67
177 61 183 67
68 62 74 68
120 62 126 68
49 64 55 70
87 64 93 70
171 64 177 70
33 65 39 71
86 65 92 71
-2 66 4 72
19 66 25 72
156 67 162 73
167 67 173 73
185 67 191 73
149 68 155 74
35 69 41 75
69 69 75 75
108 70 114 76
115 70 121 76
157 70 163 76
45 71 51 77
64 72 70 78
186 72 192 78
41 73 47 79
65 73 71 79
107 73 113 79
134 73 140 79
155 73 161 79
19 74 25 80
166 74 172 80
-3 75 3 81
160 75 166 81
188 75 194 81
193 75 199 81
86 76 92 82
134 76 140 82
78 77 84 83
61 79 67 85
70 79 76 85
138 79 144 85
146 79 152 85
14 80 20 86
97 80 103 86
136 80 142 86
144 80 150 86
190 80 196 86
8 81 14 87
15 81 21 87
65 81 71 87
150 81 156 87
67 82 73 88
86 82 92 88
144 82 150 88
189 82 195 88
188 83 194 89
34 84 40 90
7 85 13 91
40 85 46 91
69 85 75 91
117 85 123 91
121 85 127 91
129 85 135 91
1 86 7 92
78 87 84 93
47 88 53 94
84 88 90 94
111 88 117 94
152 88 158 94
3 89 9 95
98 89 104 95
109 89 115 95
90 90 96 96
95 90 101 96
121 90 127 96
158 90 164 96
6 91 12 97
48 92 54 98
88 92 94 98
8 93 14 99
125 93 131 99
130 93 136 99
21 94 27 100
79 94 85 100
144 94 150 100
3 95 9 101
5 95 11 101
7 95 13 101
169 95 175 101
184 95 190 101
119 96 125 102
112 98 118 104
141 98 147 104
160 98 166 104
48 99 54 105
69 99 75 105
71 99 77 105
177 99 183 105
4 100 10 106
13 100 19 106
164 100 170 106
101 101 107 107
9 102 15 108
20 102 26 108
42 103 48 109
98 103 104 109
5 104 11 110
10 104 16 110
166 104 172 110
31 105 37 111
133 105 139 111
48 106 54 112
134 106 140 112
148 106 154 112
17 107 23 113
39 108 45 114
56 108 62 114
109 108 115 114
161 108 167 114
180 108 186 114
150 109 156 115
185 109 191 115
21 110 27 116
29 110 35 116
77 110 83 116
159 110 165 116
86 111 92 117
-1 112 5 118
62 112 68 118
67 112 73 118
91 112 97 118
179 112 185 118
169 113 175 119
115 114 121 120
19 115 25 121
48 115 54 121
59 115 65 121
134 115 140 121
11 116 17 122
37 116 43 122
184 116 190 122
15 117 21 123
176 117 182 123
-1 118 5 124
24 119 30 125
138 119 144 125
165 119 171 125
94 120 100 126
142 120 148 126
194 120 200 126
39 121 45 127
71 121 77 127
83 121 89 127
153 121 159 127
111 122 117 128
33 123 39 129
52 123 58 129
102 123 108 129
31 124 37 130
42 124 48 130
67 124 73 130
170 124 176 130
91 125 97 131
31 127 37 133
43 127 49 133
52 127 58 133
77 127 83 133
59 128 65 134
112 128 118 134
29 129 35 135
57 129 63 135
72 129 78 135
81 129 87 135
-3 130 3 136
47 130 53 136
39 131 45 137
48 131 54 137
141 131 147 137
18 132 24 138
30 132 36 138
9 133 15 139
69 133 75 139
111 133 117 139
135 133 141 139
15 135 21 141
147 136 153 142
59 138 65 144
100 138 106 144
123 138 129 144
194 138 200 144
29 139 35 145
121 139 127 145
148 139 154 145
44 142 50 148
192 143 198 149
78 144 84 150
187 145 193 151
89 146 95 152
178 146 184 152
34 147 40 153
43 147 49 153
63 147 69 153
71 147 77 153
22 148 28 154
26 148 32 154
49 148 55 154
102 148 108 154
123 148 129 154
156 148 162 154
161 148 167 154
80 150 86 156
193 150 199 156
3 151 9 157
42 151 48 157
103 151 109 157
121 151 127 157
131 151 137 157
185 151 191 157
26 152 32 158
49 152 55 158
187 152 193 158
105 153 111 159
117 153 123 159
157 153 163 159
1 154 7 160
94 154 100 160
134 154 140 160
19 155 25 161
25 155 31 161
31 155 37 161
119 155 125 161
9 156 15 162
131 156 137 162
167 156 173 162
55 157 61 163
72 157 78 163
90 157 96 163
141 157 147 163
168 157 174 163
175 157 181 163
7 159 13 165
173 159 179 165
130 160 136 166
162 160 168 166
182 160 188 166
37 161 43 167
47 162 53 168
135 162 141 168
159 162 165 168
121 163 127 169
165 163 171 169
36 164 42 170
155 164 161 170
161 164 167 170
184 165 190 171
44 166 50 172
55 166 61 172
85 166 91 172
96 166 102 172
11 167 17 173
115 167 121 173
150 167 156 173
185 167 191 173
166 168 172 174
50 169 56 175
80 169 86 175
44 170 50 176
66 170 72 176
160 170 166 176
195 170 201 176
191 171 197 177
10 172 16 178
169 172 175 178
-1 173 5 179
79 173 85 179
81 174 87 180
23 175 29 181
22 176 28 182
101 176 107 182
108 176 114 182
142 176 148 182
194 176 200 182
46 177 52 183
27 178 33 184
78 178 84 184
93 178 99 184
164 178 170 184
190 178 196 184
16 179 22 185
54 179 60 185
113 179 119 185
70 180 76 186
127 180 133 186
12 181 18 187
118 182 124 188
69 183 75 189
80 183 86 189
101 183 107 189
106 183 112 189
124 183 130 189
4 184 10 190
172 185 178 191
-3 186 3 192
52 186 58 192
101 186 107 192
95 187 101 193
103 187 109 193
36 188 42 194
94 188 100 194
5 189 11 195
55 190 61 196
124 190 130 196
126 190 132 196
183 190 189 196
72 191 78 197
34 192 40 198
43 192 49 198
68 192 74 198
3 194 9 200
63 194 69 200
112 194 118 200
184 194 190 200
65 195 71 201
166 196 172 202
