222
9 -3 15 3
78 -3 84 3
12 -2 18 4
91 -2 97 4
97 -2 103 4
141 -2 147 4
-1 -1 5 5
146 1 152 7
189 1 195 7
12 2 18 8
39 2 45 8
103 2 109 8
181 2 187 8
59 3 65 9
8 4 14 10
108 4 114 10
179 5 185 11
115 7 121 13
146 8 152 14
194 8 200 14
67 9 73 15
186 9 192 15
175 10 181 16
157 11 163 17
60 12 66 18
188 12 194 18
28 15 34 21
189 15 195 21
13 16 19 22
33 16 39 22
6 17 12 23
95 17 101 23
20 19 26 25
112 19 118 25
119 23 125 29
177 23 183 29
11 27 17 33
84 29 90 35
166 29 172 35
22 30 28 36
29 31 35 37
57 31 63 37
168 31 174 37
24 34 30 40
175 34 181 40
28 35 34 41
58 36 64 42
34 38 40 44
73 38 79 44
188 39 194 45
175 40 181 46
15 41 21 47
29 41 35 47
90 41 96 47
126 41 132 47
196 41 202 47
24 42 30 48
118 43 124 49
160 46 166 52
48 47 54 53
174 47 180 53
46 49 52 55
55 49 61 55
67 49 73 55
71 49 77 55
138 49 144 55
73 51 79 57
81 51 87 57
77 53 83 59
178 53 184 59
23 55 29 61
94 57 100 63
165 58 171 64
175 58 181 64
113 59 119 65
31 60 37 66
177 61 183 67
68 62 74 68
118 62 124 68
31 63 37 69
49 64 55 70
-2 66 4 72
19 66 25 72
35 67 41 73
167 67 173 73
21 68 27 74
151 68 157 74
68 69 74 75
115 69 121 75
155 71 161 77
179 71 185 77
41 73 47 79
166 74 172 80
190 75 196 81
86 76 92 82
101 76 107 82
79 77 85 83
139 78 145 84
160 78 166 84
70 79 76 85
98 79 104 85
62 80 68 86
67 82 73 88
86 83 92 89
68 85 74 91
129 85 135 91
146 85 152 91
1 87 7 93
78 88 84 94
152 88 158 94
158 88 164 94
3 89 9 95
106 90 112 96
177 90 183 96
180 92 186 98
21 94 27 100
50 94 56 100
78 94 84 100
6 95 12 101
170 96 176 102
161 98 167 104
5 100 11 106
13 100 19 106
20 101 26 107
42 103 48 109
5 104 11 110
48 106 54 112
176 107 182 113
17 108 23 114
39 108 45 114
56 108 62 114
20 110 26 116
86 110 92 116
91 112 97 118
169 113 175 119
115 114 121 120
48 115 54 121
60 115 66 121
11 116 17 122
135 116 141 122
184 116 190 122
176 117 182 123
-1 118 5 124
24 119 30 125
138 119 144 125
142 120 148 126
194 120 200 126
40 121 46 127
151 121 157 127
111 122 117 128
170 123 176 129
102 124 108 130
72 129 78 135
39 130 45 136
110 130 116 136
-2 131 4 137
30 132 36 138
0 133 6 139
69 133 75 139
135 133 141 139
59 138 65 144
100 138 106 144
161 138 167 144
43 142 49 148
154 142 160 148
192 142 198 148
30 144 36 150
78 145 84 151
187 145 193 151
196 145 202 151
178 146 184 152
34 147 40 153
89 147 95 153
103 148 109 154
123 148 129 154
79 150 85 156
193 150 199 156
131 151 137 157
94 153 100 159
157 153 163 159
133 154 139 160
31 156 37 162
72 157 78 163
90 159 96 165
69 160 75 166
182 161 188 167
134 162 140 168
125 163 131 169
47 165 53 171
84 166 90 172
11 167 17 173
50 167 56 173
115 167 121 173
149 167 155 173
82 168 88 174
166 168 172 174
65 170 71 176
160 170 166 176
168 171 174 177
100 176 106 182
108 176 114 182
142 176 148 182
46 177 52 183
26 178 32 184
95 178 101 184
190 178 196 184
54 179 60 185
113 179 119 185
22 180 28 186
127 180 133 186
180 181 186 187
118 182 124 188
140 182 146 188
124 183 130 189
147 183 153 189
172 185 178 191
36 188 42 194
45 188 51 194
34 191 40 197
43 192 49 198
68 192 74 198
3 196 9 202
