246
9 -3 15 3
78 -3 84 3
12 -2 18 4
91 -2 97 4
141 -2 147 4
-1 -1 5 5
43 0 49 6
146 1 152 7
189 1 195 7
12 2 18 8
39 2 45 8
103 2 109 8
181 2 187 8
59 3 65 9
179 5 185 11
146 8 152 14
194 8 200 14
186 9 192 15
175 10 181 16
157 11 163 17
188 12 194 18
107 13 113 19
110 14 116 20
122 14 128 20
28 15 34 21
189 15 195 21
13 16 19 22
33 16 39 22
75 16 81 22
170 16 176 22
6 17 12 23
122 18 128 24
20 19 26 25
112 19 118 25
123 21 129 27
100 22 106 28
177 23 183 29
119 24 125 30
36 26 42 32
11 27 17 33
38 27 44 33
32 29 38 35
84 29 90 35
160 29 166 35
166 29 172 35
22 30 28 36
29 31 35 37
57 31 63 37
168 31 174 37
24 34 30 40
175 34 181 40
28 35 34 41
34 38 40 44
73 38 79 44
187 39 193 45
175 40 181 46
15 41 21 47
29 41 35 47
90 41 96 47
126 41 132 47
196 41 202 47
24 42 30 48
155 42 161 48
118 43 124 49
134 46 140 52
160 46 166 52
49 47 55 53
174 47 180 53
46 49 52 55
55 49 61 55
71 49 77 55
138 49 144 55
81 50 87 56
169 50 175 56
73 51 79 57
77 53 83 59
94 57 100 63
31 59 37 65
113 59 119 65
177 61 183 67
68 62 74 68
119 62 125 68
31 63 37 69
49 64 55 70
33 65 39 71
-2 66 4 72
19 66 25 72
118 66 124 72
35 67 41 73
167 67 173 73
151 68 157 74
21 69 27 75
68 69 74 75
115 69 121 75
156 70 162 76
45 71 51 77
179 71 185 77
155 72 161 78
41 73 47 79
166 74 172 80
86 76 92 82
101 76 107 82
79 77 85 83
160 77 166 83
139 78 145 84
62 79 68 85
70 79 76 85
190 80 196 86
65 81 71 87
67 82 73 88
86 83 92 89
68 85 74 91
117 85 123 91
120 85 126 91
129 85 135 91
145 85 151 91
84 86 90 92
1 87 7 93
78 88 84 94
152 88 158 94
158 88 164 94
3 89 9 95
177 90 183 96
6 91 12 97
120 91 126 97
43 92 49 98
180 92 186 98
7 93 13 99
119 93 125 99
21 94 27 100
50 94 56 100
79 94 85 100
6 95 12 101
183 95 189 101
94 96 100 102
169 96 175 102
13 100 19 106
20 101 26 107
164 101 170 107
42 103 48 109
165 103 171 109
5 104 11 110
176 107 182 113
17 108 23 114
39 108 45 114
21 110 27 116
86 110 92 116
21 114 27 120
115 114 121 120
19 115 25 121
48 115 54 121
35 116 41 122
134 116 140 122
184 116 190 122
16 117 22 123
33 117 39 123
176 117 182 123
-1 118 5 124
86 118 92 124
24 119 30 125
138 119 144 125
85 120 91 126
194 120 200 126
151 121 157 127
42 124 48 130
102 124 108 130
170 124 176 130
43 126 49 132
78 127 84 133
79 128 85 134
72 129 78 135
112 129 118 135
39 130 45 136
-2 131 4 137
110 131 116 137
30 132 36 138
0 133 6 139
69 133 75 139
135 133 141 139
59 138 65 144
100 138 106 144
29 139 35 145
43 142 49 148
154 142 160 148
192 142 198 148
78 145 84 151
187 145 193 151
196 145 202 151
178 146 184 152
89 147 95 153
112 147 118 153
102 148 108 154
123 148 129 154
79 150 85 156
193 150 199 156
3 151 9 157
131 151 137 157
1 153 7 159
94 153 100 159
157 153 163 159
133 154 139 160
31 156 37 162
72 157 78 163
90 159 96 165
182 161 188 167
21 162 27 168
125 163 131 169
164 163 170 169
47 165 53 171
96 166 102 172
11 167 17 173
50 167 56 173
55 167 61 173
115 167 121 173
149 167 155 173
166 168 172 174
81 169 87 175
65 170 71 176
160 170 166 176
-2 173 4 179
100 176 106 182
108 176 114 182
142 176 148 182
194 176 200 182
46 177 52 183
27 178 33 184
95 178 101 184
164 178 170 184
190 178 196 184
54 179 60 185
113 179 119 185
0 180 6 186
22 180 28 186
127 180 133 186
180 181 186 187
118 182 124 188
140 182 146 188
124 183 130 189
147 183 153 189
172 185 178 191
36 188 42 194
45 188 51 194
34 192 40 198
43 192 49 198
68 192 74 198
183 192 189 198
