437
114 -3 120 3
185 -3 191 3
12 -2 18 4
91 -2 97 4
97 -2 103 4
141 -2 147 4
49 -1 55 5
78 -1 84 5
-2 0 4 6
21 0 27 6
110 0 116 6
114 0 120 6
86 1 92 7
181 1 187 7
189 1 195 7
13 2 19 8
23 2 29 8
103 2 109 8
60 3 66 9
84 3 90 9
8 4 14 10
108 4 114 10
25 5 31 11
96 5 102 11
179 5 185 11
24 6 30 12
98 6 104 12
3 8 9 14
38 8 44 14
51 8 57 14
115 8 121 14
186 8 192 14
194 8 200 14
67 9 73 15
36 10 42 16
175 10 181 16
157 11 163 17
122 12 128 18
106 13 112 19
28 14 34 20
111 14 117 20
75 15 81 21
190 15 196 21
13 16 19 22
33 16 39 22
95 16 101 22
169 16 175 22
6 17 12 23
63 17 69 23
122 18 128 24
20 19 26 25
112 19 118 25
78 21 84 27
51 22 57 28
88 22 94 28
99 22 105 28
123 22 129 28
36 24 42 30
49 24 55 30
78 24 84 30
177 24 183 30
9 25 15 31
119 25 125 31
54 26 60 32
107 26 113 32
11 27 17 33
38 27 44 33
51 27 57 33
32 28 38 34
105 28 111 34
132 28 138 34
22 29 28 35
84 29 90 35
159 29 165 35
166 29 172 35
10 31 16 37
29 31 35 37
58 31 64 37
70 31 76 37
169 31 175 37
12 32 18 38
73 33 79 39
143 33 149 39
24 34 30 40
63 34 69 40
175 34 181 40
28 35 34 41
142 35 148 41
66 36 72 42
58 37 64 43
164 37 170 43
34 38 40 44
73 38 79 44
10 39 16 45
129 39 135 45
186 39 192 45
14 40 20 46
175 40 181 46
-3 41 3 47
29 41 35 47
90 41 96 47
126 41 132 47
131 41 137 47
24 42 30 48
153 42 159 48
10 43 16 49
108 43 114 49
116 43 122 49
5 44 11 50
0 45 6 51
109 46 115 52
134 46 140 52
162 46 168 52
50 47 56 53
174 47 180 53
28 49 34 55
30 49 36 55
44 49 50 55
55 49 61 55
62 49 68 55
67 49 73 55
71 49 77 55
117 49 123 55
138 49 144 55
81 50 87 56
106 50 112 56
120 50 126 56
169 50 175 56
73 51 79 57
133 53 139 59
178 53 184 59
23 55 29 61
73 57 79 63
94 57 100 63
135 57 141 63
165 58 171 64
174 58 180 64
111 59 117 65
-3 60 3 66
1 60 7 66
100 60 106 66
177 61 183 67
120 62 126 68
49 64 55 70
170 64 176 70
33 65 39 71
186 65 192 71
118 66 124 72
156 67 162 73
167 67 173 73
185 67 191 73
149 68 155 74
22 69 28 75
68 69 74 75
108 70 114 76
115 70 121 76
157 70 163 76
45 71 51 77
179 71 185 77
107 72 113 78
155 73 161 79
166 74 172 80
188 75 194 81
193 75 199 81
196 75 202 81
86 76 92 82
78 77 84 83
140 78 146 84
35 79 41 85
61 79 67 85
70 79 76 85
138 79 144 85
146 79 152 85
97 80 103 86
136 80 142 86
190 80 196 86
65 81 71 87
8 82 14 88
67 82 73 88
86 82 92 88
34 84 40 90
7 85 13 91
41 85 47 91
69 85 75 91
117 85 123 91
129 85 135 91
145 85 151 91
1 86 7 92
47 88 53 94
84 88 90 94
152 88 158 94
163 88 169 94
3 89 9 95
98 89 104 95
106 90 112 96
121 90 127 96
164 90 170 96
177 90 183 96
6 91 12 97
43 92 49 98
88 92 94 98
180 92 186 98
8 93 14 99
126 93 132 99
130 93 136 99
21 94 27 100
79 94 85 100
144 94 150 100
7 95 13 101
50 95 56 101
169 95 175 101
94 96 100 102
119 96 125 102
116 97 122 103
112 98 118 104
141 98 147 104
160 98 166 104
178 99 184 105
4 100 10 106
13 100 19 106
164 100 170 106
181 100 187 106
101 101 107 107
20 102 26 108
9 103 15 109
42 103 48 109
98 103 104 109
5 104 11 110
10 104 16 110
166 104 172 110
31 105 37 111
17 107 23 113
26 107 32 113
67 107 73 113
80 107 86 113
121 107 127 113
148 107 154 113
176 107 182 113
39 108 45 114
104 108 110 114
109 108 115 114
122 108 128 114
161 108 167 114
32 109 38 115
150 109 156 115
185 109 191 115
21 110 27 116
77 110 83 116
86 110 92 116
159 110 165 116
62 112 68 118
67 112 73 118
180 112 186 118
182 112 188 118
64 113 70 119
169 113 175 119
23 114 29 120
115 114 121 120
19 115 25 121
59 115 65 121
134 115 140 121
11 116 17 122
37 116 43 122
166 116 172 122
184 116 190 122
15 117 21 123
32 117 38 123
87 117 93 123
176 117 182 123
-1 118 5 124
24 119 30 125
138 119 144 125
165 119 171 125
142 120 148 126
194 120 200 126
39 121 45 127
83 121 89 127
152 121 158 127
71 122 77 128
111 122 117 128
32 123 38 129
52 123 58 129
67 123 73 129
102 123 108 129
31 124 37 130
42 124 48 130
170 124 176 130
91 125 97 131
31 127 37 133
43 127 49 133
52 127 58 133
77 127 83 133
58 128 64 134
112 128 118 134
29 129 35 135
72 129 78 135
81 129 87 135
-3 130 3 136
39 131 45 137
30 132 36 138
9 133 15 139
18 133 24 139
69 133 75 139
135 133 141 139
0 134 6 140
147 136 153 142
59 138 65 144
161 138 167 144
194 138 200 144
29 139 35 145
122 139 128 145
148 139 154 145
192 140 198 146
44 142 50 148
154 143 160 149
192 143 198 149
30 144 36 150
78 144 84 150
-3 145 3 151
187 145 193 151
89 146 95 152
112 146 118 152
34 147 40 153
43 147 49 153
63 147 69 153
70 147 76 153
22 148 28 154
26 148 32 154
49 148 55 154
102 148 108 154
123 148 129 154
156 148 162 154
161 148 167 154
193 150 199 156
3 151 9 157
42 151 48 157
49 151 55 157
103 151 109 157
131 151 137 157
121 152 127 158
26 153 32 159
105 153 111 159
117 153 123 159
157 153 163 159
1 154 7 160
94 154 100 160
25 155 31 161
31 155 37 161
9 156 15 162
131 156 137 162
138 156 144 162
22 157 28 163
55 157 61 163
141 157 147 163
130 159 136 165
173 159 179 165
162 160 168 166
182 160 188 166
37 161 43 167
21 162 27 168
28 162 34 168
47 162 53 168
57 162 63 168
135 162 141 168
153 162 159 168
160 162 166 168
25 163 31 169
165 163 171 169
36 164 42 170
155 164 161 170
161 164 167 170
184 165 190 171
44 166 50 172
85 166 91 172
11 167 17 173
55 167 61 173
115 167 121 173
150 167 156 173
185 167 191 173
166 168 172 174
50 169 56 175
80 169 86 175
44 170 50 176
65 170 71 176
160 170 166 176
195 170 201 176
191 171 197 177
169 172 175 178
-1 173 5 179
81 174 87 180
23 175 29 181
22 176 28 182
101 176 107 182
108 176 114 182
194 176 200 182
46 177 52 183
27 178 33 184
78 178 84 184
93 178 99 184
164 178 170 184
190 178 196 184
16 179 22 185
54 179 60 185
113 179 119 185
0 180 6 186
21 180 27 186
70 180 76 186
12 181 18 187
140 181 146 187
80 182 86 188
118 182 124 188
69 183 75 189
106 183 112 189
124 183 130 189
150 183 156 189
4 184 10 190
172 185 178 191
-3 186 3 192
52 186 58 192
101 186 107 192
45 187 51 193
103 187 109 193
36 188 42 194
5 189 11 195
183 190 189 196
34 192 40 198
43 192 49 198
68 192 74 198
3 194 9 200
63 194 69 200
185 194 191 200
20 195 26 201
65 195 71 201
89 195 95 201
161 195 167 201
166 195 172 201
86 196 92 202
