class 0.6074799299240112 15 4 24 13
class 0.8249449133872986 55 0 65 7
class 0.16558608412742615 125 0 133 3
class 0.5421338081359863 43 21 53 33
class 0.3953678607940674 40 32 49 45
class 0.6378185749053955 162 26 170 38
class 0.7173395752906799 180 27 190 40
class 0.7504220604896545 0 44 6 56
class 0.5034469366073608 81 45 92 56
class 0.16492058336734772 1 48 4 60
class 0.6316994428634644 25 49 35 60
class 0.5741071105003357 64 53 73 65
class 0.5249232649803162 97 58 107 70
class 0.49084123969078064 14 70 24 80
class 0.6434559226036072 23 69 33 81
class 0.20023620128631592 19 70 28 84
class 0.3991832137107849 139 76 151 87
class 0.1086803451180458 134 75 144 87
class 0.4032353162765503 149 76 157 86
class 0.27053549885749817 145 74 154 89
class 0.5509810447692871 25 87 35 99
class 0.2120349407196045 32 86 43 100
class 0.7248011231422424 44 86 54 99
class 0.502970278263092 144 82 156 93
class 0.5831419229507446 145 95 154 107
class 0.6007133722305298 91 100 102 112
class 0.7967972159385681 60 112 70 123
class 0.7524439692497253 77 114 88 129
class 0.559244692325592 11 120 20 134
class 0.4706423580646515 154 128 164 140
class 0.5308917164802551 6 137 16 150
class 0.6090813279151917 49 133 58 146
class 0.6660523414611816 154 137 164 148
class 0.6131755709648132 56 150 67 163
class 0.4796013832092285 72 150 84 163
class 0.6793528199195862 92 149 101 160
class 0.5354342460632324 110 150 117 161
class 0.1379682719707489 112 148 123 162
class 0.13347128033638 96 152 105 165
class 0.4859624207019806 109 156 119 171
class 0.10948669910430908 104 155 114 166
class 0.11636897176504135 118 156 128 169
class 0.6511240005493164 125 159 133 169
class 0.6783838868141174 122 157 136 173
class 0.213620126247406 40 171 50 183
class 0.724051833152771 108 163 120 176
class 0.22848863899707794 115 163 126 177
class 0.11797242611646652 124 164 132 174
class 0.4699597954750061 46 176 56 189
class 0.44599083065986633 50 179 60 193
class 0.5244492888450623 179 174 188 187
class 0.6419728994369507 27 185 37 198
class 0.5262377262115479 132 190 142 199
class 0.5666856169700623 159 189 169 199
