class 0.8541637659072876 81 0 92 14
class 0.7688882350921631 144 0 153 7
class 0.6778554916381836 55 8 67 20
class 0.6333022117614746 65 12 78 24
class 0.12422522157430649 60 10 71 22
class 0.22825410962104797 72 12 82 23
class 0.6297242045402527 168 17 178 29
class 0.36491578817367554 42 33 50 46
class 0.49939075112342834 46 34 54 46
class 0.2694324553012848 41 35 47 44
class 0.5358918309211731 49 34 58 46
class 0.3798213601112366 39 38 48 49
class 0.131391242146492 43 37 53 51
class 0.4574786424636841 70 43 81 54
class 0.6404258608818054 28 48 38 61
class 0.357369601726532 66 53 78 65
class 0.25478681921958923 75 50 87 62
class 0.5890196561813354 102 55 112 67
class 0.5219762325286865 35 65 45 77
class 0.5079793334007263 77 64 87 75
class 0.1514730304479599 81 66 92 76
class 0.6264592409133911 122 58 133 71
class 0.5268341302871704 145 61 154 73
class 0.5879656672477722 177 59 187 71
class 0.7297602295875549 2 75 12 88
class 0.7069413065910339 20 71 30 85
class 0.2434096485376358 16 68 37 84
class 0.11718981713056564 0 59 55 96
class 0.6812225580215454 34 74 43 85
class 0.5705533623695374 27 71 41 90
class 0.2531169354915619 28 68 47 83
class 0.6744358539581299 49 74 59 87
class 0.10102082788944244 53 68 61 84
class 0.4839268922805786 96 77 107 88
class 0.19702832400798798 3 80 9 93
class 0.722178041934967 9 85 19 96
class 0.12079760432243347 24 80 35 92
class 0.3412860631942749 32 80 42 91
class 0.1658654361963272 18 77 54 94
class 0.17492860555648804 91 77 104 93
class 0.6083952784538269 135 82 146 95
class 0.6144075393676758 155 92 166 106
class 0.45855486392974854 106 100 117 112
class 0.47883325815200806 6 115 15 128
class 0.7512400150299072 34 128 45 141
class 0.6338487267494202 17 133 26 148
class 0.5677175521850586 65 138 75 151
class 0.6354787945747375 112 135 122 148
class 0.6320390105247498 113 148 123 161
class 0.6259157657623291 178 143 186 154
class 0.25375285744667053 116 153 125 164
class 0.40765541791915894 150 154 160 165
class 0.6496054530143738 183 162 193 173
class 0.6749178767204285 22 180 33 192
class 0.10828839987516403 19 183 27 190
class 0.6989641189575195 35 173 45 186
class 0.11678969115018845 31 180 37 189
class 0.1015724316239357 25 187 34 195
class 0.3220108449459076 27 188 37 198
class 0.40500861406326294 121 186 131 197
