class 0.11407341808080673 1 1 5 6
class 0.8967666625976562 2 1 10 12
class 0.12900319695472717 10 0 20 2
class 0.7287041544914246 12 0 21 7
class 0.3196702301502228 20 0 30 7
class 0.8776315450668335 30 0 41 7
class 0.8690842986106873 169 1 179 10
class 0.18515723943710327 0 23 4 34
class 0.3499118387699127 36 18 46 32
class 0.5023729205131531 113 20 122 30
class 0.6583025455474854 136 21 145 33
class 0.6441226005554199 179 18 190 31
class 0.5273425579071045 124 33 134 44
class 0.4812883138656616 65 51 74 63
class 0.7600389719009399 130 64 141 76
class 0.17584510147571564 5 76 10 87
class 0.6153863072395325 6 75 17 88
class 0.48637470602989197 13 85 24 97
class 0.42409220337867737 18 86 29 98
class 0.48714739084243774 137 86 150 99
class 0.5997538566589355 43 94 55 107
class 0.16819073259830475 148 93 161 106
class 0.10545361787080765 146 94 153 103
class 0.661414384841919 185 90 196 103
class 0.6030070185661316 82 104 92 115
class 0.34094905853271484 112 107 121 119
class 0.5368564128875732 155 103 163 112
class 0.2058035284280777 110 112 120 122
class 0.5230746269226074 40 126 50 138
class 0.13148343563079834 44 124 48 132
class 0.6171939969062805 41 132 52 144
class 0.4452936351299286 119 140 130 150
class 0.6830094456672668 180 138 190 150
class 0.15082354843616486 7 156 11 166
class 0.6645386219024658 5 153 16 167
class 0.6529561281204224 31 153 43 166
class 0.5512532591819763 88 154 97 164
class 0.14075902104377747 128 162 137 172
class 0.5105224847793579 128 166 139 178
class 0.17154677212238312 125 169 135 181
class 0.6564857959747314 11 182 19 192
class 0.5164164900779724 78 181 87 193
class 0.6280487775802612 128 178 139 189
class 0.10521065443754196 124 181 133 190
class 0.10224229842424393 134 179 142 191
class 0.11122244596481323 138 180 146 192
class 0.6768999099731445 187 174 198 185
class 0.5565051436424255 15 186 24 197
class 0.1325448900461197 18 191 29 199
class 0.6310890316963196 137 190 149 199
class 0.507968544960022 135 193 145 199
class 0.21189026534557343 162 190 172 199
class 0.11075298488140106 158 195 169 199
class 0.7222238183021545 166 186 178 197
class 0.14483340084552765 166 191 174 196
