class 0.23731708526611328 0 2 5 9
class 0.7285187244415283 6 6 17 19
class 0.6150436401367188 153 12 164 25
class 0.10874184221029282 2 18 4 32
class 0.8519704937934875 3 18 13 29
class 0.11156091094017029 152 20 160 31
class 0.718147873878479 65 33 76 46
class 0.6934884786605835 97 26 108 39
class 0.6557427048683167 147 29 155 42
class 0.6515631675720215 7 44 17 55
class 0.7105373740196228 108 55 119 66
class 0.6724622845649719 129 53 138 65
class 0.3730461001396179 124 56 132 65
class 0.11763729900121689 134 57 140 66
class 0.6951856017112732 174 51 185 64
class 0.5098044276237488 27 64 38 79
class 0.6124448776245117 87 64 97 76
class 0.21391329169273376 118 58 131 73
class 0.17854607105255127 127 57 138 72
class 0.8164533972740173 191 59 199 71
class 0.5237638354301453 15 73 25 84
class 0.11200907081365585 34 73 44 85
class 0.6249364018440247 38 79 48 91
class 0.49059683084487915 70 107 81 120
class 0.7488629817962646 87 102 98 116
class 0.6433041095733643 137 101 146 113
class 0.5897157788276672 150 107 160 119
class 0.6808603405952454 86 116 97 128
class 0.23438069224357605 81 116 92 127
class 0.12805986404418945 86 111 94 123
class 0.2005569338798523 148 111 158 123
class 0.5232524275779724 47 123 56 135
class 0.23921231925487518 56 125 65 137
class 0.5556055307388306 61 127 72 140
class 0.15009012818336487 59 130 68 138
class 0.6152076721191406 87 127 97 138
class 0.1905958354473114 85 121 96 135
class 0.6010019183158875 185 128 195 141
class 0.5849288702011108 84 135 94 146
class 0.3800346255302429 81 134 90 148
class 0.589221179485321 154 133 163 146
class 0.6628860235214233 180 149 191 162
class 0.8144122958183289 3 154 11 164
class 0.429122656583786 17 153 27 166
class 0.4720190465450287 38 158 47 171
class 0.5056701302528381 27 165 38 179
class 0.6452175378799438 147 163 160 177
class 0.24183513224124908 155 168 166 183
class 0.25482723116874695 161 170 169 183
class 0.794387936592102 192 170 199 183
class 0.6468803286552429 15 181 25 193
class 0.5295335650444031 150 181 160 193
class 0.476422518491745 161 179 170 191
class 0.17992852628231049 166 176 175 188
class 0.11573512107133865 195 174 199 186
class 0.5514194369316101 129 187 139 198
class 0.1544293910264969 146 186 155 196
class 0.5840394496917725 156 185 167 196
class 0.1436176896095276 195 190 199 197
