class 0.833340585231781 12 0 20 8
class 0.8169772028923035 75 0 85 4
class 0.6102800965309143 119 1 129 8
class 0.10774729400873184 122 0 132 5
class 0.8982670307159424 175 0 187 9
class 0.5909219980239868 120 11 130 24
class 0.6119503378868103 150 9 160 21
class 0.149323970079422 1 23 3 35
class 0.8303625583648682 4 23 12 37
class 0.1955237239599228 6 23 15 34
class 0.4678881764411926 30 24 39 35
class 0.5145225524902344 81 27 91 40
class 0.5832289457321167 79 44 87 54
class 0.6925022006034851 10 59 20 71
class 0.3654225170612335 108 58 119 70
class 0.10899762064218521 0 74 3 87
class 0.5766682028770447 33 69 43 83
class 0.7337746620178223 29 70 38 81
class 0.7001967430114746 59 68 71 82
class 0.6694496870040894 155 75 164 87
class 0.6698628664016724 170 70 182 84
class 0.3044165074825287 0 82 1 94
class 0.5283595323562622 1 80 4 94
class 0.19478531181812286 0 80 0 97
class 0.18456706404685974 0 80 0 97
class 0.1583055555820465 0 79 0 99
class 0.6987858414649963 10 78 22 92
class 0.7337063550949097 35 86 46 98
class 0.7508259415626526 153 90 164 102
class 0.5051050186157227 45 107 56 121
class 0.6412619352340698 138 105 149 118
class 0.7063164114952087 60 116 68 128
class 0.1349780261516571 0 126 0 138
class 0.17381393909454346 0 126 2 138
class 0.1048998087644577 0 124 0 139
class 0.19042299687862396 0 125 0 140
class 0.356232225894928 49 126 58 137
class 0.13642659783363342 0 138 1 151
class 0.854945957660675 0 138 8 152
class 0.46508464217185974 24 137 35 150
class 0.7499247789382935 69 132 80 145
class 0.12120434641838074 93 139 103 149
class 0.17661532759666443 0 142 4 154
class 0.5799584984779358 21 142 32 155
class 0.6554703712463379 86 142 97 155
class 0.21155864000320435 81 144 94 160
class 0.24813200533390045 90 143 102 156
class 0.6565819978713989 63 155 74 167
class 0.13472320139408112 62 155 68 168
class 0.6692600250244141 75 154 87 168
class 0.12149833142757416 71 152 83 170
class 0.2153494954109192 149 155 159 168
class 0.16848652064800262 157 157 167 173
class 0.15499138832092285 163 162 169 170
class 0.21774543821811676 164 158 175 172
class 0.12856876850128174 168 161 174 170
class 0.5764251351356506 82 165 92 175
class 0.5796717405319214 61 174 70 185
class 0.4311027228832245 135 177 147 188
class 0.4865487515926361 149 182 161 193
class 0.10576502233743668 45 195 55 199
class 0.7446972131729126 87 189 98 199
class 0.1620764285326004 85 195 94 199
class 0.5344760417938232 131 185 142 197
class 0.4451839029788971 146 187 157 198
class 0.18204279243946075 147 194 156 199
