class 0.19191955029964447 118 2 129 8
class 0.3313395082950592 125 2 134 8
class 0.19133590161800385 140 0 148 4
class 0.8204832077026367 148 0 157 7
class 0.6060693860054016 127 12 137 24
class 0.6699360013008118 30 33 42 47
class 0.5804888010025024 121 29 129 40
class 0.7833405137062073 53 43 64 53
class 0.25777220726013184 52 39 61 49
class 0.3313976526260376 112 42 123 55
class 0.2618880867958069 118 43 124 55
class 0.7602012157440186 3 53 12 65
class 0.10574783384799957 10 56 19 66
class 0.1078774631023407 7 57 14 66
class 0.3806810975074768 59 51 71 63
class 0.29714834690093994 63 53 75 64
class 0.33615368604660034 129 55 145 64
class 0.12006458640098572 4 59 8 69
class 0.10369419306516647 6 58 17 70
class 0.590597927570343 54 63 65 73
class 0.19925233721733093 61 59 71 71
class 0.6994968056678772 76 62 86 74
class 0.290317177772522 101 62 115 75
class 0.2295277714729309 104 64 110 74
class 0.15282714366912842 128 66 139 76
class 0.5513381361961365 191 58 199 70
class 0.5718573331832886 169 77 180 88
class 0.36034178733825684 176 76 183 87
class 0.6438311338424683 35 84 46 96
class 0.6564309597015381 37 80 48 92
class 0.13292823731899261 166 82 174 91
class 0.6790465712547302 78 96 88 108
class 0.18110720813274384 82 97 92 108
class 0.6711055636405945 28 105 37 117
class 0.6887761950492859 46 101 57 113
class 0.11831025034189224 29 109 39 123
class 0.6295123100280762 137 110 149 122
class 0.6723325252532959 175 122 184 136
class 0.44880029559135437 10 147 21 159
class 0.4487225115299225 59 143 68 154
class 0.4698987603187561 170 147 181 159
class 0.5550156831741333 15 157 25 170
class 0.7018206715583801 80 158 89 170
class 0.3831595480442047 142 153 154 167
class 0.5466176271438599 103 162 115 177
class 0.5430970191955566 60 174 70 187
class 0.6464176177978516 88 179 98 190
class 0.1980525106191635 84 183 94 191
class 0.18604984879493713 92 179 102 191
class 0.6721237897872925 84 186 94 198
class 0.25249165296554565 82 191 92 197
