class 0.618911862373352 60 0 68 6
class 0.7787917256355286 0 10 6 20
class 0.6575379371643066 93 12 104 24
class 0.5830208659172058 113 17 123 27
class 0.6463035941123962 39 29 48 43
class 0.6917033195495605 159 34 168 45
class 0.5911204218864441 10 43 19 54
class 0.6053685545921326 91 44 100 57
class 0.5814855694770813 112 41 123 53
class 0.6450413465499878 67 65 77 78
class 0.5484934449195862 119 69 130 83
class 0.6570881009101868 38 86 48 99
class 0.6857390999794006 66 87 78 99
class 0.7635626792907715 88 86 97 99
class 0.5957416892051697 134 86 144 98
class 0.11393583565950394 61 88 74 101
class 0.5090675354003906 164 97 175 109
class 0.8168630599975586 2 105 12 119
class 0.5898172855377197 44 107 54 119
class 0.14230352640151978 39 106 50 119
class 0.10549979656934738 42 100 53 115
class 0.366878479719162 120 108 130 121
class 0.45655763149261475 177 101 187 113
class 0.1441623568534851 189 107 198 119
class 0.1259012520313263 6 114 12 123
class 0.6787088513374329 7 115 17 127
class 0.6029422283172607 45 112 55 123
class 0.37727758288383484 48 112 60 127
class 0.6463282704353333 118 114 130 125
class 0.26930737495422363 110 115 127 128
class 0.1426222026348114 125 113 136 125
class 0.8050084710121155 187 111 197 125
class 0.7656278610229492 51 126 64 140
class 0.6658372282981873 77 124 87 135
class 0.21344232559204102 69 120 90 136
class 0.610324501991272 105 127 116 140
class 0.5615193843841553 85 132 95 144
class 0.686975359916687 128 137 141 150
class 0.3453829288482666 123 138 134 148
class 0.14515085518360138 127 134 137 143
class 0.6250355839729309 171 138 181 149
class 0.28596019744873047 35 144 47 161
class 0.23554596304893494 127 142 136 154
class 0.24663643538951874 133 142 143 155
class 0.5872960090637207 49 154 59 164
class 0.5790868401527405 76 159 88 173
class 0.6646041870117188 34 170 44 182
class 0.10334499925374985 2 185 5 199
class 0.7152643799781799 4 186 13 196
class 0.6168901920318604 156 190 167 199
class 0.1150212213397026 156 194 164 198
class 0.6457114219665527 187 186 197 198
