class 0.8306422829627991 38 0 48 8
class 0.632587730884552 57 0 66 8
class 0.7974573373794556 129 0 139 7
class 0.6192982196807861 139 1 149 8
class 0.16770924627780914 145 0 156 3
class 0.8545441627502441 146 1 155 10
class 0.22069166600704193 155 0 166 2
class 0.7469400763511658 155 0 166 7
class 0.1767859309911728 2 24 7 37
class 0.8265443444252014 3 27 11 39
class 0.5497193932533264 53 33 62 44
class 0.5209055542945862 67 34 78 45
class 0.5243192315101624 75 31 85 43
class 0.6649161577224731 162 30 172 43
class 0.1348162293434143 164 35 174 42
class 0.20633593201637268 74 38 84 51
class 0.5586454272270203 77 39 88 50
class 0.6847744584083557 111 38 122 50
class 0.6496996879577637 154 43 163 55
class 0.5878027081489563 14 60 24 72
class 0.5959112644195557 20 59 31 72
class 0.6007604002952576 103 76 111 88
class 0.6977682113647461 49 86 60 98
class 0.5410106778144836 70 87 80 99
class 0.6067163348197937 17 96 27 110
class 0.10241538286209106 47 93 56 101
class 0.14932160079479218 73 88 84 101
class 0.7528072595596313 36 117 46 130
class 0.3924720883369446 43 117 52 128
class 0.735167384147644 51 115 61 128
class 0.18030448257923126 50 118 57 127
class 0.6306368708610535 95 114 106 126
class 0.627979576587677 161 118 172 130
class 0.19978582859039307 164 115 174 127
class 0.8178887963294983 2 128 10 142
class 0.17257608473300934 152 128 160 142
class 0.4841963052749634 156 123 168 135
class 0.42635834217071533 155 128 164 138
class 0.15623348951339722 161 122 166 132
class 0.7320212125778198 66 136 77 148
class 0.689997673034668 72 136 83 150
class 0.7246262431144714 150 135 160 146
class 0.21328794956207275 146 137 153 147
class 0.2475966215133667 151 133 155 143
class 0.13509909808635712 154 139 163 148
class 0.5741912126541138 165 132 177 144
class 0.5483714938163757 144 144 153 155
class 0.28037726879119873 145 148 152 157
class 0.5219110250473022 34 154 46 167
class 0.5277183651924133 38 158 48 171
class 0.6169154644012451 130 159 141 173
class 0.5574169754981995 178 160 186 173
class 0.1257493495941162 176 162 182 172
class 0.10701421648263931 42 164 51 176
class 0.5564943552017212 68 166 77 179
class 0.5557237863540649 93 167 102 181
class 0.4411427676677704 60 180 70 192
class 0.29953303933143616 61 185 68 192
class 0.744500458240509 114 174 126 187
class 0.6500548124313354 181 180 192 193
class 0.11861065775156021 57 190 67 196
class 0.3245584964752197 59 186 69 195
class 0.13825389742851257 63 187 72 195
