class 0.8644014596939087 3 2 9 9
class 0.4292830228805542 1 2 4 10
class 0.7130110859870911 7 0 15 6
class 0.6512072086334229 21 3 27 10
class 0.9195212125778198 36 4 42 11
class 0.7475398778915405 46 5 52 12
class 0.9105038642883301 58 4 64 11
class 0.6612564325332642 65 3 71 10
class 0.5320861339569092 61 1 67 9
class 0.6413719058036804 75 2 80 8
class 0.7300352454185486 71 0 78 6
class 0.9296876192092896 85 0 91 7
class 0.7582999467849731 101 0 107 7
class 0.43338727951049805 120 0 125 5
class 0.8037282824516296 132 3 138 11
class 0.5598796606063843 139 2 145 9
class 0.6652723550796509 134 1 141 9
class 0.8996785283088684 147 3 154 10
class 0.9250698685646057 163 0 169 7
class 0.9066961407661438 185 3 191 10
class 0.6987220644950867 193 2 198 9
class 0.3960822820663452 189 1 195 9
class 0.3185339868068695 192 0 196 3
class 0.383243590593338 196 0 199 4
class 0.8795478343963623 0 10 5 18
class 0.3526972234249115 0 10 3 20
class 0.7135938405990601 25 14 31 21
class 0.5311373472213745 20 11 29 22
class 0.8334586024284363 34 15 41 23
class 0.703799843788147 31 14 38 24
class 0.5411453247070312 45 9 51 16
class 0.30612218379974365 41 11 49 20
class 0.7308866381645203 65 11 72 20
class 0.6938208937644958 80 11 85 19
class 0.3537563979625702 84 12 90 20
class 0.424650639295578 81 12 88 22
class 0.7926676273345947 109 8 115 16
class 0.3107830286026001 108 10 116 20
class 0.7412154078483582 131 15 136 23
class 0.7136032581329346 127 15 134 23
class 0.8053887486457825 142 14 147 22
class 0.4562443792819977 137 13 145 21
class 0.42554059624671936 143 12 148 17
class 0.6724831461906433 160 11 167 18
class 0.7493581771850586 156 9 164 18
class 0.6755977869033813 165 9 173 17
class 0.8840006589889526 184 14 190 22
class 0.3939187526702881 184 12 191 19
class 0.7616943717002869 193 9 199 17
class 0.4405428171157837 189 7 198 18
class 0.7704862356185913 16 19 22 28
class 0.7966219186782837 25 25 31 33
class 0.5873219966888428 21 23 28 31
class 0.40674570202827454 26 22 32 29
class 0.3794765770435333 38 24 43 32
class 0.41085121035575867 42 22 48 30
class 0.8311328291893005 39 22 46 34
class 0.7226890325546265 53 24 59 32
class 0.3539198935031891 51 20 58 29
class 0.7373975515365601 67 25 73 34
class 0.5973822474479675 63 25 71 34
class 0.6517413258552551 71 22 77 30
class 0.31395483016967773 71 18 79 26
class 0.8083534836769104 88 25 94 33
class 0.5260455012321472 85 22 93 32
class 0.47035086154937744 98 25 104 32
class 0.38292717933654785 95 23 101 32
class 0.6223282217979431 103 19 111 28
class 0.8085519671440125 119 20 125 27
class 0.5467966794967651 117 22 125 31
class 0.6838780045509338 130 23 137 31
class 0.6146571636199951 127 20 135 30
class 0.31177791953086853 129 18 135 27
class 0.41334229707717896 132 20 138 28
class 0.5509015917778015 143 19 149 27
class 0.7592817544937134 185 25 190 33
class 0.3203354775905609 1 33 6 40
class 0.3287564218044281 0 32 2 43
class 0.7460170984268188 11 35 17 43
class 0.8177870512008667 27 35 33 43
class 0.32453837990760803 29 33 32 39
class 0.5548591613769531 34 32 39 39
class 0.6446698904037476 29 33 36 42
class 0.47687286138534546 31 28 38 37
class 0.49844393134117126 48 36 53 44
class 0.7971946597099304 56 36 62 44
class 0.6828526258468628 52 35 58 43
class 0.4008452296257019 59 34 64 40
class 0.7828076481819153 60 32 67 41
class 0.6054316163063049 62 29 68 35
class 0.8201681971549988 99 30 106 37
class 0.36088576912879944 95 33 103 41
class 0.5906157493591309 111 32 117 39
class 0.4713955521583557 107 29 120 40
class 0.8918479681015015 119 36 126 43
class 0.4473026990890503 116 34 123 43
class 0.5218246579170227 132 30 138 38
class 0.4388994872570038 135 30 142 40
class 0.5106525421142578 145 35 151 44
class 0.8210431337356567 163 31 168 39
class 0.37650245428085327 162 29 167 36
class 0.7978686094284058 194 35 199 43
class 0.8023966550827026 6 46 11 53
class 0.7608824968338013 10 43 17 51
class 0.31805798411369324 10 40 15 48
class 0.4290648102760315 27 40 33 48
class 0.7581209540367126 35 41 41 49
class 0.6174240708351135 30 40 37 49
class 0.651704728603363 47 43 52 51
class 0.5379415154457092 42 42 48 50
class 0.8877947926521301 68 44 75 52
class 0.5986875295639038 79 47 85 55
class 0.8073383569717407 88 45 94 53
class 0.7685761451721191 83 46 90 54
class 0.3410743772983551 91 44 95 50
class 0.8545873761177063 109 44 114 53
class 0.4247901439666748 111 44 117 51
class 0.7367464303970337 150 42 157 50
class 0.5924127101898193 146 40 153 48
class 0.3121143579483032 154 43 157 49
class 0.4904888868331909 155 41 162 50
class 0.6382631063461304 170 45 176 53
class 0.5913307070732117 167 41 174 51
class 0.7508294582366943 180 43 187 53
class 0.5303564667701721 184 43 191 51
class 0.7707542777061462 187 44 193 54
class 0.7652194499969482 0 54 4 62
class 0.5107576251029968 0 55 2 65
class 0.40878230333328247 48 52 54 59
class 0.6965323090553284 56 51 62 59
class 0.701229989528656 52 52 58 60
class 0.3742239773273468 59 50 69 61
class 0.7276564836502075 77 53 84 60
class 0.7679187655448914 97 50 103 59
class 0.5285165905952454 117 54 124 62
class 0.8390936255455017 113 54 121 64
class 0.6808634996414185 129 57 135 64
class 0.5685740113258362 124 56 132 65
class 0.38379332423210144 132 55 137 61
class 0.4403696656227112 139 57 145 64
class 0.685184121131897 135 56 140 64
class 0.37176623940467834 136 52 142 60
class 0.5785185694694519 150 57 157 65
class 0.7313647270202637 147 57 152 65
class 0.6954230666160583 156 56 161 65
class 0.7576265335083008 173 52 179 59
class 0.6758528351783752 184 56 190 64
class 0.7147536873817444 195 55 199 63
class 0.9223841428756714 13 67 19 75
class 0.63442063331604 38 66 44 73
class 0.8190593719482422 46 67 52 75
class 0.4292568266391754 41 66 48 75
class 0.743435263633728 69 61 75 69
class 0.7705172300338745 78 67 84 75
class 0.5646397471427917 73 67 80 75
class 0.46499237418174744 79 64 85 72
class 0.322610080242157 83 63 89 72
class 0.5831894874572754 81 65 88 73
class 0.5153748989105225 107 66 113 73
class 0.7581980228424072 103 62 110 72
class 0.6982722878456116 118 68 125 76
class 0.810483992099762 115 68 121 76
class 0.6203212141990662 130 66 136 74
class 0.6272611618041992 125 62 132 71
class 0.5262221693992615 127 61 132 68
class 0.7436221241950989 139 63 145 71
class 0.7014168500900269 135 65 141 72
class 0.45377904176712036 137 61 143 68
class 0.8803622126579285 149 67 156 75
class 0.6968044638633728 147 67 153 75
class 0.8917726278305054 161 61 168 69
class 0.385823130607605 160 61 164 67
class 0.4715845286846161 172 64 178 72
class 0.37983182072639465 169 60 177 70
class 0.7278078198432922 178 64 184 72
class 0.774712324142456 176 65 183 75
class 0.8499265909194946 6 77 11 84
class 0.7263465523719788 21 72 28 80
class 0.8186397552490234 71 76 79 85
class 0.43439048528671265 74 72 81 81
class 0.6652930378913879 87 78 93 87
class 0.5664290189743042 84 77 92 85
class 0.7771202921867371 100 75 105 83
class 0.47034722566604614 96 75 104 84
class 0.4419085681438446 98 72 104 79
class 0.34466299414634705 131 75 137 83
class 0.7734800577163696 150 78 157 86
class 0.6849862933158875 147 77 152 84
class 0.8929389715194702 173 77 178 85
class 0.8617169260978699 1 83 7 90
class 0.3806915879249573 0 83 3 93
class 0.8718451857566833 15 83 22 90
class 0.7095574140548706 26 83 32 91
class 0.40878063440322876 34 85 41 93
class 0.4043511748313904 29 82 36 90
class 0.8297064900398254 44 88 50 96
class 0.687102198600769 64 88 71 96
class 0.7492749691009521 76 86 82 93
class 0.3972785174846649 73 87 80 95
class 0.5365739464759827 75 82 80 90
class 0.5289096236228943 82 86 91 93
class 0.5454056262969971 85 82 92 89
class 0.7552323341369629 99 88 104 96
class 0.6728246212005615 94 87 102 95
class 0.327778160572052 96 83 103 92
class 0.45501697063446045 100 85 106 92
class 0.7179017663002014 119 89 125 96
class 0.4839714467525482 131 84 137 92
class 0.44578254222869873 129 81 137 89
class 0.7100421786308289 136 84 143 92
class 0.8244513273239136 151 87 157 95
class 0.3096625506877899 154 85 158 91
class 0.7498875260353088 164 85 170 92
class 0.8442118763923645 2 100 8 106
class 0.5824623107910156 0 98 4 108
class 0.5826212167739868 7 92 14 102
class 0.5717458724975586 60 96 69 106
class 0.8036596179008484 73 96 79 104
class 0.7615612745285034 86 95 92 103
class 0.7743191719055176 96 94 102 102
class 0.7145921587944031 110 98 116 105
class 0.7715986967086792 120 95 125 102
class 0.7365037202835083 130 96 136 104
class 0.6118046641349792 126 95 134 103
class 0.8481931090354919 160 94 167 102
class 0.9078941345214844 174 92 180 101
class 0.4564271867275238 171 93 177 103
class 0.3808455169200897 183 97 189 103
class 0.49573519825935364 195 96 199 103
class 0.9281014204025269 3 103 10 110
class 0.5863013863563538 17 109 23 116
class 0.7457403540611267 31 108 38 118
class 0.6829068064689636 40 103 47 112
class 0.7721279859542847 57 108 63 116
class 0.9106850624084473 68 107 74 115
class 0.5056642293930054 64 104 72 113
class 0.3966888189315796 86 110 93 117
class 0.6901776194572449 82 108 89 117
class 0.4731093645095825 91 109 99 118
class 0.5955846309661865 110 105 116 113
class 0.7292630672454834 126 108 133 117
class 0.32384514808654785 130 106 138 114
class 0.6383129358291626 136 104 143 112
class 0.7687996029853821 178 108 184 115
class 0.5384356379508972 1 120 6 127
class 0.31395894289016724 0 118 2 128
class 0.6673564910888672 11 118 18 126
class 0.807492733001709 9 117 16 129
class 0.8073322772979736 20 118 27 126
class 0.8183436989784241 42 118 50 127
class 0.4348205626010895 45 116 55 126
class 0.3123215138912201 54 115 60 123
class 0.32945117354393005 50 115 58 125
class 0.8359526991844177 66 120 73 128
class 0.6325474977493286 79 114 85 121
class 0.6881924867630005 110 118 116 126
class 0.4251496195793152 108 114 116 123
class 0.7222671508789062 113 116 120 126
class 0.5890547633171082 131 115 137 123
class 0.4308620095252991 127 112 135 121
class 0.7595774531364441 134 119 141 127
class 0.8406900763511658 161 118 167 126
class 0.6537165641784668 157 115 165 123
class 0.8314396142959595 171 120 177 128
class 0.7272640466690063 191 116 198 124
class 0.43033072352409363 194 117 199 124
class 0.9573084115982056 5 129 11 136
class 0.9229976534843445 15 131 21 139
class 0.4984563887119293 12 129 18 138
class 0.30125561356544495 17 130 20 135
class 0.34501782059669495 27 132 32 138
class 0.7176780104637146 46 126 52 134
class 0.5102378726005554 43 126 50 134
class 0.5968298316001892 53 125 59 133
class 0.4942197799682617 78 131 84 138
class 0.5343971848487854 74 130 82 138
class 0.7609754800796509 81 125 88 135
class 0.34703922271728516 83 124 90 131
class 0.7390534281730652 108 128 114 137
class 0.33450862765312195 110 127 117 135
class 0.7169361710548401 122 130 128 138
class 0.5322619676589966 127 130 133 137
class 0.7139493227005005 124 130 131 139
class 0.36202162504196167 140 130 146 137
class 0.7603168487548828 151 126 157 134
class 0.3682592511177063 149 122 156 135
class 0.7243608832359314 0 140 5 148
class 0.32724058628082275 0 141 2 150
class 0.8370862603187561 27 135 33 143
class 0.7956013679504395 78 140 84 149
class 0.727972686290741 74 141 81 149
class 0.45146530866622925 79 138 85 145
class 0.6048154234886169 89 134 95 143
class 0.6561161279678345 96 137 102 145
class 0.6203352212905884 92 136 100 144
class 0.5769635438919067 110 136 116 144
class 0.7746394276618958 119 140 125 149
class 0.6903721690177917 116 138 122 147
class 0.38932567834854126 120 138 127 146
class 0.8508343696594238 139 140 145 148
class 0.4631778299808502 136 135 144 144
class 0.7782290577888489 151 142 158 150
class 0.8503096699714661 163 136 169 143
class 0.34067898988723755 159 136 165 145
class 0.36950263381004333 161 135 167 142
class 0.85819411277771 172 141 178 148
class 0.44752243161201477 168 138 176 147
class 0.8561872839927673 184 141 190 148
class 0.5147370100021362 181 139 188 148
class 0.6895993947982788 0 146 5 154
class 0.7280579209327698 10 145 17 153
class 0.5282631516456604 28 153 33 160
class 0.7851531505584717 46 151 52 159
class 0.8249404430389404 43 150 50 159
class 0.44917282462120056 47 150 54 157
class 0.5446693301200867 57 148 63 155
class 0.39872246980667114 50 145 59 156
class 0.3175445795059204 54 143 61 154
class 0.3001217544078827 64 148 70 155
class 0.48023027181625366 60 147 68 158
class 0.7896936535835266 78 152 84 159
class 0.6719979047775269 75 147 82 157
class 0.37188848853111267 79 149 86 156
class 0.8440324068069458 107 148 114 157
class 0.5731929540634155 104 145 113 155
class 0.81600022315979 125 150 133 158
class 0.3001835346221924 126 146 135 156
class 0.3394192159175873 131 148 139 156
class 0.5846667885780334 138 151 144 159
class 0.555348813533783 136 150 142 159
class 0.3483999967575073 136 145 144 155
class 0.8099227547645569 151 146 158 153
class 0.5027554631233215 148 145 156 155
class 0.8119630217552185 171 152 178 159
class 0.559619665145874 193 149 198 156
class 0.6171790957450867 190 143 198 155
class 0.809453010559082 16 163 22 170
class 0.5534791946411133 25 158 31 165
class 0.42614397406578064 19 160 27 169
class 0.4718933701515198 31 162 38 170
class 0.7542202472686768 28 159 36 168
class 0.5980530977249146 64 161 69 168
class 0.6947495341300964 60 160 67 168
class 0.7663940787315369 79 160 85 168
class 0.5273903012275696 76 161 82 170
class 0.30375900864601135 78 156 84 164
class 0.7259988784790039 88 162 94 170
class 0.6435961127281189 83 160 90 169
class 0.5791419148445129 98 162 104 169
class 0.49207839369773865 94 160 101 170
class 0.3831248879432678 95 158 109 170
class 0.8737438321113586 103 161 111 170
class 0.6898217797279358 114 161 121 170
class 0.785233736038208 139 160 145 168
class 0.5485012531280518 137 155 146 165
class 0.7429023385047913 153 163 159 171
class 0.7174873352050781 193 157 198 165
class 0.7874744534492493 1 168 7 175
class 0.5371067523956299 17 167 23 175
class 0.8993740677833557 25 173 31 180
class 0.682367205619812 22 170 29 179
class 0.7504398822784424 37 167 43 174
class 0.7413316965103149 59 170 65 178
class 0.8137170076370239 77 171 83 179
class 0.6687576770782471 73 167 81 177
class 0.774692714214325 100 172 106 180
class 0.7381598353385925 118 173 125 180
class 0.7108289003372192 115 170 123 180
class 0.3012219965457916 120 171 128 178
class 0.7523494958877563 128 172 134 180
class 0.6862640380859375 143 173 149 180
class 0.31158870458602905 175 168 180 175
class 0.6527993679046631 179 172 185 180
class 0.333630234003067 177 167 184 178
class 0.9400277137756348 3 182 10 190
class 0.4613950550556183 2 181 5 189
class 0.8300274610519409 34 184 41 191
class 0.6418213844299316 55 183 62 191
class 0.7804030776023865 52 183 58 192
class 0.44381967186927795 75 182 82 190
class 0.7050567865371704 72 182 79 192
class 0.605254590511322 88 183 94 191
class 0.7348702549934387 84 182 91 190
class 0.7911140322685242 92 179 98 188
class 0.6943811178207397 131 183 138 191
class 0.4215749502182007 128 181 136 189
class 0.7154503464698792 141 183 147 191
class 0.776390016078949 136 184 143 191
class 0.38025951385498047 143 180 148 186
class 0.7104436159133911 181 180 188 189
class 0.5608830451965332 179 175 187 186
class 0.769038200378418 189 182 197 191
class 0.3867760896682739 191 178 199 187
class 0.39237064123153687 194 180 199 187
class 0.7603924870491028 23 192 29 199
class 0.6514319181442261 32 189 38 196
class 0.4301203489303589 32 187 37 194
class 0.7529178261756897 55 194 61 199
class 0.5864579081535339 51 191 59 199
class 0.5859160423278809 66 194 72 199
class 0.6918355226516724 63 194 70 199
class 0.7893441319465637 78 192 84 199
class 0.6170514822006226 74 191 81 199
class 0.4142664968967438 76 188 81 195
class 0.7668948173522949 120 193 126 199
class 0.6080858707427979 133 192 138 199
class 0.6883929967880249 140 193 146 199
class 0.6486201882362366 135 192 143 199
class 0.3647030293941498 138 188 144 196
class 0.342216819524765 142 191 148 197
class 0.5321968197822571 161 194 168 199
class 0.4362815320491791 158 193 166 199
class 0.7435839772224426 183 194 189 199
class 0.7424219846725464 181 193 187 199
class 0.6055039763450623 190 191 196 199
class 0.6690082550048828 187 191 194 198
class 0.41909608244895935 189 188 195 195
