class 0.8943941593170166 4 3 9 10
class 0.412042498588562 1 2 4 10
class 0.33681753277778625 11 1 17 7
class 0.7122201323509216 7 0 15 6
class 0.7448548078536987 21 4 27 11
class 0.9222925305366516 36 4 42 11
class 0.6902161836624146 46 5 52 12
class 0.9057034254074097 58 4 64 11
class 0.7386118769645691 65 2 71 8
class 0.49722203612327576 61 1 67 8
class 0.5115810036659241 75 1 81 7
class 0.5485151410102844 71 0 79 6
class 0.9097447991371155 85 0 92 7
class 0.8237637877464294 101 0 107 7
class 0.7566395998001099 132 4 138 11
class 0.6546885371208191 140 3 146 10
class 0.5057263374328613 135 1 141 9
class 0.8934044241905212 148 3 154 10
class 0.6364094614982605 146 2 151 10
class 0.9308256506919861 163 0 169 7
class 0.8942279815673828 185 3 191 10
class 0.7713322639465332 193 1 199 9
class 0.34801021218299866 189 1 195 9
class 0.3346936106681824 196 0 199 4
class 0.8845442533493042 0 10 5 17
class 0.3696421980857849 0 10 2 20
class 0.7519019842147827 25 14 31 21
class 0.5094305276870728 20 11 29 21
class 0.8402984142303467 34 15 40 23
class 0.7031030654907227 31 14 38 24
class 0.7198601961135864 63 12 71 23
class 0.6019449234008789 79 12 85 19
class 0.4806762933731079 84 12 90 20
class 0.4720871150493622 81 12 88 22
class 0.7822434306144714 110 9 116 17
class 0.31275781989097595 108 11 117 20
class 0.7661362886428833 128 15 135 23
class 0.8046039938926697 142 15 147 22
class 0.4705333113670349 136 13 144 22
class 0.31732743978500366 144 12 147 18
class 0.7042655348777771 160 10 167 18
class 0.759759247303009 156 8 164 18
class 0.6430650353431702 165 8 173 17
class 0.8687997460365295 184 14 190 21
class 0.3801107406616211 184 11 191 20
class 0.504334032535553 193 10 199 18
class 0.40344178676605225 189 6 198 18
class 0.5869669914245605 17 19 23 28
class 0.7863759994506836 24 25 30 33
class 0.6619876623153687 20 24 27 32
class 0.3885970413684845 27 23 31 29
class 0.40393656492233276 42 22 49 30
class 0.8276054263114929 39 23 47 33
class 0.7546414136886597 53 25 60 33
class 0.6961593627929688 51 23 58 32
class 0.647136390209198 66 25 73 33
class 0.6511942148208618 63 25 69 34
class 0.4809754490852356 70 21 77 30
class 0.8160426616668701 88 25 94 33
class 0.5728774070739746 85 22 93 32
class 0.5038748383522034 98 25 104 33
class 0.47848910093307495 94 23 101 32
class 0.6276069283485413 106 21 113 28
class 0.5455648303031921 105 18 111 26
class 0.7988858222961426 119 21 126 28
class 0.505388617515564 117 23 125 32
class 0.6258922815322876 130 22 137 30
class 0.5528938174247742 127 20 134 29
class 0.32002219557762146 130 18 135 25
class 0.48464149236679077 142 19 148 26
class 0.763491153717041 185 25 190 33
class 0.37744924426078796 1 33 5 40
class 0.32596296072006226 0 32 2 43
class 0.6100942492485046 11 35 18 43
class 0.8079890012741089 26 35 32 43
class 0.6318856477737427 24 35 30 42
class 0.3213708698749542 28 33 32 38
class 0.7331702709197998 32 32 39 39
class 0.652930498123169 29 34 36 42
class 0.624714732170105 48 36 54 44
class 0.37019768357276917 44 33 52 42
class 0.8174465894699097 56 36 62 44
class 0.6431853175163269 52 36 58 43
class 0.36749446392059326 59 34 64 40
class 0.6933090686798096 60 31 67 40
class 0.5662239789962769 62 29 68 35
class 0.8406153321266174 99 30 105 37
class 0.3739575147628784 96 33 103 41
class 0.6542544960975647 112 32 117 39
class 0.4981192946434021 109 29 119 39
class 0.8558163642883301 118 36 125 43
class 0.4229683578014374 114 34 122 43
class 0.32641714811325073 121 34 126 41
class 0.7619495987892151 132 31 138 39
class 0.6471272706985474 144 36 151 44
class 0.786941647529602 163 32 169 39
class 0.37664294242858887 162 29 167 36
class 0.84975266456604 194 36 199 44
class 0.8045060634613037 6 46 11 53
class 0.7122604250907898 10 43 17 51
class 0.636712372303009 31 40 38 49
class 0.6379504203796387 48 41 53 48
class 0.8717546463012695 68 44 74 52
class 0.30347806215286255 65 39 73 50
class 0.6167985200881958 79 47 85 56
class 0.8126548528671265 88 45 94 53
class 0.7610050439834595 83 46 90 54
class 0.3615216910839081 91 44 95 50
class 0.8775936961174011 109 45 114 53
class 0.40899890661239624 112 44 117 50
class 0.36087268590927124 122 45 127 52
class 0.654909074306488 150 42 157 49
class 0.6271587610244751 146 40 154 48
class 0.5785277485847473 154 40 163 49
class 0.7883135080337524 170 46 177 54
class 0.5335298180580139 168 42 176 51
class 0.7498361468315125 183 44 189 52
class 0.6776735186576843 180 43 187 54
class 0.6331371068954468 187 43 193 54
class 0.7780856490135193 0 55 5 62
class 0.43116459250450134 0 56 2 66
class 0.6887855529785156 55 51 62 59
class 0.7788012027740479 52 52 58 60
class 0.4646490812301636 58 52 64 60
class 0.3572571873664856 59 50 69 61
class 0.6903207898139954 77 53 84 60
class 0.7857695817947388 96 50 103 59
class 0.8533601760864258 113 54 121 64
class 0.719355583190918 129 57 135 65
class 0.609268307685852 124 55 132 65
class 0.3218183219432831 131 55 137 62
class 0.4840291440486908 139 57 145 64
class 0.6696352362632751 135 56 141 64
class 0.3415553569793701 137 52 142 60
class 0.5787572860717773 151 57 157 64
class 0.6856627464294434 147 58 152 65
class 0.6708319187164307 156 56 162 65
class 0.5303097367286682 173 50 179 58
class 0.8815632462501526 184 57 190 65
class 0.5708217024803162 181 55 188 64
class 0.7681050896644592 196 55 199 63
class 0.9252419471740723 13 67 19 75
class 0.5998890399932861 38 66 44 73
class 0.8107935786247253 45 67 52 76
class 0.5379108786582947 41 67 48 76
class 0.3855455219745636 47 66 53 73
class 0.7110885381698608 69 61 75 69
class 0.7070692181587219 78 67 84 75
class 0.4765438735485077 73 66 80 75
class 0.48714467883110046 79 64 85 71
class 0.5771154165267944 81 66 89 75
class 0.46625465154647827 107 66 113 74
class 0.7740424275398254 103 63 110 72
class 0.6531489491462708 117 68 124 76
class 0.7796033024787903 114 68 121 76
class 0.6246304512023926 130 66 136 74
class 0.6451861262321472 126 62 134 71
class 0.3025006055831909 132 64 139 71
class 0.6778388619422913 139 64 145 72
class 0.7183670401573181 135 65 141 73
class 0.41245904564857483 137 61 143 69
class 0.839444100856781 149 67 156 75
class 0.689835250377655 146 67 152 75
class 0.6193164587020874 160 62 166 69
class 0.32520514726638794 159 60 164 68
class 0.6909377574920654 178 64 185 72
class 0.796504557132721 176 66 183 75
class 0.8703173995018005 6 77 12 84
class 0.3919731676578522 8 73 15 84
class 0.6654096245765686 21 72 28 80
class 0.65932297706604 73 74 79 82
class 0.7683699727058411 71 76 78 84
class 0.7586527466773987 87 78 93 86
class 0.6250486969947815 84 77 91 85
class 0.7513696551322937 150 78 156 86
class 0.6640657186508179 147 77 152 84
class 0.8958222270011902 0 83 6 90
class 0.5037363767623901 0 83 3 93
class 0.8229975700378418 15 83 22 90
class 0.7057303786277771 25 83 32 91
class 0.3918890953063965 22 83 28 92
class 0.3934585452079773 34 85 41 93
class 0.43973860144615173 29 81 37 91
class 0.8059362173080444 44 88 50 96
class 0.7297366857528687 64 88 71 96
class 0.7287864089012146 75 85 82 92
class 0.3380832076072693 73 87 80 94
class 0.6109850406646729 74 82 80 90
class 0.4756821393966675 83 86 92 93
class 0.5913786292076111 86 81 93 89
class 0.7396717667579651 98 87 104 95
class 0.6753638982772827 94 87 102 95
class 0.36859533190727234 95 83 103 92
class 0.49632588028907776 100 85 106 92
class 0.6681981086730957 119 89 125 97
class 0.4974530339241028 132 83 138 91
class 0.4756726324558258 129 81 137 89
class 0.6847983598709106 136 85 143 93
class 0.8245946764945984 149 86 156 95
class 0.6589113473892212 164 84 170 92
class 0.34665560722351074 194 84 199 91
class 0.7994932532310486 2 100 8 106
class 0.5171351432800293 1 98 4 108
class 0.46833178400993347 7 91 15 102
class 0.5014781355857849 60 96 69 106
class 0.7652616500854492 71 96 78 104
class 0.37552037835121155 72 93 78 100
class 0.7406793832778931 86 95 92 103
class 0.7524294853210449 96 94 102 102
class 0.6945223212242126 110 99 116 106
class 0.34950679540634155 110 96 117 103
class 0.8042209148406982 120 96 126 103
class 0.32252272963523865 116 96 122 106
class 0.7763791680335999 130 96 137 104
class 0.566349983215332 126 95 134 104
class 0.8447652459144592 160 93 167 101
class 0.8764550685882568 173 92 179 101
class 0.5211965441703796 170 93 177 103
class 0.37848204374313354 195 96 199 102
class 0.9238382577896118 4 103 10 111
class 0.5003390312194824 16 109 23 116
class 0.7212265729904175 30 108 39 118
class 0.6931942105293274 41 101 49 112
class 0.8050997257232666 58 109 63 117
class 0.9075229167938232 68 107 74 114
class 0.44217970967292786 64 104 73 113
class 0.310617059469223 80 110 86 117
class 0.4438006579875946 88 109 94 117
class 0.5383709669113159 83 108 90 117
class 0.5701486468315125 91 109 99 118
class 0.5817142128944397 110 105 116 113
class 0.742965817451477 125 109 133 118
class 0.3182571828365326 130 107 138 114
class 0.5216230154037476 136 104 143 112
class 0.7336627244949341 179 108 185 115
class 0.6611328125 0 119 4 126
class 0.36289870738983154 0 118 2 128
class 0.8467685580253601 20 118 26 126
class 0.774319589138031 41 118 50 127
class 0.49072256684303284 45 115 54 126
class 0.38537779450416565 49 115 58 125
class 0.829935610294342 67 120 73 127
class 0.3886434733867645 67 117 76 125
class 0.6715862154960632 79 114 85 121
class 0.7148838639259338 110 118 117 127
class 0.39181676506996155 108 114 115 122
class 0.666558563709259 115 115 121 124
class 0.73722904920578 113 117 120 127
class 0.4534287750720978 131 115 137 123
class 0.38651350140571594 127 112 136 122
class 0.8002402186393738 134 119 141 127
class 0.8507910966873169 161 118 168 126
class 0.582416296005249 157 115 165 124
class 0.7854130864143372 171 120 177 128
class 0.5077086091041565 168 119 175 128
class 0.7088812589645386 192 116 199 125
class 0.9587196111679077 5 128 11 136
class 0.9176486730575562 15 131 21 138
class 0.48617956042289734 12 129 19 137
class 0.6607316732406616 46 125 52 133
class 0.5499849319458008 42 125 50 134
class 0.6155096292495728 53 125 59 133
class 0.46399807929992676 78 131 83 138
class 0.4812173545360565 74 130 82 138
class 0.6766802668571472 82 127 88 135
class 0.6681484580039978 108 128 114 137
class 0.30771568417549133 110 126 118 135
class 0.7469629645347595 121 130 127 138
class 0.5149135589599609 127 129 133 137
class 0.637421190738678 124 130 131 139
class 0.7649143934249878 151 125 157 133
class 0.8672546744346619 0 140 5 148
class 0.43323981761932373 0 141 2 150
class 0.8241545557975769 27 135 33 143
class 0.7994750142097473 77 141 83 149
class 0.7818822264671326 73 141 80 149
class 0.4310395121574402 80 139 85 145
class 0.6573423147201538 89 134 95 143
class 0.3041396737098694 82 137 91 146
class 0.6476338505744934 96 137 103 144
class 0.6179960370063782 92 135 100 144
class 0.7070058584213257 111 136 116 144
class 0.7900736331939697 119 140 125 148
class 0.7008899450302124 115 138 122 147
class 0.4282993674278259 120 138 128 146
class 0.8397765755653381 139 139 146 148
class 0.5962324142456055 136 138 144 146
class 0.755329430103302 152 142 158 149
class 0.5176957249641418 149 141 156 150
class 0.8725742697715759 163 136 169 144
class 0.39221346378326416 159 136 166 145
class 0.3844688832759857 161 135 167 143
class 0.8362192511558533 172 141 178 148
class 0.44206032156944275 168 138 175 148
class 0.8233460783958435 184 142 190 149
class 0.4308438003063202 181 139 188 148
class 0.6440829634666443 0 146 5 153
class 0.7080240249633789 11 145 18 154
class 0.5242897272109985 27 153 33 160
class 0.743144690990448 45 151 51 159
class 0.8186613917350769 42 150 49 159
class 0.44022074341773987 46 149 54 157
class 0.5751458406448364 57 149 63 156
class 0.3793594539165497 50 145 59 156
class 0.35734838247299194 63 147 70 154
class 0.5906835198402405 59 147 68 157
class 0.7690879702568054 79 152 84 159
class 0.6388981342315674 75 148 83 158
class 0.39284539222717285 79 149 86 156
class 0.31171518564224243 80 150 89 159
class 0.8272822499275208 106 148 113 156
class 0.7927783727645874 125 149 134 158
class 0.3308156430721283 129 147 140 157
class 0.5483391880989075 139 151 144 158
class 0.3116077184677124 136 145 145 154
class 0.7899079322814941 152 146 158 153
class 0.4079514741897583 148 146 156 155
class 0.8193689584732056 172 151 178 159
class 0.554776668548584 192 148 197 156
class 0.6371081471443176 190 143 198 155
class 0.4580700993537903 193 147 199 155
class 0.793135941028595 16 162 22 170
class 0.5497795343399048 26 157 32 165
class 0.3718738853931427 19 160 27 168
class 0.41057536005973816 31 162 38 170
class 0.7569695115089417 28 160 35 168
class 0.46249920129776 64 162 70 169
class 0.6575541496276855 60 160 68 169
class 0.742120623588562 79 160 85 168
class 0.5249742269515991 76 162 82 169
class 0.7668852210044861 88 162 95 170
class 0.6162590384483337 84 160 91 169
class 0.649650514125824 97 161 102 169
class 0.4919847548007965 93 160 101 170
class 0.7879306674003601 104 160 113 170
class 0.34827613830566406 108 159 118 167
class 0.6268514394760132 116 161 122 169
class 0.7966740131378174 138 156 144 164
class 0.6509649157524109 153 162 159 170
class 0.7221206426620483 192 156 198 165
class 0.7579506635665894 1 168 6 175
class 0.9002041220664978 25 172 31 180
class 0.7151486277580261 22 170 29 178
class 0.7185875773429871 37 166 43 173
class 0.7370250821113586 59 170 65 178
class 0.7558624744415283 76 170 83 178
class 0.6170434355735779 72 166 82 177
class 0.7963696122169495 100 173 106 181
class 0.7130358219146729 118 173 125 180
class 0.7065629363059998 115 171 123 180
class 0.327217161655426 120 171 128 179
class 0.7629000544548035 128 172 135 180
class 0.5253795385360718 143 174 149 181
class 0.41266483068466187 175 167 181 175
class 0.6125988364219666 178 172 184 180
class 0.32808682322502136 177 167 183 177
class 0.9615318775177002 4 182 10 191
class 0.343561053276062 3 182 6 189
class 0.8160398602485657 34 184 41 191
class 0.7020159959793091 56 183 62 190
class 0.7747962474822998 53 184 59 191
class 0.40838807821273804 75 182 81 189
class 0.7433871030807495 72 182 78 192
class 0.5939295291900635 88 183 94 191
class 0.7375785708427429 84 182 91 190
class 0.47472867369651794 94 178 100 186
class 0.7982197999954224 92 179 98 188
class 0.6996772885322571 131 183 138 191
class 0.41356247663497925 128 181 136 189
class 0.6418328881263733 140 183 146 191
class 0.7633351683616638 136 184 143 192
class 0.3293378949165344 142 180 148 186
class 0.715691864490509 180 177 187 186
class 0.7017238736152649 189 181 199 192
class 0.37712469696998596 193 180 199 188
class 0.7472245693206787 23 191 29 199
class 0.6990665197372437 32 189 39 197
class 0.7253736257553101 54 193 61 199
class 0.6225699782371521 51 191 59 199
class 0.6032092571258545 66 194 72 199
class 0.6899939775466919 62 194 71 199
class 0.737843930721283 77 192 83 199
class 0.5827539563179016 74 191 81 199
class 0.42936038970947266 75 188 81 196
class 0.7492712140083313 120 194 126 199
class 0.5141679048538208 117 193 124 199
class 0.5620692372322083 132 193 138 199
class 0.6846659779548645 141 193 146 199
class 0.6264595985412598 135 191 143 199
class 0.4118710458278656 138 187 145 196
class 0.4015940725803375 142 191 148 198
class 0.4226533770561218 163 193 168 199
class 0.7657675743103027 184 194 190 199
class 0.6206246614456177 190 191 196 199
class 0.6549641489982605 187 190 194 199
class 0.44955217838287354 189 188 195 196
