class 0.8628487586975098 2 1 8 7
class 0.46020644903182983 0 1 3 9
class 0.8027754426002502 7 0 15 5
class 0.7425582408905029 20 3 26 10
class 0.8811779022216797 35 4 41 12
class 0.9177520275115967 58 4 64 12
class 0.530525803565979 65 1 70 7
class 0.7103314399719238 100 0 106 5
class 0.32361483573913574 102 0 110 6
class 0.3253073990345001 119 0 124 4
class 0.7565160989761353 132 5 138 12
class 0.38918548822402954 130 2 137 9
class 0.6337156295776367 140 2 146 9
class 0.5333242416381836 135 1 141 9
class 0.8886679410934448 146 3 152 10
class 0.9284917712211609 163 1 169 8
class 0.899722695350647 185 4 190 11
class 0.433668851852417 184 1 190 8
class 0.779871940612793 194 1 199 7
class 0.3111021816730499 189 1 198 8
class 0.41399437189102173 196 0 199 4
class 0.9311596155166626 0 13 6 19
class 0.3453594148159027 0 12 3 21
class 0.8629973530769348 25 14 32 22
class 0.5324177145957947 21 10 29 20
class 0.7469478249549866 27 13 37 22
class 0.7578041553497314 66 12 72 20
class 0.7505214810371399 80 11 85 18
class 0.44991472363471985 83 12 90 19
class 0.53396075963974 80 10 89 22
class 0.7342250347137451 110 10 116 17
class 0.3358548879623413 108 11 117 21
class 0.5644360780715942 132 13 137 20
class 0.8324705362319946 141 15 147 22
class 0.5972447991371155 137 13 144 23
class 0.3966302275657654 143 12 148 19
class 0.3009176254272461 145 11 151 21
class 0.6271663308143616 160 11 167 18
class 0.7207045555114746 155 9 164 18
class 0.6203355193138123 165 8 173 16
class 0.8623300790786743 184 15 189 22
class 0.7495469450950623 21 22 30 33
class 0.3865901231765747 44 22 51 29
class 0.7467448115348816 39 18 47 28
class 0.7245593667030334 53 25 59 34
class 0.32493460178375244 51 20 59 32
class 0.7808710336685181 69 23 74 31
class 0.43271681666374207 66 21 72 30
class 0.43628403544425964 70 21 78 30
class 0.8313117623329163 88 25 94 33
class 0.3379020094871521 84 19 94 31
class 0.6848301291465759 99 26 105 34
class 0.4995497465133667 96 25 102 33
class 0.5475963354110718 106 21 113 29
class 0.5702700614929199 103 19 111 29
class 0.8424369692802429 119 20 125 27
class 0.6139737963676453 131 21 137 29
class 0.4161795377731323 126 19 136 29
class 0.7209771275520325 185 25 190 33
class 0.7838678956031799 10 35 17 43
class 0.6247721910476685 27 34 33 41
class 0.6545378565788269 32 34 38 42
class 0.5167660713195801 29 29 37 39
class 0.6187754273414612 48 37 54 44
class 0.6535263061523438 55 33 61 40
class 0.520685076713562 51 31 58 41
class 0.7241978645324707 99 30 105 37
class 0.7546508312225342 111 32 117 39
class 0.46304577589035034 109 29 119 41
class 0.9026014804840088 119 36 125 44
class 0.5981192588806152 116 35 122 43
class 0.5023388266563416 122 34 126 42
class 0.7308636903762817 132 31 138 38
class 0.8267087340354919 163 31 169 39
class 0.4485872685909271 161 33 168 42
class 0.7754902243614197 195 36 199 44
class 0.7723164558410645 6 46 11 54
class 0.6432793140411377 10 44 16 51
class 0.6881503462791443 30 40 37 48
class 0.6373717784881592 48 41 53 48
class 0.3445310592651367 56 45 62 52
class 0.3661580979824066 52 44 59 53
class 0.8769329190254211 68 43 74 51
class 0.4179259240627289 66 39 72 49
class 0.7626141905784607 78 47 84 55
class 0.31259435415267944 74 45 83 54
class 0.6688979268074036 90 40 96 47
class 0.7657897472381592 110 45 116 53
class 0.5930147171020508 146 41 155 50
class 0.6505299210548401 154 40 163 50
class 0.8359397649765015 171 46 178 54
class 0.5927954316139221 169 43 176 52
class 0.8043124079704285 184 46 189 53
class 0.49067026376724243 181 45 187 54
class 0.317947655916214 193 45 199 52
class 0.4034988284111023 188 44 195 53
class 0.6752206087112427 0 54 5 62
class 0.506290078163147 0 55 2 65
class 0.6324312090873718 56 52 62 59
class 0.7139272093772888 53 53 59 61
class 0.3136594891548157 59 50 69 60
class 0.7154693007469177 78 53 84 59
class 0.3138343095779419 74 53 83 62
class 0.7652201056480408 96 50 103 59
class 0.4589788615703583 116 54 123 62
class 0.8466994762420654 113 54 120 63
class 0.7371763586997986 128 56 134 64
class 0.6618961095809937 124 55 132 64
class 0.7069790363311768 134 54 141 63
class 0.34849101305007935 135 51 142 60
class 0.6895719766616821 155 56 162 64
class 0.8085874915122986 184 57 190 65
class 0.5303900837898254 181 55 188 64
class 0.7765904068946838 196 54 199 62
class 0.896867036819458 13 67 18 75
class 0.6667705178260803 39 67 46 76
class 0.8149728178977966 68 61 75 69
class 0.49948248267173767 79 67 85 74
class 0.33734777569770813 80 64 89 73
class 0.46387526392936707 107 66 113 74
class 0.7725204825401306 103 63 110 72
class 0.7134886384010315 131 67 137 75
class 0.622657060623169 128 64 136 73
class 0.642811119556427 140 61 146 70
class 0.4628867208957672 135 64 142 72
class 0.49704763293266296 137 60 144 69
class 0.8517184257507324 149 66 156 74
class 0.6980066895484924 146 65 153 73
class 0.5386066436767578 178 64 185 72
class 0.7980362772941589 176 65 183 75
class 0.822865903377533 6 78 11 85
class 0.7295116782188416 77 73 83 81
class 0.727911114692688 74 77 83 85
class 0.3085281252861023 88 79 94 86
class 0.5301474928855896 149 79 155 86
class 0.7764008045196533 147 78 152 86
class 0.8557074666023254 0 83 6 90
class 0.35349100828170776 0 83 3 92
class 0.85506272315979 16 84 22 91
class 0.6601324081420898 26 83 32 91
class 0.4050913453102112 29 82 36 90
class 0.822075605392456 42 87 48 95
class 0.709389328956604 61 87 69 97
class 0.8565417528152466 75 86 81 94
class 0.7091255784034729 86 81 93 91
class 0.7111929059028625 98 88 104 96
class 0.7018892765045166 94 85 102 95
class 0.3645736873149872 96 83 103 91
class 0.44560378789901733 100 85 106 92
class 0.5943709015846252 119 89 126 97
class 0.5339339971542358 116 88 123 97
class 0.4934345483779907 131 83 137 90
class 0.6906928420066833 136 85 143 93
class 0.3281363248825073 135 82 141 91
class 0.8379126787185669 151 85 157 94
class 0.3820933699607849 167 84 174 93
class 0.7827779054641724 165 82 172 90
class 0.3003595769405365 196 85 199 92
class 0.6252592206001282 2 99 8 106
class 0.44234132766723633 0 99 4 108
class 0.5779930353164673 7 91 14 101
class 0.801052987575531 87 95 92 102
class 0.7595256567001343 98 94 104 102
class 0.3790220022201538 97 92 103 99
class 0.718795895576477 110 99 116 107
class 0.6228941082954407 107 98 113 107
class 0.36832743883132935 110 96 117 104
class 0.7718017101287842 120 95 126 102
class 0.3064313232898712 115 96 123 106
class 0.8291253447532654 131 96 137 104
class 0.615445613861084 127 93 135 103
class 0.8292023539543152 161 93 167 102
class 0.875477135181427 173 92 179 101
class 0.48660334944725037 170 93 177 103
class 0.37729185819625854 196 97 199 104
class 0.9287603497505188 3 103 10 110
class 0.5430087447166443 17 109 23 117
class 0.7463346719741821 32 107 38 116
class 0.6383949518203735 41 101 48 111
class 0.7939297556877136 58 109 64 117
class 0.3073990046977997 59 106 64 114
class 0.9069081544876099 67 107 74 114
class 0.39035195112228394 63 103 72 112
class 0.7180479764938354 89 110 95 117
class 0.43511340022087097 84 108 91 118
class 0.5765889286994934 110 106 116 113
class 0.4815116822719574 108 102 115 111
class 0.8481916785240173 124 110 131 119
class 0.749122142791748 136 104 143 112
class 0.7414212822914124 178 108 185 115
class 0.3766110837459564 0 119 5 126
class 0.8060295581817627 20 118 27 126
class 0.7741613984107971 42 118 50 127
class 0.40314981341362 46 116 54 126
class 0.39591503143310547 55 116 61 122
class 0.8151847720146179 67 119 73 127
class 0.3048914968967438 67 117 75 124
class 0.6945276260375977 79 114 85 121
class 0.7614244818687439 110 118 117 127
class 0.33424943685531616 109 114 115 122
class 0.6554743647575378 115 115 122 123
class 0.6244692802429199 113 116 120 126
class 0.7295413613319397 134 119 142 128
class 0.3396565020084381 146 120 154 128
class 0.8336009979248047 161 118 168 126
class 0.6270647644996643 157 115 166 124
class 0.8307527899742126 171 120 177 128
class 0.564287543296814 168 119 176 129
class 0.7432494759559631 192 117 199 125
class 0.9655465483665466 4 128 11 136
class 0.9244698286056519 15 131 21 139
class 0.5849595069885254 13 129 20 138
class 0.7916138172149658 45 126 51 134
class 0.5695933699607849 42 126 49 134
class 0.5286288857460022 53 124 59 133
class 0.44866102933883667 79 131 84 138
class 0.4215652048587799 84 128 91 136
class 0.7273204326629639 81 125 88 134
class 0.7466502785682678 110 130 116 139
class 0.5866087675094604 126 129 132 137
class 0.723523736000061 124 130 130 140
class 0.7823396325111389 151 126 157 134
class 0.783333420753479 0 141 5 148
class 0.3906521499156952 0 142 2 150
class 0.7194985747337341 76 136 82 144
class 0.6306051015853882 72 139 81 149
class 0.6559784412384033 90 134 96 142
class 0.8004119992256165 97 136 104 144
class 0.608860969543457 111 136 117 143
class 0.7917478680610657 120 140 126 148
class 0.6274900436401367 116 138 123 146
class 0.8465449213981628 139 140 145 148
class 0.5847988724708557 136 138 143 147
class 0.30078086256980896 149 141 156 150
class 0.8666509985923767 163 135 169 142
class 0.41899457573890686 159 136 165 144
class 0.8790876269340515 172 141 179 149
class 0.43317651748657227 169 139 176 148
class 0.8035000562667847 184 142 190 149
class 0.4262520670890808 181 140 187 148
class 0.6850890517234802 0 146 5 153
class 0.7327916026115417 10 145 17 154
class 0.3247010111808777 11 146 15 150
class 0.5871679782867432 44 149 49 157
class 0.7749487161636353 40 149 47 158
class 0.6295655369758606 49 145 57 154
class 0.5827736258506775 70 143 79 154
class 0.7804824113845825 107 148 113 157
class 0.625503659248352 104 145 112 154
class 0.8027076125144958 125 150 133 158
class 0.42813971638679504 139 150 144 158
class 0.671268105506897 152 145 158 152
class 0.8256496787071228 172 152 179 159
class 0.6278547644615173 190 144 197 154
class 0.47645118832588196 194 147 199 154
class 0.82919842004776 14 161 20 168
class 0.8380343914031982 29 161 36 169
class 0.8124328255653381 78 158 85 166
class 0.5032857060432434 76 159 83 169
class 0.8243581056594849 89 162 95 169
class 0.4742479622364044 84 159 92 168
class 0.5370568633079529 97 161 102 168
class 0.3992864787578583 92 159 101 170
class 0.6717307567596436 107 159 114 167
class 0.8013778328895569 105 160 113 169
class 0.6833963394165039 116 161 122 169
class 0.8181029558181763 137 156 144 164
class 0.5881429314613342 153 163 159 170
class 0.7019065022468567 192 157 198 165
class 0.866216778755188 0 167 6 174
class 0.9073955416679382 24 172 30 180
class 0.33968260884284973 27 171 32 177
class 0.8371568918228149 38 166 44 173
class 0.7108899354934692 58 171 64 178
class 0.8005825877189636 77 172 83 179
class 0.6049501299858093 73 166 82 178
class 0.8215230703353882 100 173 106 181
class 0.5969849824905396 118 173 125 180
class 0.7096098065376282 115 170 123 180
class 0.6897937059402466 127 172 133 180
class 0.3098371922969818 143 174 149 180
class 0.33303871750831604 175 168 181 175
class 0.6537025570869446 178 172 184 180
class 0.3466170132160187 177 167 184 178
class 0.7979121804237366 34 184 40 191
class 0.6356586217880249 57 183 63 190
class 0.6002050638198853 53 184 60 192
class 0.7086866497993469 73 181 81 191
class 0.3334587812423706 74 177 82 186
class 0.6412304043769836 89 183 94 191
class 0.6832088232040405 85 181 91 190
class 0.5139753818511963 94 179 101 186
class 0.7902054786682129 92 179 98 189
class 0.6805245876312256 131 183 138 192
class 0.3242737650871277 128 181 136 189
class 0.6302602291107178 140 183 146 191
class 0.7587231993675232 136 184 142 192
class 0.30421775579452515 143 180 148 186
class 0.5589739680290222 177 175 185 186
class 0.6456183195114136 192 181 198 188
class 0.7000280618667603 189 180 199 191
class 0.7812129259109497 19 191 27 199
class 0.7217216491699219 32 189 38 197
class 0.6914668083190918 53 191 60 199
class 0.6275703310966492 50 190 58 199
class 0.40107619762420654 53 187 58 196
class 0.5156736373901367 66 194 71 199
class 0.44895610213279724 62 193 70 199
class 0.7496694922447205 78 189 84 196
class 0.46919259428977966 76 190 82 197
class 0.7252925634384155 120 194 126 199
class 0.7267051935195923 139 192 146 199
class 0.6832239031791687 136 190 143 199
class 0.3972831964492798 138 188 144 195
class 0.5672032237052917 162 194 168 199
class 0.4305838644504547 158 192 167 199
class 0.7697502374649048 184 194 190 199
class 0.6096163988113403 191 191 196 199
class 0.6337594985961914 187 190 194 199
class 0.4333755671977997 188 188 195 196
