class 0.8658589720726013 3 2 9 9
class 0.4440411329269409 1 2 4 10
class 0.7219796776771545 7 0 14 7
class 0.7161247730255127 21 3 26 10
class 0.8911104798316956 35 4 42 12
class 0.9016507863998413 58 4 64 12
class 0.8047800660133362 65 2 71 8
class 0.39388132095336914 62 1 67 7
class 0.546484112739563 76 1 82 6
class 0.38138386607170105 72 0 79 5
class 0.40644142031669617 87 0 92 5
class 0.7975673079490662 100 0 106 7
class 0.43393680453300476 118 0 123 4
class 0.6566625237464905 132 4 138 11
class 0.631329357624054 140 3 145 9
class 0.6140585541725159 135 1 141 9
class 0.8530645966529846 147 3 153 11
class 0.9086056351661682 163 1 169 8
class 0.3207027018070221 161 2 167 9
class 0.910195529460907 185 4 190 11
class 0.3146991431713104 184 2 190 8
class 0.7440810799598694 194 1 199 8
class 0.35837727785110474 189 2 197 9
class 0.3804837167263031 196 0 199 4
class 0.9002448320388794 1 12 6 19
class 0.32194939255714417 0 11 3 21
class 0.7857088446617126 25 14 31 22
class 0.5196236968040466 21 11 29 21
class 0.3566898703575134 22 9 29 17
class 0.4643118977546692 26 13 33 19
class 0.8097152709960938 28 14 36 23
class 0.7479342818260193 66 12 72 20
class 0.6870741844177246 80 12 85 19
class 0.6029798984527588 81 10 89 21
class 0.735130786895752 110 9 116 17
class 0.7312660217285156 131 15 137 22
class 0.877739667892456 142 15 148 22
class 0.45081061124801636 138 13 146 23
class 0.36857685446739197 143 12 148 18
class 0.3606918454170227 151 11 157 18
class 0.702958881855011 160 11 167 18
class 0.7039610743522644 156 9 165 19
class 0.5970124006271362 167 10 175 18
class 0.866851270198822 184 15 190 22
class 0.8068380355834961 24 24 31 33
class 0.7200031280517578 21 22 29 31
class 0.846870481967926 39 22 47 31
class 0.7177448272705078 53 25 59 33
class 0.6922793984413147 50 23 58 33
class 0.6938427090644836 67 25 73 33
class 0.670638382434845 63 25 70 33
class 0.34051626920700073 69 23 74 29
class 0.5032138824462891 70 21 77 29
class 0.8083990216255188 88 26 94 33
class 0.5267693996429443 85 22 94 32
class 0.6387930512428284 99 26 104 34
class 0.53532475233078 95 24 102 34
class 0.7382146716117859 106 22 114 29
class 0.5863587260246277 103 20 112 29
class 0.8135226964950562 119 20 125 27
class 0.5044395923614502 117 22 124 31
class 0.6201798915863037 130 22 136 30
class 0.5239673852920532 126 20 134 30
class 0.3556356132030487 129 18 135 27
class 0.34578049182891846 132 20 138 28
class 0.5431926250457764 142 19 148 26
class 0.7388740181922913 185 25 190 33
class 0.7609862685203552 10 36 17 43
class 0.8130806088447571 27 35 33 42
class 0.7257288098335266 31 32 38 41
class 0.47886863350868225 30 29 36 37
class 0.6002667546272278 48 36 54 44
class 0.7876993417739868 56 36 62 43
class 0.6297791004180908 52 34 59 43
class 0.4439409673213959 58 33 64 41
class 0.6074328422546387 59 31 68 41
class 0.3815649151802063 62 28 69 36
class 0.8307363390922546 99 30 105 36
class 0.4145137071609497 95 33 104 41
class 0.566836416721344 111 32 117 39
class 0.3602379560470581 108 28 119 40
class 0.8810424208641052 119 36 125 43
class 0.4822486639022827 115 34 123 43
class 0.48719483613967896 121 34 126 42
class 0.7164794206619263 132 31 138 38
class 0.3172186613082886 141 36 148 43
class 0.7834458351135254 162 32 168 39
class 0.7936370372772217 195 36 199 44
class 0.7259448170661926 6 46 11 54
class 0.7100307941436768 10 43 16 50
class 0.6086177825927734 28 40 36 48
class 0.7679389119148254 48 41 53 48
class 0.8823577761650085 68 44 74 51
class 0.6599140763282776 79 47 85 55
class 0.7803661823272705 89 41 95 49
class 0.3833737075328827 83 44 91 53
class 0.8540195822715759 108 45 114 53
class 0.3534984886646271 111 44 117 50
class 0.4932786524295807 150 42 157 49
class 0.47557857632637024 146 40 154 48
class 0.5531081557273865 155 41 163 50
class 0.8276407122612 171 46 178 54
class 0.5150853395462036 168 43 176 52
class 0.6128362417221069 183 46 188 53
class 0.42797359824180603 179 45 186 55
class 0.47357264161109924 188 43 195 53
class 0.77280193567276 0 55 5 62
class 0.4581995904445648 0 56 2 66
class 0.6387976408004761 56 52 62 59
class 0.7427605986595154 52 52 59 60
class 0.44959357380867004 59 50 69 60
class 0.7771818041801453 78 52 84 59
class 0.7256945967674255 96 50 103 59
class 0.4787385165691376 116 55 124 63
class 0.859345018863678 113 55 121 64
class 0.6738443374633789 128 57 135 64
class 0.5962515473365784 124 55 131 64
class 0.4187721014022827 139 56 144 64
class 0.7073642015457153 135 55 141 64
class 0.35429105162620544 136 51 143 61
class 0.4881626069545746 151 57 156 65
class 0.7604851722717285 147 58 152 64
class 0.8010431528091431 157 55 163 63
class 0.7316311597824097 156 57 161 64
class 0.8499546647071838 184 57 190 65
class 0.5699447393417358 181 55 188 63
class 0.7526925802230835 196 55 199 63
class 0.9193366765975952 13 67 19 75
class 0.5426400899887085 39 66 46 75
class 0.8075674772262573 69 61 75 69
class 0.42065921425819397 80 67 85 74
class 0.5231048464775085 80 65 89 73
class 0.53765469789505 107 66 113 74
class 0.749441385269165 103 63 110 73
class 0.6362388134002686 130 67 137 75
class 0.6350086331367493 126 63 134 72
class 0.6821871995925903 139 64 145 72
class 0.674558699131012 135 65 141 74
class 0.4255704879760742 136 61 143 69
class 0.8730446100234985 150 65 156 74
class 0.7147731184959412 146 66 153 74
class 0.5692459940910339 178 64 185 72
class 0.7749050259590149 176 66 183 75
class 0.8902873396873474 6 77 12 84
class 0.536840558052063 40 71 46 79
class 0.7086674571037292 76 73 82 81
class 0.7413896322250366 73 76 82 85
class 0.7500330209732056 88 79 94 87
class 0.46645066142082214 84 76 92 85
class 0.4003608524799347 111 70 117 79
class 0.7465930581092834 150 79 157 87
class 0.7521644234657288 148 78 153 86
class 0.858214795589447 1 83 7 90
class 0.40980827808380127 0 83 3 92
class 0.8658407330513 16 83 22 90
class 0.678791880607605 26 83 32 91
class 0.4313758909702301 29 82 36 90
class 0.8377346396446228 43 88 49 96
class 0.753036618232727 64 88 71 96
class 0.8251680135726929 74 85 80 93
class 0.37297582626342773 84 85 92 93
class 0.6799901127815247 86 81 93 89
class 0.7109655141830444 98 87 104 96
class 0.6838011145591736 94 86 102 95
class 0.36170899868011475 96 83 103 90
class 0.37684154510498047 101 85 106 91
class 0.6261051297187805 119 89 125 97
class 0.5863349437713623 116 88 123 97
class 0.49497032165527344 131 84 137 91
class 0.39098814129829407 129 81 137 89
class 0.7636182308197021 136 85 142 94
class 0.889661967754364 152 87 157 96
class 0.7570697665214539 165 82 172 91
class 0.45599520206451416 196 86 199 93
class 0.7367485165596008 2 99 8 106
class 0.4607793688774109 0 99 3 108
class 0.3799564838409424 7 92 15 102
class 0.8257929086685181 86 94 92 103
class 0.7581606507301331 97 94 103 102
class 0.7336708903312683 109 98 116 106
class 0.3428156077861786 108 94 114 102
class 0.3751893639564514 111 96 117 104
class 0.7978993654251099 120 94 126 102
class 0.8201944231987 131 96 137 104
class 0.5455185174942017 127 94 134 104
class 0.8291872143745422 160 94 167 101
class 0.8697949647903442 173 92 179 101
class 0.5090414881706238 170 93 177 103
class 0.3180142641067505 195 97 199 104
class 0.9234029650688171 4 103 10 111
class 0.516270101070404 16 109 23 116
class 0.739233136177063 31 107 38 116
class 0.646132230758667 41 102 48 110
class 0.7899250984191895 58 109 64 117
class 0.3291071057319641 59 107 64 114
class 0.9081115126609802 68 107 74 115
class 0.3732891082763672 64 104 72 113
class 0.5290212035179138 79 110 86 118
class 0.5736708045005798 87 110 94 117
class 0.6035571098327637 83 108 90 117
class 0.33889448642730713 90 107 95 116
class 0.5740188956260681 110 106 116 113
class 0.39750003814697266 109 102 116 111
class 0.8174340128898621 124 109 132 119
class 0.7302483320236206 137 104 144 112
class 0.8082091808319092 179 109 185 116
class 0.31929436326026917 0 118 4 125
class 0.7933735251426697 21 119 27 126
class 0.7721293568611145 41 118 50 127
class 0.4259236454963684 45 116 54 126
class 0.3952611982822418 54 115 61 122
class 0.8506979942321777 67 120 74 127
class 0.33258163928985596 68 118 75 124
class 0.5522398352622986 79 114 85 121
class 0.7330633401870728 110 117 117 126
class 0.38175851106643677 109 114 116 121
class 0.6875255703926086 115 115 122 124
class 0.7471127510070801 135 120 142 127
class 0.45238253474235535 146 120 153 127
class 0.852319598197937 161 118 168 127
class 0.6218823790550232 157 115 166 124
class 0.8435040712356567 171 120 177 128
class 0.7672377228736877 192 116 199 124
class 0.47442427277565 195 117 199 124
class 0.9631304144859314 4 129 11 137
class 0.9261038899421692 15 131 21 138
class 0.5413112640380859 13 129 19 137
class 0.6958566308021545 46 126 52 133
class 0.6417965292930603 52 124 59 133
class 0.5460872650146484 78 131 83 139
class 0.6271832585334778 75 130 82 139
class 0.42329141497612 85 128 91 136
class 0.7279338240623474 82 125 88 135
class 0.7978807687759399 108 128 115 137
class 0.33184587955474854 111 127 117 135
class 0.3320305645465851 122 130 128 137
class 0.45019227266311646 127 130 133 137
class 0.5815502405166626 124 131 131 140
class 0.7970240712165833 152 125 158 134
class 0.8709938526153564 0 140 5 149
class 0.44822824001312256 0 142 2 150
class 0.8161628246307373 27 134 33 143
class 0.7233882546424866 77 139 83 147
class 0.6534619927406311 73 139 81 149
class 0.337637335062027 79 137 85 145
class 0.5675531625747681 89 134 96 142
class 0.8022422194480896 97 136 104 145
class 0.6269720792770386 94 136 101 144
class 0.5250097513198853 111 136 117 144
class 0.7405589818954468 119 140 126 147
class 0.7002290487289429 115 138 122 146
class 0.39240989089012146 120 137 128 145
class 0.877595841884613 139 139 145 148
class 0.5768486857414246 136 138 143 146
class 0.7031775712966919 152 142 158 149
class 0.4195605218410492 149 141 156 150
class 0.879372239112854 163 135 169 143
class 0.382071852684021 159 137 165 145
class 0.33593612909317017 162 135 166 141
class 0.8418480157852173 172 141 178 149
class 0.3762167990207672 168 138 176 148
class 0.8263822197914124 184 142 190 149
class 0.44428369402885437 181 139 188 148
class 0.36810028553009033 195 141 199 148
class 0.6664800643920898 0 146 5 153
class 0.3393527567386627 0 147 3 157
class 0.7870900630950928 11 145 17 153
class 0.7031508684158325 45 151 51 159
class 0.7726795077323914 41 150 48 159
class 0.35636839270591736 46 149 54 157
class 0.5951600074768066 56 147 63 154
class 0.5207441449165344 50 145 58 155
class 0.4244852066040039 64 146 70 154
class 0.6068361401557922 60 145 68 154
class 0.7603235840797424 79 152 84 159
class 0.5887051820755005 75 147 82 157
class 0.416255384683609 78 148 86 158
class 0.780430257320404 107 148 113 157
class 0.630180299282074 104 145 112 154
class 0.7380334138870239 127 148 134 156
class 0.8153360486030579 125 150 133 159
class 0.5423218011856079 139 151 145 159
class 0.7680327892303467 152 145 158 153
class 0.3358955383300781 148 146 156 154
class 0.8100033402442932 172 151 179 159
class 0.4975089728832245 192 148 198 156
class 0.536373496055603 188 147 196 157
class 0.607479453086853 190 144 197 154
class 0.45369070768356323 194 147 199 154
class 0.8404728174209595 14 161 20 170
class 0.374687135219574 25 158 31 165
class 0.4394310712814331 19 160 26 168
class 0.5305156707763672 31 162 38 170
class 0.7831432223320007 28 160 36 168
class 0.7896294593811035 79 159 85 167
class 0.5708078742027283 76 161 82 170
class 0.7768533825874329 89 161 95 169
class 0.44363901019096375 84 159 91 168
class 0.5540617108345032 97 161 102 168
class 0.48283109068870544 92 160 100 170
class 0.6544589400291443 107 160 114 167
class 0.8217435479164124 105 161 112 169
class 0.6335590481758118 114 161 121 170
class 0.8175400495529175 138 157 144 166
class 0.6092734932899475 153 163 159 171
class 0.7081074714660645 193 156 198 165
class 0.8450289964675903 1 168 6 175
class 0.8953760862350464 25 172 30 180
class 0.7281028628349304 22 171 29 178
class 0.7852734923362732 37 166 43 173
class 0.7008461356163025 58 169 64 177
class 0.7777580618858337 77 171 83 179
class 0.5874699950218201 73 166 82 178
class 0.7889792323112488 100 173 106 181
class 0.6505025625228882 118 173 125 180
class 0.7207304239273071 115 171 123 180
class 0.30094656348228455 120 171 128 179
class 0.7166024446487427 128 173 134 180
class 0.4077562987804413 143 174 149 180
class 0.35109904408454895 145 172 152 181
class 0.38007551431655884 175 167 181 175
class 0.6866474747657776 178 172 185 180
class 0.30301550030708313 177 167 184 177
class 0.31057554483413696 0 177 4 185
class 0.8120672106742859 34 184 40 191
class 0.6657366752624512 56 183 63 190
class 0.7457725405693054 53 183 59 192
class 0.34988725185394287 58 180 63 188
class 0.7099888324737549 72 181 79 192
class 0.6081658005714417 88 183 94 191
class 0.7115094065666199 84 181 92 190
class 0.5675817131996155 95 178 101 186
class 0.7773194909095764 92 179 98 188
class 0.7112321853637695 131 183 138 192
class 0.37242063879966736 129 182 136 189
class 0.6348995566368103 140 183 146 191
class 0.736855149269104 136 184 143 192
class 0.538526177406311 180 177 187 186
class 0.6959853172302246 192 181 198 189
class 0.44541051983833313 190 177 199 188
class 0.739833652973175 20 191 27 199
class 0.7307807207107544 32 190 39 197
class 0.6886204481124878 54 192 60 199
class 0.5888267755508423 50 190 58 199
class 0.46971386671066284 66 194 72 199
class 0.39504095911979675 62 193 71 199
class 0.7668793797492981 78 192 84 199
class 0.354749470949173 77 188 83 196
class 0.41011783480644226 100 195 106 199
class 0.7208899855613708 120 194 126 199
class 0.7215042114257812 139 193 145 199
class 0.7189030051231384 135 191 143 199
class 0.37967750430107117 138 188 144 196
class 0.7553033232688904 183 194 189 199
class 0.6211444735527039 191 191 196 198
class 0.6056686043739319 187 190 195 198
class 0.45898696780204773 189 188 196 196
