class 0.3034253418445587 0 1 4 7
class 0.3382575511932373 22 4 27 10
class 0.9077491164207458 35 5 41 12
class 0.9117986559867859 58 4 64 11
class 0.7109848260879517 100 0 106 6
class 0.36075130105018616 102 0 110 6
class 0.600199818611145 118 0 123 4
class 0.6945704817771912 138 1 145 8
class 0.7274746894836426 135 0 141 6
class 0.7104604244232178 145 0 151 6
class 0.9245607256889343 163 0 169 6
class 0.8775879740715027 184 4 190 10
class 0.8475217223167419 194 0 199 7
class 0.3189718723297119 191 0 198 7
class 0.39856550097465515 196 0 199 4
class 0.9300097823143005 0 12 6 20
class 0.3092273771762848 0 13 2 21
class 0.7920554876327515 20 9 27 17
class 0.7705555558204651 67 13 73 21
class 0.47869402170181274 65 8 73 17
class 0.6718180775642395 79 11 85 18
class 0.499858558177948 81 10 89 22
class 0.8007080554962158 110 9 117 17
class 0.3198961615562439 108 12 117 21
class 0.7996355891227722 157 10 163 18
class 0.8824872374534607 184 14 190 21
class 0.6981298923492432 38 17 46 28
class 0.8318750858306885 69 23 75 32
class 0.5522388815879822 68 21 74 29
class 0.8294615745544434 88 25 94 32
class 0.6181061267852783 106 22 113 30
class 0.8615882992744446 120 19 126 27
class 0.6477101445198059 118 21 125 30
class 0.8328080773353577 185 25 190 34
class 0.7629884481430054 11 35 17 44
class 0.6608072519302368 48 36 54 44
class 0.7046731114387512 53 33 60 41
class 0.5743839144706726 51 28 59 39
class 0.7868649363517761 111 32 117 40
class 0.8802916407585144 119 37 125 44
class 0.5849407315254211 115 36 122 44
class 0.4377211332321167 121 35 126 42
class 0.747822642326355 131 31 137 38
class 0.44353747367858887 127 31 136 41
class 0.781408429145813 194 36 199 43
class 0.8560199737548828 6 47 11 54
class 0.6927422285079956 10 43 16 51
class 0.5300511717796326 8 45 14 53
class 0.8309313654899597 68 44 74 52
class 0.6173582077026367 64 43 72 52
class 0.7934691905975342 78 47 84 55
class 0.3786855638027191 74 46 83 54
class 0.5644422173500061 90 39 96 47
class 0.7651374936103821 111 47 117 55
class 0.6096748113632202 152 43 159 50
class 0.43726879358291626 149 41 157 49
class 0.4592376947402954 158 41 165 49
class 0.7104784846305847 155 40 162 48
class 0.8516873121261597 171 46 178 54
class 0.6028951406478882 169 42 176 52
class 0.7612481117248535 56 51 62 59
class 0.6621102690696716 53 51 59 60
class 0.41274967789649963 58 52 64 61
class 0.31287631392478943 60 51 69 61
class 0.7729179859161377 78 52 85 59
class 0.39905086159706116 75 54 83 62
class 0.814626157283783 96 50 104 59
class 0.453893780708313 111 51 117 58
class 0.3904408812522888 117 53 124 61
class 0.7407007217407227 112 51 120 61
class 0.7474782466888428 129 57 135 64
class 0.6644306182861328 125 53 132 62
class 0.6486002206802368 134 57 141 65
class 0.90984708070755 184 57 190 65
class 0.9012219309806824 12 67 18 75
class 0.815452516078949 69 61 75 70
class 0.619918942451477 67 63 73 71
class 0.49100565910339355 107 66 113 74
class 0.7577670216560364 103 63 111 72
class 0.7416796088218689 132 67 138 75
class 0.38989394903182983 137 62 143 70
class 0.8084542751312256 149 65 157 73
class 0.3806784152984619 152 64 160 72
class 0.5379143357276917 178 64 184 72
class 0.7854143977165222 176 67 183 75
class 0.3860941231250763 111 71 117 79
class 0.7629284262657166 145 78 152 86
class 0.9029364585876465 2 83 7 91
class 0.8874284625053406 16 81 22 90
class 0.8427917957305908 74 85 80 93
class 0.7734845876693726 98 88 104 95
class 0.7156288623809814 94 85 102 94
class 0.4103330373764038 101 86 106 92
class 0.6971746683120728 119 89 125 97
class 0.7066981792449951 133 83 140 93
class 0.47194644808769226 167 84 174 92
class 0.799124002456665 165 81 172 89
class 0.8313878178596497 2 97 7 105
class 0.4889806807041168 0 99 3 108
class 0.7643427848815918 8 91 14 100
class 0.7725958228111267 86 94 92 102
class 0.7032042145729065 98 94 104 102
class 0.7402835488319397 109 98 115 106
class 0.8411240577697754 120 94 125 101
class 0.8593111634254456 132 97 138 105
class 0.8755478858947754 160 93 167 101
class 0.8771157264709473 173 92 179 101
class 0.4885654151439667 170 93 177 103
class 0.4803210198879242 196 97 199 105
class 0.4373263716697693 0 104 4 111
class 0.45472249388694763 17 109 23 117
class 0.831957995891571 32 108 37 116
class 0.690410852432251 57 110 63 118
class 0.8203672170639038 67 106 74 114
class 0.7392074465751648 90 109 96 117
class 0.5032841563224792 110 106 116 114
class 0.4410347640514374 108 103 115 110
class 0.6975305676460266 136 104 143 112
class 0.7689617872238159 178 109 184 116
class 0.8361627459526062 21 119 27 127
class 0.7935335040092468 41 118 50 127
class 0.3784182071685791 45 116 55 125
class 0.30350178480148315 51 112 59 122
class 0.8706867098808289 67 119 73 128
class 0.35174185037612915 69 118 75 124
class 0.6565835475921631 79 114 86 121
class 0.7943644523620605 111 118 117 126
class 0.7755539417266846 115 116 121 125
class 0.7602372169494629 134 118 142 128
class 0.3040519654750824 145 120 153 128
class 0.8591995239257812 161 118 168 126
class 0.6379057168960571 158 114 166 123
class 0.8302193880081177 172 119 177 127
class 0.8801697492599487 15 131 20 138
class 0.7998626232147217 47 125 53 133
class 0.647818922996521 53 125 59 133
class 0.5619157552719116 50 124 57 132
class 0.6592665910720825 86 129 92 137
class 0.6389631032943726 83 126 91 135
class 0.8300436735153198 111 131 116 139
class 0.7719784379005432 150 125 156 133
class 0.8519177436828613 0 141 4 149
class 0.5233293771743774 0 141 2 151
class 0.5480771064758301 89 135 96 142
class 0.7959021925926208 97 136 104 144
class 0.4000832438468933 111 136 117 143
class 0.7150722742080688 119 140 126 148
class 0.6981121301651001 115 138 122 146
class 0.8723865151405334 137 136 144 145
class 0.34113436937332153 137 135 142 141
class 0.8177545666694641 172 140 178 148
class 0.8620993494987488 185 142 190 149
class 0.36217549443244934 183 138 189 147
class 0.7427682876586914 0 147 4 154
class 0.4279845356941223 0 147 2 157
class 0.5926498174667358 11 145 17 153
class 0.4797893762588501 44 149 50 157
class 0.7458882331848145 40 149 47 157
class 0.5381979942321777 50 147 56 154
class 0.6724844574928284 70 145 78 152
class 0.7408525347709656 106 147 112 156
class 0.6347419619560242 104 145 111 154
class 0.832144558429718 127 150 133 158
class 0.8664819002151489 172 152 179 160
class 0.5521331429481506 193 148 198 156
class 0.48132771253585815 188 147 196 156
class 0.6014350652694702 191 144 198 154
class 0.48342275619506836 194 147 199 154
class 0.3994617760181427 32 163 38 170
class 0.8343220949172974 29 162 36 169
class 0.75840163230896 89 162 95 168
class 0.5095968842506409 97 160 103 168
class 0.45556890964508057 93 160 100 169
class 0.5641816258430481 107 159 114 167
class 0.8072068691253662 104 161 111 169
class 0.7554274201393127 116 161 122 170
class 0.7015121579170227 154 163 159 171
class 0.3491775393486023 152 161 157 169
class 0.3841274678707123 175 162 183 171
class 0.6963247060775757 193 157 198 165
class 0.8392683267593384 1 167 6 174
class 0.8893041610717773 22 170 28 178
class 0.8568548560142517 37 166 43 173
class 0.6717957258224487 59 170 64 177
class 0.8185796737670898 77 172 84 179
class 0.5336059331893921 74 167 82 177
class 0.7726279497146606 100 173 106 181
class 0.7630323171615601 34 184 40 191
class 0.5854315161705017 59 181 64 189
class 0.7908779978752136 73 182 80 191
class 0.32123738527297974 74 177 82 187
class 0.7282626628875732 88 183 93 191
class 0.7787591814994812 84 182 91 190
class 0.6502437591552734 95 179 101 187
class 0.765163242816925 92 180 99 189
class 0.5865472555160522 132 184 138 191
class 0.6724249124526978 141 184 147 192
class 0.6779288053512573 136 184 142 191
class 0.7028950452804565 193 182 198 189
class 0.383169949054718 191 177 199 188
class 0.44448935985565186 194 180 199 188
class 0.4328482151031494 1 192 6 198
class 0.6738976836204529 19 189 27 199
class 0.7473501563072205 32 189 38 197
class 0.7808813452720642 53 189 58 197
class 0.7876511812210083 78 189 84 197
class 0.32906416058540344 76 188 82 195
class 0.7636866569519043 119 193 126 199
class 0.7077155709266663 139 194 145 199
class 0.7711485624313354 135 193 143 199
class 0.31064173579216003 142 192 148 198
class 0.406350702047348 163 194 168 199
class 0.7456697225570679 184 194 190 199
class 0.6914308667182922 181 192 188 199
class 0.634835958480835 191 191 196 198
class 0.6206651926040649 187 190 194 199
class 0.440263032913208 189 188 195 196
