class 0.9089975953102112 4 2 10 10
class 0.33337581157684326 1 2 4 10
class 0.5751213431358337 7 0 15 6
class 0.6144487857818604 21 3 27 10
class 0.9351860880851746 36 4 42 12
class 0.8757151365280151 58 4 64 11
class 0.6500174403190613 64 2 70 8
class 0.57783442735672 61 1 67 8
class 0.5950719714164734 75 1 81 7
class 0.5167484879493713 72 0 79 5
class 0.6676380038261414 87 0 92 6
class 0.7991475462913513 100 0 106 7
class 0.5269521474838257 119 0 124 4
class 0.7632423043251038 132 4 138 11
class 0.6492974162101746 140 2 146 9
class 0.4766634404659271 135 1 142 9
class 0.854516327381134 147 2 153 9
class 0.9320582151412964 163 0 169 7
class 0.8755353689193726 185 4 190 11
class 0.8028358221054077 193 1 199 8
class 0.40519481897354126 189 2 197 9
class 0.3385789096355438 196 0 199 4
class 0.913200855255127 0 12 6 19
class 0.3257465362548828 0 11 3 21
class 0.6837575435638428 25 14 31 22
class 0.5457937717437744 19 10 29 21
class 0.7953495383262634 28 14 36 23
class 0.6835076212882996 66 12 72 20
class 0.650545597076416 80 11 85 19
class 0.6194426417350769 81 10 88 21
class 0.7559351325035095 109 9 116 17
class 0.30362996459007263 107 11 116 21
class 0.6938322186470032 130 15 136 23
class 0.7640157341957092 127 15 134 23
class 0.8101982474327087 141 15 147 23
class 0.4942598342895508 137 13 145 22
class 0.3051069676876068 143 12 148 18
class 0.7303662300109863 160 11 167 18
class 0.7442352175712585 156 9 165 19
class 0.5966158509254456 165 8 173 16
class 0.8694364428520203 184 14 189 22
class 0.7241011261940002 17 19 22 27
class 0.7958051562309265 24 25 30 33
class 0.6450385451316833 20 23 29 32
class 0.38315945863723755 26 22 32 30
class 0.8335676193237305 39 22 47 32
class 0.7061877250671387 54 24 60 32
class 0.7026237845420837 50 22 58 32
class 0.6623810529708862 67 25 73 33
class 0.6440709829330444 63 25 70 33
class 0.33489087224006653 69 23 75 29
class 0.5776801109313965 70 20 78 30
class 0.7953845858573914 88 25 94 32
class 0.37378907203674316 86 21 98 33
class 0.5367246270179749 98 25 104 33
class 0.48163414001464844 95 24 101 33
class 0.4636431932449341 106 21 113 29
class 0.6653150916099548 103 19 110 29
class 0.8156198263168335 120 21 126 28
class 0.5277860164642334 117 22 125 31
class 0.6312875151634216 131 22 137 30
class 0.5550297498703003 126 20 134 29
class 0.3151862919330597 129 18 135 26
class 0.3134884536266327 133 20 138 27
class 0.5294225811958313 142 19 148 27
class 0.6491007208824158 185 25 190 33
class 0.7597613334655762 11 36 18 44
class 0.8267300128936768 27 35 32 43
class 0.7071667313575745 31 32 38 40
class 0.6168132424354553 28 33 36 42
class 0.48735520243644714 48 36 54 44
class 0.8018235564231873 56 36 62 43
class 0.6466078758239746 52 35 58 43
class 0.4052530527114868 58 34 64 41
class 0.6451009511947632 60 31 68 40
class 0.5373694896697998 62 29 69 36
class 0.834507942199707 99 30 105 37
class 0.3668249249458313 96 32 104 41
class 0.6763186454772949 112 31 117 39
class 0.47441577911376953 108 29 120 40
class 0.8713966012001038 119 36 125 43
class 0.444979727268219 115 34 122 43
class 0.37526842951774597 121 34 126 41
class 0.7533814907073975 132 31 138 38
class 0.4070397913455963 144 36 151 44
class 0.770498514175415 163 32 168 39
class 0.4463401436805725 162 29 167 37
class 0.8372836112976074 195 36 199 44
class 0.8154031038284302 6 46 11 54
class 0.7480711936950684 11 43 17 51
class 0.6766436696052551 28 40 36 48
class 0.6756681203842163 48 41 53 49
class 0.8753485083580017 68 44 74 52
class 0.3204546272754669 65 39 73 50
class 0.6236816048622131 79 47 85 55
class 0.8479136228561401 88 45 94 53
class 0.7200003266334534 84 46 91 54
class 0.4067274332046509 90 43 95 51
class 0.8644052147865295 108 44 114 53
class 0.3810359239578247 111 44 117 50
class 0.6129535436630249 150 42 157 49
class 0.632235050201416 145 39 154 49
class 0.3310357928276062 158 41 165 48
class 0.5571019053459167 154 40 163 49
class 0.8396915793418884 171 46 177 54
class 0.5835192799568176 169 43 176 52
class 0.7916296720504761 183 44 189 52
class 0.681560218334198 180 44 187 53
class 0.5132004022598267 186 43 194 54
class 0.7582275867462158 0 54 4 62
class 0.43781083822250366 0 56 2 65
class 0.6782218217849731 55 51 62 59
class 0.7447642087936401 52 52 58 60
class 0.4562615156173706 58 52 64 61
class 0.365368515253067 59 50 69 60
class 0.7058252096176147 77 52 83 59
class 0.7925557494163513 97 50 103 59
class 0.48899856209754944 117 54 124 62
class 0.8581129908561707 113 55 121 64
class 0.708169162273407 129 57 135 64
class 0.6022730469703674 124 55 132 64
class 0.3322850465774536 131 54 138 63
class 0.44171181321144104 140 57 146 65
class 0.5688449740409851 136 55 142 64
class 0.5636515021324158 151 57 157 64
class 0.766049325466156 146 57 152 65
class 0.3375793993473053 154 54 158 60
class 0.7417990565299988 157 55 163 63
class 0.31001684069633484 173 51 179 58
class 0.8659394383430481 184 57 189 64
class 0.6024611592292786 181 54 188 63
class 0.741265058517456 195 55 199 63
class 0.9300684332847595 13 67 19 75
class 0.5744855403900146 38 66 44 73
class 0.8042081594467163 45 67 51 76
class 0.5485796332359314 41 67 48 76
class 0.37412190437316895 47 66 53 74
class 0.7406280040740967 69 61 75 69
class 0.7643868923187256 78 67 84 74
class 0.38639381527900696 74 65 81 74
class 0.479979932308197 79 64 85 71
class 0.4751075208187103 81 64 89 73
class 0.45947596430778503 107 66 113 74
class 0.7728846073150635 103 63 111 72
class 0.3905658721923828 118 66 124 74
class 0.6674128174781799 113 67 121 75
class 0.6391936540603638 131 67 137 75
class 0.6174715161323547 127 63 134 72
class 0.3051932454109192 132 64 138 72
class 0.6510187983512878 139 63 145 71
class 0.6846323609352112 134 65 141 73
class 0.4133029282093048 137 61 143 69
class 0.8413794636726379 150 67 156 74
class 0.6889473795890808 146 67 153 74
class 0.5947213172912598 178 64 184 72
class 0.7865190505981445 176 66 183 75
class 0.8709496259689331 6 77 12 84
class 0.3232698440551758 7 73 15 84
class 0.7296358346939087 21 73 28 81
class 0.31678056716918945 43 72 49 79
class 0.3515889644622803 40 71 47 80
class 0.7546141743659973 71 76 79 85
class 0.48056110739707947 73 71 81 81
class 0.5772022604942322 88 78 93 86
class 0.44734716415405273 84 76 92 85
class 0.7492138147354126 150 78 157 86
class 0.7429890036582947 147 77 152 85
class 0.8823342323303223 0 83 6 90
class 0.4335296154022217 0 83 3 93
class 0.8635088801383972 16 83 22 90
class 0.6657664179801941 26 83 32 90
class 0.312669962644577 34 84 40 92
class 0.4470554292201996 29 81 36 90
class 0.8357141017913818 43 88 49 96
class 0.7414084672927856 64 88 70 96
class 0.7912206053733826 75 85 81 93
class 0.6742348670959473 86 81 93 90
class 0.6995965242385864 98 87 104 96
class 0.6115844249725342 94 86 102 95
class 0.3799164891242981 95 83 103 92
class 0.45329615473747253 100 85 106 93
class 0.6848955750465393 119 89 126 96
class 0.5376473665237427 132 83 137 91
class 0.6771522760391235 136 84 143 93
class 0.8302295804023743 150 87 156 95
class 0.7081184387207031 164 84 170 92
class 0.7797923684120178 3 100 8 106
class 0.4893898367881775 1 98 4 108
class 0.5265464186668396 7 92 15 101
class 0.40000101923942566 60 95 69 107
class 0.7351852059364319 71 96 79 105
class 0.42194926738739014 73 93 79 102
class 0.7142112851142883 87 95 93 103
class 0.4603615403175354 85 93 91 100
class 0.7819371223449707 96 94 103 102
class 0.7391892075538635 107 98 114 106
class 0.3381061255931854 110 95 117 103
class 0.797006368637085 120 95 126 102
class 0.7797052264213562 130 96 137 104
class 0.5122230052947998 126 94 135 104
class 0.8370965719223022 160 94 167 102
class 0.8725464344024658 173 92 179 101
class 0.5146596431732178 171 93 177 103
class 0.9103388786315918 4 103 11 110
class 0.527691662311554 16 110 23 116
class 0.7245058417320251 30 108 38 118
class 0.6643245220184326 41 102 48 111
class 0.7480350136756897 57 109 63 117
class 0.36395612359046936 58 106 64 114
class 0.8917544484138489 68 107 74 114
class 0.4876481890678406 64 104 72 113
class 0.31750422716140747 79 111 86 117
class 0.33925336599349976 87 109 94 117
class 0.5511698126792908 82 108 89 117
class 0.5177197456359863 91 109 99 118
class 0.6254860758781433 110 106 116 113
class 0.4154498279094696 109 102 116 110
class 0.7756375670433044 125 108 133 118
class 0.603239893913269 134 103 142 113
class 0.7827492952346802 178 108 184 116
class 0.5589892268180847 0 118 4 126
class 0.30200454592704773 0 118 2 127
class 0.8014006614685059 20 118 27 126
class 0.798483669757843 42 118 50 128
class 0.4232351779937744 45 116 55 126
class 0.4750315546989441 54 115 60 123
class 0.40911751985549927 50 116 59 125
class 0.857642412185669 67 120 73 127
class 0.34604308009147644 68 118 75 125
class 0.655579686164856 80 114 85 121
class 0.713779866695404 110 118 116 127
class 0.40876463055610657 108 114 115 122
class 0.7296419739723206 115 116 122 124
class 0.6518163084983826 113 116 120 126
class 0.49032503366470337 132 114 138 123
class 0.7698047757148743 134 119 141 127
class 0.37934398651123047 145 119 153 127
class 0.833375871181488 161 118 167 126
class 0.6228695511817932 157 115 165 124
class 0.8203939199447632 171 120 177 128
class 0.6306686997413635 168 120 175 128
class 0.6956381797790527 192 116 199 124
class 0.9556723833084106 4 128 10 136
class 0.9283846020698547 15 131 21 139
class 0.37065163254737854 17 130 21 136
class 0.6848037838935852 46 126 52 133
class 0.518674910068512 43 124 50 134
class 0.5850326418876648 53 125 60 133
class 0.5515092015266418 78 131 83 138
class 0.5773911476135254 74 130 82 139
class 0.6367571949958801 81 126 88 135
class 0.71976238489151 108 128 115 137
class 0.33575186133384705 110 126 118 135
class 0.5497940182685852 122 130 128 138
class 0.6203079223632812 127 130 133 137
class 0.6808673739433289 124 130 131 139
class 0.8233004808425903 152 125 158 133
class 0.7813575863838196 0 140 5 148
class 0.3876582384109497 0 141 2 150
class 0.8364769220352173 27 135 33 142
class 0.7987226247787476 78 140 83 149
class 0.7404274940490723 74 140 81 149
class 0.4491678774356842 79 138 85 146
class 0.5866995453834534 89 134 95 142
class 0.5769938826560974 92 137 100 144
class 0.6935295462608337 111 136 117 143
class 0.792832612991333 120 140 126 148
class 0.6758078932762146 116 138 122 147
class 0.4702354669570923 120 137 128 146
class 0.8502610921859741 139 139 145 148
class 0.5967633128166199 136 138 144 147
class 0.7709490656852722 152 142 158 149
class 0.8605189919471741 163 136 169 143
class 0.40067705512046814 159 136 165 145
class 0.8513400554656982 171 141 177 148
class 0.4649597704410553 167 139 175 148
class 0.8386601209640503 184 142 189 149
class 0.5375790596008301 181 140 187 149
class 0.7218076586723328 0 146 5 153
class 0.7727118730545044 11 144 17 153
class 0.32562923431396484 27 153 33 159
class 0.6775965094566345 45 151 51 159
class 0.8034492135047913 42 150 48 158
class 0.43055617809295654 46 149 54 157
class 0.5674263834953308 57 147 63 154
class 0.4268997013568878 50 145 58 155
class 0.3290170133113861 64 146 71 154
class 0.49301964044570923 60 145 68 155
class 0.7843931317329407 78 152 84 159
class 0.6250482201576233 75 147 82 157
class 0.3775191605091095 79 148 86 157
class 0.7846864461898804 107 149 113 157
class 0.5829830765724182 104 145 113 154
class 0.7374169230461121 127 148 134 156
class 0.8331030011177063 125 149 132 159
class 0.553179919719696 138 151 144 158
class 0.3286188840866089 137 145 144 154
class 0.7643194794654846 152 146 158 153
class 0.34533658623695374 148 146 157 155
class 0.851569652557373 172 152 178 159
class 0.590607762336731 192 149 198 156
class 0.5928434729576111 188 147 196 156
class 0.45663461089134216 194 147 199 155
class 0.7987633347511292 16 162 22 170
class 0.5447549819946289 25 158 32 166
class 0.4262772500514984 19 160 27 168
class 0.4453566372394562 31 162 37 170
class 0.8118427991867065 28 160 35 168
class 0.7474066019058228 78 159 85 167
class 0.5081547498703003 75 161 82 170
class 0.7641911506652832 88 162 94 170
class 0.6272802352905273 84 161 91 169
class 0.586524248123169 96 161 102 168
class 0.5048927664756775 92 160 101 170
class 0.8138723373413086 104 160 113 170
class 0.3259626626968384 108 159 118 166
class 0.6041498780250549 114 161 121 170
class 0.7672273516654968 138 156 144 164
class 0.687009334564209 153 162 159 170
class 0.3487223982810974 150 160 157 168
class 0.602724552154541 193 157 198 165
class 0.8062217831611633 1 167 7 174
class 0.8749647736549377 25 172 30 180
class 0.7104631066322327 22 170 29 179
class 0.7386298775672913 37 166 43 173
class 0.7191058993339539 58 170 65 177
class 0.8396896719932556 77 171 83 179
class 0.642396092414856 73 166 81 177
class 0.796440839767456 101 173 106 181
class 0.6953501105308533 119 173 125 180
class 0.35667434334754944 115 166 125 179
class 0.7550436854362488 128 173 134 180
class 0.44549494981765747 143 173 149 181
class 0.42320334911346436 175 168 181 175
class 0.6184589266777039 178 172 185 180
class 0.33534806966781616 177 167 184 177
class 0.9123169779777527 3 182 9 189
class 0.8028039932250977 34 184 40 191
class 0.6487975716590881 55 183 62 191
class 0.8032289147377014 52 183 59 192
class 0.3577353358268738 61 178 68 188
class 0.4802130162715912 74 183 81 190
class 0.7405104041099548 72 182 79 192
class 0.554575502872467 88 183 94 191
class 0.7405370473861694 84 181 91 190
class 0.45161303877830505 94 179 100 186
class 0.7971526980400085 91 179 98 188
class 0.7382054924964905 131 183 137 192
class 0.6441643834114075 140 183 146 191
class 0.7286567091941833 136 184 143 192
class 0.36357513070106506 142 180 148 186
class 0.6679354906082153 180 177 187 186
class 0.6870391368865967 189 181 199 191
class 0.42354750633239746 193 179 199 188
class 0.7452274560928345 23 192 29 199
class 0.7068033814430237 32 188 38 196
class 0.7271376848220825 55 193 61 199
class 0.588071346282959 51 191 59 199
class 0.6599359512329102 66 195 72 199
class 0.6716881394386292 62 194 70 199
class 0.7667475342750549 78 193 84 199
class 0.6983149647712708 75 192 81 199
class 0.34348127245903015 77 188 82 196
class 0.7522045373916626 120 193 126 199
class 0.7205370664596558 140 193 146 199
class 0.6712271571159363 136 191 143 199
class 0.4108734428882599 138 188 144 195
class 0.3250148594379425 143 191 148 197
class 0.7055825591087341 162 193 168 199
class 0.7270345687866211 184 194 190 199
class 0.7014608979225159 181 193 188 199
class 0.5591561198234558 190 190 196 198
class 0.6855113506317139 187 190 193 198
class 0.47728535532951355 188 187 195 195
