class 0.8985264897346497 35 5 41 11
class 0.9017441868782043 57 4 64 11
class 0.6943722367286682 100 0 106 6
class 0.6007217764854431 118 0 123 4
class 0.7627800107002258 139 1 146 8
class 0.6423859596252441 135 1 142 7
class 0.3441540598869324 146 1 153 6
class 0.6585396528244019 144 0 151 5
class 0.942736804485321 163 0 169 6
class 0.8879255056381226 184 4 190 10
class 0.3414953947067261 183 2 190 7
class 0.8411461114883423 195 1 199 8
class 0.37210744619369507 191 1 198 7
class 0.4635438323020935 196 0 199 4
class 0.928516149520874 0 12 6 19
class 0.8675166964530945 67 12 73 21
class 0.42187929153442383 66 9 73 16
class 0.7537049055099487 80 10 86 18
class 0.6115360260009766 84 13 90 20
class 0.8030362725257874 110 10 117 17
class 0.3051866590976715 108 12 117 21
class 0.773338258266449 157 10 163 18
class 0.8864783644676208 184 14 189 21
class 0.6616718173027039 39 18 46 28
class 0.8473458290100098 70 24 75 33
class 0.4585317373275757 68 22 73 29
class 0.8254379630088806 88 25 94 33
class 0.33063411712646484 85 19 94 30
class 0.646916925907135 103 18 112 29
class 0.8520000576972961 119 19 126 27
class 0.7883312106132507 185 25 190 33
class 0.7133890986442566 11 35 18 43
class 0.6458322405815125 54 31 60 40
class 0.810918390750885 111 32 117 39
class 0.9236892461776733 118 37 125 45
class 0.6471186876296997 116 36 122 44
class 0.40025588870048523 122 36 126 42
class 0.7827909588813782 131 30 137 38
class 0.37540361285209656 127 31 135 41
class 0.8247392773628235 194 36 199 44
class 0.7381964921951294 6 46 12 54
class 0.6216496825218201 10 42 16 50
class 0.3004094660282135 10 40 15 46
class 0.8407285213470459 67 44 74 51
class 0.5436028242111206 63 42 71 51
class 0.7985219955444336 78 47 83 55
class 0.3045620024204254 77 44 86 53
class 0.5858173966407776 90 39 96 46
class 0.5111923217773438 110 47 116 55
class 0.7076418995857239 153 43 159 50
class 0.48828887939453125 155 40 162 48
class 0.8572509288787842 171 46 178 54
class 0.5709307193756104 169 44 176 52
class 0.3738114833831787 174 45 179 52
class 0.7610163688659668 58 52 65 59
class 0.4872162938117981 56 53 63 61
class 0.7825311422348022 78 52 84 59
class 0.39076635241508484 75 53 83 61
class 0.7630349397659302 96 50 103 59
class 0.3855018615722656 111 51 117 58
class 0.5427879691123962 115 52 122 59
class 0.7159192562103271 113 51 119 60
class 0.8960700035095215 184 58 190 65
class 0.8898975849151611 11 66 17 74
class 0.8330117464065552 69 60 75 69
class 0.4687954783439636 108 66 113 74
class 0.761870265007019 103 63 110 71
class 0.7439083456993103 131 68 137 75
class 0.8102841377258301 150 65 156 73
class 0.41001570224761963 153 64 159 71
class 0.4523555338382721 178 63 184 71
class 0.7799823880195618 175 66 183 75
class 0.7354962825775146 145 78 151 86
class 0.9349716305732727 2 83 9 91
class 0.8909522891044617 16 82 22 90
class 0.8510021567344666 73 84 80 92
class 0.7800439596176147 99 89 105 96
class 0.7242035269737244 97 87 103 95
class 0.31221556663513184 101 87 105 94
class 0.8020600080490112 118 89 124 97
class 0.5829530358314514 132 82 138 90
class 0.7388092279434204 165 82 172 90
class 0.7630923390388489 2 98 8 105
class 0.3739573657512665 0 99 4 109
class 0.8239561915397644 8 91 14 100
class 0.7947695851325989 85 94 91 102
class 0.6519802808761597 97 94 103 102
class 0.7670389413833618 110 98 116 106
class 0.34034883975982666 108 93 114 102
class 0.7883181571960449 133 97 138 105
class 0.3414659798145294 136 96 143 104
class 0.812312126159668 159 93 166 103
class 0.8648395538330078 173 92 178 101
class 0.6001405119895935 170 93 176 102
class 0.5381558537483215 196 98 199 105
class 0.4052698016166687 0 104 5 110
class 0.5414369702339172 17 109 23 117
class 0.8179422616958618 31 108 38 116
class 0.7940335869789124 57 110 63 118
class 0.8115567564964294 67 106 73 113
class 0.8547877073287964 90 110 96 118
class 0.3473089933395386 88 108 93 117
class 0.4952843189239502 110 106 116 114
class 0.3680635690689087 109 102 115 110
class 0.7838073372840881 136 103 143 112
class 0.7589223384857178 178 108 185 116
class 0.8598061800003052 20 119 27 127
class 0.7766608595848083 41 118 50 127
class 0.33180758357048035 47 117 54 125
class 0.860854983329773 67 119 73 127
class 0.674862265586853 79 113 85 121
class 0.794498860836029 111 117 117 126
class 0.7792237997055054 115 116 121 125
class 0.7302581071853638 134 119 142 128
class 0.8174515962600708 161 119 168 127
class 0.5922796726226807 158 115 166 124
class 0.8403319716453552 172 120 177 127
class 0.877270519733429 15 131 21 138
class 0.7441772222518921 47 125 53 133
class 0.5361185073852539 50 124 57 132
class 0.6012752652168274 86 129 92 137
class 0.6442447304725647 83 126 91 136
class 0.8142055869102478 111 131 116 139
class 0.7366069555282593 149 125 155 134
class 0.8591464161872864 0 141 4 149
class 0.5773522257804871 89 135 95 142
class 0.3220628798007965 86 135 92 143
class 0.800640344619751 97 136 104 144
class 0.41563498973846436 111 136 117 143
class 0.740168571472168 119 140 126 147
class 0.683028519153595 115 138 122 145
class 0.42645958065986633 121 138 127 145
class 0.865937352180481 136 135 144 144
class 0.8315682411193848 172 140 178 148
class 0.8518039584159851 185 142 190 149
class 0.3200775980949402 183 139 189 148
class 0.40955185890197754 196 142 199 149
class 0.8240607976913452 0 148 4 154
class 0.4913657605648041 0 147 3 157
class 0.4848678708076477 9 145 16 152
class 0.6182292699813843 44 149 49 157
class 0.7818835973739624 40 149 47 158
class 0.5408642888069153 49 146 57 153
class 0.6784197092056274 73 145 80 153
class 0.7990245819091797 106 147 112 156
class 0.7932548522949219 128 149 134 156
class 0.8523528575897217 172 152 178 160
class 0.5497736930847168 193 148 198 156
class 0.47071781754493713 189 147 196 156
class 0.5627999901771545 191 144 197 153
class 0.4274941086769104 195 147 199 154
class 0.30824151635169983 1 161 5 168
class 0.7532398104667664 29 162 36 169
class 0.740692138671875 90 162 95 169
class 0.5158907771110535 97 160 102 167
class 0.5156991481781006 93 160 100 169
class 0.5093367695808411 107 159 113 167
class 0.7915506362915039 104 161 111 170
class 0.7598145008087158 116 161 122 170
class 0.6475148797035217 154 163 159 170
class 0.3004438579082489 176 162 183 171
class 0.7012624144554138 193 157 198 165
class 0.8666181564331055 1 167 6 174
class 0.8634369373321533 36 166 43 174
class 0.7177367210388184 59 170 64 177
class 0.7708950042724609 76 171 83 179
class 0.4749225080013275 73 166 82 178
class 0.7676604390144348 101 173 107 181
class 0.7205133438110352 34 184 40 192
class 0.7151661515235901 59 182 64 189
class 0.7761619687080383 73 181 80 191
class 0.41479548811912537 74 176 82 189
class 0.6943944692611694 87 182 93 191
class 0.7781089544296265 84 181 91 190
class 0.5907479524612427 95 179 101 187
class 0.745725154876709 92 180 99 189
class 0.5801791548728943 132 184 138 191
class 0.7051573991775513 141 184 147 192
class 0.6494198441505432 136 183 142 192
class 0.6883540749549866 193 181 198 189
class 0.658427894115448 189 181 197 191
class 0.41943198442459106 190 176 199 188
class 0.7159168124198914 24 190 30 197
class 0.664225161075592 20 190 28 199
class 0.7186823487281799 32 190 38 197
class 0.7782446146011353 78 189 84 197
class 0.7459418177604675 119 193 126 199
class 0.7316854596138 140 194 146 199
class 0.7935004830360413 135 193 143 199
class 0.34862738847732544 142 191 148 198
class 0.7353193759918213 184 194 190 199
class 0.6711744070053101 190 191 196 199
class 0.6406846642494202 187 190 194 199
class 0.45650774240493774 189 188 195 196
