class 0.9004608988761902 36 4 42 11
class 0.9171463847160339 58 4 64 12
class 0.7723045945167542 100 0 106 7
class 0.38252556324005127 102 0 109 6
class 0.6161770224571228 118 0 123 4
class 0.8352524638175964 138 1 145 8
class 0.7065573334693909 135 1 141 8
class 0.48325681686401367 144 0 151 5
class 0.9415290951728821 163 0 169 6
class 0.8961126208305359 184 4 190 11
class 0.8376955389976501 194 1 199 7
class 0.312192440032959 191 1 198 7
class 0.4354162812232971 196 0 199 4
class 0.9274497032165527 0 12 6 19
class 0.33684664964675903 0 12 3 21
class 0.8854675889015198 66 8 72 16
class 0.7243636846542358 80 9 86 17
class 0.42176440358161926 84 12 90 19
class 0.4190062880516052 81 10 89 21
class 0.8183014988899231 110 9 117 17
class 0.30327242612838745 108 11 117 21
class 0.7626338601112366 155 10 162 17
class 0.9009581804275513 184 15 190 21
class 0.6946514248847961 39 18 46 28
class 0.7845074534416199 70 26 75 34
class 0.3121853470802307 68 24 74 31
class 0.8368203043937683 88 25 94 33
class 0.6647168397903442 102 18 112 29
class 0.8783069252967834 119 19 126 27
class 0.7851723432540894 185 25 190 33
class 0.3921678364276886 2 33 6 41
class 0.3565944731235504 0 31 3 43
class 0.6332818865776062 10 35 16 45
class 0.5686783194541931 54 31 60 39
class 0.8742727637290955 111 29 117 37
class 0.8847895264625549 121 37 127 44
class 0.34805676341056824 118 34 125 42
class 0.7605131268501282 131 30 137 37
class 0.3122279942035675 127 31 135 40
class 0.8069035410881042 194 36 199 43
class 0.8042712211608887 6 46 11 54
class 0.6372555494308472 10 43 17 51
class 0.40346407890319824 8 44 15 52
class 0.8507634401321411 67 44 74 52
class 0.4196666181087494 63 42 72 51
class 0.8024163246154785 78 47 84 55
class 0.4007759988307953 75 46 83 54
class 0.6064862608909607 90 39 96 47
class 0.5183358788490295 110 47 116 55
class 0.8599734902381897 172 47 178 54
class 0.5673160552978516 169 44 175 53
class 0.34166276454925537 174 45 179 52
class 0.8046126961708069 58 50 65 58
class 0.41186845302581787 56 52 63 60
class 0.7923227548599243 78 52 85 59
class 0.7596325874328613 96 50 104 59
class 0.48967450857162476 111 51 117 58
class 0.678341269493103 113 52 120 61
class 0.8689555525779724 184 58 190 65
class 0.8185639977455139 10 61 17 69
class 0.8357694149017334 69 60 75 69
class 0.535193920135498 108 66 113 74
class 0.7420642375946045 104 63 110 72
class 0.7138563990592957 131 68 137 75
class 0.8080300688743591 149 65 156 73
class 0.3493238687515259 153 64 159 71
class 0.49355465173721313 178 63 185 71
class 0.7842137217521667 175 65 184 75
class 0.7283745408058167 146 78 151 86
class 0.907868504524231 2 84 8 91
class 0.8616871237754822 16 83 22 90
class 0.7044274210929871 100 89 105 97
class 0.8072869181632996 118 88 124 97
class 0.6128332018852234 132 83 138 91
class 0.35125625133514404 167 85 174 94
class 0.7907022833824158 165 82 172 90
class 0.7958407402038574 2 97 8 104
class 0.4682849943637848 0 99 3 107
class 0.7697129845619202 8 91 14 100
class 0.7681589722633362 85 94 92 102
class 0.7718376517295837 98 93 105 102
class 0.7541786432266235 110 98 116 106
class 0.6027601957321167 106 97 114 106
class 0.7907735705375671 132 97 138 105
class 0.8625118136405945 160 94 167 102
class 0.6294980645179749 157 95 164 102
class 0.30782637000083923 160 94 164 99
class 0.8686451315879822 173 92 179 100
class 0.5251657366752625 170 93 176 102
class 0.5534099340438843 196 97 199 105
class 0.39837467670440674 0 104 5 111
class 0.5506100058555603 17 109 23 116
class 0.8670625686645508 31 108 37 115
class 0.8366426229476929 58 110 63 118
class 0.8283143043518066 90 109 96 118
class 0.41533565521240234 88 108 93 116
class 0.5738861560821533 110 106 116 114
class 0.37214645743370056 109 103 115 110
class 0.3544797897338867 111 105 117 111
class 0.703689455986023 136 103 143 112
class 0.7802409529685974 178 109 185 116
class 0.7998631596565247 21 119 27 127
class 0.7880055904388428 41 118 50 127
class 0.362735778093338 46 116 55 125
class 0.7917355298995972 67 118 73 126
class 0.3217967748641968 66 116 76 127
class 0.7328572273254395 79 113 85 121
class 0.7181915044784546 111 115 117 124
class 0.34864547848701477 109 113 115 120
class 0.805300772190094 115 116 121 125
class 0.7238418459892273 134 119 142 128
class 0.8463455438613892 162 119 168 127
class 0.582994818687439 158 115 166 123
class 0.8274385333061218 172 119 177 127
class 0.8467354774475098 15 131 21 138
class 0.794955313205719 47 125 54 133
class 0.5155050754547119 49 124 57 132
class 0.5847955346107483 82 128 91 138
class 0.5969650149345398 111 131 116 139
class 0.32441115379333496 109 130 114 138
class 0.8100601434707642 149 125 155 133
class 0.6474018096923828 1 141 5 148
class 0.4724058210849762 0 140 2 151
class 0.33699676394462585 12 140 18 146
class 0.5157562494277954 10 141 16 150
class 0.6530559659004211 88 135 94 143
class 0.5130504965782166 85 135 92 143
class 0.8266814947128296 97 136 104 144
class 0.6035616397857666 111 136 117 143
class 0.6725203394889832 119 140 126 147
class 0.6790949106216431 115 138 121 145
class 0.43792563676834106 122 138 127 145
class 0.8307247161865234 137 136 143 144
class 0.8581700921058655 171 141 177 149
class 0.8108731508255005 185 142 190 149
class 0.3144644796848297 182 139 189 149
class 0.8539713025093079 0 147 4 155
class 0.5390779376029968 0 147 2 157
class 0.5125194787979126 9 145 16 153
class 0.5551586151123047 43 149 49 157
class 0.7905111908912659 40 149 46 158
class 0.4785076081752777 50 147 56 154
class 0.6857057809829712 71 145 78 153
class 0.7643346190452576 106 148 112 157
class 0.6159385442733765 104 146 111 154
class 0.8478202819824219 172 152 178 160
class 0.6385011672973633 193 148 199 156
class 0.4700116217136383 189 147 197 157
class 0.5268800854682922 191 144 198 154
class 0.3035964369773865 32 162 38 170
class 0.7736055254936218 29 162 36 170
class 0.6895748972892761 90 162 95 169
class 0.4947848916053772 88 160 94 168
class 0.5812748670578003 96 160 102 168
class 0.5731983780860901 93 161 100 170
class 0.534749448299408 107 158 114 167
class 0.7468277812004089 105 161 112 169
class 0.8218744993209839 116 161 122 170
class 0.6952053904533386 153 163 159 170
class 0.3675035238265991 152 161 157 169
class 0.6201193332672119 193 157 198 165
class 0.8947933316230774 1 167 7 174
class 0.8633797764778137 36 166 43 174
class 0.7405516505241394 59 170 65 177
class 0.5992848873138428 75 170 81 178
class 0.515600323677063 72 166 80 177
class 0.7921445965766907 101 173 107 181
class 0.7368277907371521 59 182 64 190
class 0.7973926663398743 73 181 81 190
class 0.4504147171974182 74 176 83 188
class 0.8746903538703918 84 182 91 190
class 0.5570791959762573 132 183 138 190
class 0.6894833445549011 140 184 147 192
class 0.7040870785713196 136 183 142 192
class 0.6567928194999695 193 182 198 189
class 0.651383638381958 189 181 197 191
class 0.3847980797290802 191 177 199 187
class 0.3766946792602539 194 180 199 187
class 0.6845443248748779 78 189 84 196
class 0.7271432876586914 120 193 126 199
class 0.7138975858688354 140 194 145 199
class 0.7954003810882568 135 193 143 199
class 0.34027156233787537 142 191 148 198
class 0.4094097316265106 162 194 168 199
class 0.746295154094696 184 194 190 199
class 0.6960384845733643 181 193 188 199
class 0.573678731918335 190 191 195 198
class 0.6320948600769043 187 190 194 198
class 0.43032127618789673 189 188 194 196
