class 0.9104296565055847 4 2 10 10
class 0.38522911071777344 2 2 5 10
class 0.6680536866188049 7 0 15 7
class 0.7390833497047424 21 4 27 11
class 0.9212512373924255 36 4 42 11
class 0.841408371925354 46 6 53 13
class 0.9272585511207581 58 4 65 11
class 0.7521639466285706 65 2 72 9
class 0.5122091770172119 61 1 67 9
class 0.5093539953231812 74 2 80 8
class 0.6588811278343201 71 0 78 6
class 0.9094945192337036 85 0 91 7
class 0.708933413028717 101 0 107 6
class 0.7530456185340881 132 4 138 12
class 0.6045393943786621 140 3 146 10
class 0.5719017386436462 134 1 141 9
class 0.8696951866149902 147 3 153 10
class 0.9333605170249939 163 1 169 8
class 0.3004806935787201 161 2 167 10
class 0.9060853123664856 185 3 191 10
class 0.7480918765068054 193 2 199 9
class 0.3915903866291046 189 1 195 9
class 0.30276331305503845 192 0 196 3
class 0.34126314520835876 196 0 199 4
class 0.9144014120101929 0 11 6 19
class 0.3461463451385498 0 12 3 21
class 0.7617995738983154 25 14 31 22
class 0.5563597679138184 20 12 29 21
class 0.3191596567630768 22 9 28 17
class 0.8470536470413208 34 15 40 23
class 0.4248332381248474 46 9 52 16
class 0.7306738495826721 65 12 71 20
class 0.6980512142181396 80 11 85 18
class 0.34251052141189575 84 12 90 20
class 0.4364253580570221 81 11 88 22
class 0.7745867371559143 110 9 116 17
class 0.3314560651779175 108 11 117 20
class 0.7286465764045715 131 15 137 23
class 0.8010935187339783 142 14 148 22
class 0.4086880087852478 137 12 145 22
class 0.37538841366767883 143 11 148 17
class 0.319882869720459 150 10 156 17
class 0.770058274269104 160 11 167 18
class 0.7746320366859436 156 8 164 18
class 0.6771380305290222 168 10 175 18
class 0.881308913230896 184 14 189 21
class 0.7284790277481079 193 10 199 17
class 0.40174248814582825 190 8 197 16
class 0.7951604127883911 17 19 22 28
class 0.7882993817329407 25 25 30 33
class 0.6494652628898621 20 23 28 32
class 0.38847142457962036 26 22 32 29
class 0.4500335454940796 42 23 48 31
class 0.8305122256278992 39 24 46 34
class 0.7352309226989746 54 25 60 33
class 0.7048968076705933 51 23 58 32
class 0.7205199599266052 67 25 73 34
class 0.6593825221061707 63 25 69 34
class 0.5731411576271057 70 21 78 30
class 0.8126295804977417 87 25 94 32
class 0.37900984287261963 83 18 94 31
class 0.44086170196533203 98 25 104 32
class 0.41851183772087097 94 23 101 32
class 0.613152801990509 105 21 113 28
class 0.5298516750335693 104 18 111 26
class 0.783655047416687 120 20 126 27
class 0.4365774989128113 117 22 125 31
class 0.6028039455413818 130 22 136 30
class 0.5959703922271729 125 20 134 29
class 0.3619890809059143 128 18 135 27
class 0.32059022784233093 132 20 138 28
class 0.6412754654884338 142 18 148 26
class 0.7171312570571899 185 25 190 32
class 0.3663848042488098 1 33 6 40
class 0.35544177889823914 0 32 2 43
class 0.7114596962928772 11 35 17 43
class 0.8250957131385803 26 35 32 43
class 0.7263147234916687 24 36 29 43
class 0.34588074684143066 28 34 32 39
class 0.6814854741096497 33 31 39 39
class 0.5780988335609436 29 33 36 42
class 0.4853511452674866 31 29 38 37
class 0.5371790528297424 48 36 54 44
class 0.8191028237342834 56 36 62 44
class 0.6733253598213196 52 35 58 44
class 0.4045691192150116 59 34 64 40
class 0.7489210367202759 60 31 67 40
class 0.6055118441581726 62 29 68 35
class 0.8464228510856628 99 30 106 37
class 0.36804303526878357 96 33 104 41
class 0.521808385848999 111 32 117 39
class 0.38549843430519104 107 29 120 40
class 0.8867819905281067 119 36 125 43
class 0.421003520488739 115 34 123 42
class 0.6729155778884888 132 31 138 38
class 0.6750608682632446 145 36 151 44
class 0.7732123732566833 163 32 169 39
class 0.31404727697372437 162 29 167 36
class 0.8140462636947632 195 35 199 43
class 0.8287420868873596 6 46 11 54
class 0.7023017406463623 10 44 16 51
class 0.6300480961799622 33 41 40 49
class 0.6707638502120972 29 40 37 48
class 0.6299418210983276 46 42 52 49
class 0.6008806228637695 42 42 49 49
class 0.8817942142486572 68 44 74 52
class 0.32213419675827026 65 39 73 50
class 0.6210871338844299 79 47 85 55
class 0.8124924898147583 88 45 94 53
class 0.7719122171401978 83 46 90 54
class 0.3709079325199127 90 44 95 50
class 0.8550293445587158 108 45 114 53
class 0.3617455065250397 111 44 117 51
class 0.6630579233169556 150 43 157 50
class 0.6036352515220642 146 40 154 49
class 0.3273923993110657 154 42 158 48
class 0.5725963711738586 155 41 163 50
class 0.6165504455566406 169 45 176 53
class 0.5756350755691528 167 41 174 50
class 0.767432689666748 180 43 187 53
class 0.5093663334846497 184 43 191 51
class 0.5525233745574951 187 44 193 54
class 0.6847473978996277 0 54 4 62
class 0.4602755308151245 0 56 2 65
class 0.6229196190834045 55 51 61 59
class 0.7892458438873291 51 53 58 61
class 0.5244999527931213 58 52 64 61
class 0.5045634508132935 59 50 69 61
class 0.7107815742492676 77 53 84 61
class 0.8007006645202637 96 50 103 59
class 0.5444707274436951 116 54 124 62
class 0.8606300950050354 113 55 120 64
class 0.6827444434165955 129 57 135 65
class 0.5601251125335693 124 56 132 65
class 0.3421194553375244 132 55 137 62
class 0.44876956939697266 139 57 145 65
class 0.6096507906913757 135 56 141 65
class 0.5391185879707336 150 57 156 64
class 0.76499342918396 146 57 152 65
class 0.7047325968742371 156 56 161 65
class 0.6545091271400452 173 52 178 59
class 0.7487015128135681 184 57 190 65
class 0.7642165422439575 195 55 199 63
class 0.3177645206451416 191 54 198 62
class 0.914712131023407 14 67 19 75
class 0.48548588156700134 38 66 44 73
class 0.8340538740158081 46 67 52 76
class 0.5309916734695435 41 67 48 75
class 0.39924415946006775 48 67 53 73
class 0.7208235263824463 69 62 75 70
class 0.7062782645225525 78 67 84 74
class 0.43063849210739136 73 66 81 75
class 0.4515891969203949 79 63 85 71
class 0.5132046341896057 81 65 88 73
class 0.5044546723365784 108 66 114 73
class 0.7648667097091675 103 63 110 72
class 0.5343075394630432 117 67 124 76
class 0.8298178315162659 114 68 120 76
class 0.5557765960693359 129 65 136 73
class 0.6608445048332214 125 62 133 70
class 0.7094172835350037 139 63 145 71
class 0.6477004885673523 135 64 141 72
class 0.4156494140625 137 61 143 69
class 0.8638976216316223 150 67 156 75
class 0.7023923993110657 146 67 153 75
class 0.7046935558319092 161 61 168 68
class 0.5001521706581116 172 63 178 71
class 0.48359787464141846 170 60 177 70
class 0.6805433630943298 179 65 185 72
class 0.8297004103660583 176 66 183 75
class 0.864169180393219 6 77 11 84
class 0.686691403388977 22 73 28 81
class 0.8160210251808167 71 75 78 85
class 0.4716905355453491 74 71 81 81
class 0.5595840811729431 87 78 93 86
class 0.5223142504692078 84 76 90 84
class 0.7202977538108826 100 75 105 82
class 0.5214419960975647 96 75 103 84
class 0.45384714007377625 98 71 104 79
class 0.7963647842407227 150 78 157 86
class 0.680330216884613 147 77 152 85
class 0.8732799291610718 1 83 6 90
class 0.4604179859161377 0 83 3 93
class 0.8487702012062073 16 83 22 90
class 0.6692587733268738 26 83 32 90
class 0.3990502655506134 35 86 41 93
class 0.44023045897483826 30 82 37 90
class 0.8076492547988892 44 88 49 96
class 0.3128966689109802 46 86 52 95
class 0.7757266163825989 64 88 71 96
class 0.7806018590927124 75 86 82 93
class 0.42940232157707214 73 87 80 95
class 0.533208429813385 74 82 80 90
class 0.49336355924606323 87 84 93 91
class 0.48660528659820557 83 86 91 92
class 0.5559185743331909 86 82 92 89
class 0.7886982560157776 99 87 104 96
class 0.6447829604148865 95 86 103 95
class 0.31408825516700745 96 83 103 90
class 0.5221598148345947 101 85 106 92
class 0.7002003192901611 119 89 126 97
class 0.4556981325149536 130 84 136 91
class 0.30636951327323914 126 85 133 93
class 0.5089779496192932 129 81 136 89
class 0.7608742117881775 136 85 143 93
class 0.8060374855995178 150 87 157 95
class 0.7101624011993408 165 83 172 91
class 0.8345612287521362 3 100 8 106
class 0.5927014350891113 1 98 4 108
class 0.5631843209266663 7 92 15 102
class 0.3166542053222656 64 97 71 104
class 0.5697374939918518 60 96 68 107
class 0.809814453125 73 96 79 104
class 0.4168010354042053 73 93 78 100
class 0.7408546805381775 87 95 93 103
class 0.7844570875167847 96 94 102 101
class 0.7451918125152588 110 98 116 106
class 0.7444795370101929 120 95 126 102
class 0.8118900656700134 130 97 136 105
class 0.6371457576751709 126 96 133 104
class 0.8477123975753784 160 93 167 101
class 0.8943232297897339 173 92 179 101
class 0.5016913414001465 195 97 199 104
class 0.9321836829185486 4 104 10 111
class 0.5998790264129639 16 109 23 116
class 0.7373279333114624 30 108 39 118
class 0.6905658841133118 40 101 49 112
class 0.7255457639694214 57 108 63 117
class 0.40345361828804016 56 105 66 115
class 0.8784095644950867 67 107 74 115
class 0.5260597467422485 63 104 73 114
class 0.4089370667934418 79 111 86 117
class 0.4138091504573822 87 109 93 117
class 0.5873880982398987 82 108 89 117
class 0.4956924617290497 91 109 99 118
class 0.5386240482330322 110 106 116 113
class 0.45062199234962463 108 102 116 112
class 0.6290817260742188 128 110 134 117
class 0.705714225769043 125 109 132 118
class 0.5717914700508118 136 103 143 112
class 0.7408168315887451 179 108 185 116
class 0.5584719777107239 0 119 5 126
class 0.3020004332065582 0 118 2 127
class 0.8180689811706543 21 118 27 126
class 0.7863849401473999 42 118 51 127
class 0.462112158536911 44 115 55 127
class 0.4559418857097626 54 115 61 123
class 0.35502123832702637 50 115 59 126
class 0.8555442690849304 66 120 73 128
class 0.6571385860443115 79 114 85 121
class 0.7177218198776245 110 118 116 127
class 0.3922185003757477 108 114 115 122
class 0.6908055543899536 113 117 120 127
class 0.5430355668067932 131 114 137 123
class 0.38635382056236267 127 112 136 121
class 0.7647730708122253 134 119 141 127
class 0.31989529728889465 145 120 153 127
class 0.8709548115730286 161 118 168 127
class 0.596768856048584 157 115 166 124
class 0.657969057559967 170 119 177 128
class 0.5005205869674683 167 119 174 129
class 0.7303938269615173 192 116 199 125
class 0.9570363163948059 4 129 11 136
class 0.9294069409370422 15 131 21 139
class 0.500124454498291 13 129 19 138
class 0.3970208466053009 17 130 21 136
class 0.6794911026954651 46 126 52 134
class 0.6951315402984619 52 125 59 133
class 0.5927714109420776 78 131 83 138
class 0.6509621143341064 74 130 81 138
class 0.33012038469314575 85 128 91 136
class 0.6696407794952393 81 126 88 135
class 0.329677939414978 84 124 90 131
class 0.6903692483901978 109 129 114 137
class 0.731498122215271 122 130 128 138
class 0.6084499955177307 127 130 133 137
class 0.6965665817260742 124 130 131 139
class 0.7873105406761169 152 125 158 133
class 0.7791922688484192 0 140 5 148
class 0.39270249009132385 0 141 2 150
class 0.8457525968551636 27 135 33 143
class 0.7814115285873413 77 141 84 149
class 0.7189658880233765 74 141 81 149
class 0.4227322041988373 79 139 85 146
class 0.6377912759780884 89 134 95 143
class 0.3405662178993225 83 137 91 145
class 0.714992880821228 95 137 102 145
class 0.607153594493866 93 137 100 144
class 0.6690137982368469 111 135 116 143
class 0.8050257563591003 120 140 126 148
class 0.6717438101768494 116 138 122 147
class 0.45884430408477783 120 138 128 146
class 0.8294345736503601 139 139 145 148
class 0.6235502362251282 136 138 143 147
class 0.7530567049980164 151 142 158 149
class 0.8381080031394958 163 135 169 143
class 0.32652533054351807 158 135 165 144
class 0.8384642601013184 171 141 177 148
class 0.47063517570495605 167 138 175 148
class 0.8476239442825317 184 142 190 149
class 0.7211382985115051 0 146 5 153
class 0.7295626997947693 11 145 17 153
class 0.8029026985168457 43 150 50 159
class 0.43852484226226807 46 149 55 158
class 0.6447188854217529 57 149 63 156
class 0.3143121600151062 51 145 60 157
class 0.42705002427101135 59 147 68 158
class 0.7884331345558167 78 152 84 159
class 0.65543133020401 76 148 82 157
class 0.39670079946517944 79 149 86 156
class 0.8364980816841125 107 148 114 157
class 0.5692235231399536 104 145 113 154
class 0.7080616354942322 128 148 134 156
class 0.8370344638824463 125 150 132 159
class 0.32217225432395935 130 147 139 156
class 0.5194122195243835 138 151 144 159
class 0.5524866580963135 135 150 142 159
class 0.33878737688064575 136 145 144 155
class 0.7915650606155396 152 146 158 153
class 0.3784213662147522 148 145 156 155
class 0.8375976085662842 172 152 178 159
class 0.3340698182582855 184 146 190 152
class 0.5896008610725403 193 148 198 155
class 0.6110988855361938 191 143 199 155
class 0.8399872183799744 15 162 20 169
class 0.49733516573905945 25 158 31 165
class 0.427791565656662 19 160 26 168
class 0.4516136646270752 31 162 38 170
class 0.730084240436554 28 159 36 168
class 0.696941614151001 63 161 69 168
class 0.7568473815917969 79 159 84 167
class 0.4667534828186035 76 161 83 169
class 0.3126063346862793 77 155 84 164
class 0.7485305666923523 88 162 94 170
class 0.6727834343910217 83 161 90 169
class 0.5833580493927002 98 161 103 168
class 0.5153397917747498 94 160 101 169
class 0.37734460830688477 95 157 109 170
class 0.663481593132019 106 160 113 168
class 0.8449323773384094 103 161 111 170
class 0.6685217618942261 114 161 121 170
class 0.7647830843925476 139 159 145 166
class 0.7348619699478149 153 162 159 171
class 0.6965252161026001 192 157 198 165
class 0.7949548363685608 0 167 6 175
class 0.4051879644393921 16 167 23 174
class 0.9078968167304993 25 173 30 180
class 0.6417036652565002 22 170 28 179
class 0.7043651342391968 37 166 43 174
class 0.6973284482955933 59 170 64 177
class 0.8085373044013977 77 171 83 179
class 0.6661781668663025 73 167 82 177
class 0.7036872506141663 101 172 106 181
class 0.7752681970596313 119 173 125 181
class 0.7109997868537903 116 171 123 180
class 0.7342684268951416 128 172 134 180
class 0.6638690829277039 143 173 149 181
class 0.37837231159210205 175 168 181 175
class 0.7022032737731934 179 172 185 180
class 0.3931225836277008 177 168 184 177
class 0.36443811655044556 196 173 199 179
class 0.9388375282287598 4 182 10 190
class 0.43721553683280945 2 181 5 189
class 0.8120555877685547 34 184 41 191
class 0.7020188570022583 55 183 62 190
class 0.776455819606781 52 184 59 192
class 0.4056341350078583 75 182 82 189
class 0.6455695629119873 72 182 80 192
class 0.6046610474586487 88 183 94 191
class 0.7595573663711548 84 181 91 190
class 0.6103941798210144 94 178 100 186
class 0.7907371520996094 92 179 99 189
class 0.6420809030532837 131 182 137 191
class 0.6773461699485779 140 183 147 191
class 0.7416898608207703 136 184 143 192
class 0.3383080065250397 143 180 148 186
class 0.6981828212738037 180 177 187 186
class 0.6692990064620972 189 180 199 191
class 0.3816933333873749 193 179 199 187
class 0.7579280734062195 22 191 29 199
class 0.7033399343490601 32 189 38 197
class 0.7478011250495911 55 193 61 199
class 0.5820139646530151 51 191 59 199
class 0.6290082931518555 66 194 72 199
class 0.7307847142219543 62 194 70 199
class 0.7554986476898193 78 192 84 199
class 0.6332823038101196 74 191 81 199
class 0.5038885474205017 76 188 81 196
class 0.7519199848175049 120 194 126 199
class 0.4257025122642517 132 193 138 199
class 0.6568509936332703 140 192 146 199
class 0.6404430866241455 135 191 143 199
class 0.38871827721595764 138 187 144 196
class 0.31272614002227783 142 190 148 197
class 0.6029481887817383 161 193 167 199
class 0.515832781791687 158 192 166 199
class 0.7361575365066528 183 194 190 199
class 0.7270128726959229 181 193 188 199
class 0.715173065662384 187 190 194 198
class 0.47402116656303406 189 188 195 195
