class 0.8584160804748535 4 2 9 9
class 0.4120696485042572 1 2 4 9
class 0.7432944178581238 8 0 14 6
class 0.6311958432197571 21 4 26 10
class 0.9189246892929077 36 4 42 12
class 0.8969036340713501 58 4 64 12
class 0.7010579705238342 64 2 71 8
class 0.49874383211135864 61 1 67 8
class 0.5199989080429077 74 0 80 6
class 0.6122061014175415 71 0 78 5
class 0.41438478231430054 86 0 92 5
class 0.7704885601997375 100 0 107 6
class 0.7236410975456238 132 4 138 11
class 0.6784740090370178 140 3 146 10
class 0.5156647562980652 135 1 141 9
class 0.8539789319038391 146 2 153 9
class 0.9287540912628174 163 0 169 8
class 0.863013505935669 185 4 190 11
class 0.8129746913909912 194 0 199 7
class 0.36768797039985657 190 1 197 8
class 0.3780589997768402 196 0 199 4
class 0.8990565538406372 1 12 6 19
class 0.31696125864982605 0 11 3 21
class 0.7131654620170593 25 14 31 21
class 0.5702716112136841 19 11 28 21
class 0.37803027033805847 21 8 29 18
class 0.8041709065437317 27 13 37 23
class 0.7345647811889648 66 11 72 19
class 0.6944471001625061 80 12 85 19
class 0.5863075852394104 81 10 88 21
class 0.7567132711410522 110 10 116 17
class 0.7442896962165833 131 15 137 22
class 0.8573744893074036 142 15 148 22
class 0.43224698305130005 137 13 145 22
class 0.3863532841205597 143 12 148 18
class 0.7007812261581421 160 11 167 18
class 0.7168241143226624 156 9 164 18
class 0.5977899432182312 165 8 173 16
class 0.8682975172996521 185 14 190 21
class 0.5957769155502319 17 19 22 27
class 0.7605779767036438 25 25 30 33
class 0.651897668838501 20 23 29 32
class 0.40480393171310425 26 22 33 29
class 0.34458842873573303 42 23 49 31
class 0.8694544434547424 38 23 47 32
class 0.7194637656211853 51 23 58 32
class 0.6606937050819397 67 25 73 34
class 0.6576915979385376 63 25 70 34
class 0.3014729619026184 69 23 74 29
class 0.5475584864616394 70 21 78 30
class 0.7793315052986145 88 25 94 33
class 0.5060850977897644 85 21 93 32
class 0.6574942469596863 99 26 105 34
class 0.4876699447631836 95 25 102 34
class 0.6335171461105347 106 22 113 29
class 0.5695571303367615 103 20 111 29
class 0.7875624895095825 120 20 126 27
class 0.4701971411705017 117 22 125 31
class 0.5653176307678223 130 22 137 29
class 0.46147841215133667 126 20 135 29
class 0.34682387113571167 129 18 135 26
class 0.563103199005127 142 19 149 26
class 0.7314518094062805 185 25 190 33
class 0.3499876856803894 1 33 6 40
class 0.3018381595611572 0 31 2 44
class 0.7790054082870483 11 36 17 43
class 0.7863534092903137 26 34 32 42
class 0.6098875403404236 31 32 38 40
class 0.5018814206123352 48 36 54 44
class 0.7968261241912842 56 36 62 43
class 0.6174347400665283 52 35 59 43
class 0.4017923176288605 57 33 64 41
class 0.6244176626205444 59 30 68 40
class 0.7926501035690308 98 30 105 37
class 0.3551253080368042 95 33 103 41
class 0.6517905592918396 111 31 117 39
class 0.8896145820617676 119 36 126 43
class 0.4596516489982605 116 34 123 43
class 0.7681283950805664 132 31 138 38
class 0.6278393268585205 144 37 151 44
class 0.8062607049942017 163 32 169 39
class 0.35401222109794617 162 30 167 36
class 0.7918881773948669 194 36 199 43
class 0.8067420125007629 6 46 11 54
class 0.6702783703804016 11 42 17 50
class 0.4544205963611603 7 43 16 52
class 0.6640395522117615 28 40 36 48
class 0.7011370658874512 48 41 53 48
class 0.8817540407180786 68 44 74 52
class 0.6915503740310669 79 47 85 55
class 0.8685494661331177 88 45 94 53
class 0.767311692237854 84 46 90 54
class 0.3298008441925049 91 43 95 50
class 0.8629491329193115 109 45 114 53
class 0.3374698758125305 112 44 117 50
class 0.360190212726593 122 46 127 52
class 0.5664076209068298 150 42 156 49
class 0.6010416746139526 145 40 154 49
class 0.45789721608161926 158 42 166 49
class 0.5480025410652161 155 41 163 50
class 0.8205214738845825 172 46 178 54
class 0.4868265688419342 169 43 175 52
class 0.684264063835144 183 46 188 53
class 0.6063389182090759 179 45 185 55
class 0.5521524548530579 187 43 194 53
class 0.7552999258041382 0 54 4 62
class 0.5347837805747986 0 55 2 65
class 0.7110543251037598 56 51 62 58
class 0.7442392706871033 52 52 59 59
class 0.48908278346061707 58 52 65 61
class 0.7763870358467102 77 52 84 59
class 0.46965593099594116 75 53 82 62
class 0.7228038907051086 96 50 103 59
class 0.5099960565567017 117 55 123 63
class 0.8367641568183899 114 55 121 64
class 0.6861606240272522 129 56 135 64
class 0.5422045588493347 124 56 131 64
class 0.4618801474571228 139 57 145 64
class 0.6405159831047058 136 56 141 64
class 0.32896512746810913 136 52 142 61
class 0.5639907717704773 151 57 156 64
class 0.8107083439826965 147 57 152 64
class 0.33298972249031067 154 55 157 61
class 0.7122688293457031 158 56 164 63
class 0.7003061771392822 155 57 162 65
class 0.3065325915813446 173 50 179 57
class 0.8716195821762085 184 57 190 64
class 0.5763621926307678 181 55 188 63
class 0.7713972330093384 196 55 199 63
class 0.9360033273696899 13 67 19 76
class 0.6550436019897461 38 66 44 73
class 0.7737380266189575 44 67 50 75
class 0.4392155110836029 40 66 47 75
class 0.7974427342414856 69 61 75 69
class 0.5522422790527344 79 67 85 74
class 0.5107257962226868 81 65 88 73
class 0.5261848568916321 108 67 113 74
class 0.7108712792396545 103 64 110 72
class 0.3794514238834381 113 66 121 74
class 0.6173431277275085 130 66 136 74
class 0.6427559852600098 126 62 134 71
class 0.6460433602333069 139 63 145 71
class 0.6985955238342285 135 65 141 73
class 0.4728432595729828 136 61 143 69
class 0.8397531509399414 149 66 156 74
class 0.7144291400909424 146 67 153 75
class 0.5505701899528503 178 63 185 71
class 0.7818964123725891 176 65 183 75
class 0.8954511284828186 6 78 12 85
class 0.3298196792602539 7 73 14 84
class 0.618381917476654 21 73 28 81
class 0.6736633777618408 75 73 81 81
class 0.7190254926681519 72 76 81 85
class 0.32423925399780273 78 72 86 81
class 0.7492672204971313 88 78 94 87
class 0.4784183204174042 85 76 93 85
class 0.3493792414665222 112 71 117 79
class 0.7458705306053162 151 79 157 86
class 0.6981884241104126 148 77 153 85
class 0.8716875910758972 0 83 7 90
class 0.41883349418640137 0 83 3 92
class 0.8698190450668335 16 83 22 90
class 0.6075238585472107 26 83 32 91
class 0.3013578951358795 34 85 40 93
class 0.4492661952972412 30 82 36 90
class 0.8219618201255798 43 88 49 96
class 0.731498122215271 64 88 70 95
class 0.8774868249893188 75 86 81 94
class 0.515407919883728 74 83 79 90
class 0.6729963421821594 86 82 93 89
class 0.6966791152954102 98 88 104 96
class 0.6325167417526245 94 87 102 95
class 0.37170901894569397 96 84 103 91
class 0.45693597197532654 101 85 106 92
class 0.6626027822494507 120 89 126 97
class 0.5296826958656311 131 84 137 91
class 0.42180708050727844 129 82 136 88
class 0.6449483633041382 136 85 143 93
class 0.8589748740196228 150 87 156 95
class 0.584629237651825 165 83 172 91
class 0.7537544369697571 2 100 9 106
class 0.4676799178123474 1 99 4 108
class 0.4558115005493164 7 91 15 102
class 0.6397932767868042 71 95 78 104
class 0.7626835107803345 86 95 92 103
class 0.793314516544342 97 94 103 102
class 0.7058099508285522 109 98 116 106
class 0.37139880657196045 110 96 117 104
class 0.8053915500640869 120 96 126 103
class 0.31782302260398865 116 96 123 106
class 0.8131760358810425 130 96 137 104
class 0.5632013082504272 126 95 134 104
class 0.8546935319900513 160 93 167 101
class 0.8888077139854431 173 92 179 101
class 0.4550546705722809 170 92 177 103
class 0.9392073750495911 4 103 11 110
class 0.6210534572601318 16 110 23 116
class 0.7352301478385925 32 107 38 116
class 0.6932809948921204 41 101 48 111
class 0.8416282534599304 57 109 63 118
class 0.38998568058013916 59 107 64 114
class 0.9070663452148438 68 107 74 114
class 0.4257703125476837 64 104 72 113
class 0.3437301814556122 79 111 86 118
class 0.5221139788627625 88 109 94 117
class 0.520315408706665 84 108 90 117
class 0.316379576921463 91 109 98 117
class 0.5880700945854187 110 105 116 113
class 0.4373190402984619 108 102 115 110
class 0.8015301823616028 125 109 132 118
class 0.7445972561836243 136 103 143 112
class 0.735102117061615 179 108 185 115
class 0.5143653154373169 0 118 4 125
class 0.8504458665847778 21 118 26 126
class 0.7611693739891052 42 118 51 127
class 0.47465819120407104 45 116 55 126
class 0.8382193446159363 67 119 73 127
class 0.7129514813423157 79 114 85 121
class 0.6838796734809875 110 118 116 126
class 0.4001237452030182 108 114 115 123
class 0.6307317614555359 113 116 120 126
class 0.48734527826309204 114 113 122 123
class 0.4154839515686035 131 114 137 122
class 0.7410550117492676 134 119 142 127
class 0.40257322788238525 145 120 153 128
class 0.8486524224281311 161 118 167 126
class 0.6620699763298035 157 115 165 123
class 0.8298722505569458 171 120 177 128
class 0.7190957069396973 192 117 199 125
class 0.403846800327301 195 117 199 124
class 0.9636298418045044 5 129 11 137
class 0.9277228116989136 15 131 21 138
class 0.5143176317214966 13 129 19 137
class 0.7313615679740906 46 125 52 133
class 0.6656907200813293 53 125 59 133
class 0.6478725075721741 74 130 81 138
class 0.3215702474117279 84 128 90 136
class 0.7783647179603577 81 125 88 134
class 0.8135296702384949 108 129 114 138
class 0.41232582926750183 110 127 118 136
class 0.5090895891189575 122 130 128 137
class 0.6720770597457886 126 130 133 138
class 0.6939484477043152 124 130 131 140
class 0.7976568341255188 151 125 157 133
class 0.8254365921020508 0 140 5 148
class 0.36810997128486633 0 141 2 150
class 0.8386456966400146 27 134 33 142
class 0.7917439341545105 78 140 84 149
class 0.6937131881713867 74 140 81 149
class 0.4017622470855713 80 139 85 145
class 0.49180686473846436 89 134 96 142
class 0.6571235656738281 96 137 103 145
class 0.6127784252166748 92 137 100 144
class 0.6825551986694336 111 136 116 143
class 0.7229642271995544 119 140 126 147
class 0.6722440719604492 115 138 122 147
class 0.41771283745765686 119 137 128 145
class 0.8556972146034241 139 139 145 148
class 0.4407322406768799 136 135 144 145
class 0.7109386324882507 152 142 158 149
class 0.3970097303390503 150 141 156 150
class 0.8882309794425964 163 135 169 142
class 0.38757452368736267 160 136 166 144
class 0.8666757345199585 172 141 178 149
class 0.3950755000114441 168 139 176 148
class 0.7849433422088623 184 142 190 149
class 0.3751338720321655 181 139 187 148
class 0.6878355145454407 0 146 5 154
class 0.7831836342811584 11 144 17 153
class 0.6448080539703369 45 151 51 159
class 0.7916244268417358 41 150 48 159
class 0.4050099551677704 46 149 54 157
class 0.5982141494750977 55 148 62 156
class 0.6240372061729431 49 146 59 156
class 0.4780973196029663 63 147 69 155
class 0.6137586236000061 59 146 68 156
class 0.7905753254890442 79 152 84 159
class 0.6551361680030823 75 148 82 157
class 0.38395124673843384 79 149 85 156
class 0.8119953274726868 107 149 114 157
class 0.5461946725845337 104 145 113 155
class 0.7911491990089417 125 149 133 158
class 0.3411288261413574 127 146 135 156
class 0.49132007360458374 139 151 145 159
class 0.7697048187255859 152 145 158 153
class 0.4536287486553192 148 146 156 155
class 0.8057519793510437 172 152 179 159
class 0.5216920375823975 192 148 197 156
class 0.6415414214134216 190 144 197 155
class 0.47756874561309814 193 147 199 155
class 0.8154467344284058 14 161 21 170
class 0.4629075825214386 25 158 31 165
class 0.4376724064350128 19 159 27 168
class 0.4180862009525299 31 162 38 170
class 0.7557323575019836 28 160 36 168
class 0.770047128200531 78 160 85 167
class 0.4917909502983093 75 161 82 170
class 0.7773064374923706 88 162 95 170
class 0.5502756237983704 84 160 91 169
class 0.5313851237297058 97 161 103 168
class 0.4298666715621948 93 160 101 170
class 0.7976927161216736 105 161 113 170
class 0.6918508410453796 116 161 122 169
class 0.803718090057373 138 156 144 165
class 0.6912701725959778 153 163 159 171
class 0.3379571735858917 150 161 157 169
class 0.6709122657775879 193 157 198 165
class 0.8321751356124878 1 167 6 175
class 0.8856452107429504 25 173 30 180
class 0.7498005032539368 22 170 29 179
class 0.7618817090988159 37 166 43 173
class 0.724132239818573 58 169 65 177
class 0.8425322771072388 78 171 84 179
class 0.6047379374504089 74 167 82 177
class 0.8155711889266968 100 173 106 181
class 0.7353030443191528 118 173 125 180
class 0.30673205852508545 119 171 128 179
class 0.7556138038635254 128 172 134 180
class 0.4839160442352295 143 174 149 181
class 0.46990323066711426 175 167 181 175
class 0.6035564541816711 178 172 185 180
class 0.8025223612785339 34 184 41 191
class 0.576362669467926 56 182 62 190
class 0.73423171043396 52 183 59 191
class 0.36757799983024597 61 178 68 187
class 0.4250258803367615 75 183 81 190
class 0.6881345510482788 72 182 79 192
class 0.616848349571228 88 183 94 191
class 0.7446366548538208 84 181 91 191
class 0.5672652721405029 94 179 101 186
class 0.7849426865577698 92 179 98 188
class 0.7492123246192932 131 183 138 192
class 0.6640024781227112 141 182 147 191
class 0.7159070372581482 136 184 143 192
class 0.3741537928581238 143 180 148 185
class 0.6354942321777344 177 175 185 185
class 0.6395187377929688 193 181 198 188
class 0.6472219824790955 190 180 199 191
class 0.7102778553962708 22 192 29 199
class 0.7578325867652893 20 192 27 199
class 0.6869173049926758 32 189 38 196
class 0.7260752320289612 55 193 61 199
class 0.5857035517692566 51 191 59 199
class 0.5942046046257019 66 195 71 199
class 0.62587970495224 62 194 70 199
class 0.7354832291603088 78 192 84 199
class 0.3411763906478882 77 188 82 196
class 0.30244654417037964 100 195 106 199
class 0.7616838216781616 120 193 126 199
class 0.6839796900749207 139 193 145 199
class 0.7173267006874084 135 190 143 199
class 0.4341122806072235 137 187 144 196
class 0.5279528498649597 162 194 167 199
class 0.38149067759513855 159 193 166 199
class 0.7487686276435852 184 194 190 199
class 0.7320553660392761 181 193 188 199
class 0.6891838908195496 187 190 194 198
class 0.4779251515865326 189 188 195 196
