class 0.7867206335067749 2 0 6 6
class 0.7004340887069702 20 4 26 11
class 0.905497133731842 35 5 41 12
class 0.9156553745269775 58 4 64 11
class 0.7504818439483643 100 0 106 6
class 0.3666851818561554 102 0 110 6
class 0.6800028681755066 119 0 124 4
class 0.7425224781036377 139 3 146 10
class 0.6947993040084839 135 1 142 8
class 0.7621241211891174 146 3 152 10
class 0.9329842925071716 163 0 169 6
class 0.8620827794075012 184 4 190 10
class 0.8030650019645691 194 1 199 8
class 0.3810279667377472 189 1 197 8
class 0.4124792814254761 196 0 199 4
class 0.9414382576942444 0 12 6 20
class 0.3380708694458008 0 13 2 21
class 0.7364854216575623 20 10 27 17
class 0.7591756582260132 66 12 72 20
class 0.45862406492233276 65 8 73 16
class 0.6970341801643372 80 10 85 17
class 0.3773595094680786 84 12 90 19
class 0.5296645164489746 80 9 89 21
class 0.7963950037956238 109 10 116 17
class 0.39794921875 108 11 116 21
class 0.7429505586624146 158 10 164 18
class 0.8851467967033386 184 15 190 22
class 0.3026061952114105 38 20 44 29
class 0.604498565196991 39 18 47 28
class 0.8060474991798401 52 24 58 32
class 0.8260848522186279 70 23 75 31
class 0.36624225974082947 68 21 74 28
class 0.783069908618927 88 25 94 32
class 0.5526736378669739 84 21 94 31
class 0.754792332649231 100 26 105 34
class 0.35530754923820496 97 25 103 34
class 0.5634506344795227 106 22 113 29
class 0.6007035970687866 104 17 112 27
class 0.8733851313591003 119 19 125 27
class 0.788135290145874 185 25 190 33
class 0.4495237171649933 1 33 5 40
class 0.30122044682502747 0 32 2 44
class 0.7929061055183411 11 36 18 43
class 0.5941949486732483 48 36 54 44
class 0.6469494104385376 53 33 59 41
class 0.6037543416023254 51 33 57 41
class 0.5262760519981384 52 28 58 38
class 0.7884075045585632 111 33 117 40
class 0.8875525593757629 119 37 125 44
class 0.5687718391418457 116 35 123 44
class 0.4220568537712097 121 34 126 43
class 0.7116004228591919 132 30 138 38
class 0.772386908531189 194 35 199 43
class 0.8541470170021057 6 47 11 55
class 0.6597098112106323 10 43 16 50
class 0.4482696056365967 8 45 14 53
class 0.8336403369903564 68 44 74 52
class 0.6465696096420288 64 43 72 51
class 0.8275243043899536 78 47 84 55
class 0.41206300258636475 74 45 82 54
class 0.5466741323471069 90 39 96 47
class 0.7091054320335388 110 46 116 54
class 0.6603432893753052 152 42 158 49
class 0.3397863209247589 158 41 165 49
class 0.581790030002594 155 40 162 48
class 0.8673146367073059 172 46 178 54
class 0.6109004020690918 169 42 177 52
class 0.3471287488937378 11 55 17 63
class 0.7196865677833557 55 52 62 60
class 0.7002927660942078 52 52 59 60
class 0.37862423062324524 61 51 69 60
class 0.7854731678962708 77 52 84 59
class 0.45186829566955566 74 54 82 62
class 0.735169529914856 96 51 104 59
class 0.5642010569572449 111 51 117 59
class 0.40250030159950256 117 54 124 61
class 0.7405258417129517 112 51 121 61
class 0.7746153473854065 128 56 135 64
class 0.6713159084320068 124 53 132 63
class 0.622953474521637 134 57 141 65
class 0.8875181674957275 184 57 190 65
class 0.9123297333717346 13 67 19 75
class 0.8198574185371399 69 61 75 69
class 0.49457043409347534 67 63 73 70
class 0.4931703507900238 108 66 113 74
class 0.7388405203819275 103 62 111 72
class 0.741574764251709 132 67 138 74
class 0.6733733415603638 137 62 143 70
class 0.5011221766471863 134 63 141 72
class 0.804180383682251 151 65 157 74
class 0.4406450688838959 178 63 184 71
class 0.7276764512062073 176 65 183 75
class 0.7688438296318054 146 78 152 86
class 0.9302488565444946 1 83 7 91
class 0.8937923312187195 16 82 22 90
class 0.8292279839515686 74 84 80 93
class 0.7244923114776611 98 88 104 96
class 0.686454176902771 94 85 102 94
class 0.40807169675827026 100 85 106 93
class 0.5257861614227295 119 89 125 97
class 0.5231385231018066 116 88 123 97
class 0.4355194568634033 132 83 138 91
class 0.7631213665008545 136 85 142 93
class 0.390325665473938 167 84 174 93
class 0.8028373718261719 165 81 172 90
class 0.30261704325675964 196 86 199 94
class 0.8163093328475952 1 97 7 105
class 0.4854552745819092 0 99 3 108
class 0.740555465221405 8 91 15 100
class 0.7593600749969482 86 94 92 103
class 0.7180938720703125 98 93 103 102
class 0.6141172051429749 95 94 102 103
class 0.7368295788764954 110 98 116 106
class 0.4115605652332306 110 96 117 104
class 0.8912705183029175 120 95 126 102
class 0.3381669819355011 123 94 126 101
class 0.8479140400886536 132 97 138 104
class 0.5013213157653809 129 95 136 104
class 0.8177603483200073 160 93 166 102
class 0.8681373596191406 173 92 179 101
class 0.5656723976135254 171 93 177 103
class 0.3476138412952423 196 97 199 104
class 0.3493236303329468 0 104 4 111
class 0.5077855587005615 17 109 23 116
class 0.837662935256958 32 108 38 116
class 0.7367204427719116 58 109 64 116
class 0.4491714537143707 57 105 66 114
class 0.8325324058532715 67 106 73 114
class 0.44939810037612915 63 104 71 113
class 0.760198712348938 90 109 96 117
class 0.6387339234352112 110 106 116 114
class 0.426944375038147 109 103 115 110
class 0.639092743396759 136 104 143 112
class 0.7548194527626038 179 108 185 116
class 0.835498034954071 20 119 27 127
class 0.7932121753692627 41 118 51 127
class 0.41447800397872925 45 116 55 125
class 0.3159120976924896 54 115 60 122
class 0.8386940956115723 67 118 74 127
class 0.7128354907035828 79 114 85 121
class 0.8111636638641357 111 118 117 127
class 0.3247672915458679 109 115 115 121
class 0.7549796104431152 115 115 122 124
class 0.7288088202476501 134 118 142 128
class 0.42747581005096436 146 120 154 128
class 0.8275728821754456 161 118 168 127
class 0.6594700813293457 157 115 165 123
class 0.8339035511016846 171 119 177 127
class 0.8792181611061096 15 131 21 138
class 0.8105438947677612 47 125 53 133
class 0.6233223676681519 52 125 59 133
class 0.5743346214294434 85 129 92 137
class 0.6834681034088135 82 126 90 136
class 0.842216968536377 110 131 116 139
class 0.31023865938186646 112 129 117 134
class 0.7577614784240723 150 126 156 133
class 0.8574194312095642 0 141 5 149
class 0.48684194684028625 0 140 2 151
class 0.6440373659133911 89 135 95 143
class 0.3896122872829437 87 136 93 143
class 0.8295089602470398 97 136 104 144
class 0.4607287645339966 111 136 117 144
class 0.7117059826850891 119 139 126 147
class 0.7013607025146484 115 137 122 146
class 0.4749353528022766 120 137 128 145
class 0.8781821131706238 139 140 145 148
class 0.4915160834789276 136 137 144 146
class 0.8324268460273743 172 140 178 148
class 0.8463346362113953 185 142 191 149
class 0.37320488691329956 182 140 189 148
class 0.7696980237960815 0 147 4 154
class 0.4505327343940735 0 147 2 157
class 0.6668373346328735 10 145 17 154
class 0.5462607145309448 44 149 49 157
class 0.7826827168464661 40 149 47 158
class 0.6039006114006042 50 146 56 154
class 0.7360317707061768 73 145 79 153
class 0.7976210713386536 106 147 113 156
class 0.42148327827453613 105 145 111 152
class 0.7936359643936157 129 149 135 157
class 0.8485788106918335 126 150 133 158
class 0.8624671101570129 172 152 179 160
class 0.5520061254501343 193 148 198 156
class 0.4552416503429413 189 147 196 155
class 0.5749723315238953 191 144 197 153
class 0.4520159661769867 195 147 199 154
class 0.3796471655368805 32 163 38 170
class 0.7843148112297058 29 162 36 170
class 0.7592467069625854 90 162 96 169
class 0.5804948806762695 87 159 94 167
class 0.4641457498073578 97 161 103 168
class 0.40440502762794495 93 161 99 170
class 0.5409049987792969 107 159 113 167
class 0.8259909749031067 104 161 111 169
class 0.7651793956756592 116 161 122 169
class 0.7064077854156494 153 163 159 170
class 0.4211319088935852 151 161 157 169
class 0.6991094350814819 193 156 198 165
class 0.8726133108139038 0 168 6 175
class 0.8872218132019043 22 171 28 179
class 0.846724271774292 37 166 43 174
class 0.7085542678833008 58 171 64 178
class 0.8534976243972778 77 172 84 180
class 0.5651397109031677 75 167 82 178
class 0.7901448011398315 100 173 106 180
class 0.76925128698349 34 184 40 192
class 0.6796458959579468 58 181 64 189
class 0.30680641531944275 57 178 65 187
class 0.7582172751426697 72 182 80 191
class 0.724467396736145 88 183 94 191
class 0.754264235496521 84 182 91 191
class 0.6009483933448792 95 179 101 186
class 0.7300347685813904 92 179 99 189
class 0.6243110299110413 132 184 139 191
class 0.7031406164169312 141 184 147 192
class 0.6813629269599915 136 184 142 192
class 0.6734029054641724 193 181 198 189
class 0.6651079058647156 190 181 197 191
class 0.3957395553588867 191 177 199 188
class 0.6810584664344788 23 190 29 198
class 0.6962035298347473 20 190 27 199
class 0.7560520172119141 32 189 39 196
class 0.7697755098342896 53 190 59 197
class 0.7749520540237427 77 189 83 196
class 0.5687907338142395 75 190 81 198
class 0.3166327476501465 77 188 82 194
class 0.7449002265930176 119 194 126 199
class 0.6886877417564392 140 194 145 199
class 0.751205325126648 135 193 143 199
class 0.32797771692276 143 191 147 197
class 0.6090633869171143 163 194 169 199
class 0.7315369844436646 184 194 190 199
class 0.6898882389068604 181 192 188 199
class 0.6338901519775391 190 191 196 198
class 0.6432216763496399 187 190 194 199
class 0.44371092319488525 189 188 195 196
