class 0.6295065879821777 4 0 9 5
class 0.8851203322410583 43 3 49 10
class 0.8829475045204163 84 1 90 9
class 0.546043872833252 100 2 106 9
class 0.6686044335365295 105 3 111 11
class 0.8161473274230957 103 5 108 12
class 0.6738264560699463 113 0 120 6
class 0.3729557693004608 139 1 146 7
class 0.420881986618042 135 0 142 5
class 0.8608522415161133 148 2 154 10
class 0.8396300077438354 161 0 167 7
class 0.8916373252868652 181 0 186 6
class 0.3925359547138214 179 1 184 6
class 0.9031712412834167 5 15 10 23
class 0.46491897106170654 2 13 6 23
class 0.3269678056240082 6 14 8 20
class 0.526309609413147 37 11 43 19
class 0.5671287178993225 44 12 49 19
class 0.5666548013687134 73 12 80 20
class 0.7841010093688965 71 11 78 20
class 0.870212197303772 83 14 89 21
class 0.5774824619293213 122 12 128 20
class 0.7857047915458679 125 14 132 21
class 0.7487372159957886 155 11 163 22
class 0.8588098287582397 16 26 22 33
class 0.5168626308441162 21 20 27 28
class 0.4669508934020996 36 21 42 29
class 0.6940893530845642 33 16 42 28
class 0.8391767144203186 42 22 48 30
class 0.6956172585487366 79 25 86 33
class 0.7231525182723999 93 18 102 28
class 0.8767586350440979 105 23 112 32
class 0.5777448415756226 104 19 111 29
class 0.6953523755073547 121 26 128 34
class 0.3536331057548523 122 24 131 32
class 0.8552050590515137 137 25 144 33
class 0.7627204060554504 156 23 165 33
class 0.4502033293247223 161 22 170 30
class 0.5920112729072571 170 21 177 29
class 0.809527575969696 165 22 174 32
class 0.6944608688354492 179 24 185 32
class 0.3257709741592407 176 18 186 32
class 0.7789315581321716 195 25 199 33
class 0.3392532169818878 195 22 199 31
class 0.7508402466773987 5 35 11 42
class 0.842718780040741 34 30 40 37
class 0.7237133383750916 48 36 54 44
class 0.7052794098854065 56 36 63 43
class 0.4483092129230499 52 34 60 43
class 0.3157634735107422 69 35 76 43
class 0.5606562495231628 75 36 82 44
class 0.6857035160064697 72 35 79 45
class 0.6723139882087708 102 31 109 39
class 0.4734088182449341 104 28 109 37
class 0.8378565907478333 120 35 126 44
class 0.7647227048873901 132 33 138 40
class 0.7909291982650757 133 34 142 44
class 0.7966591119766235 162 36 169 44
class 0.8324187994003296 173 36 179 43
class 0.4581128656864166 172 33 181 41
class 0.6622559428215027 176 27 186 37
class 0.7400910258293152 194 30 199 38
class 0.8010616898536682 3 46 9 54
class 0.3208604156970978 0 45 4 56
class 0.3965050280094147 7 44 15 55
class 0.5807193517684937 27 46 33 53
class 0.5177127718925476 48 45 54 52
class 0.6752662062644958 53 45 60 52
class 0.6886252760887146 49 46 58 55
class 0.8079651594161987 83 43 90 52
class 0.8226995468139648 110 44 116 52
class 0.3053775429725647 128 46 134 54
class 0.6009194254875183 124 46 132 55
class 0.8875669836997986 185 40 190 49
class 0.37110915780067444 1 52 4 58
class 0.8676342964172363 16 55 22 63
class 0.3941899538040161 26 53 32 61
class 0.5876170992851257 31 52 38 60
class 0.6806678771972656 50 54 56 62
class 0.5011430382728577 51 50 57 58
class 0.7678304314613342 63 52 70 60
class 0.7487199306488037 103 56 111 66
class 0.810649573802948 122 56 127 64
class 0.6853595972061157 141 55 147 64
class 0.4633963406085968 137 52 145 61
class 0.5244451761245728 144 55 152 64
class 0.8015816807746887 170 53 177 61
class 0.5484081506729126 167 51 174 60
class 0.6734597682952881 17 65 22 73
class 0.49844858050346375 24 65 30 73
class 0.63648521900177 19 62 26 72
class 0.6578747630119324 28 66 35 75
class 0.6334313154220581 111 62 117 70
class 0.6181455254554749 118 68 124 75
class 0.7973466515541077 114 68 121 76
class 0.6520195603370667 129 64 135 72
class 0.7172812819480896 125 66 132 75
class 0.43240031599998474 130 63 139 72
class 0.6939036250114441 138 62 145 69
class 0.6465618014335632 135 61 142 70
class 0.7902246117591858 160 67 167 74
class 0.44253769516944885 159 64 172 75
class 0.5492511987686157 173 61 179 68
class 0.8055734038352966 179 62 186 70
class 0.8245388865470886 195 61 199 69
class 0.8407542705535889 3 77 7 84
class 0.41399580240249634 0 75 3 86
class 0.34950706362724304 4 76 6 84
class 0.7121475338935852 15 77 21 85
class 0.5763802528381348 10 73 18 85
class 0.6103777289390564 38 78 44 86
class 0.3900028169155121 39 77 47 85
class 0.5969443917274475 55 77 61 84
class 0.7219243049621582 51 75 58 84
class 0.37532949447631836 57 76 63 83
class 0.4416560232639313 64 78 70 86
class 0.704552948474884 61 78 68 86
class 0.5361589193344116 90 74 96 81
class 0.7990440130233765 102 71 109 80
class 0.6788854002952576 129 76 136 84
class 0.6310921311378479 126 73 133 81
class 0.6620195508003235 137 78 144 85
class 0.8167411088943481 152 75 158 83
class 0.4162706732749939 152 72 157 79
class 0.5593932867050171 165 78 173 87
class 0.5739028453826904 191 77 196 84
class 0.6915135383605957 188 76 195 87
class 0.4968230128288269 1 86 6 93
class 0.5514033436775208 0 84 2 93
class 0.37614452838897705 0 84 2 89
class 0.6623291969299316 13 87 19 95
class 0.8344245553016663 10 87 17 97
class 0.7029883861541748 21 87 27 96
class 0.6865056157112122 49 86 54 94
class 0.8195528984069824 55 89 62 97
class 0.6355818510055542 52 89 58 97
class 0.5495961904525757 68 83 74 90
class 0.39837026596069336 79 85 85 92
class 0.6695904731750488 84 84 91 92
class 0.8870187401771545 81 86 89 95
class 0.7233543395996094 134 87 141 95
class 0.8007062673568726 156 89 162 97
class 0.8579071164131165 195 89 199 96
class 0.744647204875946 192 86 199 95
class 0.8974076509475708 3 92 8 99
class 0.6341195702552795 23 99 29 107
class 0.747651219367981 19 96 27 105
class 0.33200332522392273 20 93 29 102
class 0.8434054255485535 45 93 52 102
class 0.8103026151657104 57 94 63 103
class 0.3311767280101776 53 94 60 102
class 0.4320150315761566 65 96 72 103
class 0.6571053862571716 60 92 68 102
class 0.7862153053283691 73 96 80 104
class 0.7850886583328247 86 98 93 106
class 0.8111425042152405 97 95 103 103
class 0.8232725858688354 95 97 102 106
class 0.809779942035675 119 94 125 101
class 0.7401788830757141 140 96 146 104
class 0.5232858657836914 137 95 144 105
class 0.4584769308567047 142 94 148 103
class 0.7649571299552917 150 96 156 103
class 0.5498629212379456 146 97 154 105
class 0.4152257442474365 149 94 155 101
class 0.3166167140007019 153 95 158 101
class 0.5632845759391785 175 93 183 103
class 0.8123651146888733 4 109 10 117
class 0.7349846959114075 11 103 17 112
class 0.48695704340934753 26 102 32 111
class 0.7333034873008728 43 110 50 117
class 0.5060941576957703 55 110 61 117
class 0.49703338742256165 52 109 59 118
class 0.6584465503692627 84 109 91 117
class 0.7627483606338501 104 106 111 114
class 0.8504168391227722 118 110 124 117
class 0.5469229817390442 142 108 148 116
class 0.4714120328426361 138 101 146 112
class 0.7016035914421082 146 107 153 114
class 0.6081786751747131 145 109 152 116
class 0.4362221658229828 146 104 152 111
class 0.752016007900238 163 107 169 115
class 0.6339795589447021 160 105 168 113
class 0.7727413773536682 168 108 174 115
class 0.7312107086181641 188 108 195 117
class 0.8563966155052185 4 118 10 126
class 0.6873612999916077 10 115 16 122
class 0.8707257509231567 32 118 38 127
class 0.3971256911754608 30 115 39 125
class 0.7909055948257446 53 116 59 124
class 0.7361169457435608 50 119 58 126
class 0.8850196599960327 69 118 75 126
class 0.4967852532863617 67 116 74 124
class 0.4428158104419708 85 114 91 122
class 0.7868443131446838 116 119 122 126
class 0.7361616492271423 131 120 137 127
class 0.44241902232170105 139 116 145 124
class 0.5483887195587158 135 118 142 127
class 0.40037500858306885 138 113 145 120
class 0.4016689658164978 195 116 199 124
class 0.7827213406562805 49 128 54 137
class 0.5126997828483582 82 127 89 136
class 0.8040602207183838 92 129 100 138
class 0.5347212553024292 107 126 114 135
class 0.6840627789497375 104 124 112 132
class 0.6892353892326355 113 130 120 137
class 0.8036729693412781 140 123 146 132
class 0.8179040551185608 152 130 158 137
class 0.693953275680542 174 129 181 137
class 0.4659993052482605 181 127 186 134
class 0.466948926448822 177 128 183 138
class 0.7230222225189209 195 130 199 137
class 0.5150129199028015 191 128 198 136
class 0.3563760221004486 195 127 199 134
class 0.6154723763465881 4 136 11 143
class 0.31640157103538513 13 139 19 146
class 0.6096885800361633 8 135 15 146
class 0.8105931878089905 18 137 25 147
class 0.6185066103935242 31 133 40 146
class 0.3428897261619568 36 136 43 146
class 0.851154088973999 44 141 50 149
class 0.4135872721672058 70 140 75 148
class 0.7247806787490845 75 137 81 145
class 0.7834335565567017 72 139 78 148
class 0.6336123943328857 103 141 110 150
class 0.43520525097846985 120 138 126 145
class 0.8129128813743591 130 141 137 149
class 0.5934297442436218 125 136 134 144
class 0.73527991771698 153 141 159 150
class 0.8582791090011597 162 141 168 149
class 0.7014533281326294 181 134 187 142
class 0.7887264490127563 194 135 199 143
class 0.6867635250091553 1 151 7 159
class 0.5749518871307373 0 149 3 159
class 0.7604761719703674 12 149 18 156
class 0.6354223489761353 9 147 17 158
class 0.8588233590126038 36 149 42 157
class 0.6284053921699524 34 147 41 155
class 0.7428375482559204 84 147 91 155
class 0.5813753604888916 109 149 115 157
class 0.6887897849082947 104 147 113 157
class 0.7476218342781067 116 149 122 158
class 0.8457619547843933 133 151 138 159
class 0.6466090679168701 131 150 136 158
class 0.36261752247810364 133 148 138 155
class 0.7468182444572449 161 152 167 160
class 0.759916365146637 157 151 165 159
class 0.5776702761650085 165 150 172 158
class 0.7095850110054016 180 150 186 157
class 0.7814362049102783 177 147 184 156
class 0.6267553567886353 193 153 198 160
class 0.754045307636261 190 152 196 160
class 0.7144256234169006 4 155 10 163
class 0.7324994206428528 32 159 38 168
class 0.7509149312973022 30 162 37 171
class 0.7645552754402161 74 161 81 170
class 0.7633055448532104 84 156 90 164
class 0.8191066980361938 115 159 121 168
class 0.44510844349861145 114 157 120 163
class 0.8227909207344055 150 162 156 170
class 0.7892844080924988 175 160 180 168
class 0.8126938343048096 183 161 189 169
class 0.5676513910293579 180 159 186 168
class 0.8379514217376709 195 161 199 169
class 0.3556661903858185 190 160 197 169
class 0.3504548668861389 193 157 197 163
class 0.5050805807113647 196 159 199 165
class 0.8594349026679993 6 171 12 178
class 0.7361419796943665 13 172 18 179
class 0.5359162092208862 9 170 16 179
class 0.4120389223098755 11 167 16 175
class 0.7501693964004517 45 170 52 178
class 0.5355218052864075 43 165 52 176
class 0.32231464982032776 47 168 54 177
class 0.33723631501197815 112 173 117 180
class 0.8029972910881042 117 171 123 179
class 0.6900454163551331 114 171 121 180
class 0.6214401721954346 132 170 138 178
class 0.5985132455825806 149 171 155 179
class 0.3857669234275818 148 165 155 175
class 0.6099206805229187 163 172 169 181
class 0.3765740990638733 160 172 167 181
class 0.576286256313324 168 168 174 175
class 0.3830925226211548 166 169 173 178
class 0.4879532754421234 168 166 173 172
class 0.664751410484314 184 172 190 180
class 0.3511238396167755 185 169 190 177
class 0.4507809579372406 189 167 195 175
class 0.745596706867218 186 166 193 175
class 0.863834798336029 12 177 18 184
class 0.5909560322761536 10 178 16 186
class 0.6844452023506165 37 178 44 186
class 0.7996637225151062 42 182 49 190
class 0.3372887670993805 41 177 48 186
class 0.6468715071678162 65 177 71 184
class 0.7534991502761841 96 179 102 187
class 0.7603464126586914 107 181 114 189
class 0.6410971283912659 103 178 112 189
class 0.8383645415306091 125 177 132 185
class 0.3866136968135834 152 180 158 188
class 0.36707624793052673 148 175 156 184
class 0.7860614657402039 156 181 162 189
class 0.6881781220436096 166 179 173 188
class 0.5397065281867981 167 176 174 184
class 0.5339445471763611 183 175 189 185
class 0.32648923993110657 179 176 187 186
class 0.7561322450637817 192 183 198 191
class 0.8705172538757324 6 193 12 199
class 0.678949236869812 26 188 33 195
class 0.33342546224594116 24 189 30 197
class 0.7837944030761719 47 194 53 199
class 0.7759209871292114 116 192 123 199
class 0.6336191296577454 133 194 139 199
class 0.649721086025238 140 190 147 197
class 0.7463937401771545 135 192 143 199
class 0.7778162956237793 152 193 158 199
class 0.5381374955177307 148 191 156 199
class 0.8332458138465881 163 190 170 197
class 0.7255496978759766 174 190 180 197
class 0.302962988615036 168 188 176 197
