class 0.7414161562919617 5 0 10 5
class 0.9029896855354309 44 2 50 9
class 0.5262629985809326 41 3 48 10
class 0.9119389653205872 62 4 68 12
class 0.725455105304718 80 3 86 10
class 0.7601758241653442 85 0 92 8
class 0.5811435580253601 82 1 88 8
class 0.5765295028686523 98 2 104 8
class 0.5418298244476318 94 0 101 6
class 0.7720370888710022 106 2 112 10
class 0.6655387878417969 103 4 109 11
class 0.6269835829734802 116 0 122 7
class 0.7010284066200256 113 0 120 6
class 0.9269290566444397 142 4 148 12
class 0.48992955684661865 138 2 144 9
class 0.866107702255249 148 2 154 9
class 0.5833304524421692 145 4 151 11
class 0.8400476574897766 161 0 167 7
class 0.8653255105018616 181 1 187 8
class 0.5383999943733215 178 2 184 7
class 0.8846665024757385 4 14 9 22
class 0.4836881756782532 2 14 5 24
class 0.3133298456668854 6 14 8 19
class 0.6740534901618958 37 11 43 19
class 0.4417891502380371 44 13 49 20
class 0.8232554197311401 71 11 78 20
class 0.41085076332092285 72 9 79 17
class 0.8013624548912048 83 13 89 21
class 0.439888596534729 101 10 106 18
class 0.6241571307182312 104 10 111 17
class 0.4793420433998108 104 9 109 14
class 0.37523916363716125 122 12 128 19
class 0.7218652963638306 126 14 132 22
class 0.3953065276145935 153 13 159 20
class 0.7114962935447693 155 11 163 22
class 0.41157764196395874 156 8 163 17
class 0.541279137134552 0 21 5 28
class 0.38362178206443787 0 21 3 31
class 0.7570343613624573 15 26 21 33
class 0.7770765423774719 12 25 20 34
class 0.5637955069541931 17 22 26 31
class 0.3806823194026947 35 21 41 29
class 0.6176210641860962 32 17 42 28
class 0.8129420280456543 42 20 48 28
class 0.5491910576820374 79 25 86 33
class 0.6665752530097961 89 26 95 34
class 0.3786182999610901 84 24 91 34
class 0.6179754734039307 96 21 102 28
class 0.6590773463249207 92 21 100 30
class 0.8715848326683044 105 23 113 32
class 0.39642828702926636 105 20 110 27
class 0.8027284741401672 121 27 128 34
class 0.3298850357532501 127 24 134 32
class 0.6090450286865234 123 23 131 31
class 0.4252980351448059 126 19 132 27
class 0.7374556660652161 140 24 147 33
class 0.8085305094718933 137 26 143 33
class 0.7549826502799988 156 22 165 33
class 0.40171271562576294 161 22 170 30
class 0.6653231978416443 170 22 177 30
class 0.8474509716033936 166 22 174 32
class 0.3239908814430237 172 21 181 30
class 0.7598258852958679 179 24 186 33
class 0.7776051759719849 195 25 199 33
class 0.33579325675964355 195 22 199 30
class 0.5707473754882812 5 34 11 41
class 0.5583893060684204 12 31 17 38
class 0.6255398392677307 7 31 16 42
class 0.8355597257614136 34 30 40 37
class 0.7471808195114136 48 36 54 44
class 0.730865478515625 57 36 63 43
class 0.44790810346603394 55 32 66 43
class 0.5727065801620483 75 35 82 44
class 0.7400074005126953 72 36 79 45
class 0.6914439797401428 102 33 109 42
class 0.3102250099182129 104 29 110 37
class 0.8220635652542114 121 35 126 44
class 0.326811820268631 123 34 127 39
class 0.7926694750785828 132 33 138 40
class 0.31126248836517334 138 33 144 40
class 0.6564188003540039 133 34 142 43
class 0.827466607093811 148 33 154 42
class 0.8536811470985413 162 36 168 44
class 0.6431006789207458 174 34 180 42
class 0.33317360281944275 179 32 186 39
class 0.6659476161003113 177 27 186 38
class 0.7978896498680115 195 30 199 38
class 0.7329700589179993 2 46 7 53
class 0.44381701946258545 0 45 3 56
class 0.5213356018066406 8 43 15 54
class 0.5244500041007996 27 45 33 53
class 0.6585240960121155 45 45 52 53
class 0.7286729216575623 56 45 62 52
class 0.6367362141609192 51 46 60 55
class 0.39585810899734497 58 42 64 50
class 0.7389491200447083 83 43 90 51
class 0.8234761953353882 110 45 116 52
class 0.3376583456993103 128 46 135 54
class 0.5896267294883728 124 46 132 55
class 0.8743472099304199 186 40 190 49
class 0.5997644066810608 0 52 4 59
class 0.4390285611152649 0 52 2 62
class 0.8930079936981201 16 55 22 63
class 0.5156745314598083 27 53 33 61
class 0.6330350637435913 28 51 36 60
class 0.6486852169036865 50 54 57 62
class 0.5741978287696838 51 50 58 58
class 0.7507738471031189 64 54 71 61
class 0.4599345326423645 62 50 72 60
class 0.7474821209907532 103 56 111 65
class 0.8758770823478699 121 56 127 64
class 0.6760419011116028 141 55 147 63
class 0.45542606711387634 137 50 144 59
class 0.4243018925189972 144 56 151 64
class 0.40869271755218506 164 52 170 59
class 0.7617744207382202 170 54 176 61
class 0.49579280614852905 166 51 174 60
class 0.7793693542480469 17 66 22 74
class 0.4890623390674591 14 65 20 75
class 0.5287987589836121 24 65 31 72
class 0.5242117047309875 19 61 27 71
class 0.35533463954925537 31 65 37 73
class 0.6816338896751404 28 66 36 76
class 0.3513140380382538 51 59 57 68
class 0.7292763590812683 111 62 117 70
class 0.33740565180778503 109 60 114 67
class 0.6345149874687195 119 68 125 76
class 0.714196503162384 114 68 120 76
class 0.6603211760520935 130 65 135 72
class 0.6647257208824158 125 67 132 75
class 0.38201048970222473 132 63 138 71
class 0.7148190140724182 139 62 146 69
class 0.5760371685028076 135 61 142 70
class 0.7852358818054199 158 65 165 75
class 0.45748889446258545 162 65 170 73
class 0.71348637342453 172 61 178 68
class 0.32841694355010986 167 61 175 71
class 0.80141681432724 179 62 186 71
class 0.8038676381111145 195 61 199 69
class 0.8820621371269226 3 77 8 85
class 0.3723115921020508 1 75 3 86
class 0.3686679005622864 4 76 6 84
class 0.7551149129867554 15 77 21 85
class 0.5686041712760925 11 74 19 85
class 0.5862479209899902 38 78 44 87
class 0.44388410449028015 40 78 46 85
class 0.670153796672821 56 77 61 85
class 0.7155882120132446 51 75 58 84
class 0.4224521219730377 57 76 63 83
class 0.3354170620441437 65 79 71 86
class 0.648525595664978 61 78 67 85
class 0.5727024078369141 90 74 96 82
class 0.373293936252594 86 76 93 83
class 0.34551167488098145 92 73 98 80
class 0.7784087061882019 103 71 108 79
class 0.7044402360916138 130 76 136 84
class 0.6406762599945068 126 73 132 82
class 0.37322860956192017 132 75 137 82
class 0.7261260747909546 137 78 144 85
class 0.6035401225090027 136 78 141 87
class 0.8120500445365906 152 76 158 84
class 0.365215003490448 151 72 157 79
class 0.693472146987915 165 79 173 87
class 0.6989748477935791 187 76 195 87
class 0.660386323928833 1 87 6 94
class 0.6191463470458984 0 84 2 94
class 0.428718626499176 1 84 2 91
class 0.6583662629127502 13 88 18 96
class 0.816588282585144 9 88 16 97
class 0.6355971097946167 20 87 26 96
class 0.30142903327941895 18 83 27 92
class 0.736194372177124 49 86 54 93
class 0.8780810832977295 56 89 62 97
class 0.6704668998718262 52 89 58 97
class 0.3672610819339752 60 88 63 93
class 0.6386774778366089 68 82 74 90
class 0.546428918838501 79 86 85 93
class 0.7203693985939026 86 85 92 92
class 0.816189169883728 81 86 89 95
class 0.3199159801006317 91 84 95 91
class 0.7441660761833191 134 87 140 95
class 0.3675684928894043 136 83 140 89
class 0.6866976618766785 157 87 164 95
class 0.8091229796409607 155 89 162 97
class 0.417178213596344 166 82 173 90
class 0.8662416934967041 195 88 199 95
class 0.6493120789527893 193 85 199 93
class 0.8559951186180115 4 92 9 99
class 0.32384923100471497 1 92 4 102
class 0.4186946749687195 15 96 20 102
class 0.564613401889801 22 98 28 106
class 0.7558637261390686 19 96 27 104
class 0.39997074007987976 20 93 29 101
class 0.7857022285461426 44 94 50 102
class 0.7244898080825806 40 93 47 103
class 0.6820493936538696 56 95 62 103
class 0.5756714940071106 51 94 59 102
class 0.35539472103118896 54 92 60 100
class 0.5088052153587341 66 96 71 104
class 0.6923007369041443 61 93 69 103
class 0.6044425964355469 75 98 82 106
class 0.8161529898643494 72 97 79 106
class 0.349375456571579 74 94 81 102
class 0.8199975490570068 84 99 91 107
class 0.8330568671226501 97 97 103 105
class 0.3381349444389343 98 95 104 101
class 0.6814921498298645 119 96 126 103
class 0.6873669028282166 116 93 123 102
class 0.8050994277000427 140 96 146 104
class 0.5286107659339905 135 96 143 105
class 0.42527639865875244 137 92 144 101
class 0.712403416633606 151 96 157 104
class 0.6556994318962097 147 97 154 106
class 0.35926371812820435 154 94 162 103
class 0.5733441114425659 175 95 181 103
class 0.6626139879226685 181 98 188 106
class 0.7108546495437622 177 96 183 105
class 0.31631743907928467 185 97 189 104
class 0.4332369565963745 190 98 196 105
class 0.812785267829895 187 99 193 107
class 0.8099802732467651 4 109 10 116
class 0.7478923797607422 11 104 17 112
class 0.6676551699638367 27 102 33 111
class 0.7014314532279968 45 110 51 117
class 0.5903810262680054 41 109 48 118
class 0.43896400928497314 56 110 61 117
class 0.48097386956214905 52 108 59 117
class 0.6644740700721741 82 108 88 116
class 0.6854044198989868 100 107 106 115
class 0.43844103813171387 97 104 104 113
class 0.8175106644630432 104 106 111 114
class 0.8728179335594177 118 109 125 117
class 0.30267101526260376 122 107 127 113
class 0.6536067724227905 132 107 138 114
class 0.3899601995944977 130 104 140 113
class 0.6730838418006897 141 110 147 117
class 0.5156945586204529 135 105 143 114
class 0.3429765999317169 143 107 147 113
class 0.7181519269943237 150 109 156 117
class 0.5764471292495728 145 108 154 118
class 0.3552319407463074 147 103 154 114
class 0.7360215187072754 162 108 169 115
class 0.6240603923797607 159 106 165 115
class 0.4469429850578308 160 103 166 112
class 0.7957079410552979 169 108 175 116
class 0.5944594740867615 191 109 196 117
class 0.7346188426017761 187 107 195 117
class 0.9009051322937012 5 119 10 127
class 0.7726294994354248 12 119 18 127
class 0.49404850602149963 9 116 16 125
class 0.8145682215690613 32 118 38 126
class 0.564234733581543 48 120 54 127
class 0.7720053791999817 53 116 59 124
class 0.772787868976593 50 119 58 127
class 0.8529887795448303 70 117 75 125
class 0.35354170203208923 84 112 91 120
class 0.7801643013954163 116 119 122 126
class 0.7394968271255493 128 119 136 126
class 0.5045607686042786 139 117 145 125
class 0.6843048334121704 135 120 142 127
class 0.3097820580005646 142 115 148 121
class 0.4129740297794342 184 120 190 128
class 0.47611039876937866 195 116 199 125
class 0.868990421295166 12 126 18 134
class 0.7716256380081177 9 129 16 137
class 0.8125763535499573 49 127 54 136
class 0.661355197429657 61 126 70 136
class 0.74306720495224 84 128 90 137
class 0.8051647543907166 93 130 100 138
class 0.4487134516239166 107 127 114 134
class 0.6636817455291748 104 124 112 132
class 0.669352114200592 113 129 120 137
class 0.8213052749633789 139 124 145 131
class 0.8160086870193481 152 130 158 137
class 0.7807669639587402 174 129 181 137
class 0.348927766084671 180 127 186 134
class 0.7262552976608276 194 130 199 138
class 0.5866950750350952 192 128 198 136
class 0.422391414642334 195 127 199 135
class 0.8235908150672913 3 136 10 143
class 0.5873129963874817 14 140 20 147
class 0.5633854866027832 9 135 16 147
class 0.4691031277179718 21 138 28 146
class 0.7658796310424805 18 138 25 147
class 0.7411172986030579 33 138 39 146
class 0.33696848154067993 36 138 42 145
class 0.7820600867271423 44 141 50 148
class 0.7293216586112976 68 138 74 146
class 0.4113540053367615 66 134 73 144
class 0.7057839035987854 76 138 82 145
class 0.814367949962616 72 139 78 148
class 0.40235471725463867 79 137 85 145
class 0.5525003671646118 98 141 104 149
class 0.7623205184936523 94 138 102 146
class 0.6373043060302734 103 142 109 149
class 0.8131429553031921 130 140 136 148
class 0.6496810913085938 125 136 133 144
class 0.4136955738067627 153 141 159 150
class 0.773251473903656 162 142 168 149
class 0.3674987852573395 158 141 164 150
class 0.6632465720176697 181 134 187 142
class 0.7563762068748474 194 135 199 143
class 0.7385638952255249 2 152 8 160
class 0.38136106729507446 0 150 3 160
class 0.7992793917655945 14 148 20 155
class 0.7082748413085938 10 148 17 158
class 0.8585059642791748 35 151 41 159
class 0.6520830392837524 32 148 39 157
class 0.3887055218219757 37 150 42 156
class 0.6898559331893921 85 147 91 155
class 0.663688600063324 84 142 92 156
class 0.4827146530151367 109 148 115 156
class 0.6390250325202942 104 147 113 155
class 0.757780134677887 117 149 123 157
class 0.6687049865722656 114 150 121 157
class 0.3231419324874878 121 148 127 156
class 0.8022482395172119 132 150 138 159
class 0.5488113164901733 130 149 136 157
class 0.39710021018981934 133 147 138 155
class 0.4057745337486267 153 147 159 155
class 0.7060169577598572 160 152 167 160
class 0.7711093425750732 157 151 164 160
class 0.302558034658432 164 149 169 156
class 0.5175458192825317 170 149 177 157
class 0.5951354503631592 166 148 173 157
class 0.44096851348876953 169 145 174 153
class 0.5991159081459045 180 150 186 158
class 0.7501896023750305 177 148 183 157
class 0.6562833189964294 193 153 198 160
class 0.7829901576042175 190 152 195 160
class 0.8099955320358276 4 155 8 163
class 0.6242736577987671 32 160 38 168
class 0.7386223673820496 29 162 37 170
class 0.7613196969032288 73 161 81 170
class 0.3197392523288727 76 159 87 169
class 0.8553987145423889 87 161 93 169
class 0.6662328243255615 83 160 91 168
class 0.3525753319263458 90 160 95 168
class 0.7391763925552368 116 159 121 168
class 0.3879646956920624 115 157 120 163
class 0.7651691436767578 150 162 156 170
class 0.5522914528846741 164 155 169 162
class 0.7524767518043518 174 159 180 166
class 0.8352484703063965 184 161 189 169
class 0.5812768936157227 180 159 186 168
class 0.49997827410697937 185 159 190 165
class 0.8289341330528259 195 161 199 169
class 0.3655605912208557 190 160 197 169
class 0.3052869737148285 193 157 197 163
class 0.50750333070755 196 159 199 165
class 0.9059248566627502 6 172 11 179
class 0.7124879360198975 12 171 17 178
class 0.555264413356781 10 166 16 177
class 0.7272066473960876 32 173 38 180
class 0.7894276976585388 45 170 52 178
class 0.48233935236930847 45 166 50 175
class 0.8543793559074402 79 167 85 174
class 0.36805376410484314 111 173 117 179
class 0.8226511478424072 117 171 124 180
class 0.3269720673561096 119 170 127 178
class 0.6805866956710815 133 169 138 178
class 0.7563263177871704 148 171 154 179
class 0.3723585605621338 148 167 154 175
class 0.660478413105011 163 172 169 181
class 0.7173298001289368 168 168 175 175
class 0.428352415561676 166 169 173 177
class 0.6106005907058716 168 166 173 172
class 0.5628316402435303 185 171 190 180
class 0.3434101641178131 182 171 188 180
class 0.36770838499069214 190 167 195 175
class 0.7293303608894348 186 166 193 176
class 0.6689349412918091 2 182 6 189
class 0.4936962127685547 0 181 3 192
class 0.6045624017715454 12 180 18 187
class 0.49008578062057495 11 176 16 184
class 0.8194530606269836 38 179 44 186
class 0.7000583410263062 39 180 47 190
class 0.3694995045661926 40 177 47 185
class 0.48820579051971436 65 181 71 189
class 0.8115222454071045 61 180 68 189
class 0.4954823851585388 62 176 71 186
class 0.5755487680435181 70 183 78 191
class 0.6944769620895386 97 178 104 186
class 0.7443988919258118 107 183 115 190
class 0.6143523454666138 104 179 113 189
class 0.7627066373825073 124 177 131 186
class 0.3419817090034485 151 182 157 189
class 0.3393920361995697 148 176 155 184
class 0.7562157511711121 156 182 162 188
class 0.648125171661377 166 178 173 187
class 0.5374599695205688 167 177 173 183
class 0.6299334764480591 184 176 189 185
class 0.34307384490966797 180 176 187 186
class 0.7182401418685913 192 183 198 191
class 0.7277329564094543 189 181 196 191
class 0.4107677936553955 193 181 199 190
class 0.8800311088562012 5 193 11 199
class 0.381961852312088 3 192 7 199
class 0.37082192301750183 6 192 8 198
class 0.7448351979255676 14 188 20 196
class 0.3407094180583954 9 189 17 199
class 0.6608151197433472 27 189 33 196
class 0.6219358444213867 28 192 36 199
class 0.7947889566421509 47 194 53 199
class 0.5242202281951904 45 192 52 199
class 0.6546234488487244 97 194 103 199
class 0.5775945782661438 93 193 102 199
class 0.5566460490226746 111 193 117 199
class 0.7548094987869263 117 192 124 198
class 0.7372192740440369 114 192 120 199
class 0.5700520277023315 133 193 139 199
class 0.5528630018234253 139 190 146 197
class 0.7392175793647766 135 192 142 199
class 0.3357759118080139 142 191 147 197
class 0.7703777551651001 151 191 157 199
class 0.6700302362442017 148 190 155 199
class 0.8368421792984009 163 188 170 197
class 0.8149468302726746 173 189 179 196
class 0.3508487045764923 168 188 175 196
