class 0.5633394122123718 4 0 9 5
class 0.8827023506164551 43 3 49 9
class 0.886955738067627 83 1 90 8
class 0.6001779437065125 107 2 113 9
class 0.6454890966415405 103 2 110 10
class 0.7788472175598145 116 0 122 6
class 0.6788598299026489 114 0 120 6
class 0.8469429612159729 148 2 154 9
class 0.8820010423660278 162 0 168 6
class 0.4467255473136902 181 0 185 4
class 0.9323849081993103 4 15 10 23
class 0.43161100149154663 3 13 6 23
class 0.642113447189331 36 11 43 19
class 0.5322476625442505 43 12 49 19
class 0.8453876376152039 83 14 89 21
class 0.6066943407058716 122 12 128 20
class 0.7429980039596558 125 14 132 21
class 0.32092928886413574 153 12 159 20
class 0.7407903671264648 154 11 163 22
class 0.3296547830104828 156 8 163 18
class 0.366729199886322 0 22 5 29
class 0.8319199085235596 16 25 22 33
class 0.3788203001022339 21 22 27 30
class 0.6557154655456543 34 17 42 26
class 0.8242570161819458 42 22 49 29
class 0.6495892405509949 80 25 86 33
class 0.49571892619132996 96 21 103 28
class 0.703992486000061 93 18 102 27
class 0.8292103409767151 105 23 112 32
class 0.5126070976257324 104 20 111 29
class 0.8056284785270691 122 26 128 34
class 0.6429667472839355 143 18 149 27
class 0.7015112042427063 160 24 166 31
class 0.7650692462921143 156 23 164 33
class 0.4173254668712616 162 22 170 30
class 0.5646467804908752 169 22 176 30
class 0.8428357839584351 165 22 174 32
class 0.7299706339836121 179 23 185 32
class 0.34477487206459045 176 18 186 32
class 0.7885335683822632 195 25 199 33
class 0.40856099128723145 194 22 199 31
class 0.7999718189239502 6 34 11 42
class 0.8898974657058716 35 29 42 37
class 0.7919346690177917 48 36 54 43
class 0.3015543520450592 46 33 55 42
class 0.7679575681686401 56 36 62 43
class 0.48355597257614136 53 34 60 43
class 0.31043922901153564 69 35 76 42
class 0.6445910930633545 76 36 83 44
class 0.6319145560264587 72 35 80 45
class 0.6477525234222412 103 31 109 39
class 0.8713877201080322 121 35 127 44
class 0.730305016040802 132 33 138 40
class 0.6842312216758728 133 35 141 43
class 0.8294394612312317 163 36 169 44
class 0.8196922540664673 174 36 180 43
class 0.4518766701221466 172 32 181 41
class 0.31832340359687805 179 32 185 38
class 0.6132780313491821 176 28 186 37
class 0.7505058646202087 194 30 199 38
class 0.8169435858726501 3 46 8 54
class 0.45194360613822937 0 45 4 55
class 0.5785753726959229 27 46 33 54
class 0.34182149171829224 48 44 55 53
class 0.5893300771713257 50 47 57 55
class 0.8392114043235779 83 44 90 52
class 0.7693136930465698 110 44 116 51
class 0.6257808804512024 124 46 132 55
class 0.8905124664306641 185 40 190 49
class 0.3961666524410248 1 52 4 58
class 0.30314669013023376 0 52 2 62
class 0.8742229342460632 16 55 22 63
class 0.3575623631477356 26 53 32 61
class 0.5119292140007019 29 51 35 59
class 0.7011365294456482 50 55 56 63
class 0.5131585001945496 51 50 57 59
class 0.7789654731750488 64 53 70 60
class 0.7685310244560242 103 56 111 65
class 0.8718467950820923 122 56 127 65
class 0.36787348985671997 126 48 135 59
class 0.6997830867767334 141 55 147 64
class 0.49994826316833496 136 52 144 61
class 0.45524805784225464 144 55 152 64
class 0.7953665852546692 170 54 177 61
class 0.5513595342636108 167 51 174 59
class 0.7666635513305664 17 66 22 74
class 0.37194448709487915 13 64 21 75
class 0.46138304471969604 24 65 30 73
class 0.5887773633003235 19 62 26 72
class 0.6185592412948608 28 67 36 75
class 0.6623212695121765 111 61 117 70
class 0.601408064365387 118 68 124 76
class 0.7949745059013367 114 68 121 76
class 0.6349660158157349 129 65 135 72
class 0.7221963405609131 125 66 133 75
class 0.43856024742126465 130 62 139 72
class 0.7060753703117371 138 62 145 69
class 0.6553745269775391 135 61 142 71
class 0.7750288844108582 160 66 166 74
class 0.4393789768218994 173 61 179 69
class 0.8095065355300903 179 62 186 70
class 0.8234443664550781 195 61 199 69
class 0.8437478542327881 3 77 9 85
class 0.3933075964450836 0 75 4 86
class 0.7241567373275757 15 77 20 85
class 0.652800977230072 10 75 17 86
class 0.3763532042503357 16 75 21 83
class 0.6411350965499878 38 78 44 86
class 0.41568025946617126 40 77 47 85
class 0.6310890913009644 55 77 60 84
class 0.6914507746696472 51 75 57 84
class 0.3429095447063446 57 76 63 83
class 0.4024254083633423 64 78 70 86
class 0.7309749126434326 61 78 67 85
class 0.5960952639579773 92 73 98 80
class 0.8024893403053284 103 71 109 80
class 0.6882224678993225 130 77 136 84
class 0.6238535046577454 126 73 133 82
class 0.7366962432861328 137 78 144 85
class 0.8164777159690857 152 75 158 83
class 0.35637161135673523 152 72 157 79
class 0.6081775426864624 191 77 196 84
class 0.6748330593109131 188 76 195 87
class 0.7354158163070679 0 86 5 93
class 0.5529186129570007 0 86 2 94
class 0.6896260976791382 17 84 23 92
class 0.7148199081420898 20 87 27 95
class 0.6871737241744995 49 86 54 94
class 0.6184343099594116 69 82 75 90
class 0.6719005107879639 85 85 91 92
class 0.8749919533729553 81 86 88 95
class 0.6845633387565613 134 86 141 94
class 0.7668159008026123 157 87 164 96
class 0.8672658801078796 195 89 199 97
class 0.8923771381378174 3 92 9 99
class 0.6255711913108826 21 98 28 106
class 0.7383648157119751 18 95 26 105
class 0.30310729146003723 20 92 28 102
class 0.8233537077903748 46 93 53 102
class 0.8109239935874939 58 94 64 102
class 0.39633435010910034 65 96 72 104
class 0.6958892941474915 60 92 68 101
class 0.7640563249588013 73 96 80 104
class 0.8125291466712952 86 98 92 106
class 0.820402979850769 99 93 105 101
class 0.7135493755340576 141 95 147 104
class 0.783957302570343 151 95 157 102
class 0.5166166424751282 146 95 155 105
class 0.7854850888252258 4 109 11 116
class 0.780381441116333 11 104 17 112
class 0.6611791253089905 26 102 32 111
class 0.7274346351623535 44 110 50 118
class 0.5518185496330261 55 110 61 117
class 0.6156746745109558 52 109 58 117
class 0.5751693844795227 85 109 91 117
class 0.7874511480331421 105 106 111 114
class 0.8223658800125122 118 110 125 117
class 0.48708292841911316 141 108 147 115
class 0.5407313704490662 137 101 146 112
class 0.6952176690101624 146 107 153 115
class 0.7978472709655762 163 107 169 115
class 0.7174242734909058 188 107 196 117
class 0.8911665678024292 4 119 10 127
class 0.7677068114280701 10 116 16 124
class 0.8581402897834778 32 119 38 127
class 0.8135911226272583 55 117 61 124
class 0.7616065740585327 52 117 59 125
class 0.4536122679710388 85 114 91 122
class 0.7952194809913635 116 119 121 127
class 0.6777219176292419 131 119 137 126
class 0.4420578181743622 127 116 142 128
class 0.4607544541358948 139 117 144 125
class 0.7374627590179443 134 119 142 127
class 0.3261554539203644 137 114 145 122
class 0.37223413586616516 184 121 190 128
class 0.516453206539154 195 116 199 125
class 0.3925892412662506 193 114 199 123
class 0.6681848764419556 49 129 54 137
class 0.6020907163619995 95 128 101 136
class 0.8572255373001099 92 129 99 138
class 0.44778764247894287 108 127 115 135
class 0.6647627949714661 104 124 112 132
class 0.7118706107139587 113 130 119 138
class 0.8221458792686462 140 124 147 132
class 0.8570553660392761 152 130 158 137
class 0.7109969854354858 174 129 181 137
class 0.5501078367233276 181 127 186 134
class 0.4639345705509186 177 128 183 138
class 0.7308793663978577 195 129 199 137
class 0.5149067044258118 191 127 198 136
class 0.42855918407440186 195 126 199 135
class 0.638321578502655 4 135 11 143
class 0.4661097228527069 14 138 21 146
class 0.4827815294265747 8 134 17 145
class 0.8088191151618958 18 138 25 147
class 0.30246254801750183 20 135 26 144
class 0.7059542536735535 34 136 40 145
class 0.3623092472553253 36 136 43 146
class 0.8062877655029297 44 141 50 149
class 0.38895970582962036 70 141 75 148
class 0.7299445867538452 75 136 80 144
class 0.7886214852333069 71 138 79 147
class 0.6406039595603943 102 142 109 149
class 0.8535249829292297 130 141 137 149
class 0.618005096912384 126 137 133 144
class 0.7930116653442383 153 141 159 150
class 0.6594542860984802 162 141 168 149
class 0.6842369437217712 181 134 186 142
class 0.8204919099807739 194 135 199 143
class 0.7910048365592957 3 152 9 160
class 0.36807018518447876 0 150 4 159
class 0.6842538118362427 12 148 18 155
class 0.5689241886138916 8 148 17 158
class 0.8018198013305664 36 149 42 157
class 0.5909603238105774 33 147 41 155
class 0.7307678461074829 84 147 91 154
class 0.6714679598808289 110 148 116 156
class 0.5612752437591553 106 147 113 155
class 0.7345225811004639 116 149 123 157
class 0.5666688084602356 115 146 121 154
class 0.8538405895233154 133 151 138 159
class 0.5829722285270691 131 149 136 157
class 0.32957568764686584 134 148 138 154
class 0.7387271523475647 161 151 167 159
class 0.7531917691230774 157 150 165 159
class 0.4803995192050934 163 149 170 156
class 0.7485860586166382 181 151 187 158
class 0.6387820839881897 178 147 185 157
class 0.5652096271514893 193 153 198 160
class 0.7199383974075317 190 152 195 160
class 0.3812197744846344 4 156 9 163
class 0.7213737368583679 32 160 38 168
class 0.7531216740608215 30 162 37 170
class 0.8527697324752808 84 155 90 164
class 0.8260578513145447 115 159 121 168
class 0.38546323776245117 115 158 120 163
class 0.758509635925293 151 162 156 170
class 0.7184781432151794 175 159 180 167
class 0.8051005601882935 183 161 189 169
class 0.47278228402137756 180 158 186 168
class 0.42187997698783875 185 159 190 166
class 0.800688624382019 195 161 199 169
class 0.4068281352519989 190 160 197 169
class 0.39434337615966797 192 156 197 163
class 0.5280370712280273 196 159 199 165
class 0.8665872812271118 6 171 12 178
class 0.7480564117431641 13 172 18 179
class 0.5084604620933533 9 170 15 179
class 0.37089383602142334 11 168 16 174
class 0.7788217067718506 45 170 51 177
class 0.8687920570373535 116 171 122 180
class 0.674280047416687 133 169 138 178
class 0.735256016254425 148 171 154 179
class 0.36676013469696045 149 167 155 175
class 0.6408991813659668 163 172 169 181
class 0.30542317032814026 161 172 167 181
class 0.5983351469039917 168 168 174 176
class 0.3787488043308258 166 169 172 178
class 0.5445024967193604 168 166 173 172
class 0.6380155086517334 185 172 190 180
class 0.3154771327972412 185 169 190 176
class 0.41637367010116577 190 167 196 175
class 0.646647572517395 187 166 193 176
class 0.3858192265033722 2 183 8 189
class 0.83146071434021 11 177 18 184
class 0.595821738243103 9 179 15 186
class 0.643344521522522 38 178 44 186
class 0.7915034294128418 42 181 48 189
class 0.3680500388145447 40 176 48 187
class 0.6565361022949219 65 177 72 185
class 0.7149749398231506 97 179 103 187
class 0.7268091440200806 93 178 101 187
class 0.8214202523231506 106 181 113 188
class 0.5989236831665039 103 179 111 188
class 0.8006990551948547 124 177 131 184
class 0.48169153928756714 152 179 158 188
class 0.8504982590675354 156 182 162 189
class 0.6564542055130005 166 179 173 188
class 0.5374734401702881 167 177 173 184
class 0.5241464376449585 184 175 189 184
class 0.7266607880592346 192 183 198 191
class 0.7322144508361816 189 182 197 191
class 0.43847963213920593 193 181 199 189
class 0.9093941450119019 6 192 13 199
class 0.34711289405822754 8 192 9 197
class 0.7501544952392578 26 188 32 195
class 0.4043649137020111 24 189 30 197
class 0.7838637828826904 47 194 53 199
class 0.7110368013381958 117 193 123 199
class 0.3489827811717987 132 195 139 199
class 0.6884275674819946 140 190 146 197
class 0.7986742854118347 136 192 142 199
class 0.812806248664856 163 188 170 196
class 0.4167220890522003 161 188 167 197
class 0.7042968273162842 173 190 180 197
class 0.3384513854980469 169 188 175 196
