class 0.8824467062950134 44 2 49 9
class 0.5802659392356873 41 4 47 10
class 0.30151036381721497 117 0 123 5
class 0.8822378516197205 147 2 153 10
class 0.8503246903419495 162 0 168 6
class 0.48303475975990295 36 11 43 19
class 0.5297827124595642 43 12 49 19
class 0.3136739730834961 41 7 49 16
class 0.7181090712547302 81 14 89 23
class 0.7004634737968445 122 14 131 23
class 0.35344502329826355 153 12 159 20
class 0.7802592515945435 154 10 163 21
class 0.8070787787437439 17 25 23 33
class 0.5188583731651306 36 21 42 29
class 0.6929606199264526 34 16 43 28
class 0.8124815821647644 42 23 49 30
class 0.684952437877655 80 25 86 33
class 0.6656720638275146 93 17 103 29
class 0.7908874750137329 105 23 112 32
class 0.5319880843162537 103 18 112 32
class 0.6887866258621216 142 18 148 26
class 0.8124629855155945 160 24 168 32
class 0.46448150277137756 162 23 170 30
class 0.5664596557617188 171 21 178 29
class 0.6309962272644043 166 20 175 31
class 0.7239106893539429 178 24 185 32
class 0.803404688835144 195 26 199 34
class 0.8269163966178894 5 36 10 43
class 0.38223397731781006 4 33 6 45
class 0.38341599702835083 7 35 15 44
class 0.8629413843154907 35 29 42 37
class 0.4403383135795593 69 35 75 43
class 0.5002308487892151 76 36 82 43
class 0.5645015239715576 71 34 80 45
class 0.580551266670227 105 31 111 38
class 0.8307334780693054 120 35 127 43
class 0.7496833205223083 132 32 138 40
class 0.5843563079833984 133 35 141 44
class 0.8621872663497925 163 36 169 45
class 0.7318562865257263 174 35 180 42
class 0.46944665908813477 179 32 186 39
class 0.6438584327697754 176 27 187 38
class 0.6813233494758606 194 30 199 38
class 0.7728396654129028 49 45 57 55
class 0.801066517829895 83 44 90 52
class 0.7735275626182556 109 44 116 52
class 0.37061795592308044 124 45 132 55
class 0.8834528923034668 185 40 191 49
class 0.819747805595398 15 54 21 62
class 0.4573837220668793 28 50 35 58
class 0.7737171649932861 49 55 57 65
class 0.7824150323867798 64 52 70 60
class 0.7237510085105896 103 56 111 66
class 0.8718758225440979 122 56 127 64
class 0.6763633489608765 141 55 147 63
class 0.5199477672576904 137 50 145 59
class 0.5000752210617065 144 55 151 64
class 0.8088950514793396 170 53 177 61
class 0.5504709482192993 167 51 174 59
class 0.7464795708656311 16 66 22 74
class 0.3560880720615387 15 64 23 71
class 0.4745698571205139 24 65 31 73
class 0.5499843955039978 18 61 27 72
class 0.5567741394042969 28 67 36 75
class 0.7226689457893372 111 61 117 70
class 0.30897057056427 109 60 115 68
class 0.6231582760810852 119 68 125 75
class 0.6947360038757324 114 67 121 76
class 0.6559054851531982 129 64 135 72
class 0.7701471447944641 125 66 133 76
class 0.41493138670921326 130 63 139 72
class 0.7769033908843994 139 62 146 69
class 0.6240909099578857 136 61 143 70
class 0.8033198118209839 160 66 167 74
class 0.7138568758964539 156 65 165 75
class 0.43620362877845764 173 61 179 68
class 0.7685591578483582 180 62 187 70
class 0.8054000735282898 195 61 199 69
class 0.8978593945503235 3 76 9 84
class 0.39958909153938293 1 75 4 85
class 0.3119446635246277 5 76 7 84
class 0.7852514982223511 16 77 21 84
class 0.47916555404663086 12 74 19 85
class 0.6789101958274841 39 77 47 86
class 0.8510820865631104 52 75 58 83
class 0.31584304571151733 95 72 103 80
class 0.7032738924026489 91 72 99 79
class 0.7284464240074158 103 71 109 79
class 0.7213354110717773 130 76 136 84
class 0.630413293838501 126 73 133 81
class 0.6985506415367126 137 77 143 85
class 0.8000181913375854 153 76 159 84
class 0.4258069097995758 151 71 157 80
class 0.6680687665939331 187 77 195 87
class 0.6431179642677307 0 86 6 93
class 0.4847506880760193 0 85 2 95
class 0.714562714099884 17 85 23 92
class 0.6186354160308838 21 87 28 95
class 0.6331506967544556 52 87 59 95
class 0.7345267534255981 69 82 75 89
class 0.7902159094810486 90 83 95 91
class 0.8566232323646545 195 89 199 97
class 0.6588930487632751 193 86 199 95
class 0.9014177918434143 2 92 9 99
class 0.3439525365829468 1 93 5 102
class 0.609293520450592 22 99 29 107
class 0.7611458897590637 18 96 27 105
class 0.8583524823188782 46 93 53 101
class 0.39783427119255066 65 96 72 104
class 0.7402159571647644 61 92 69 101
class 0.8013598322868347 74 96 81 104
class 0.8422337174415588 86 98 92 106
class 0.8459232449531555 99 94 105 102
class 0.658185601234436 142 95 147 103
class 0.4427049458026886 138 97 146 105
class 0.31467297673225403 144 97 151 106
class 0.5817545056343079 4 109 10 116
class 0.6531006693840027 11 103 17 112
class 0.6681336760520935 25 103 32 111
class 0.754912257194519 44 110 51 117
class 0.7206535339355469 41 110 48 118
class 0.5266140103340149 55 109 61 116
class 0.48434388637542725 51 109 58 118
class 0.6503706574440002 84 109 91 118
class 0.6060467958450317 101 109 107 117
class 0.7368641495704651 104 105 111 113
class 0.636393129825592 118 110 124 117
class 0.3421929180622101 140 104 148 112
class 0.366495281457901 137 101 146 110
class 0.8094744086265564 146 107 153 116
class 0.368958443403244 146 104 152 112
class 0.8149358034133911 163 107 169 115
class 0.301038533449173 162 104 168 111
class 0.7002824544906616 189 107 196 117
class 0.8746173977851868 4 118 10 126
class 0.7518038749694824 9 117 16 125
class 0.8086535334587097 54 116 60 123
class 0.45296669006347656 85 114 91 122
class 0.8162458539009094 115 118 121 126
class 0.6472436785697937 131 120 137 127
class 0.33190056681632996 129 116 140 127
class 0.3130483031272888 134 121 141 129
class 0.5104184150695801 195 117 199 126
class 0.6051879525184631 48 130 54 137
class 0.5346930623054504 95 127 102 136
class 0.8128727078437805 92 129 100 138
class 0.3864421546459198 108 128 115 135
class 0.655832052230835 104 123 112 132
class 0.7315264940261841 112 130 120 138
class 0.5607891082763672 138 124 144 133
class 0.8097529411315918 152 130 158 137
class 0.7834858298301697 174 129 181 137
class 0.5022695660591125 180 128 186 135
class 0.6920140981674194 194 129 199 137
class 0.5650489926338196 191 127 197 136
class 0.36706891655921936 195 126 199 134
class 0.5011801719665527 21 138 27 146
class 0.7751967310905457 18 139 25 147
class 0.6700512766838074 33 136 39 144
class 0.8430728316307068 43 141 49 148
class 0.3510488271713257 70 141 75 149
class 0.6460126638412476 74 136 80 144
class 0.8275427222251892 71 139 78 147
class 0.31423497200012207 79 136 85 144
class 0.7131809592247009 103 142 109 149
class 0.7755506634712219 130 141 136 148
class 0.628681480884552 126 137 135 146
class 0.7265584468841553 153 141 159 149
class 0.766833484172821 181 134 187 142
class 0.8122062087059021 194 135 199 143
class 0.8590120077133179 3 152 9 160
class 0.3273136019706726 1 150 4 160
class 0.8656288981437683 11 148 18 156
class 0.5226025581359863 38 153 43 159
class 0.7907821536064148 84 147 91 155
class 0.6388611197471619 109 148 116 156
class 0.6260498762130737 106 148 112 155
class 0.7131722569465637 132 149 138 156
class 0.6172029376029968 159 149 166 157
class 0.8102877736091614 156 151 163 159
class 0.3431248068809509 163 148 169 155
class 0.5719833970069885 196 153 199 159
class 0.3217305541038513 194 150 199 160
class 0.3343573212623596 3 156 9 163
class 0.7295500636100769 33 160 39 168
class 0.7175582647323608 31 162 37 171
class 0.8018903136253357 84 156 90 164
class 0.8037649393081665 115 158 122 167
class 0.7445573210716248 174 161 180 168
class 0.7978886365890503 182 162 188 169
class 0.47442495822906494 179 159 186 169
class 0.8389565348625183 195 159 199 167
class 0.4308443069458008 192 160 198 169
class 0.31321680545806885 194 157 199 163
class 0.8487287759780884 6 172 12 179
class 0.5483220815658569 10 172 16 179
class 0.5351657867431641 132 170 138 178
class 0.39478299021720886 128 166 141 179
class 0.716651976108551 149 172 155 181
class 0.5511878728866577 162 172 168 180
class 0.5528691411018372 159 171 166 180
class 0.48715928196907043 168 168 174 176
class 0.6528595089912415 184 172 189 180
class 0.3228680491447449 185 169 190 176
class 0.6448152661323547 186 166 193 177
class 0.8672242760658264 11 177 18 184
class 0.8649799823760986 27 184 33 192
class 0.38587677478790283 37 178 44 186
class 0.7981106042861938 42 181 49 189
class 0.44136103987693787 41 176 48 187
class 0.6776349544525146 65 177 71 185
class 0.7138134241104126 96 178 103 186
class 0.8009819984436035 107 180 113 188
class 0.7740848660469055 123 176 131 185
class 0.7735859155654907 156 182 163 191
class 0.7332773208618164 166 180 172 189
class 0.39197292923927307 166 178 173 184
class 0.6330904960632324 181 175 187 184
class 0.40697646141052246 178 176 186 187
class 0.8322654962539673 194 184 199 191
class 0.7861211895942688 47 194 53 199
class 0.7356698513031006 117 193 123 199
class 0.8145735263824463 163 191 169 199
class 0.5445458889007568 160 191 167 199
class 0.7616930603981018 174 190 179 197
class 0.313320130109787 169 188 176 197
