class 0.8835016489028931 44 2 50 10
class 0.5533357858657837 41 4 48 10
class 0.6171095967292786 117 0 123 4
class 0.9235535264015198 147 2 154 9
class 0.9090728163719177 163 0 169 5
class 0.4957817494869232 36 11 42 20
class 0.5193213224411011 43 12 49 19
class 0.31216946244239807 41 6 50 17
class 0.7055447101593018 81 15 89 24
class 0.624203622341156 157 9 163 17
class 0.7022085785865784 34 16 43 28
class 0.7993540167808533 42 22 49 30
class 0.6895474791526794 80 24 86 31
class 0.635043203830719 93 18 103 28
class 0.7649365067481995 106 24 112 33
class 0.46123722195625305 104 19 113 32
class 0.6751779317855835 142 19 148 26
class 0.8303067684173584 158 24 163 32
class 0.6553439497947693 173 20 180 28
class 0.7266367673873901 179 24 185 33
class 0.8194268345832825 6 36 11 43
class 0.8384231328964233 35 30 42 38
class 0.7173457145690918 76 36 83 44
class 0.600687563419342 73 34 81 44
class 0.5543686151504517 103 29 111 39
class 0.6620686650276184 131 33 137 40
class 0.5508299469947815 133 35 141 43
class 0.8202833533287048 163 36 169 44
class 0.5608465075492859 174 35 180 42
class 0.7017590999603271 175 31 185 41
class 0.7052491903305054 49 46 57 55
class 0.8048264384269714 110 44 116 52
class 0.5001799464225769 124 46 132 55
class 0.8661653995513916 185 40 191 48
class 0.7981438040733337 15 54 21 62
class 0.33743107318878174 14 50 20 60
class 0.3044198155403137 49 53 54 61
class 0.7894014120101929 49 54 58 65
class 0.7464519143104553 63 52 70 60
class 0.7335147857666016 103 56 111 65
class 0.8754221796989441 122 57 127 64
class 0.7061638832092285 142 56 148 64
class 0.4109238088130951 137 52 144 61
class 0.4547189176082611 144 55 151 64
class 0.8390180468559265 171 54 177 62
class 0.5216492414474487 168 51 174 60
class 0.7405168414115906 16 66 22 74
class 0.33436527848243713 14 63 23 72
class 0.41712480783462524 25 65 31 73
class 0.4508214592933655 19 62 27 72
class 0.6224722862243652 29 66 36 75
class 0.6866790056228638 111 62 117 70
class 0.32431745529174805 109 60 116 68
class 0.5834922790527344 118 68 124 75
class 0.8107070922851562 114 67 121 76
class 0.6735501289367676 129 64 135 72
class 0.7464473843574524 125 67 132 75
class 0.3502161502838135 132 63 137 71
class 0.7433483600616455 139 62 146 70
class 0.5859145522117615 136 61 143 70
class 0.7694253325462341 161 65 167 73
class 0.7039939761161804 157 64 166 74
class 0.3211596608161926 173 61 179 68
class 0.7727972865104675 180 62 187 70
class 0.7894353866577148 195 60 199 69
class 0.870640218257904 2 77 7 84
class 0.3647048771381378 0 76 3 86
class 0.7610204815864563 17 77 22 84
class 0.3275233507156372 14 74 20 85
class 0.6066941618919373 38 78 44 86
class 0.858993649482727 53 76 58 84
class 0.7169649600982666 91 72 99 79
class 0.7544732093811035 103 70 110 79
class 0.6677404642105103 129 76 135 84
class 0.7183646559715271 125 74 132 82
class 0.3667396306991577 132 75 137 82
class 0.695726215839386 137 77 143 86
class 0.7906697988510132 153 76 158 84
class 0.3688370883464813 152 72 158 79
class 0.7076202034950256 188 77 195 86
class 0.6968702077865601 0 86 5 93
class 0.43090781569480896 0 86 2 94
class 0.6874915361404419 17 84 23 92
class 0.6950492858886719 20 87 27 95
class 0.6850931644439697 69 82 75 90
class 0.7877911329269409 90 83 96 91
class 0.8479903936386108 195 89 199 97
class 0.6419082880020142 193 86 199 95
class 0.8914741277694702 2 92 9 99
class 0.3262763023376465 1 92 5 102
class 0.6181920170783997 23 99 29 107
class 0.7502137422561646 18 96 27 105
class 0.8579213619232178 46 92 53 101
class 0.45759761333465576 65 96 71 103
class 0.739031970500946 60 92 69 102
class 0.8201392889022827 73 95 80 103
class 0.8760621547698975 87 98 93 106
class 0.8939911723136902 99 94 106 101
class 0.4389820396900177 97 94 103 103
class 0.6377392411231995 141 95 148 104
class 0.46397116780281067 138 97 146 105
class 0.47355225682258606 4 109 10 117
class 0.6685474514961243 10 103 16 111
class 0.7128298878669739 26 103 32 111
class 0.7835311889648438 45 110 51 117
class 0.7364281415939331 42 109 49 117
class 0.702928364276886 54 109 61 116
class 0.42333346605300903 83 110 90 118
class 0.7568933963775635 105 106 111 114
class 0.6824511885643005 102 107 110 115
class 0.5044419169425964 140 105 147 112
class 0.5287618041038513 137 102 145 112
class 0.6676509380340576 146 107 153 116
class 0.300833135843277 145 104 152 112
class 0.7646222710609436 164 108 169 115
class 0.6746871471405029 189 107 196 117
class 0.8563573360443115 4 117 10 125
class 0.7195658683776855 10 117 16 125
class 0.40243157744407654 85 113 91 121
class 0.7763544321060181 116 114 123 123
class 0.6880295276641846 131 119 136 126
class 0.4219437539577484 134 121 141 129
class 0.5144305229187012 195 116 199 125
class 0.658548891544342 49 129 54 137
class 0.5582839250564575 95 127 101 136
class 0.8060643076896667 92 129 99 138
class 0.4377059042453766 108 128 115 136
class 0.6601969599723816 104 124 112 132
class 0.7265833616256714 112 131 120 138
class 0.6116860508918762 138 125 144 133
class 0.8179319500923157 152 129 158 137
class 0.6973320245742798 175 128 181 136
class 0.40382298827171326 180 127 186 135
class 0.667109489440918 194 130 199 137
class 0.5794834494590759 191 127 197 136
class 0.39600327610969543 195 127 199 135
class 0.7732146978378296 43 141 50 148
class 0.4335429072380066 70 141 75 149
class 0.6503704190254211 75 136 81 144
class 0.7669525742530823 71 138 78 147
class 0.30514562129974365 79 136 85 144
class 0.6385465860366821 103 143 109 149
class 0.7829902768135071 130 141 136 148
class 0.6338523626327515 127 138 135 146
class 0.7800996899604797 153 141 159 150
class 0.7043278217315674 181 134 188 142
class 0.7848411202430725 194 135 199 143
class 0.8201892971992493 3 152 9 160
class 0.3538517653942108 0 151 3 160
class 0.8587475419044495 11 148 18 156
class 0.410629540681839 9 149 15 157
class 0.6904529333114624 38 152 43 160
class 0.7887035608291626 84 147 91 155
class 0.688174307346344 109 147 116 155
class 0.6154943704605103 106 147 112 155
class 0.7394776344299316 132 148 138 156
class 0.6322094202041626 160 149 166 158
class 0.8203322887420654 157 150 164 158
class 0.41690877079963684 163 148 170 155
class 0.41228142380714417 195 151 199 158
class 0.4241737425327301 4 156 8 163
class 0.6579942107200623 32 160 39 168
class 0.7383040189743042 30 163 36 170
class 0.783856987953186 84 156 90 164
class 0.7585180997848511 116 158 122 167
class 0.7059371471405029 174 160 181 168
class 0.7549861073493958 183 162 189 169
class 0.5319784879684448 178 160 186 169
class 0.5383607149124146 132 170 138 178
class 0.746006190776825 149 172 155 180
class 0.5817438960075378 162 172 169 180
class 0.534110963344574 159 171 166 180
class 0.45540645718574524 169 168 175 175
class 0.429110586643219 165 167 173 177
class 0.5915132164955139 184 173 189 181
class 0.5285196900367737 190 168 195 176
class 0.7090498805046082 186 168 194 177
class 0.8985551595687866 14 177 20 184
class 0.8800264000892639 27 184 33 191
class 0.6448916792869568 65 177 71 185
class 0.721558153629303 96 179 103 186
class 0.8071339130401611 108 181 114 189
class 0.3585296869277954 105 177 113 188
class 0.6583603620529175 126 178 133 186
class 0.77260422706604 123 176 131 185
class 0.7860822081565857 155 181 163 190
class 0.3024853467941284 157 177 165 185
class 0.7248526215553284 168 182 175 191
class 0.7130670547485352 183 175 188 184
class 0.4399867057800293 179 177 187 186
class 0.768163800239563 47 194 53 199
class 0.7247111201286316 118 193 124 199
class 0.3188568949699402 151 193 157 199
class 0.8122509717941284 163 190 169 198
class 0.7563714385032654 174 191 180 198
