class 0.6507896184921265 4 0 10 5
class 0.8924858570098877 43 3 49 9
class 0.3487459719181061 80 2 85 8
class 0.8009827136993408 85 1 91 9
class 0.6209372282028198 82 1 88 8
class 0.5678461790084839 99 3 105 9
class 0.38575997948646545 95 0 101 6
class 0.7272175550460815 107 4 112 11
class 0.7177594304084778 103 5 109 12
class 0.42237916588783264 115 0 121 6
class 0.6610208749771118 113 0 119 5
class 0.9000421166419983 147 2 153 10
class 0.8383747935295105 161 0 167 7
class 0.8539147973060608 181 1 186 7
class 0.9192466735839844 4 15 10 23
class 0.44139736890792847 2 14 5 24
class 0.6644269227981567 36 12 42 19
class 0.5433008074760437 44 12 50 19
class 0.5233114361763 74 12 80 20
class 0.7685052156448364 71 11 77 20
class 0.30816850066185 72 9 79 17
class 0.7882921099662781 83 13 89 21
class 0.4864022731781006 105 10 111 18
class 0.487657368183136 104 8 110 15
class 0.47212061285972595 122 12 128 19
class 0.7561110854148865 126 14 132 21
class 0.7113099098205566 154 10 164 22
class 0.4153294563293457 0 22 5 28
class 0.806675374507904 15 26 21 33
class 0.43972644209861755 17 21 26 31
class 0.6877648830413818 34 17 42 27
class 0.8101018667221069 42 22 49 29
class 0.6598821878433228 79 25 86 33
class 0.7198593020439148 93 18 102 28
class 0.8360450863838196 105 23 112 32
class 0.527929961681366 104 18 112 30
class 0.7748729586601257 121 26 128 34
class 0.5447297692298889 123 23 131 32
class 0.312066912651062 125 19 131 27
class 0.8296607732772827 138 25 144 33
class 0.7089563608169556 160 24 167 32
class 0.7780175805091858 156 23 164 34
class 0.4721594750881195 162 22 170 30
class 0.6292960047721863 170 23 176 30
class 0.8213913440704346 165 22 175 32
class 0.32141897082328796 172 21 180 30
class 0.7122383713722229 179 24 185 33
class 0.41015860438346863 176 19 185 32
class 0.7941673994064331 195 25 199 33
class 0.8434097766876221 6 35 11 42
class 0.4272066354751587 13 30 18 37
class 0.3426288366317749 7 30 16 41
class 0.8659017086029053 34 29 40 37
class 0.7096720933914185 48 35 54 43
class 0.6964278817176819 57 36 63 43
class 0.3788259029388428 52 34 61 43
class 0.5927206873893738 75 36 82 44
class 0.6481396555900574 72 35 79 45
class 0.5748687386512756 102 31 110 39
class 0.3823623061180115 104 28 110 37
class 0.8177024722099304 119 34 125 43
class 0.7803782224655151 132 33 137 40
class 0.33396682143211365 127 31 135 40
class 0.47028690576553345 137 34 142 40
class 0.7447841167449951 133 34 142 44
class 0.8533925414085388 163 37 168 44
class 0.7633477449417114 174 35 179 42
class 0.3867226839065552 171 32 182 41
class 0.35140711069107056 179 32 185 38
class 0.7090747952461243 177 27 186 37
class 0.7386819124221802 194 31 199 38
class 0.789000391960144 3 46 8 53
class 0.41224730014801025 0 45 4 56
class 0.5620555281639099 27 46 33 53
class 0.680252194404602 49 45 54 53
class 0.6921600103378296 55 45 61 52
class 0.6923014521598816 50 46 59 55
class 0.3724946677684784 59 42 63 48
class 0.8078035712242126 82 43 89 52
class 0.8009373545646667 110 44 116 52
class 0.47445401549339294 124 46 132 55
class 0.9065316915512085 185 40 190 49
class 0.4829583466053009 0 52 4 58
class 0.3415575921535492 0 52 2 62
class 0.8807242512702942 16 55 22 63
class 0.38695091009140015 26 52 32 60
class 0.6281111836433411 31 52 38 60
class 0.7165324091911316 50 53 56 61
class 0.47437357902526855 50 50 57 58
class 0.7848942875862122 64 52 70 59
class 0.7520121335983276 103 56 111 65
class 0.8578221797943115 122 56 127 64
class 0.32289010286331177 126 48 133 58
class 0.6754467487335205 141 55 147 63
class 0.5056086182594299 136 52 144 60
class 0.44915688037872314 144 55 151 63
class 0.7446346282958984 170 53 176 61
class 0.5477541089057922 166 50 174 59
class 0.7370527386665344 16 65 22 74
class 0.44805029034614563 14 64 20 75
class 0.6128289103507996 25 66 31 74
class 0.4970971643924713 19 61 28 72
class 0.5119751691818237 28 66 36 75
class 0.6685974597930908 111 62 117 71
class 0.6504347920417786 118 68 124 76
class 0.7840769290924072 114 68 120 76
class 0.6869628429412842 130 64 135 72
class 0.7165701985359192 126 67 132 75
class 0.3169614374637604 128 62 134 70
class 0.3912842869758606 132 63 138 72
class 0.7497283816337585 139 62 146 69
class 0.6366345882415771 136 61 142 70
class 0.7721231579780579 160 67 167 74
class 0.7624216675758362 157 65 166 75
class 0.6695669889450073 173 61 179 68
class 0.8294293284416199 179 62 186 70
class 0.8234726786613464 195 61 199 68
class 0.874472975730896 3 77 8 85
class 0.3610099256038666 1 75 3 86
class 0.3446005582809448 4 76 6 84
class 0.7385076880455017 15 77 21 85
class 0.5695920586585999 11 73 19 85
class 0.6200077533721924 38 78 44 86
class 0.5826261043548584 55 77 60 84
class 0.7645748853683472 51 74 58 84
class 0.3988189697265625 56 75 64 84
class 0.45657050609588623 64 79 70 86
class 0.756463348865509 61 77 68 85
class 0.5722988247871399 90 74 96 82
class 0.3432876467704773 91 73 98 80
class 0.8145326375961304 103 71 108 79
class 0.737030029296875 130 77 136 84
class 0.6319196224212646 126 73 133 82
class 0.348174512386322 132 75 137 83
class 0.6888061761856079 137 78 144 85
class 0.8341561555862427 152 76 158 83
class 0.3955669701099396 152 72 157 79
class 0.5399700999259949 165 77 174 88
class 0.6502341628074646 188 76 196 87
class 0.577120840549469 1 86 5 93
class 0.6759148240089417 0 84 2 94
class 0.702221155166626 13 88 18 96
class 0.8579805493354797 10 88 16 98
class 0.6736974716186523 21 87 27 96
class 0.5661855340003967 49 86 54 93
class 0.8752315640449524 56 89 62 97
class 0.6984149217605591 53 89 59 97
class 0.3298557996749878 60 88 63 93
class 0.5110360383987427 68 83 74 90
class 0.5243744254112244 78 86 85 93
class 0.6705925464630127 85 85 92 93
class 0.8405835628509521 81 86 89 95
class 0.675885796546936 134 87 141 95
class 0.31695136427879333 135 83 141 90
class 0.8035315871238708 155 89 162 97
class 0.8553710579872131 195 89 199 96
class 0.6944130063056946 193 86 199 95
class 0.850324809551239 4 92 9 99
class 0.35764455795288086 15 96 20 103
class 0.571364164352417 22 99 29 107
class 0.7450377345085144 19 96 27 105
class 0.32324251532554626 20 93 28 101
class 0.8747885227203369 44 94 50 102
class 0.7252447009086609 41 93 47 102
class 0.5894362926483154 56 94 62 103
class 0.5038057565689087 51 94 59 103
class 0.3383124768733978 54 92 61 100
class 0.4624088406562805 65 96 72 104
class 0.6942390203475952 61 93 69 103
class 0.769048273563385 73 96 80 105
class 0.7609007358551025 85 98 92 106
class 0.3083958327770233 83 93 91 104
class 0.8442014455795288 98 95 104 103
class 0.7606050968170166 117 94 124 103
class 0.7569704651832581 140 96 145 104
class 0.5548051595687866 136 95 143 105
class 0.46681302785873413 141 94 148 103
class 0.7431544065475464 150 96 156 103
class 0.5833011865615845 146 96 154 105
class 0.3292699456214905 152 95 159 102
class 0.36042338609695435 174 96 180 103
class 0.41740885376930237 175 94 184 105
class 0.7975300550460815 4 109 10 117
class 0.7814708352088928 11 103 17 111
class 0.6437594294548035 26 102 32 111
class 0.7560079097747803 44 110 50 117
class 0.3249909281730652 46 108 53 116
class 0.41191309690475464 55 110 61 117
class 0.5186893343925476 51 108 59 117
class 0.6200373768806458 84 109 91 117
class 0.7679463624954224 104 106 111 114
class 0.8461166024208069 117 108 124 117
class 0.623801589012146 141 109 147 116
class 0.4395666718482971 137 102 145 111
class 0.6421432495117188 147 107 153 115
class 0.4431418776512146 146 104 153 112
class 0.7332397103309631 163 107 169 115
class 0.38771069049835205 161 103 168 111
class 0.8326879143714905 168 108 174 116
class 0.7210624814033508 188 107 196 117
class 0.9090122580528259 5 119 10 127
class 0.7421043515205383 10 116 16 124
class 0.8354020714759827 33 118 38 126
class 0.4003092646598816 30 114 40 126
class 0.7771186828613281 53 117 59 125
class 0.7720213532447815 51 120 58 128
class 0.8346575498580933 69 118 74 126
class 0.617023229598999 66 116 73 125
class 0.32635098695755005 85 114 91 122
class 0.7629653811454773 115 119 122 126
class 0.7365474104881287 128 118 136 127
class 0.5484246015548706 139 117 145 124
class 0.7146856188774109 135 119 142 127
class 0.3997993469238281 138 114 145 121
class 0.314866304397583 143 115 148 121
class 0.5205491185188293 195 116 199 125
class 0.757493257522583 48 128 54 136
class 0.7804625630378723 82 129 89 137
class 0.8231717348098755 93 130 100 138
class 0.4355848729610443 108 127 114 134
class 0.6412497758865356 103 123 112 132
class 0.7073381543159485 113 130 120 138
class 0.7918533086776733 139 124 145 132
class 0.8468778729438782 152 130 158 137
class 0.7011448740959167 175 128 181 136
class 0.4579138159751892 181 127 187 134
class 0.7524764537811279 194 130 199 138
class 0.53897625207901 191 128 198 136
class 0.4440827965736389 195 127 199 135
class 0.7229019403457642 4 135 11 143
class 0.430807888507843 13 138 19 146
class 0.6383825540542603 8 136 15 146
class 0.809909999370575 19 138 25 147
class 0.6967238783836365 33 138 39 146
class 0.36914679408073425 35 137 43 146
class 0.8270037174224854 44 141 50 148
class 0.628269374370575 69 139 75 146
class 0.7004691958427429 75 137 81 145
class 0.7813866138458252 72 138 78 148
class 0.30506274104118347 79 137 84 144
class 0.5530954599380493 103 142 109 149
class 0.3871769905090332 121 138 126 146
class 0.3086874485015869 116 138 122 146
class 0.83248370885849 130 141 137 149
class 0.5620632767677307 126 137 134 145
class 0.41123661398887634 153 141 159 149
class 0.861786961555481 162 142 168 150
class 0.460443913936615 159 141 165 149
class 0.6316668391227722 181 134 187 142
class 0.7829018235206604 194 135 199 143
class 0.6429777145385742 2 152 8 159
class 0.5083821415901184 0 150 3 159
class 0.753203809261322 11 149 17 157
class 0.8558681011199951 35 150 41 158
class 0.6404934525489807 33 147 40 156
class 0.6681360602378845 85 147 91 155
class 0.6258699297904968 107 149 114 157
class 0.7153355479240417 103 148 112 158
class 0.7047661542892456 117 149 123 158
class 0.5567464232444763 115 145 122 155
class 0.8123132586479187 132 151 138 159
class 0.6225343942642212 130 150 135 158
class 0.39817702770233154 133 148 138 155
class 0.764941930770874 162 152 168 160
class 0.7343104481697083 157 151 164 159
class 0.3723205029964447 165 150 169 156
class 0.329212486743927 165 151 172 159
class 0.7276510000228882 181 150 186 157
class 0.7396601438522339 178 147 184 156
class 0.5884101986885071 193 152 198 159
class 0.7738259434700012 190 151 195 159
class 0.7355685830116272 5 155 10 163
class 0.7193636894226074 30 161 37 171
class 0.7590211629867554 74 162 81 170
class 0.7737362384796143 84 156 90 164
class 0.7813432216644287 116 159 121 167
class 0.7101744413375854 113 160 120 168
class 0.44032153487205505 114 157 121 164
class 0.8101946115493774 150 162 156 171
class 0.41111689805984497 164 155 169 163
class 0.699695348739624 175 160 180 168
class 0.8074880838394165 183 161 189 169
class 0.6012887954711914 180 159 186 168
class 0.4536561965942383 185 160 190 166
class 0.805597722530365 194 161 199 169
class 0.40165749192237854 190 160 197 169
class 0.3294351398944855 193 157 197 163
class 0.47897619009017944 196 159 199 165
class 0.8267481923103333 6 172 12 179
class 0.7443795204162598 12 171 17 179
class 0.5546890497207642 9 170 15 179
class 0.4308831989765167 10 167 16 175
class 0.6482886672019958 30 171 37 180
class 0.7463162541389465 45 171 51 178
class 0.5274388194084167 44 166 51 176
class 0.3092237710952759 48 169 54 177
class 0.7785707712173462 118 172 124 180
class 0.6455647349357605 114 170 122 179
class 0.35297438502311707 119 170 127 178
class 0.6946190595626831 132 169 138 178
class 0.705625593662262 148 171 154 179
class 0.4392856955528259 148 166 155 176
class 0.6329423189163208 163 172 169 181
class 0.6385414004325867 168 167 174 175
class 0.59809809923172 184 172 190 180
class 0.3173784017562866 185 168 190 176
class 0.32890644669532776 190 167 196 175
class 0.6056316494941711 186 166 193 176
class 0.45909661054611206 1 182 7 189
class 0.392426997423172 0 182 3 191
class 0.8391234278678894 11 177 18 185
class 0.5747425556182861 9 178 16 186
class 0.7271053791046143 38 178 44 186
class 0.6898571848869324 43 181 48 189
class 0.6907299160957336 39 180 47 189
class 0.38832569122314453 40 177 48 185
class 0.7206970453262329 64 177 71 185
class 0.718802273273468 96 178 103 187
class 0.7563508749008179 106 181 114 189
class 0.6152642965316772 103 178 112 188
class 0.7860694527626038 123 176 131 185
class 0.336652010679245 152 180 158 189
class 0.3557572066783905 147 175 155 185
class 0.7142970561981201 156 181 162 188
class 0.5923838019371033 169 180 175 187
class 0.6718835234642029 166 178 173 188
class 0.4878963232040405 182 175 188 185
class 0.3839612901210785 178 176 186 186
class 0.7445945739746094 192 183 198 191
class 0.8870068192481995 6 193 12 199
class 0.7525738477706909 27 188 33 195
class 0.35765984654426575 24 189 30 197
class 0.8011102080345154 47 193 53 199
class 0.6798535585403442 95 194 102 199
class 0.7805907130241394 116 192 122 199
class 0.42028477787971497 133 194 139 199
class 0.5966299772262573 140 190 146 197
class 0.7195903658866882 135 192 143 199
class 0.7818509936332703 152 191 157 199
class 0.6189319491386414 148 190 156 199
class 0.8292831778526306 163 189 170 197
class 0.7628676891326904 174 191 180 197
class 0.3015643060207367 169 188 176 197
