class 0.3658495843410492 1 1 4 5
class 0.3541608154773712 0 1 2 6
class 0.8887333869934082 44 2 49 9
class 0.5117830038070679 118 0 123 4
class 0.8612629771232605 147 2 154 10
class 0.8472234010696411 163 0 169 5
class 0.4597749710083008 36 11 43 20
class 0.5744927525520325 43 11 50 19
class 0.3218142092227936 42 7 49 16
class 0.7326512336730957 81 15 88 23
class 0.8170904517173767 157 8 163 18
class 0.6529291272163391 34 17 42 27
class 0.8005315661430359 42 22 49 30
class 0.7002171277999878 80 24 86 32
class 0.682194173336029 93 18 103 28
class 0.7778552770614624 106 24 112 33
class 0.4905073940753937 104 18 113 32
class 0.5980073809623718 143 18 148 26
class 0.8546615242958069 158 24 164 32
class 0.6813377737998962 173 20 180 28
class 0.7646771669387817 178 24 184 33
class 0.8421803116798401 5 35 10 43
class 0.4370444118976593 4 33 6 44
class 0.815287172794342 35 30 42 38
class 0.6568821668624878 76 35 82 44
class 0.5903910994529724 73 35 80 45
class 0.4877810776233673 102 29 111 38
class 0.851578414440155 121 36 127 43
class 0.735977053642273 132 32 137 40
class 0.5826820731163025 133 34 141 44
class 0.8671995997428894 163 36 169 44
class 0.7599585652351379 174 36 180 43
class 0.37599220871925354 171 31 182 42
class 0.3951897919178009 179 32 185 39
class 0.5867370963096619 175 30 185 41
class 0.7762740254402161 49 46 57 55
class 0.7362041473388672 84 44 90 52
class 0.7928581833839417 109 44 116 52
class 0.4620475471019745 124 45 133 55
class 0.8840050101280212 185 40 190 49
class 0.8137113451957703 15 55 21 62
class 0.765015184879303 49 54 57 64
class 0.7827960848808289 63 52 70 59
class 0.7237933874130249 103 55 111 66
class 0.8595526814460754 122 56 127 65
class 0.6706728339195251 141 55 147 63
class 0.520689070224762 137 52 144 61
class 0.5373634696006775 144 55 151 64
class 0.8282726407051086 171 54 177 62
class 0.5689907670021057 167 51 175 60
class 0.3112764358520508 1 65 5 71
class 0.75013267993927 16 67 22 74
class 0.38846656680107117 15 63 23 72
class 0.424142450094223 24 65 30 72
class 0.5604056715965271 19 62 26 72
class 0.5663321614265442 28 66 36 75
class 0.7254441976547241 111 61 117 70
class 0.6198528409004211 118 68 124 75
class 0.7832545042037964 114 67 121 76
class 0.6373660564422607 130 64 135 72
class 0.6699855327606201 125 65 134 75
class 0.42343392968177795 129 62 139 73
class 0.6722411513328552 138 61 145 69
class 0.6419340968132019 135 61 142 71
class 0.7902418971061707 161 66 167 73
class 0.7096483707427979 156 64 166 74
class 0.31697970628738403 173 61 180 69
class 0.8148226141929626 179 61 186 70
class 0.8059820532798767 195 61 199 69
class 0.8730116486549377 1 76 7 83
class 0.3519379794597626 0 76 3 85
class 0.8465743064880371 16 77 22 85
class 0.6266321539878845 38 78 44 86
class 0.8726421594619751 52 75 58 83
class 0.7008293271064758 91 72 99 79
class 0.7565044164657593 103 71 109 79
class 0.6629845499992371 129 76 136 84
class 0.6615775227546692 125 73 133 82
class 0.6356562972068787 136 77 143 86
class 0.7841552495956421 153 76 158 84
class 0.37817496061325073 151 72 158 80
class 0.6799135208129883 188 77 195 86
class 0.8026701211929321 0 86 5 94
class 0.4735783636569977 0 85 2 93
class 0.30653923749923706 0 85 2 89
class 0.6050362586975098 17 84 23 93
class 0.6176093816757202 20 87 27 95
class 0.711043655872345 69 82 75 90
class 0.8011717200279236 90 83 95 91
class 0.8541259169578552 195 89 199 97
class 0.548227846622467 193 87 199 95
class 0.9066077470779419 2 92 9 99
class 0.3190889358520508 1 93 4 102
class 0.5839694738388062 22 99 29 107
class 0.7639248371124268 18 96 27 105
class 0.8537006974220276 46 92 53 101
class 0.4800715446472168 65 96 72 104
class 0.7426226139068604 61 92 69 102
class 0.8070529103279114 73 95 80 104
class 0.8880993723869324 88 99 94 106
class 0.8515344858169556 99 94 105 101
class 0.32473400235176086 96 95 103 103
class 0.6417169570922852 142 96 148 104
class 0.4754137098789215 139 97 145 105
class 0.4273490011692047 147 98 153 106
class 0.46485596895217896 145 97 150 106
class 0.5800671577453613 4 109 10 117
class 0.6520015001296997 10 103 17 111
class 0.7583709955215454 26 103 32 111
class 0.770235538482666 45 109 51 117
class 0.6866516470909119 55 108 61 116
class 0.4982881247997284 83 110 89 118
class 0.7601436376571655 104 106 111 114
class 0.5652943253517151 119 110 125 117
class 0.3699871003627777 141 105 148 112
class 0.817976176738739 146 108 152 116
class 0.8024884462356567 164 108 169 116
class 0.6517696380615234 189 107 196 117
class 0.8941547870635986 4 117 10 126
class 0.6263686418533325 8 117 14 125
class 0.33546125888824463 85 114 91 121
class 0.803654670715332 116 117 122 125
class 0.6636371612548828 131 119 137 126
class 0.4258754551410675 134 121 141 129
class 0.5701153874397278 184 121 190 128
class 0.5177845358848572 195 116 199 125
class 0.6351340413093567 49 129 54 137
class 0.3366752862930298 47 128 52 135
class 0.5075570940971375 95 128 102 136
class 0.7996380925178528 92 129 100 138
class 0.4803623557090759 107 127 115 135
class 0.6873708963394165 104 123 111 132
class 0.7176568508148193 113 130 120 138
class 0.6602797508239746 138 124 144 133
class 0.8023032546043396 152 129 158 137
class 0.48432233929634094 179 128 185 136
class 0.7362363934516907 176 129 183 138
class 0.6819555163383484 194 129 199 137
class 0.5538458228111267 191 127 198 136
class 0.4272879362106323 194 126 199 135
class 0.8348962068557739 44 141 50 149
class 0.3144831657409668 70 141 75 149
class 0.6943809390068054 75 136 81 144
class 0.7951592206954956 71 139 78 147
class 0.7316218614578247 103 142 109 149
class 0.8052709698677063 129 141 136 148
class 0.6390262842178345 127 137 135 146
class 0.7562264800071716 153 141 159 150
class 0.6946976184844971 181 134 188 142
class 0.7696251273155212 193 136 198 143
class 0.8012472987174988 2 152 8 159
class 0.4792436361312866 0 149 3 160
class 0.8088220357894897 11 147 18 156
class 0.7297990918159485 38 152 43 160
class 0.7675721049308777 84 147 91 155
class 0.7036454677581787 109 146 116 154
class 0.5730751752853394 106 147 112 154
class 0.7162978649139404 132 149 138 156
class 0.6452334523200989 160 149 166 158
class 0.8152664303779602 157 151 164 159
class 0.350889652967453 164 148 169 155
class 0.6410166621208191 196 151 199 158
class 0.685866117477417 4 156 9 163
class 0.6641277074813843 33 160 39 168
class 0.6618518233299255 30 162 37 170
class 0.8206297159194946 84 156 91 164
class 0.8090518712997437 116 157 122 166
class 0.8059565424919128 174 161 180 169
class 0.8064650297164917 183 162 189 169
class 0.47855812311172485 179 159 186 169
class 0.8069491982460022 6 172 12 179
class 0.5061981081962585 132 170 138 178
class 0.4079533517360687 129 167 141 179
class 0.6882166862487793 149 172 155 181
class 0.532522976398468 162 172 168 180
class 0.5828489661216736 158 171 166 180
class 0.5776260495185852 168 167 174 175
class 0.7014930248260498 185 172 190 181
class 0.733101487159729 186 168 194 177
class 0.818820059299469 14 178 20 185
class 0.8716776371002197 27 184 33 191
class 0.7146902680397034 41 181 48 190
class 0.6848856806755066 65 177 72 185
class 0.7380650043487549 96 178 103 186
class 0.8233559727668762 107 180 114 188
class 0.7775542736053467 124 177 131 185
class 0.7079147100448608 155 181 163 190
class 0.7026421427726746 166 182 173 191
class 0.4869793951511383 183 176 188 183
class 0.7999557852745056 47 194 53 199
class 0.7053381204605103 117 193 123 199
class 0.3590196669101715 151 193 157 199
class 0.7907710075378418 163 190 169 197
class 0.41917499899864197 160 189 167 198
class 0.7620326280593872 174 190 180 197
class 0.30927774310112 169 188 176 197
