class 0.39495202898979187 3 0 7 5
class 0.9095137119293213 44 2 49 9
class 0.4680756628513336 86 1 91 6
class 0.3754359483718872 110 1 116 7
class 0.7628558874130249 115 0 121 7
class 0.8794357180595398 147 2 154 9
class 0.8879618644714355 162 0 168 6
class 0.5986823439598083 36 11 42 19
class 0.44365328550338745 33 10 44 21
class 0.4453977048397064 44 12 50 19
class 0.8008238673210144 83 13 89 21
class 0.6612019538879395 122 13 128 21
class 0.7472549080848694 125 13 131 21
class 0.33114591240882874 153 12 160 19
class 0.7186353802680969 155 10 163 21
class 0.8125303387641907 16 25 22 33
class 0.3475683033466339 20 22 27 30
class 0.7028970122337341 34 16 43 27
class 0.8173640966415405 42 22 49 30
class 0.5344383120536804 80 25 86 32
class 0.6425067186355591 93 17 103 28
class 0.7345662117004395 106 24 112 33
class 0.49742814898490906 103 18 113 33
class 0.7161189913749695 142 18 149 27
class 0.7965043187141418 159 23 166 31
class 0.7629730105400085 156 24 165 33
class 0.533850908279419 171 21 178 29
class 0.6040583848953247 165 20 177 32
class 0.730973482131958 179 24 185 32
class 0.8261604905128479 195 26 199 34
class 0.3030836284160614 195 23 199 31
class 0.808985710144043 6 35 10 43
class 0.8798808455467224 35 29 41 37
class 0.48289060592651367 48 35 54 42
class 0.6364538073539734 53 34 60 42
class 0.38606372475624084 69 35 76 43
class 0.5333040952682495 76 36 82 43
class 0.6086350679397583 71 35 80 44
class 0.696794331073761 105 31 111 39
class 0.826619565486908 120 35 126 44
class 0.4117283523082733 122 34 127 41
class 0.7321228981018066 132 32 138 39
class 0.5560385584831238 133 35 141 44
class 0.8398001790046692 163 36 169 44
class 0.571254551410675 160 33 170 43
class 0.7861823439598083 174 35 179 42
class 0.4840966761112213 171 31 182 41
class 0.4403015673160553 180 32 186 39
class 0.5953442454338074 176 27 187 38
class 0.6887279748916626 194 30 199 38
class 0.8620213866233826 4 47 9 54
class 0.5131438970565796 1 44 4 55
class 0.477954626083374 27 47 33 54
class 0.6400179862976074 51 45 58 53
class 0.7984792590141296 83 44 90 52
class 0.7849823236465454 110 44 116 52
class 0.4825292229652405 124 45 132 55
class 0.8763360977172852 185 40 190 48
class 0.7664454579353333 2 52 6 59
class 0.47926682233810425 0 52 3 63
class 0.8347616195678711 16 54 22 62
class 0.6279889941215515 13 53 19 63
class 0.32365888357162476 26 53 32 61
class 0.5430054664611816 28 51 35 59
class 0.7049285173416138 50 55 57 64
class 0.47108888626098633 50 48 59 62
class 0.7189810276031494 63 52 70 60
class 0.7678182721138 103 56 111 65
class 0.8799048066139221 121 56 127 65
class 0.6771026253700256 141 56 147 64
class 0.48482459783554077 136 52 145 61
class 0.5442675948143005 144 56 152 64
class 0.777702271938324 170 54 177 62
class 0.5227834582328796 167 51 175 60
class 0.7595633864402771 16 66 22 74
class 0.48025503754615784 13 64 21 75
class 0.546562135219574 24 65 31 73
class 0.5498816967010498 19 61 27 72
class 0.4859226644039154 28 66 36 75
class 0.7316280007362366 111 62 117 70
class 0.5666251182556152 119 68 125 75
class 0.7485529780387878 114 67 120 76
class 0.5595309734344482 129 65 135 72
class 0.7552893757820129 125 66 132 75
class 0.3462645709514618 131 63 138 71
class 0.6520525217056274 139 62 146 69
class 0.5944229960441589 135 61 142 70
class 0.780070960521698 160 66 167 74
class 0.7410581707954407 157 65 165 75
class 0.45735761523246765 173 61 179 68
class 0.8007606267929077 179 62 186 70
class 0.8075301647186279 195 61 199 69
class 0.8643312454223633 3 77 9 84
class 0.4044820964336395 1 75 4 85
class 0.31633511185646057 4 76 7 84
class 0.7905938625335693 16 77 21 85
class 0.5483382344245911 12 74 19 85
class 0.5947680473327637 38 78 44 86
class 0.3544815480709076 40 77 47 85
class 0.6919525265693665 54 77 60 84
class 0.7154393196105957 51 76 57 84
class 0.3040102422237396 57 76 63 83
class 0.40247321128845215 60 78 68 85
class 0.6166133880615234 91 72 99 80
class 0.749362051486969 103 71 109 79
class 0.7218198180198669 130 76 136 84
class 0.6081458330154419 125 73 133 82
class 0.6413720846176147 137 77 144 85
class 0.8195521831512451 153 76 159 84
class 0.3289244472980499 152 72 158 79
class 0.6497759222984314 188 77 195 87
class 0.6108258366584778 1 85 5 93
class 0.5263665914535522 0 85 2 94
class 0.6115116477012634 17 84 23 92
class 0.645903468132019 20 87 27 95
class 0.6451432704925537 50 87 56 95
class 0.7626475095748901 69 81 74 89
class 0.37574759125709534 79 87 85 94
class 0.6436404585838318 85 84 91 92
class 0.8599308133125305 81 85 90 96
class 0.30182740092277527 89 84 95 92
class 0.7648143172264099 134 86 141 94
class 0.7422027587890625 157 87 164 96
class 0.8584499359130859 195 89 199 96
class 0.708946704864502 193 86 199 95
class 0.9084346890449524 2 92 9 99
class 0.32585200667381287 1 93 5 102
class 0.6021568179130554 22 99 29 107
class 0.7726204991340637 18 95 27 106
class 0.8395407795906067 47 92 53 101
class 0.8521245718002319 58 94 64 101
class 0.32489892840385437 65 95 71 104
class 0.6872990131378174 60 92 68 102
class 0.7985990047454834 74 96 80 104
class 0.8755896091461182 86 99 93 106
class 0.8358471393585205 99 94 105 101
class 0.7691628336906433 142 95 147 103
class 0.6224111318588257 4 109 10 117
class 0.6707721948623657 11 103 17 112
class 0.6665801405906677 26 102 32 111
class 0.7189995646476746 43 109 50 117
class 0.5351897478103638 55 110 61 117
class 0.5010197758674622 52 109 59 118
class 0.4923745393753052 84 109 91 117
class 0.7479642629623413 104 106 111 113
class 0.7991191744804382 118 110 125 117
class 0.7739425301551819 146 107 153 116
class 0.7644146680831909 164 107 169 114
class 0.33737000823020935 162 103 168 110
class 0.7121806144714355 189 107 196 117
class 0.858177125453949 4 119 10 127
class 0.3107503354549408 1 119 4 127
class 0.7830770611763 10 117 16 125
class 0.8274074792861938 33 119 39 127
class 0.7739461064338684 54 116 60 124
class 0.44018372893333435 85 114 91 122
class 0.8097201585769653 115 118 121 126
class 0.6528533101081848 131 120 138 127
class 0.6041752696037292 134 121 141 129
class 0.46365898847579956 164 113 169 121
class 0.4544191062450409 184 121 190 128
class 0.5463138818740845 195 116 199 125
class 0.6761747598648071 49 129 54 137
class 0.8169335722923279 92 128 100 138
class 0.48913636803627014 107 127 114 135
class 0.6937155723571777 103 123 111 132
class 0.6485683917999268 113 130 120 138
class 0.6258673071861267 139 124 145 132
class 0.8170132040977478 152 129 157 137
class 0.7320812940597534 174 129 180 137
class 0.3905724585056305 181 127 186 134
class 0.4104129374027252 176 128 183 138
class 0.6935170292854309 194 129 199 136
class 0.5076074004173279 191 126 198 136
class 0.4415949881076813 195 126 199 134
class 0.5788887143135071 20 137 27 145
class 0.8159313797950745 18 138 24 146
class 0.7546571493148804 33 135 39 144
class 0.844370424747467 43 142 50 149
class 0.434253066778183 69 141 75 149
class 0.6817966103553772 75 137 80 145
class 0.8097115755081177 71 139 78 148
class 0.30510804057121277 79 136 85 145
class 0.7283532619476318 103 142 109 149
class 0.817602276802063 130 141 136 148
class 0.6498737335205078 127 137 135 145
class 0.7935270071029663 153 141 159 150
class 0.3390038013458252 162 141 168 148
class 0.7510032057762146 182 134 188 142
class 0.30096521973609924 180 135 186 144
class 0.8368565440177917 194 135 199 143
class 0.7038537859916687 3 151 9 160
class 0.7854403257369995 12 148 18 157
class 0.5661613345146179 37 152 43 159
class 0.7670713067054749 84 148 91 155
class 0.5895950198173523 109 149 116 156
class 0.6397998332977295 104 147 113 156
class 0.7328632473945618 116 149 122 158
class 0.5906351804733276 114 145 122 155
class 0.7365819811820984 132 148 138 156
class 0.6814911365509033 159 150 166 158
class 0.8173910975456238 156 151 163 159
class 0.38358384370803833 165 147 172 155
class 0.8463268280029297 181 151 187 159
class 0.5123469829559326 196 152 199 159
class 0.43381673097610474 3 156 8 163
class 0.6829423308372498 32 160 39 169
class 0.7468727827072144 31 162 37 171
class 0.8278123140335083 84 156 91 164
class 0.8073717355728149 115 159 121 167
class 0.7781768441200256 174 161 180 168
class 0.8093301653862 183 162 189 170
class 0.40421128273010254 179 159 186 168
class 0.7863473296165466 195 160 199 168
class 0.4767526686191559 191 160 198 170
class 0.3632146418094635 193 157 198 163
class 0.48881101608276367 196 158 199 165
class 0.9038025736808777 6 172 12 179
class 0.6953572034835815 10 171 16 178
class 0.42427656054496765 10 167 14 174
class 0.7373490929603577 45 169 51 177
class 0.4328099489212036 42 170 49 178
class 0.5083493590354919 44 166 50 173
class 0.6177014112472534 132 170 138 178
class 0.4746140241622925 130 168 140 178
class 0.719302237033844 149 172 155 181
class 0.5635221600532532 163 172 169 181
class 0.371329128742218 161 172 166 180
class 0.5396779179573059 168 168 174 176
class 0.36964723467826843 166 170 172 178
class 0.4035338759422302 168 166 172 172
class 0.583593487739563 184 172 189 181
class 0.42125219106674194 190 167 195 175
class 0.7360163331031799 186 166 193 176
class 0.8477351665496826 12 177 18 184
class 0.538239061832428 9 179 16 186
class 0.5738362669944763 38 177 44 185
class 0.8334264755249023 42 181 48 189
class 0.3667311370372772 41 177 47 186
class 0.7308082580566406 65 177 71 184
class 0.6969112753868103 97 179 103 187
class 0.826291561126709 107 181 114 188
class 0.5774877071380615 104 179 112 188
class 0.7864513397216797 124 177 131 185
class 0.82537841796875 156 182 162 190
class 0.6861154437065125 166 179 172 189
class 0.45998603105545044 167 177 173 184
class 0.7000941038131714 183 175 189 184
class 0.426555871963501 179 176 187 186
class 0.7651501893997192 193 183 199 191
class 0.8960278034210205 6 191 12 199
class 0.32319799065589905 7 192 9 197
class 0.702527642250061 27 187 33 194
class 0.8027647733688354 47 194 53 199
class 0.7144890427589417 117 193 123 199
class 0.795819878578186 163 190 169 197
class 0.4458610415458679 160 190 166 198
class 0.7461472153663635 174 190 180 197
