class 0.5468339920043945 4 0 9 6
class 0.8898075222969055 43 2 49 9
class 0.9020121097564697 62 4 69 12
class 0.6545986533164978 80 3 86 10
class 0.8030518889427185 86 1 93 9
class 0.546524167060852 83 1 88 8
class 0.5833739638328552 98 2 105 9
class 0.532271146774292 94 0 101 7
class 0.7747890949249268 107 3 113 11
class 0.6542094349861145 103 5 109 12
class 0.5792503952980042 116 1 121 7
class 0.67015141248703 113 0 119 5
class 0.8805239796638489 141 4 148 11
class 0.45738479495048523 137 1 144 9
class 0.864232063293457 147 2 153 10
class 0.6275039315223694 145 4 151 11
class 0.8299141526222229 161 0 167 6
class 0.87587970495224 181 1 187 7
class 0.5283218622207642 178 2 185 8
class 0.8995004296302795 4 14 10 22
class 0.48299333453178406 2 13 5 23
class 0.3240076005458832 6 13 8 20
class 0.6584649682044983 36 12 43 19
class 0.606707751750946 44 13 50 20
class 0.3206845223903656 40 9 49 20
class 0.8324320912361145 71 12 77 21
class 0.408423513174057 72 9 79 18
class 0.8081024885177612 83 13 90 21
class 0.5019710659980774 100 10 106 18
class 0.6636372208595276 105 10 112 18
class 0.49939069151878357 105 9 109 14
class 0.44477033615112305 123 12 128 19
class 0.761606752872467 126 14 132 22
class 0.4456576704978943 153 14 158 20
class 0.7240524888038635 155 12 163 22
class 0.3577982485294342 157 9 163 18
class 0.37334054708480835 0 22 5 29
class 0.783156156539917 15 26 21 33
class 0.746543824672699 12 25 19 34
class 0.5565592646598816 17 21 26 31
class 0.46868693828582764 35 21 42 29
class 0.6611615419387817 33 17 41 27
class 0.8249194622039795 42 21 49 29
class 0.5454787611961365 80 25 86 33
class 0.6242275834083557 88 26 95 34
class 0.371549516916275 83 24 91 34
class 0.5997523069381714 96 21 103 28
class 0.613946259021759 93 19 100 29
class 0.8245583772659302 106 23 113 32
class 0.4077443480491638 104 19 111 29
class 0.8018834590911865 121 27 128 34
class 0.5316684246063232 123 23 131 32
class 0.43997570872306824 126 18 131 26
class 0.7340754270553589 140 24 147 33
class 0.8265637159347534 137 25 144 33
class 0.7865222096443176 157 23 165 33
class 0.38238438963890076 161 22 170 30
class 0.6256071329116821 169 22 176 30
class 0.8596810102462769 166 23 174 32
class 0.7427647113800049 179 24 185 33
class 0.3849596679210663 176 19 186 32
class 0.7859861254692078 195 26 199 33
class 0.33846598863601685 195 23 199 31
class 0.7822605967521667 6 34 11 42
class 0.46197789907455444 11 30 17 37
class 0.5482966303825378 7 32 15 42
class 0.8577011227607727 34 30 40 37
class 0.7657249569892883 48 36 54 44
class 0.7497912049293518 57 36 63 43
class 0.4067411720752716 53 33 60 43
class 0.6623023152351379 76 36 83 44
class 0.6466643214225769 72 35 80 45
class 0.675865888595581 102 33 110 41
class 0.37278586626052856 104 29 110 37
class 0.8180353045463562 121 35 126 43
class 0.3708086311817169 123 33 127 40
class 0.7628903985023499 132 32 137 39
class 0.6964620351791382 134 34 141 43
class 0.7958070039749146 148 32 153 41
class 0.852030873298645 163 36 168 44
class 0.7998014092445374 173 35 179 43
class 0.37979748845100403 172 32 181 41
class 0.3015446662902832 179 31 186 38
class 0.6960102319717407 177 27 186 37
class 0.7671273946762085 194 31 199 38
class 0.7600524425506592 2 46 7 53
class 0.4552784562110901 0 45 3 56
class 0.374390572309494 8 43 14 54
class 0.6755563616752625 27 46 33 54
class 0.6602148413658142 48 45 54 53
class 0.7524871826171875 56 45 62 53
class 0.6707046627998352 51 47 59 55
class 0.38287267088890076 59 42 63 49
class 0.753015398979187 83 43 90 52
class 0.8313814401626587 110 44 116 52
class 0.4894327223300934 124 46 132 55
class 0.8935019373893738 185 40 191 49
class 0.5412609577178955 0 52 4 59
class 0.4610627591609955 0 52 2 62
class 0.8960878252983093 16 55 22 63
class 0.6334154009819031 27 54 33 61
class 0.4256592094898224 31 53 37 60
class 0.604749858379364 50 54 57 62
class 0.7614217400550842 64 53 70 60
class 0.7623282074928284 103 56 111 65
class 0.8740699887275696 121 56 127 65
class 0.7206071019172668 141 55 147 64
class 0.4801989197731018 137 52 144 61
class 0.38442498445510864 144 55 152 64
class 0.7465875744819641 169 53 176 61
class 0.5607880353927612 166 51 173 59
class 0.7296067476272583 17 66 22 74
class 0.3803020715713501 14 64 20 75
class 0.5445551872253418 25 65 31 73
class 0.5381076335906982 19 61 27 72
class 0.62320876121521 28 66 36 75
class 0.3876010775566101 50 62 57 69
class 0.684743344783783 111 62 117 71
class 0.6454095244407654 118 68 124 76
class 0.7958897948265076 114 68 120 76
class 0.6479990482330322 130 64 135 72
class 0.6066130995750427 126 66 133 75
class 0.35821133852005005 128 60 135 71
class 0.6700505614280701 138 62 145 69
class 0.5902170538902283 135 61 142 70
class 0.7491859793663025 160 66 167 74
class 0.7066012024879456 173 60 179 69
class 0.7796469330787659 179 62 186 70
class 0.8083239197731018 195 60 199 69
class 0.8949270844459534 3 77 8 85
class 0.41532376408576965 1 75 4 86
class 0.4022994935512543 4 77 6 84
class 0.7176951169967651 15 76 21 85
class 0.524530291557312 10 74 18 86
class 0.5518580079078674 38 78 44 87
class 0.641342043876648 56 77 61 84
class 0.7241132259368896 51 75 58 84
class 0.4510101079940796 65 79 71 86
class 0.7114291787147522 61 78 68 85
class 0.599545419216156 90 73 96 81
class 0.34436896443367004 87 75 94 82
class 0.7457762956619263 103 71 109 80
class 0.6764494180679321 129 76 135 84
class 0.6875993609428406 125 73 132 81
class 0.3133273720741272 131 75 137 82
class 0.7365622520446777 137 77 144 85
class 0.8402916193008423 153 76 159 84
class 0.33759409189224243 152 72 158 79
class 0.7005597352981567 165 79 173 87
class 0.6318430304527283 190 78 196 84
class 0.6789315938949585 187 76 195 87
class 0.5719770193099976 1 86 6 93
class 0.6763225197792053 0 84 2 94
class 0.4736994206905365 1 84 2 91
class 0.6655035614967346 12 88 18 96
class 0.8170570135116577 9 87 16 97
class 0.7231093049049377 20 87 27 96
class 0.355667382478714 19 83 27 92
class 0.7116336822509766 49 86 54 93
class 0.9071865677833557 56 89 63 97
class 0.6388348340988159 53 89 59 97
class 0.3125304579734802 60 88 63 92
class 0.6089046001434326 67 82 74 90
class 0.5727746486663818 78 86 85 93
class 0.7046645879745483 86 84 92 92
class 0.8223469257354736 81 86 89 95
class 0.7227808833122253 134 87 140 95
class 0.3231427073478699 136 83 140 89
class 0.6838459372520447 158 87 164 96
class 0.81874018907547 156 89 162 97
class 0.8632340431213379 195 88 199 96
class 0.6682049632072449 193 85 199 95
class 0.9176411628723145 4 92 9 100
class 0.39993685483932495 1 93 4 102
class 0.40141597390174866 15 96 20 103
class 0.5698319673538208 22 99 28 107
class 0.7365760803222656 18 96 27 105
class 0.3531912863254547 20 92 28 102
class 0.8249393105506897 43 95 50 103
class 0.7182813286781311 40 94 47 104
class 0.6139949560165405 56 95 62 103
class 0.5199648141860962 51 94 60 103
class 0.3277098834514618 54 92 60 100
class 0.42525193095207214 66 96 72 104
class 0.6699686646461487 61 92 69 103
class 0.8746918439865112 72 96 78 105
class 0.4139682352542877 73 93 81 102
class 0.8442954421043396 84 99 91 107
class 0.8580286502838135 97 96 103 104
class 0.7049053311347961 120 96 126 103
class 0.6724119186401367 116 93 124 102
class 0.7918732166290283 140 95 146 104
class 0.49918249249458313 136 95 143 105
class 0.42101240158081055 137 92 145 101
class 0.6839945912361145 150 96 156 103
class 0.5954586267471313 146 97 154 106
class 0.3698878288269043 152 95 159 102
class 0.3133140504360199 154 94 163 104
class 0.6081717014312744 174 96 180 103
class 0.6677263379096985 181 98 188 106
class 0.6119801998138428 176 96 184 105
class 0.3369341194629669 191 97 196 104
class 0.7215367555618286 187 98 194 108
class 0.8546174168586731 4 109 10 116
class 0.7288369536399841 11 104 17 112
class 0.6264855265617371 27 101 33 111
class 0.6837690472602844 44 110 51 117
class 0.5873937010765076 41 109 49 119
class 0.36106711626052856 55 110 61 117
class 0.46281877160072327 51 109 58 117
class 0.5479199290275574 82 108 88 116
class 0.32665327191352844 83 104 88 111
class 0.7263323664665222 100 108 106 116
class 0.47605806589126587 97 104 105 113
class 0.8223237991333008 104 106 111 114
class 0.8525022268295288 120 109 126 117
class 0.339187353849411 122 108 127 113
class 0.6683896780014038 141 109 147 117
class 0.4605864882469177 137 105 144 114
class 0.3230474293231964 143 106 148 112
class 0.5771840214729309 147 107 154 114
class 0.5524181127548218 145 108 152 116
class 0.493331640958786 146 103 152 111
class 0.7858375310897827 163 106 169 115
class 0.6547161936759949 161 105 167 113
class 0.8581119775772095 169 108 175 116
class 0.7381711006164551 187 107 196 117
class 0.9077169299125671 5 119 10 127
class 0.7669474482536316 12 118 18 126
class 0.5456549525260925 10 115 16 122
class 0.8134127259254456 32 118 38 126
class 0.3342888355255127 49 120 53 126
class 0.8068576455116272 53 116 59 124
class 0.7339733242988586 51 119 58 127
class 0.8493474721908569 70 117 75 125
class 0.5465985536575317 85 114 91 122
class 0.7588168382644653 116 119 122 127
class 0.7607178092002869 131 119 137 127
class 0.30413949489593506 128 114 137 124
class 0.5002281069755554 140 116 145 124
class 0.5873593091964722 135 119 143 126
class 0.3873348534107208 138 113 146 121
class 0.38735485076904297 143 115 148 120
class 0.370931476354599 184 121 190 128
class 0.47515371441841125 195 116 199 125
class 0.8145753741264343 13 124 19 133
class 0.5849030613899231 10 126 17 136
class 0.8136643171310425 49 128 54 137
class 0.7178983688354492 61 126 69 135
class 0.8175297975540161 82 128 88 137
class 0.8186195492744446 93 129 99 138
class 0.3920862078666687 107 127 114 135
class 0.6243363618850708 103 124 111 132
class 0.6596456170082092 115 129 121 137
class 0.8047464489936829 139 124 145 132
class 0.8002534508705139 152 130 158 137
class 0.7534556984901428 174 128 180 136
class 0.3922559916973114 181 127 187 134
class 0.3809286653995514 176 129 183 137
class 0.7337902784347534 195 129 199 137
class 0.4477356970310211 192 127 198 136
class 0.42776378989219666 195 126 199 134
class 0.6062167882919312 4 136 10 143
class 0.42501387000083923 14 139 19 146
class 0.5481584668159485 8 135 16 146
class 0.8290153741836548 18 137 25 146
class 0.3287900388240814 20 135 27 144
class 0.6991516947746277 33 137 39 146
class 0.34959328174591064 35 137 44 146
class 0.7824788689613342 43 141 50 148
class 0.7185223698616028 68 138 74 146
class 0.47298651933670044 66 133 73 144
class 0.6891822218894958 76 138 82 146
class 0.8134869337081909 72 140 78 148
class 0.38782060146331787 79 137 84 144
class 0.6527886986732483 103 142 109 149
class 0.8039225935935974 130 141 137 149
class 0.534568727016449 126 137 134 145
class 0.39111605286598206 153 141 159 149
class 0.835574209690094 162 142 168 150
class 0.4695414900779724 158 142 164 149
class 0.7813238501548767 181 134 187 142
class 0.8236541152000427 194 134 199 143
class 0.5939776301383972 2 152 8 160
class 0.42124125361442566 0 149 3 160
class 0.7933101654052734 11 148 17 155
class 0.6656712293624878 8 146 17 158
class 0.8541916608810425 35 151 41 159
class 0.6506333947181702 32 149 39 157
class 0.7295398712158203 85 147 91 155
class 0.6948513388633728 103 147 113 156
class 0.3759365975856781 108 147 118 156
class 0.7435060739517212 117 149 123 158
class 0.566828727722168 115 146 123 155
class 0.8055153489112854 132 151 138 159
class 0.5371825098991394 129 149 135 157
class 0.3831671476364136 133 148 138 154
class 0.4333020746707916 153 146 159 154
class 0.680347740650177 161 152 167 160
class 0.6998769640922546 157 150 164 159
class 0.3603719174861908 165 149 168 154
class 0.5141560435295105 171 149 178 157
class 0.46157974004745483 167 148 173 157
class 0.33488017320632935 169 146 174 153
class 0.6203321218490601 180 151 186 158
class 0.7330731153488159 177 148 183 157
class 0.6419710516929626 193 153 198 160
class 0.7485878467559814 190 152 195 160
class 0.8426896333694458 4 155 9 162
class 0.6719195246696472 32 158 38 167
class 0.6901450753211975 30 161 37 170
class 0.3528757095336914 45 163 50 170
class 0.5626668930053711 77 163 83 170
class 0.7516903877258301 73 161 81 170
class 0.7786109447479248 84 158 91 166
class 0.7601732015609741 116 159 122 168
class 0.4692187011241913 115 157 121 163
class 0.7755647301673889 150 162 156 170
class 0.47603699564933777 164 155 170 163
class 0.7586942911148071 174 160 180 168
class 0.8118429183959961 183 161 189 169
class 0.6295779347419739 179 159 185 168
class 0.4587108790874481 185 159 190 165
class 0.8399665951728821 194 161 199 169
class 0.4021534025669098 191 160 197 169
class 0.31330445408821106 193 157 197 163
class 0.5052521824836731 196 159 199 165
class 0.8869086503982544 6 172 11 179
class 0.7107966542243958 12 171 18 179
class 0.521623432636261 10 166 17 177
class 0.7687382698059082 32 172 38 180
class 0.7629551291465759 45 171 51 179
class 0.4917650520801544 44 166 51 177
class 0.3033161461353302 47 169 54 177
class 0.3839694857597351 65 173 71 180
class 0.7156121134757996 79 166 85 173
class 0.801857590675354 117 171 124 179
class 0.3092012405395508 120 170 126 178
class 0.6788018941879272 133 169 138 178
class 0.7528677582740784 149 171 155 179
class 0.3472939729690552 148 167 155 175
class 0.6456136703491211 163 172 169 181
class 0.7227439284324646 168 168 175 176
class 0.6114273071289062 168 166 173 172
class 0.6349265575408936 185 172 190 180
class 0.307644248008728 185 169 190 176
class 0.6039888858795166 186 166 193 175
class 0.6679453253746033 1 182 6 189
class 0.5125648379325867 0 182 3 192
class 0.6708279848098755 12 180 19 187
class 0.5471465587615967 10 178 16 187
class 0.4254392385482788 11 177 16 183
class 0.6847864389419556 37 179 43 187
class 0.7073771953582764 42 181 48 190
class 0.41060107946395874 40 177 48 186
class 0.7146257758140564 60 179 69 190
class 0.3980676233768463 62 174 71 188
class 0.7354897856712341 96 179 103 187
class 0.7135704755783081 107 182 114 189
class 0.6047753691673279 103 178 113 188
class 0.8062799572944641 124 176 131 185
class 0.39361944794654846 148 175 155 184
class 0.7560016512870789 156 181 162 188
class 0.624029815196991 166 178 173 187
class 0.5265623331069946 167 177 173 183
class 0.5198420882225037 184 176 189 185
class 0.7379335165023804 192 183 198 191
class 0.724290132522583 189 181 197 191
class 0.8736302852630615 6 192 12 199
class 0.34318453073501587 7 192 8 197
class 0.6973929405212402 14 189 20 196
class 0.36722075939178467 9 190 16 198
class 0.7722114324569702 27 188 33 196
class 0.44520553946495056 28 191 37 199
class 0.7816165089607239 47 194 53 199
class 0.5569859147071838 45 191 52 199
class 0.7186848521232605 96 194 102 199
class 0.4488626718521118 111 193 117 199
class 0.744854211807251 117 192 123 199
class 0.6464840173721313 114 192 121 199
class 0.5323460698127747 133 194 139 199
class 0.5436809659004211 139 191 146 198
class 0.7458484172821045 135 192 142 199
class 0.3230801522731781 142 191 148 197
class 0.7932938933372498 151 191 157 199
class 0.647969663143158 148 190 155 199
class 0.35762766003608704 150 188 156 197
class 0.7782132029533386 163 189 170 197
class 0.7886766195297241 173 190 180 197
class 0.37893548607826233 169 188 176 196
