class 0.5938687324523926 6 2 10 8
class 0.6851011514663696 8 1 14 10
class 0.7997326254844666 21 4 27 11
class 0.5784891247749329 35 5 41 12
class 0.8731396794319153 47 4 52 11
class 0.3535887897014618 43 4 49 12
class 0.9121302962303162 66 0 72 7
class 0.8716340661048889 127 0 133 5
class 0.6944355368614197 167 4 173 11
class 0.6011731028556824 177 2 183 9
class 0.5304510593414307 177 5 182 11
class 0.42268887162208557 0 9 3 16
class 0.44211649894714355 34 11 41 18
class 0.6703351736068726 30 9 37 16
class 0.4939199686050415 39 9 46 17
class 0.7060628533363342 55 13 62 22
class 0.6338185667991638 53 11 60 19
class 0.7700306177139282 71 7 78 18
class 0.8076119422912598 86 15 93 22
class 0.807603120803833 107 11 113 19
class 0.8180784583091736 123 14 130 24
class 0.3531785011291504 135 15 143 23
class 0.919992983341217 180 15 186 24
class 0.7523828744888306 195 8 199 16
class 0.8223928213119507 16 22 23 29
class 0.3097781836986542 18 21 21 28
class 0.4148721396923065 58 18 64 26
class 0.8628221750259399 94 22 102 30
class 0.591330885887146 122 26 127 33
class 0.8532437086105347 130 26 136 34
class 0.545335590839386 126 25 133 35
class 0.4813121557235718 139 24 145 31
class 0.5105720162391663 137 17 145 28
class 0.8600112795829773 151 25 157 33
class 0.5556043386459351 148 21 155 32
class 0.779588520526886 174 25 180 34
class 0.3058738112449646 175 20 184 30
class 0.771082878112793 195 25 199 33
class 0.47950732707977295 191 24 199 34
class 0.34557345509529114 16 30 22 37
class 0.7435480356216431 26 36 32 43
class 0.6215466856956482 23 33 29 41
class 0.6174368858337402 33 36 39 44
class 0.604583740234375 30 35 36 44
class 0.7791144847869873 69 35 75 44
class 0.5234693884849548 66 36 71 43
class 0.3807315528392792 70 33 74 40
class 0.4077939987182617 70 31 77 40
class 0.8459181189537048 90 29 96 37
class 0.7459429502487183 122 30 128 38
class 0.8555793166160583 143 34 149 42
class 0.3096010386943817 150 36 157 42
class 0.7005576491355896 165 28 173 39
class 0.35159021615982056 185 30 190 38
class 0.38512763381004333 185 28 195 39
class 0.804093062877655 10 43 16 50
class 0.7433351278305054 37 41 43 48
class 0.7582144141197205 48 46 54 55
class 0.5718116164207458 57 42 63 49
class 0.5205713510513306 50 44 59 54
class 0.7289263606071472 65 40 72 48
class 0.5778890252113342 61 39 69 50
class 0.875381588935852 79 46 85 54
class 0.40554603934288025 77 44 84 53
class 0.5890986919403076 87 47 93 54
class 0.3323335349559784 83 47 89 55
class 0.5424156785011292 153 41 159 49
class 0.6068748831748962 161 46 167 54
class 0.6512750387191772 156 44 164 52
class 0.3885851800441742 165 45 172 54
class 0.6930752396583557 184 43 190 50
class 0.6766449213027954 186 46 194 55
class 0.7642301321029663 4 51 8 58
class 0.742886483669281 16 57 21 65
class 0.3562578856945038 12 53 19 63
class 0.7553330063819885 72 56 79 65
class 0.7108908295631409 84 56 91 65
class 0.3344394564628601 85 51 91 61
class 0.7954107522964478 95 53 101 61
class 0.8685917258262634 93 57 100 65
class 0.6232478022575378 111 51 117 59
class 0.42678242921829224 112 54 120 62
class 0.31775957345962524 21 62 28 71
class 0.5847243666648865 18 61 25 69
class 0.7382346987724304 64 61 71 69
class 0.8525332808494568 118 60 125 69
class 0.6889938116073608 169 67 175 75
class 0.6231340765953064 183 66 189 74
class 0.6352497935295105 181 67 186 74
class 0.3685470521450043 186 64 190 70
class 0.3914150297641754 186 62 193 71
class 0.805589497089386 36 77 42 84
class 0.6451135277748108 33 73 40 82
class 0.5699729323387146 101 78 107 87
class 0.7285997271537781 108 78 115 86
class 0.6829964518547058 104 78 110 85
class 0.3762713372707367 112 77 116 83
class 0.7856715321540833 163 78 168 86
class 0.4424894452095032 165 73 173 81
class 0.41643062233924866 167 71 173 77
class 0.6115606427192688 181 71 187 79
class 0.9533400535583496 5 89 11 97
class 0.7390715479850769 21 88 28 95
class 0.8985210061073303 111 87 117 96
class 0.31504741311073303 112 85 116 92
class 0.6349164843559265 137 81 144 89
class 0.7247214317321777 167 86 175 95
class 0.8884860873222351 11 99 17 107
class 0.6439560651779175 57 99 63 107
class 0.8043684959411621 89 98 95 106
class 0.33773085474967957 106 99 113 107
class 0.7322525382041931 103 98 110 107
class 0.7437040209770203 117 95 123 103
class 0.7024689316749573 136 92 143 101
class 0.8371900320053101 183 98 189 106
class 0.5707244873046875 180 94 188 105
class 0.8237442374229431 194 99 199 106
class 0.5127021074295044 190 95 198 106
class 0.5707255005836487 28 106 33 113
class 0.48199042677879333 34 108 41 115
class 0.6989229917526245 29 107 37 115
class 0.30162927508354187 33 104 39 110
class 0.4276407063007355 38 106 42 112
class 0.35204559564590454 58 104 63 111
class 0.7124634385108948 110 106 116 114
class 0.344474196434021 107 102 116 111
class 0.4779559075832367 114 102 122 111
class 0.6743322610855103 131 108 137 115
class 0.49078840017318726 128 108 136 116
class 0.741907000541687 148 102 153 110
class 0.7518914341926575 2 116 7 124
class 0.6176852583885193 0 115 3 125
class 0.6029500961303711 7 114 14 122
class 0.7852026224136353 24 120 30 128
class 0.8083245754241943 36 115 43 122
class 0.36110538244247437 33 115 40 123
class 0.3085188567638397 35 113 41 120
class 0.5361614227294922 111 114 117 121
class 0.3244793713092804 113 112 121 120
class 0.7633607983589172 127 117 134 125
class 0.38360148668289185 127 114 133 121
class 0.8331230878829956 148 113 154 121
class 0.6205548048019409 196 115 199 123
class 0.8713984489440918 37 129 43 136
class 0.5061886310577393 34 128 40 137
class 0.41618987917900085 38 127 42 134
class 0.75945645570755 56 130 62 137
class 0.6921441555023193 54 127 61 136
class 0.6954656839370728 78 125 84 133
class 0.6647887825965881 85 129 91 137
class 0.8371699452400208 118 123 124 132
class 0.7275843024253845 131 131 137 138
class 0.510770320892334 127 127 135 135
class 0.30903881788253784 131 128 138 135
class 0.7469373941421509 145 130 152 138
class 0.7183381915092468 155 129 162 138
class 0.7251232862472534 22 138 28 146
class 0.7584667205810547 19 141 26 149
class 0.8606511354446411 37 141 42 149
class 0.3178940415382385 38 139 43 145
class 0.8245421051979065 80 137 85 145
class 0.48730823397636414 85 135 91 143
class 0.38123562932014465 82 135 88 144
class 0.6305654644966125 111 141 117 149
class 0.3495844006538391 109 139 115 148
class 0.7358255386352539 130 140 136 148
class 0.6273577809333801 183 135 189 143
class 0.4877614974975586 178 139 185 147
class 0.4829571843147278 186 134 193 142
class 0.8334247469902039 17 151 22 158
class 0.7162688970565796 37 151 43 159
class 0.30853626132011414 49 144 59 154
class 0.7507193684577942 67 150 73 159
class 0.6354946494102478 64 148 72 156
class 0.5520614385604858 108 150 114 158
class 0.7927566766738892 103 153 109 159
class 0.7861811518669128 115 151 121 159
class 0.6690860986709595 128 146 134 154
class 0.30349308252334595 130 145 134 151
class 0.6218101382255554 163 151 168 159
class 0.45385921001434326 161 150 166 158
class 0.6478446125984192 171 148 176 156
class 0.5334795117378235 167 151 174 159
class 0.9317280054092407 0 161 5 169
class 0.8763502240180969 26 162 32 169
class 0.8024333715438843 46 162 52 170
class 0.6312300562858582 69 156 75 164
class 0.722331702709198 77 162 83 171
class 0.5309187769889832 73 160 80 169
class 0.8270300626754761 87 162 93 170
class 0.5575581789016724 84 161 90 169
class 0.42726731300354004 101 155 106 163
class 0.3987381160259247 113 155 120 163
class 0.6945620179176331 128 161 135 169
class 0.7251479029655457 139 160 145 168
class 0.7658811807632446 135 159 142 168
class 0.38583508133888245 142 158 148 167
class 0.771337628364563 156 162 162 170
class 0.48594194650650024 195 162 199 170
class 0.3016647696495056 192 160 198 169
class 0.5297940373420715 4 170 9 177
class 0.5174054503440857 9 172 15 179
class 0.3353629410266876 21 169 27 177
class 0.6768242120742798 18 171 25 180
class 0.7482478618621826 78 166 85 175
class 0.4825977087020874 90 166 97 174
class 0.3457297086715698 98 172 106 179
class 0.4580996036529541 93 166 100 175
class 0.5406283140182495 103 174 109 181
class 0.7551858425140381 182 171 187 179
class 0.7445837259292603 178 169 185 179
class 0.38388246297836304 184 170 190 177
class 0.7007244229316711 194 167 199 175
class 0.8208238482475281 1 183 6 191
class 0.46878787875175476 0 183 2 192
class 0.7975283861160278 106 180 112 188
class 0.34160104393959045 105 176 111 185
class 0.8402031660079956 129 182 135 189
class 0.8530912399291992 137 177 144 184
class 0.36358320713043213 154 181 159 190
class 0.45964857935905457 159 178 166 185
class 0.5353613495826721 154 177 162 186
class 0.6810868382453918 170 181 176 189
class 0.6025766134262085 167 179 174 189
class 0.37046393752098083 169 178 174 185
class 0.6822696328163147 192 182 198 189
class 0.559897780418396 188 179 197 189
class 0.3527027368545532 192 180 199 189
class 0.9225032925605774 6 192 12 199
class 0.3117167055606842 10 193 17 199
class 0.8105031251907349 31 190 38 197
class 0.8288055062294006 47 194 54 199
class 0.3260984420776367 55 189 61 196
class 0.4926169216632843 51 184 60 198
class 0.7185035347938538 67 193 73 199
class 0.701833963394165 64 190 71 199
class 0.7615013122558594 97 194 104 199
class 0.6821499466896057 94 192 102 199
class 0.5042067170143127 153 187 159 194
class 0.8100187182426453 173 191 179 197
class 0.637988805770874 170 189 176 197
class 0.7875352501869202 184 191 190 198
class 0.4624250531196594 180 189 187 199
class 0.6558569073677063 192 189 197 196
class 0.7040220499038696 188 189 194 197
class 0.38257521390914917 195 189 199 197
