class 0.512087881565094 5 2 9 8
class 0.7724419236183167 8 2 14 10
class 0.7618079781532288 21 4 27 11
class 0.6726634502410889 35 5 41 12
class 0.3561781346797943 32 4 39 12
class 0.922372043132782 46 4 53 11
class 0.38387614488601685 43 4 49 12
class 0.9481857419013977 66 0 73 7
class 0.8969025015830994 127 0 134 7
class 0.6968054175376892 167 4 173 11
class 0.7429342865943909 177 2 183 9
class 0.3297647535800934 0 9 3 15
class 0.5235601663589478 33 11 40 18
class 0.7448111176490784 29 10 37 18
class 0.5561666488647461 39 8 47 18
class 0.6339439749717712 55 14 62 22
class 0.7139155268669128 52 12 60 20
class 0.48706015944480896 54 9 61 17
class 0.3382177948951721 57 11 65 20
class 0.5009118914604187 60 15 67 24
class 0.7425135374069214 73 9 79 18
class 0.8202024698257446 87 15 93 23
class 0.8160274624824524 107 11 114 19
class 0.7596467137336731 122 14 130 24
class 0.9354384541511536 179 15 185 24
class 0.7759171724319458 195 9 199 17
class 0.4754907190799713 0 22 4 31
class 0.7703759074211121 16 23 23 30
class 0.4722456634044647 58 19 64 26
class 0.836871862411499 94 21 102 29
class 0.6356704235076904 122 26 128 33
class 0.8709261417388916 131 26 137 34
class 0.4714243412017822 126 25 133 35
class 0.5523502230644226 139 24 146 30
class 0.5705469250679016 134 22 144 31
class 0.31318986415863037 140 20 149 30
class 0.8022356033325195 151 25 157 33
class 0.5871977806091309 146 21 155 32
class 0.4428114891052246 152 23 159 31
class 0.7546564936637878 174 25 180 33
class 0.8054443001747131 195 25 199 33
class 0.31069445610046387 17 30 22 36
class 0.7642413973808289 26 37 32 44
class 0.5835979580879211 22 33 30 42
class 0.6606817841529846 35 36 41 44
class 0.6062869429588318 30 34 37 44
class 0.7463935017585754 69 35 74 43
class 0.4882548749446869 65 36 71 43
class 0.4323104918003082 70 32 74 39
class 0.37921398878097534 70 30 78 40
class 0.7544251680374146 90 30 95 37
class 0.4179689884185791 86 33 94 41
class 0.702394425868988 100 37 106 44
class 0.7347913980484009 122 30 128 38
class 0.8383827805519104 142 35 148 43
class 0.3465029001235962 151 36 157 42
class 0.6709300875663757 165 28 174 39
class 0.34845954179763794 185 30 190 38
class 0.8338828682899475 11 44 17 51
class 0.8316622376441956 37 42 43 50
class 0.7653149366378784 48 46 53 54
class 0.37204796075820923 45 42 54 54
class 0.4268071949481964 57 42 63 50
class 0.36594125628471375 50 43 59 54
class 0.7618003487586975 64 41 71 49
class 0.7260827422142029 61 41 68 50
class 0.8927705883979797 79 43 85 51
class 0.6786128282546997 88 46 94 53
class 0.30194011330604553 82 43 90 54
class 0.4627667963504791 98 42 104 49
class 0.6414258480072021 96 37 104 48
class 0.6508321166038513 153 41 159 49
class 0.6627671718597412 161 47 167 54
class 0.6089606881141663 156 44 164 53
class 0.4196573793888092 165 45 172 54
class 0.7630317807197571 185 42 191 50
class 0.5458001494407654 186 45 194 54
class 0.7260729670524597 4 50 9 58
class 0.8459405899047852 16 57 22 65
class 0.3914215862751007 12 54 19 64
class 0.7307833433151245 72 56 79 65
class 0.3108322024345398 74 51 81 61
class 0.7767324447631836 84 56 91 65
class 0.6950481534004211 96 54 102 62
class 0.8677366971969604 94 56 100 64
class 0.7512083053588867 112 51 121 60
class 0.696416437625885 19 61 26 69
class 0.7685891389846802 64 61 71 69
class 0.3694895803928375 61 63 69 71
class 0.7544980049133301 101 61 109 69
class 0.7434521317481995 119 61 125 68
class 0.7434302568435669 169 67 176 74
class 0.6199257969856262 183 66 189 74
class 0.7503424882888794 180 67 186 74
class 0.3963605463504791 186 62 193 72
class 0.8166069984436035 36 76 42 84
class 0.6426635384559631 33 73 40 81
class 0.7133079171180725 58 73 65 81
class 0.7504552006721497 73 74 80 82
class 0.38998648524284363 75 72 82 80
class 0.4994823932647705 100 78 106 86
class 0.39768433570861816 97 77 104 85
class 0.6861987113952637 109 78 115 85
class 0.6582973599433899 105 76 111 85
class 0.7053050398826599 162 78 168 86
class 0.5972099900245667 165 74 173 82
class 0.40463805198669434 167 72 172 78
class 0.9197582006454468 5 89 11 97
class 0.7871216535568237 21 88 28 95
class 0.8864049315452576 109 89 115 97
class 0.3314107358455658 112 87 115 93
class 0.5411040782928467 137 85 143 92
class 0.5908024907112122 136 81 143 89
class 0.4851698577404022 159 81 167 91
class 0.7422354221343994 168 87 175 95
class 0.8672710657119751 11 99 18 107
class 0.7789258360862732 33 98 40 106
class 0.6024461388587952 30 96 37 105
class 0.6186940670013428 57 99 63 107
class 0.4471490681171417 61 98 67 106
class 0.7870215773582458 88 98 94 106
class 0.4691806733608246 105 98 111 105
class 0.7433801889419556 102 96 109 106
class 0.34757477045059204 104 93 110 100
class 0.7730337381362915 118 95 124 103
class 0.694393515586853 136 92 143 100
class 0.8581868410110474 183 98 190 106
class 0.6011685729026794 180 94 187 104
class 0.8463853597640991 194 99 199 106
class 0.45840758085250854 190 96 198 106
class 0.7508692145347595 27 107 33 115
class 0.7464497685432434 36 109 42 116
class 0.5194498300552368 30 108 37 116
class 0.46709296107292175 39 107 42 112
class 0.8919812440872192 66 110 72 118
class 0.5121946334838867 81 103 89 113
class 0.7410820126533508 110 107 116 115
class 0.31294170022010803 106 103 115 112
class 0.3656257688999176 114 102 121 110
class 0.7201693654060364 132 108 137 116
class 0.6102523803710938 147 105 154 113
class 0.6725007891654968 148 102 153 110
class 0.6959158182144165 2 116 6 124
class 0.5716659426689148 0 115 2 125
class 0.32872408628463745 10 116 16 124
class 0.6878901124000549 8 115 14 122
class 0.8377267718315125 25 119 31 127
class 0.32080957293510437 28 118 32 124
class 0.8223657011985779 36 115 42 123
class 0.31044745445251465 32 114 39 122
class 0.33523958921432495 35 113 39 119
class 0.7577142715454102 83 119 91 128
class 0.30465075373649597 111 113 117 121
class 0.545491099357605 113 115 120 123
class 0.6655838489532471 127 116 134 124
class 0.42519649863243103 127 113 133 121
class 0.7964527606964111 149 113 155 121
class 0.6556629538536072 196 115 199 123
class 0.8189969062805176 36 127 43 135
class 0.6960412859916687 57 129 63 137
class 0.6359241008758545 54 125 62 135
class 0.605566143989563 77 126 83 135
class 0.566676914691925 76 123 82 131
class 0.7524363398551941 87 130 93 138
class 0.6184443831443787 84 129 91 138
class 0.39393723011016846 90 128 95 134
class 0.7787508964538574 117 124 124 132
class 0.7665901780128479 131 131 137 138
class 0.5892776846885681 127 127 135 135
class 0.33215662837028503 131 128 138 135
class 0.7652514576911926 145 130 151 138
class 0.5520488023757935 160 128 166 136
class 0.8553231954574585 157 129 163 137
class 0.6504660844802856 165 125 173 135
class 0.715355396270752 22 137 29 146
class 0.8269253373146057 19 140 27 148
class 0.8693337440490723 35 141 41 149
class 0.6894071102142334 33 138 40 147
class 0.307532399892807 37 139 43 147
class 0.30049949884414673 58 135 64 143
class 0.813059389591217 80 137 85 145
class 0.5574642419815063 85 135 92 143
class 0.5024001002311707 81 135 89 144
class 0.6379287838935852 111 141 117 149
class 0.7295469045639038 129 139 136 148
class 0.6604160070419312 184 135 190 143
class 0.5283772349357605 186 134 193 143
class 0.8539015054702759 17 151 22 159
class 0.7212644219398499 36 151 42 159
class 0.3000778555870056 36 149 44 157
class 0.6771254539489746 46 148 53 156
class 0.45459234714508057 40 150 48 160
class 0.7694074511528015 67 151 74 158
class 0.6510410308837891 65 147 72 156
class 0.4873109757900238 106 150 112 158
class 0.879780113697052 103 152 109 159
class 0.679517924785614 115 150 122 158
class 0.40409576892852783 113 145 122 157
class 0.5929391980171204 128 146 135 155
class 0.330832839012146 138 151 144 159
class 0.5956735014915466 134 149 141 158
class 0.7178128957748413 162 151 167 160
class 0.6199891567230225 159 151 164 159
class 0.7617206573486328 172 150 177 158
class 0.7050991058349609 167 151 174 159
class 0.3602558970451355 175 144 183 154
class 0.9019128680229187 0 161 5 169
class 0.8974608778953552 27 162 32 170
class 0.78394615650177 45 162 52 170
class 0.7264055013656616 59 161 64 169
class 0.3081916272640228 55 159 62 169
class 0.6813485622406006 64 159 71 167
class 0.7612282037734985 60 162 69 170
class 0.6822120547294617 77 161 83 168
class 0.6883970499038696 74 159 81 167
class 0.535067617893219 75 156 81 164
class 0.30638983845710754 79 158 85 166
class 0.8015284538269043 86 161 92 169
class 0.5669854879379272 83 159 91 168
class 0.6335581541061401 100 155 105 163
class 0.540784478187561 112 154 121 164
class 0.7615707516670227 128 161 136 170
class 0.3730867803096771 129 159 139 167
class 0.7615723609924316 141 161 147 169
class 0.6275808811187744 136 160 143 169
class 0.3426302671432495 138 157 144 164
class 0.5179497003555298 143 159 148 165
class 0.7819187641143799 157 160 163 168
class 0.48734569549560547 4 170 9 177
class 0.6940447688102722 9 172 15 180
class 0.45274817943573 20 170 26 177
class 0.8100273609161377 18 172 25 180
class 0.8067664504051208 78 166 84 173
class 0.33238789439201355 98 172 105 179
class 0.5405678749084473 108 172 114 179
class 0.7582676410675049 103 172 111 181
class 0.3283356726169586 110 169 117 178
class 0.6744568347930908 134 169 142 179
class 0.5491985082626343 135 166 143 174
class 0.7495898008346558 181 171 187 179
class 0.6525942087173462 178 170 185 180
class 0.35404035449028015 183 170 190 177
class 0.6868104934692383 195 167 199 174
class 0.7786973714828491 1 183 6 190
class 0.4122186303138733 0 182 2 192
class 0.7926881909370422 39 175 46 184
class 0.7027676701545715 91 178 99 188
class 0.33425796031951904 93 175 101 185
class 0.7824327945709229 105 181 111 189
class 0.8351603150367737 129 182 135 190
class 0.7998088002204895 137 177 144 184
class 0.5182732939720154 159 177 165 185
class 0.5911159515380859 154 176 163 185
class 0.7715238332748413 172 183 178 191
class 0.5789567232131958 168 181 176 190
class 0.348835825920105 174 180 179 188
class 0.7115802764892578 192 182 198 190
class 0.5800110101699829 189 179 197 188
class 0.35020768642425537 194 180 199 188
class 0.903719425201416 5 191 12 199
class 0.736295759677887 32 191 38 198
class 0.7579165101051331 48 194 54 199
class 0.3756299614906311 54 189 60 196
class 0.511786162853241 51 185 60 197
class 0.751469612121582 67 193 73 199
class 0.7073058485984802 64 190 72 198
class 0.6976231336593628 99 193 104 199
class 0.7708216309547424 95 192 101 199
class 0.48420634865760803 125 192 131 199
class 0.6683775186538696 153 188 159 195
class 0.7863667011260986 173 190 179 197
class 0.7901427745819092 184 191 190 199
class 0.42903661727905273 180 189 187 199
class 0.5954927206039429 192 190 197 197
class 0.7130951285362244 188 190 194 197
class 0.4000386893749237 191 188 195 194
class 0.3548299968242645 196 189 199 196
