class 0.592619776725769 6 2 11 8
class 0.7421875596046448 8 1 14 9
class 0.8710715174674988 21 4 27 11
class 0.9213269948959351 47 3 53 11
class 0.8848040103912354 66 0 72 7
class 0.3616190552711487 110 4 116 11
class 0.7629374861717224 166 4 173 11
class 0.730872392654419 178 3 183 9
class 0.8782207369804382 53 14 60 22
class 0.7675780057907104 71 8 77 17
class 0.8527750372886658 87 15 93 22
class 0.7681100368499756 107 10 114 19
class 0.7500150203704834 123 14 130 23
class 0.7438880205154419 15 23 22 30
class 0.8125104308128357 94 21 101 29
class 0.8807008862495422 132 25 138 33
class 0.3864607512950897 129 22 137 32
class 0.8074690699577332 152 25 158 32
class 0.67243891954422 174 25 180 33
class 0.3159150779247284 172 22 181 31
class 0.8047206401824951 195 25 199 33
class 0.6689168214797974 16 29 22 37
class 0.8458020687103271 31 34 38 43
class 0.5917659997940063 69 31 75 39
class 0.3776954412460327 73 31 79 39
class 0.650479257106781 70 29 77 38
class 0.8260388970375061 90 30 95 38
class 0.8294785618782043 121 30 127 39
class 0.8259620070457458 142 34 148 42
class 0.6700581908226013 165 28 174 39
class 0.7475051879882812 186 27 195 38
class 0.30039507150650024 5 46 9 53
class 0.7996218204498291 10 43 16 51
class 0.6265182495117188 48 46 54 54
class 0.43059366941452026 46 45 53 52
class 0.8083699345588684 77 46 83 54
class 0.5833073258399963 153 41 158 48
class 0.6460574269294739 161 47 167 54
class 0.6408989429473877 156 44 164 53
class 0.39539387822151184 165 45 173 54
class 0.6567493081092834 185 46 190 53
class 0.5140342116355896 183 43 192 54
class 0.7338905334472656 186 46 194 55
class 0.7760396599769592 4 51 8 59
class 0.35061386227607727 1 51 5 63
class 0.32147178053855896 3 51 6 61
class 0.7310355305671692 83 55 91 64
class 0.5050776600837708 84 50 92 61
class 0.818739652633667 95 54 101 63
class 0.7837069630622864 93 57 100 64
class 0.6087149381637573 112 51 117 59
class 0.357695996761322 116 56 122 64
class 0.5163947939872742 113 53 120 62
class 0.7709068059921265 65 61 72 69
class 0.814635157585144 118 60 125 69
class 0.7658876776695251 169 67 175 75
class 0.4472431540489197 167 67 173 76
class 0.5852829217910767 182 66 189 74
class 0.762298047542572 179 67 185 75
class 0.32160696387290955 186 65 190 71
class 0.3509509563446045 187 63 193 72
class 0.8231968879699707 36 77 42 85
class 0.6495461463928223 32 73 40 82
class 0.3200896978378296 101 77 107 86
class 0.5904756188392639 108 78 114 86
class 0.7495786547660828 104 78 109 85
class 0.3193965256214142 111 76 115 83
class 0.3430194556713104 113 78 119 86
class 0.475413054227829 137 78 144 85
class 0.58933025598526 165 73 173 82
class 0.3330991864204407 178 71 186 80
class 0.953181803226471 4 89 10 97
class 0.3008733093738556 4 87 7 97
class 0.7933857440948486 21 88 28 96
class 0.8828110694885254 111 85 117 93
class 0.5941069722175598 137 81 143 89
class 0.7214500904083252 167 84 174 94
class 0.9082609415054321 10 99 17 107
class 0.8065436482429504 89 99 95 106
class 0.5288978219032288 103 98 109 107
class 0.798395574092865 117 94 124 102
class 0.6365410089492798 136 93 143 101
class 0.5419060587882996 176 91 184 101
class 0.788133442401886 194 99 199 106
class 0.6101803183555603 36 108 42 116
class 0.4174606204032898 35 103 41 110
class 0.34212639927864075 37 106 43 113
class 0.5269119739532471 109 103 116 111
class 0.388614296913147 105 103 113 111
class 0.4738729000091553 112 102 121 111
class 0.686903715133667 131 108 137 115
class 0.36594104766845703 134 104 140 112
class 0.6908795237541199 148 107 155 115
class 0.6156755089759827 147 102 153 111
class 0.6221101880073547 1 116 6 124
class 0.5949500799179077 0 115 2 125
class 0.5200363993644714 8 114 14 121
class 0.7673661112785339 24 120 31 127
class 0.7970197796821594 36 114 42 122
class 0.3642444610595703 32 114 40 123
class 0.7107373476028442 127 116 134 125
class 0.7066453695297241 148 114 155 121
class 0.5222778916358948 195 116 199 123
class 0.31907299160957336 27 130 33 137
class 0.712719202041626 35 128 41 135
class 0.5568349361419678 31 129 39 138
class 0.6858309507369995 77 126 84 134
class 0.6057705283164978 85 128 92 136
class 0.32270750403404236 83 129 90 137
class 0.8030524253845215 117 124 123 133
class 0.8716201782226562 131 131 137 139
class 0.5376453995704651 128 128 135 135
class 0.3040440082550049 132 129 137 136
class 0.7691871523857117 145 130 151 138
class 0.6675689816474915 155 128 162 137
class 0.5763422846794128 22 137 28 146
class 0.694408118724823 18 140 27 149
class 0.8576189279556274 35 141 41 149
class 0.3204925060272217 36 139 43 147
class 0.755455493927002 79 137 85 144
class 0.5554459691047668 84 135 91 143
class 0.6054370999336243 110 141 117 149
class 0.6871378421783447 129 140 136 149
class 0.5718514323234558 182 136 189 144
class 0.6401551365852356 177 139 184 148
class 0.5412341952323914 186 134 193 143
class 0.8558467626571655 17 152 22 158
class 0.7075895071029663 67 150 73 159
class 0.6241578459739685 64 148 72 155
class 0.8251375555992126 115 150 121 159
class 0.4248364269733429 114 147 120 156
class 0.7806262969970703 130 146 136 153
class 0.899604082107544 0 161 5 169
class 0.8273208141326904 26 162 32 169
class 0.6700182557106018 24 161 30 168
class 0.7086853384971619 46 162 52 169
class 0.7303758263587952 69 156 75 164
class 0.7609192728996277 77 163 84 171
class 0.41974830627441406 74 160 80 169
class 0.7780587077140808 89 162 95 170
class 0.5181982517242432 85 160 91 170
class 0.5654504299163818 113 155 120 163
class 0.8118790984153748 130 162 136 170
class 0.8397085070610046 157 160 163 169
class 0.554826021194458 196 163 199 170
class 0.43623510003089905 4 170 9 176
class 0.47551876306533813 9 172 15 179
class 0.4225780665874481 21 170 27 177
class 0.7233303189277649 18 170 26 180
class 0.32219329476356506 76 166 83 175
class 0.6044581532478333 92 166 100 175
class 0.388841837644577 103 173 109 181
class 0.7486295700073242 181 171 187 179
class 0.7552197575569153 178 170 185 179
class 0.42395368218421936 183 170 190 178
class 0.6891884803771973 195 167 199 175
class 0.6703628897666931 1 183 6 190
class 0.34281155467033386 0 183 2 192
class 0.7373379468917847 106 179 112 186
class 0.7984308004379272 131 182 137 189
class 0.7768735289573669 137 177 144 184
class 0.4425176978111267 154 182 159 191
class 0.5596880912780762 157 177 163 185
class 0.3136466443538666 157 177 161 182
class 0.7187877297401428 193 183 198 190
class 0.5213308334350586 189 180 197 189
class 0.9342080354690552 6 192 12 199
class 0.750840425491333 31 191 38 198
class 0.7296624779701233 48 194 54 199
class 0.35281679034233093 54 190 60 196
class 0.46894264221191406 51 185 59 198
class 0.7563067674636841 64 189 71 198
class 0.4500507414340973 68 190 75 198
class 0.850653886795044 172 190 178 197
class 0.6100689768791199 170 189 176 196
class 0.7752164602279663 184 191 190 199
class 0.35038456320762634 180 190 187 199
class 0.6316354870796204 191 189 197 196
class 0.6710675954818726 187 189 194 197
