class 0.5367549657821655 5 2 9 9
class 0.7312019467353821 8 2 14 10
class 0.7747435569763184 21 4 27 12
class 0.609338104724884 35 5 41 12
class 0.8804596066474915 46 4 52 12
class 0.33010348677635193 43 4 49 12
class 0.9404202699661255 67 0 73 6
class 0.9121602177619934 127 0 133 7
class 0.6653101444244385 166 3 174 11
class 0.7315760254859924 177 2 183 9
class 0.3626320958137512 0 9 3 15
class 0.48086971044540405 33 12 40 19
class 0.7322099804878235 29 10 37 18
class 0.4008568525314331 39 8 46 17
class 0.6682877540588379 55 14 62 22
class 0.6818361282348633 52 12 59 20
class 0.4845033288002014 54 9 60 17
class 0.32455503940582275 58 11 64 19
class 0.48354050517082214 60 15 67 23
class 0.7915825247764587 71 7 77 17
class 0.8511420488357544 86 15 93 23
class 0.7947419881820679 107 11 114 19
class 0.794379472732544 123 13 130 23
class 0.9426488876342773 179 15 186 24
class 0.7763422727584839 195 8 199 17
class 0.7666770219802856 16 22 23 29
class 0.66451096534729 58 19 64 26
class 0.8429548144340515 94 21 101 30
class 0.5427734851837158 122 26 127 33
class 0.8701362013816833 131 26 137 34
class 0.47127455472946167 127 24 134 35
class 0.4697301387786865 139 24 145 30
class 0.5824002027511597 136 16 146 31
class 0.3573702871799469 139 20 150 30
class 0.8276118636131287 151 25 157 33
class 0.5977550148963928 147 21 155 32
class 0.7862484455108643 174 25 180 34
class 0.7864914536476135 195 25 199 34
class 0.8190223574638367 26 36 31 44
class 0.6464488506317139 23 33 29 42
class 0.6684631109237671 34 37 40 44
class 0.6713318228721619 30 35 37 44
class 0.6710889935493469 69 35 75 43
class 0.37139827013015747 65 36 71 44
class 0.360891729593277 70 32 74 39
class 0.55192631483078 70 30 77 40
class 0.7681978344917297 89 31 95 37
class 0.48607006669044495 85 34 94 42
class 0.7773774862289429 99 37 105 45
class 0.3648516535758972 96 35 103 44
class 0.7375783324241638 122 30 128 38
class 0.8573111295700073 143 34 148 42
class 0.4728357195854187 151 36 157 43
class 0.6960808634757996 165 28 173 39
class 0.41780388355255127 185 28 195 39
class 0.865433394908905 10 43 16 51
class 0.8413732647895813 37 42 43 49
class 0.7066496014595032 48 46 54 54
class 0.42085930705070496 58 42 63 49
class 0.37141942977905273 51 44 59 54
class 0.7881295680999756 63 41 70 49
class 0.8793298006057739 79 44 85 52
class 0.795227587223053 87 46 94 53
class 0.31600531935691833 83 43 91 54
class 0.502698540687561 99 42 105 49
class 0.48245373368263245 153 41 159 48
class 0.6516956686973572 161 47 167 54
class 0.6559156775474548 156 44 164 53
class 0.34795987606048584 161 44 170 55
class 0.367412805557251 165 45 172 54
class 0.7431766986846924 185 42 191 50
class 0.6633355617523193 186 46 193 54
class 0.7825326323509216 4 50 9 58
class 0.8865254521369934 16 57 22 65
class 0.3899378776550293 13 54 20 63
class 0.7276496887207031 72 56 80 65
class 0.30102911591529846 74 52 82 61
class 0.7021030783653259 84 56 92 65
class 0.33609265089035034 83 50 94 63
class 0.687018096446991 96 54 103 62
class 0.8254906535148621 94 55 101 64
class 0.6516154408454895 111 52 118 59
class 0.4783553183078766 116 55 123 62
class 0.6341882348060608 112 52 121 62
class 0.6820885539054871 19 61 26 69
class 0.7765136361122131 64 61 71 69
class 0.7503775954246521 101 61 110 69
class 0.7176743149757385 118 61 125 69
class 0.755465567111969 169 66 176 74
class 0.30401280522346497 168 61 175 73
class 0.615084171295166 183 65 189 73
class 0.6925602555274963 180 67 186 74
class 0.3621668517589569 186 64 190 72
class 0.3949733376502991 186 62 193 71
class 0.807085394859314 36 77 42 84
class 0.6449313759803772 33 73 40 81
class 0.5612545013427734 58 73 65 80
class 0.7588328123092651 76 73 82 81
class 0.4293976426124573 101 78 107 86
class 0.7047243714332581 109 78 115 85
class 0.6428468227386475 105 76 111 85
class 0.4230448603630066 137 77 144 85
class 0.6892839074134827 162 78 168 86
class 0.533574104309082 168 73 174 80
class 0.37179362773895264 167 71 173 78
class 0.9152097105979919 4 89 10 97
class 0.7663882970809937 21 88 27 95
class 0.906237781047821 109 89 115 97
class 0.6848602294921875 106 89 113 97
class 0.3245510756969452 112 88 115 93
class 0.49246829748153687 137 85 143 92
class 0.5886703729629517 136 81 144 89
class 0.4019228219985962 161 82 167 90
class 0.6532669067382812 167 86 175 95
class 0.8526842594146729 11 99 17 107
class 0.7378782629966736 33 98 39 106
class 0.5888145565986633 30 97 37 105
class 0.4205339848995209 31 93 39 102
class 0.5381730198860168 57 99 63 107
class 0.5597891211509705 54 98 61 105
class 0.4122024178504944 61 99 67 107
class 0.7743880748748779 89 98 94 106
class 0.487322062253952 106 98 112 106
class 0.6854035258293152 103 97 109 106
class 0.7892773151397705 118 95 124 103
class 0.5775784254074097 116 97 123 105
class 0.6968305110931396 137 93 143 101
class 0.8430173397064209 183 98 190 106
class 0.5691881775856018 180 95 187 104
class 0.8598709106445312 194 99 199 106
class 0.4902358651161194 190 96 197 106
class 0.6722294092178345 28 106 33 113
class 0.6447359919548035 35 109 41 116
class 0.6585482954978943 29 108 37 116
class 0.3848470449447632 39 107 41 111
class 0.902609646320343 66 110 72 118
class 0.6820787787437439 110 105 116 113
class 0.31236743927001953 107 102 114 110
class 0.3568519651889801 114 102 121 110
class 0.6933277249336243 132 108 138 116
class 0.42208749055862427 134 105 140 112
class 0.5828375816345215 147 106 154 113
class 0.7095814943313599 148 102 153 110
class 0.7298362255096436 2 116 7 124
class 0.5857172012329102 0 116 3 126
class 0.3288329839706421 1 116 3 124
class 0.37470388412475586 4 116 6 126
class 0.6353281736373901 8 115 14 122
class 0.7604871392250061 24 120 31 127
class 0.8145621418952942 37 114 43 122
class 0.3102627098560333 36 113 41 119
class 0.7260891795158386 83 119 90 127
class 0.4376983046531677 111 114 117 122
class 0.6166882514953613 113 114 120 123
class 0.6804358959197998 127 117 134 125
class 0.451198935508728 127 114 133 121
class 0.7592819333076477 149 113 156 121
class 0.5805166959762573 196 115 199 123
class 0.3267095685005188 27 130 32 137
class 0.8649888038635254 37 128 43 136
class 0.34644031524658203 33 128 40 137
class 0.8225194811820984 57 130 63 137
class 0.6252120137214661 54 126 62 135
class 0.6647936701774597 77 126 84 135
class 0.7391645908355713 86 129 92 137
class 0.7856943011283875 118 124 124 133
class 0.7187145948410034 131 131 136 138
class 0.6131893992424011 126 127 133 135
class 0.3333309292793274 132 128 137 135
class 0.736808180809021 145 130 151 137
class 0.5444186329841614 159 129 166 136
class 0.8683821558952332 156 129 163 137
class 0.5859498977661133 165 124 173 134
class 0.7974501848220825 23 137 29 145
class 0.7804855108261108 19 140 27 148
class 0.836467444896698 36 141 42 149
class 0.6207866668701172 33 139 40 148
class 0.8122144341468811 80 137 85 145
class 0.5593824982643127 84 135 91 144
class 0.48023107647895813 82 135 88 144
class 0.5983283519744873 111 142 117 149
class 0.7313237190246582 131 140 137 149
class 0.5741499066352844 184 135 190 143
class 0.48543569445610046 187 134 193 142
class 0.8344221115112305 17 152 22 159
class 0.7033828496932983 36 150 42 157
class 0.3133762776851654 45 148 52 155
class 0.30545035004615784 48 144 58 154
class 0.7727830410003662 67 150 73 158
class 0.6435030698776245 64 147 72 156
class 0.5404796600341797 107 150 113 158
class 0.8689630031585693 103 152 110 160
class 0.834653913974762 115 150 121 159
class 0.5271716713905334 130 147 136 154
class 0.5760992765426636 127 146 133 154
class 0.4257557690143585 129 145 134 151
class 0.636184573173523 162 151 168 159
class 0.4594293236732483 160 150 165 159
class 0.6972034573554993 171 150 177 158
class 0.6339953541755676 167 151 174 159
class 0.4868766665458679 175 143 182 153
class 0.9317278265953064 0 161 5 169
class 0.3146529197692871 0 161 2 170
class 0.8795744180679321 26 162 32 169
class 0.800961434841156 45 162 52 170
class 0.5995997190475464 43 160 50 168
class 0.6221970319747925 64 158 70 166
class 0.761050283908844 59 162 69 170
class 0.6709721684455872 77 162 83 170
class 0.7090692520141602 74 159 81 168
class 0.8333634734153748 86 161 92 169
class 0.6094944477081299 83 159 90 169
class 0.5297175049781799 100 155 106 163
class 0.5136486291885376 113 155 121 164
class 0.7965485453605652 128 161 135 170
class 0.7769241333007812 141 161 147 169
class 0.5949528217315674 136 161 143 169
class 0.36268338561058044 139 157 144 164
class 0.4590870440006256 143 159 148 165
class 0.35207101702690125 144 157 151 166
class 0.7602725625038147 155 161 162 170
class 0.3555387258529663 196 163 199 170
class 0.5176783204078674 5 170 9 177
class 0.6149418950080872 9 172 15 179
class 0.7181077003479004 18 171 25 179
class 0.7649758458137512 78 166 84 174
class 0.3552906811237335 98 172 105 179
class 0.34697243571281433 92 166 101 177
class 0.5990231037139893 108 172 114 179
class 0.759485125541687 104 171 111 181
class 0.3263005018234253 110 169 117 178
class 0.6733394861221313 134 169 142 178
class 0.5187605023384094 135 166 143 174
class 0.7493022680282593 181 171 187 178
class 0.7207539677619934 195 167 199 174
class 0.8152228593826294 1 183 6 191
class 0.4640260338783264 0 183 2 192
class 0.5690284371376038 90 178 96 186
class 0.41949987411499023 92 178 100 188
class 0.7499393820762634 105 181 111 188
class 0.8358299732208252 129 182 135 189
class 0.7701950669288635 137 177 144 184
class 0.6018552184104919 159 178 166 185
class 0.5844778418540955 154 177 163 186
class 0.8065978288650513 171 183 177 191
class 0.5574361085891724 168 181 175 190
class 0.32402536273002625 170 179 175 186
class 0.7210830450057983 192 183 198 190
class 0.5995988845825195 188 179 197 189
class 0.3769596517086029 193 180 199 188
class 0.903868556022644 6 191 11 199
class 0.7376224398612976 31 191 38 198
class 0.8090857863426208 48 194 54 199
class 0.3820168375968933 54 189 60 196
class 0.42740002274513245 51 185 59 197
class 0.7901583313941956 67 193 73 199
class 0.7048233151435852 64 190 72 199
class 0.6948649287223816 98 193 104 199
class 0.7619521617889404 94 191 101 199
class 0.6284055113792419 96 190 108 199
class 0.3968207538127899 127 193 133 199
class 0.46853500604629517 125 192 132 199
class 0.6215487122535706 153 188 159 195
class 0.8094857931137085 172 191 179 198
class 0.5234532356262207 170 189 176 197
class 0.7233889102935791 184 192 190 199
class 0.47551873326301575 180 190 187 199
class 0.594049334526062 192 191 197 197
class 0.7648376226425171 187 190 194 198
class 0.39438116550445557 191 188 196 195
class 0.41190585494041443 195 189 199 196
