class 0.538172721862793 6 2 11 8
class 0.7173004150390625 7 1 14 10
class 0.838882565498352 21 4 27 11
class 0.5339866876602173 36 5 41 12
class 0.8997507691383362 46 4 53 11
class 0.3152481019496918 43 3 50 12
class 0.3277827799320221 53 4 58 10
class 0.3454335629940033 50 4 56 12
class 0.8896423578262329 66 1 72 7
class 0.6903288960456848 167 4 173 11
class 0.7475384473800659 178 3 183 10
class 0.5350062251091003 35 11 42 17
class 0.5929345488548279 31 8 39 16
class 0.5500475168228149 38 8 47 18
class 0.8688473105430603 53 13 59 20
class 0.8171438574790955 71 8 77 17
class 0.8594956398010254 87 15 93 22
class 0.8007766604423523 107 11 114 19
class 0.8673217296600342 123 14 130 23
class 0.7233328819274902 179 15 185 23
class 0.8240084052085876 16 23 22 30
class 0.8026896119117737 94 22 102 30
class 0.8721259832382202 132 25 138 33
class 0.611081063747406 139 21 146 29
class 0.5692245960235596 136 16 146 28
class 0.850208044052124 153 26 159 33
class 0.7898114323616028 174 25 180 33
class 0.31480586528778076 171 22 182 32
class 0.3916151821613312 180 21 186 28
class 0.5250678658485413 176 20 185 30
class 0.6630842089653015 195 26 199 33
class 0.3040972352027893 190 25 198 35
class 0.3666485548019409 17 30 22 36
class 0.7857255339622498 26 36 32 43
class 0.5799747705459595 23 33 30 41
class 0.7711176872253418 32 34 38 43
class 0.7064564824104309 69 36 74 44
class 0.31202560663223267 70 34 75 40
class 0.8526825308799744 90 30 96 38
class 0.8108967542648315 121 30 128 38
class 0.8331526517868042 142 34 148 42
class 0.34989237785339355 150 35 157 42
class 0.6227378249168396 165 28 174 39
class 0.7041493058204651 185 28 195 38
class 0.8621668219566345 10 43 17 50
class 0.7250807285308838 48 46 54 54
class 0.5187237858772278 46 45 52 52
class 0.7253231406211853 68 40 75 47
class 0.9065843224525452 79 47 85 54
class 0.36062049865722656 76 44 83 53
class 0.4284113049507141 89 47 95 54
class 0.34839385747909546 111 47 117 54
class 0.47671666741371155 153 41 159 49
class 0.6172592043876648 161 47 167 54
class 0.6492651700973511 156 44 164 53
class 0.3575384318828583 165 45 173 54
class 0.6869134306907654 185 44 191 51
class 0.43975186347961426 183 42 189 50
class 0.6663084626197815 187 45 194 55
class 0.7381224632263184 4 51 8 58
class 0.7184578776359558 16 57 22 65
class 0.31636324524879456 12 53 19 62
class 0.7876728773117065 72 56 78 65
class 0.761827290058136 84 56 91 65
class 0.35698604583740234 85 51 92 61
class 0.822675883769989 95 54 102 63
class 0.796750545501709 93 57 100 65
class 0.5681905150413513 112 51 117 59
class 0.33386683464050293 115 56 122 64
class 0.4606652557849884 113 54 120 62
class 0.3560371398925781 21 62 28 70
class 0.6317026019096375 18 61 25 69
class 0.7173157930374146 64 61 71 70
class 0.8351013660430908 118 60 125 68
class 0.7517427802085876 169 66 175 74
class 0.3175988793373108 167 67 173 76
class 0.5677881836891174 183 67 189 74
class 0.596707284450531 180 67 186 75
class 0.35369348526000977 185 64 190 72
class 0.3535096049308777 187 63 193 73
class 0.825969398021698 36 77 42 85
class 0.6410679221153259 33 74 40 82
class 0.4397365152835846 38 76 43 83
class 0.5178606510162354 101 78 107 86
class 0.6642012000083923 108 78 115 86
class 0.6638200879096985 104 78 109 85
class 0.37596097588539124 112 77 116 83
class 0.6946558952331543 165 73 172 81
class 0.4728216528892517 167 71 172 78
class 0.5621762871742249 181 72 187 79
class 0.9492667317390442 4 89 10 97
class 0.3957940638065338 3 87 6 97
class 0.7686378955841064 21 88 28 96
class 0.8831758499145508 112 87 117 96
class 0.3523104190826416 112 85 115 91
class 0.6346744894981384 136 81 143 89
class 0.6491022109985352 170 86 177 94
class 0.7389527559280396 168 85 175 94
class 0.8702006936073303 11 99 17 107
class 0.7048161029815674 58 100 64 107
class 0.4941423237323761 57 97 62 106
class 0.8029429316520691 89 98 95 106
class 0.32287952303886414 107 99 112 107
class 0.6628972887992859 103 98 109 107
class 0.8141737580299377 117 94 123 103
class 0.6288819313049316 136 93 143 101
class 0.8356571197509766 183 98 189 107
class 0.5899278521537781 180 95 188 104
class 0.852626621723175 195 99 199 107
class 0.5093402862548828 191 96 198 106
class 0.6611719727516174 36 108 42 115
class 0.5112044811248779 33 106 40 114
class 0.4557211101055145 34 103 41 110
class 0.3676566779613495 37 107 43 113
class 0.5871725678443909 58 103 64 111
class 0.5789651870727539 110 108 116 115
class 0.5241377353668213 107 105 114 114
class 0.3804367184638977 110 104 117 112
class 0.6669713854789734 132 107 137 115
class 0.5477822422981262 129 109 136 116
class 0.7339176535606384 148 101 154 111
class 0.6952741742134094 1 116 6 124
class 0.6128867864608765 0 115 3 125
class 0.5898711085319519 7 114 14 122
class 0.7890728712081909 24 120 30 127
class 0.8267688751220703 36 115 43 122
class 0.32780376076698303 33 116 40 123
class 0.35728639364242554 36 114 41 119
class 0.7510966062545776 111 113 117 121
class 0.3441224992275238 109 115 115 122
class 0.6967727541923523 127 116 134 124
class 0.30506429076194763 127 114 132 120
class 0.7687053680419922 148 113 155 121
class 0.5677294731140137 196 117 199 124
class 0.8141782283782959 36 127 42 135
class 0.38546204566955566 32 129 39 137
class 0.8139006495475769 56 130 62 137
class 0.6495651602745056 77 125 84 134
class 0.6826856136322021 86 128 92 136
class 0.4374532103538513 82 129 90 137
class 0.7772120237350464 118 124 124 133
class 0.8632190823554993 131 131 137 139
class 0.6162160038948059 128 128 134 136
class 0.33838939666748047 133 130 137 136
class 0.7172216176986694 145 130 151 137
class 0.6514847874641418 155 129 163 137
class 0.710020124912262 22 137 28 146
class 0.7805683016777039 19 141 26 149
class 0.8720649480819702 35 141 41 149
class 0.7999241948127747 80 137 86 145
class 0.4902054965496063 84 135 91 143
class 0.3893606662750244 82 135 88 143
class 0.6239385008811951 111 141 116 149
class 0.647003710269928 131 140 137 148
class 0.5946605205535889 183 136 189 143
class 0.44838187098503113 178 139 185 147
class 0.3645157516002655 186 134 193 143
class 0.8045032620429993 17 152 22 158
class 0.7660036087036133 36 151 43 159
class 0.7285000681877136 67 150 73 159
class 0.672046959400177 64 147 72 156
class 0.43920043110847473 112 148 118 156
class 0.8326261639595032 115 150 121 159
class 0.7044553756713867 130 146 136 153
class 0.5027114748954773 164 151 169 160
class 0.6449021697044373 170 149 175 157
class 0.6661260724067688 166 150 174 160
class 0.9248411655426025 0 161 5 169
class 0.88144850730896 27 162 32 169
class 0.6514667272567749 25 161 31 168
class 0.7627025842666626 46 162 52 170
class 0.6489457488059998 69 156 75 163
class 0.7146876454353333 77 162 83 171
class 0.43132421374320984 74 160 80 169
class 0.7677159309387207 88 162 94 169
class 0.5064898729324341 85 160 91 169
class 0.53661048412323 112 154 121 164
class 0.6978574991226196 128 162 135 169
class 0.8477540016174316 136 157 142 165
class 0.7858473062515259 155 161 163 170
class 0.3863166570663452 195 162 199 169
class 0.49018874764442444 4 170 9 177
class 0.6371768116950989 9 172 15 179
class 0.3746098279953003 21 169 27 176
class 0.677167534828186 18 171 25 179
class 0.7490809559822083 78 166 84 174
class 0.42107704281806946 89 166 96 175
class 0.35010743141174316 98 171 105 178
class 0.5243028998374939 92 166 101 175
class 0.4056050479412079 103 173 108 181
class 0.7255792021751404 182 171 188 179
class 0.7443647980690002 178 170 185 179
class 0.40206092596054077 184 170 190 177
class 0.6420839428901672 194 167 199 175
class 0.32221460342407227 189 168 197 178
class 0.7200121879577637 1 183 6 190
class 0.37494906783103943 0 183 2 192
class 0.7454584240913391 105 180 112 187
class 0.739347517490387 130 182 136 189
class 0.7901356220245361 137 177 143 184
class 0.4651106894016266 154 183 159 191
class 0.43255850672721863 159 178 165 185
class 0.6035423874855042 155 177 162 186
class 0.301637202501297 157 176 163 183
class 0.6646884679794312 169 180 175 188
class 0.42445117235183716 169 178 174 184
class 0.6883010864257812 193 183 198 189
class 0.4930068552494049 189 180 197 189
class 0.4009843170642853 194 180 199 188
class 0.9181721210479736 6 192 12 199
class 0.7724908590316772 31 190 37 197
class 0.7962254881858826 48 194 54 199
class 0.3333483636379242 55 190 60 197
class 0.49172282218933105 52 185 60 198
class 0.6311483383178711 66 192 73 199
class 0.7429932951927185 63 190 71 198
class 0.4577462077140808 68 191 75 198
class 0.8292149305343628 173 191 179 198
class 0.5948492884635925 170 190 176 198
class 0.7330909371376038 184 191 190 198
class 0.4162466526031494 179 189 186 199
class 0.6609345078468323 191 189 197 196
class 0.7149437069892883 187 189 194 197
class 0.30215102434158325 195 189 199 197
