class 0.6068089008331299 6 2 11 9
class 0.7393248081207275 7 1 15 10
class 0.8885486125946045 21 4 27 12
class 0.828453779220581 46 3 53 10
class 0.5126055479049683 52 3 58 10
class 0.9031814932823181 67 0 73 7
class 0.6443662047386169 167 4 173 10
class 0.7833036780357361 177 3 183 10
class 0.8924447894096375 52 13 59 21
class 0.7707123756408691 71 7 78 17
class 0.829186737537384 86 15 93 22
class 0.8235500454902649 107 11 114 19
class 0.8663751482963562 123 14 130 23
class 0.7887346744537354 16 22 23 30
class 0.8161839842796326 94 21 101 30
class 0.8656129837036133 132 25 139 33
class 0.38927507400512695 138 21 144 29
class 0.5964449048042297 134 17 146 27
class 0.8455069065093994 152 26 158 33
class 0.6925153732299805 174 24 180 32
class 0.4020408093929291 170 20 183 32
class 0.8391535878181458 195 26 199 34
class 0.5544961094856262 16 30 22 37
class 0.8613481521606445 32 35 38 43
class 0.7329905033111572 69 32 75 41
class 0.6303970217704773 70 29 77 38
class 0.8091631531715393 90 30 95 37
class 0.8071678280830383 121 30 127 39
class 0.8574331402778625 143 34 149 42
class 0.4541179835796356 150 36 156 43
class 0.7398819327354431 165 28 174 39
class 0.6608271598815918 186 28 195 38
class 0.4103792905807495 5 46 9 53
class 0.8090457916259766 10 43 17 51
class 0.6809211373329163 48 46 54 54
class 0.42557209730148315 47 45 52 52
class 0.8678803443908691 77 47 83 54
class 0.590309202671051 153 41 158 49
class 0.6319221258163452 160 47 167 54
class 0.6589826345443726 156 44 164 53
class 0.3782714009284973 161 44 170 54
class 0.6901769042015076 185 45 190 53
class 0.5545111894607544 183 42 192 54
class 0.7882275581359863 186 46 193 55
class 0.7747402787208557 4 52 8 59
class 0.42215147614479065 1 52 4 63
class 0.3018719553947449 9 51 16 60
class 0.7421243190765381 73 56 80 64
class 0.7612147331237793 86 54 92 63
class 0.8509359359741211 95 54 101 63
class 0.7601408362388611 93 57 100 64
class 0.6526373028755188 112 51 117 59
class 0.3726849853992462 116 55 122 63
class 0.4535369575023651 113 53 120 62
class 0.6889376640319824 63 61 71 69
class 0.8258234858512878 118 60 125 69
class 0.7544198036193848 170 66 176 74
class 0.38153624534606934 167 67 174 76
class 0.5890719890594482 183 67 189 74
class 0.6932520866394043 180 67 185 74
class 0.35866379737854004 186 66 190 71
class 0.4048939645290375 187 63 193 72
class 0.8306173086166382 36 78 42 85
class 0.662371814250946 32 74 40 83
class 0.4766857326030731 38 76 43 83
class 0.40979334712028503 101 78 107 86
class 0.6384588479995728 108 78 115 86
class 0.6965137720108032 104 78 109 85
class 0.361613005399704 112 77 115 83
class 0.6704567670822144 167 73 174 80
class 0.3972451984882355 167 71 172 77
class 0.4855320453643799 181 72 187 79
class 0.9472386240959167 4 89 10 97
class 0.34781473875045776 3 87 6 97
class 0.7400917410850525 22 88 28 96
class 0.8727195262908936 112 86 117 95
class 0.41858285665512085 112 84 116 90
class 0.6119149327278137 137 81 144 88
class 0.7418411374092102 167 85 174 95
class 0.8874409794807434 11 99 17 107
class 0.8190891146659851 89 99 95 106
class 0.34495672583580017 106 99 112 107
class 0.6635181903839111 103 98 109 106
class 0.7745062112808228 117 95 123 103
class 0.5820625424385071 136 93 142 101
class 0.5393164753913879 176 91 183 100
class 0.8053156137466431 194 99 199 107
class 0.6612033247947693 36 108 42 115
class 0.44268038868904114 34 103 41 110
class 0.3363705277442932 38 107 43 113
class 0.5922017097473145 109 103 116 111
class 0.4268648028373718 106 103 114 111
class 0.41543853282928467 113 103 121 111
class 0.7113832831382751 131 108 137 115
class 0.6223543882369995 128 109 135 116
class 0.7081392407417297 147 105 154 112
class 0.7288036942481995 148 102 153 110
class 0.7135257720947266 1 116 6 124
class 0.6067724823951721 0 116 2 126
class 0.32628512382507324 4 117 6 125
class 0.5661011338233948 7 115 14 122
class 0.7527768015861511 24 120 30 127
class 0.7893086075782776 36 115 42 122
class 0.44585466384887695 33 115 40 123
class 0.6809808015823364 126 116 133 124
class 0.32027173042297363 127 114 132 121
class 0.7913733720779419 148 114 155 122
class 0.6690556406974792 195 115 199 123
class 0.5508351922035217 27 131 33 138
class 0.7577639222145081 36 128 42 135
class 0.5093485713005066 31 129 38 137
class 0.7112497091293335 77 125 84 134
class 0.6614412069320679 85 128 92 137
class 0.793484091758728 118 124 124 133
class 0.650765597820282 114 124 122 132
class 0.9000843167304993 131 131 137 139
class 0.5498955845832825 128 128 135 136
class 0.31749817728996277 132 129 137 136
class 0.7876362800598145 145 129 151 138
class 0.7018297910690308 155 129 163 137
class 0.6157565116882324 21 138 27 146
class 0.7296319007873535 19 141 26 149
class 0.8581846356391907 35 141 41 149
class 0.7484821081161499 79 137 85 144
class 0.5873120427131653 85 135 91 143
class 0.5758762955665588 111 141 117 149
class 0.6723794341087341 129 140 136 148
class 0.5838467478752136 182 137 189 145
class 0.6741630434989929 178 140 185 149
class 0.42855364084243774 186 133 193 143
class 0.8202487826347351 17 152 22 158
class 0.3157377243041992 48 144 57 153
class 0.665439784526825 67 150 73 159
class 0.6337952613830566 65 148 72 157
class 0.40935003757476807 112 147 118 155
class 0.7919368147850037 115 150 121 159
class 0.7698112726211548 130 146 136 153
class 0.40428563952445984 164 151 169 159
class 0.40408024191856384 169 148 174 156
class 0.6521009802818298 165 150 174 160
class 0.9035804271697998 0 161 5 169
class 0.8621450066566467 26 162 32 169
class 0.7367271184921265 45 162 51 169
class 0.7598936557769775 69 155 75 163
class 0.72756427526474 77 163 84 171
class 0.398628294467926 74 160 80 169
class 0.8084022998809814 89 162 94 169
class 0.5357152819633484 86 160 92 169
class 0.5408544540405273 113 154 121 163
class 0.7949525713920593 130 163 136 170
class 0.7645761966705322 155 161 162 170
class 0.503719687461853 195 163 199 170
class 0.34630876779556274 4 170 8 177
class 0.5015172958374023 9 172 15 179
class 0.3672741949558258 20 170 27 177
class 0.7360602617263794 18 171 25 180
class 0.43990251421928406 75 167 82 175
class 0.6400197148323059 91 165 100 174
class 0.31431859731674194 103 173 109 181
class 0.7527309060096741 182 171 188 179
class 0.7179936170578003 178 169 186 179
class 0.3518558740615845 184 170 191 177
class 0.7096561789512634 195 167 199 174
class 0.75375896692276 0 183 6 190
class 0.3927081227302551 0 183 2 191
class 0.7342671155929565 105 179 112 186
class 0.42431721091270447 105 176 111 184
class 0.7460570931434631 130 182 136 190
class 0.8231778144836426 137 177 144 184
class 0.7557495832443237 155 177 161 186
class 0.6278933882713318 168 179 175 187
class 0.5369321703910828 169 177 175 183
class 0.7245063781738281 193 183 198 190
class 0.5285611152648926 189 180 197 189
class 0.8993493914604187 5 193 11 199
class 0.7498570680618286 31 191 38 198
class 0.7974204421043396 47 194 53 199
class 0.3481919467449188 54 190 61 197
class 0.4703160524368286 51 185 60 198
class 0.7096121907234192 66 191 72 199
class 0.7390367984771729 63 189 71 198
class 0.36171460151672363 68 191 74 198
class 0.5343278646469116 153 187 159 194
class 0.7855653166770935 173 191 179 197
class 0.6108720302581787 170 189 176 197
class 0.7598225474357605 184 190 190 198
class 0.4226931631565094 180 189 187 198
class 0.6171737313270569 192 189 197 196
class 0.655055820941925 187 189 194 196
