class 0.42370080947875977 5 2 10 8
class 0.7949700951576233 7 2 14 10
class 0.812786877155304 21 4 27 12
class 0.7385903000831604 36 5 42 12
class 0.900676965713501 46 4 52 12
class 0.31973081827163696 43 4 49 12
class 0.9506540894508362 67 0 73 7
class 0.4618294835090637 77 0 82 4
class 0.4619593918323517 98 0 103 4
class 0.91187584400177 128 0 134 7
class 0.6909917593002319 166 4 173 11
class 0.603080153465271 177 2 182 9
class 0.4960992932319641 176 6 182 11
class 0.5449426174163818 0 9 4 16
class 0.4750491976737976 33 11 40 18
class 0.7598253488540649 29 9 37 18
class 0.5443735718727112 39 8 47 18
class 0.6590458154678345 55 14 62 22
class 0.7018405795097351 52 12 59 20
class 0.5332195162773132 53 9 60 17
class 0.35645052790641785 58 11 64 20
class 0.4919179379940033 60 15 67 23
class 0.7507678866386414 71 8 77 17
class 0.8474327325820923 87 15 93 23
class 0.7925823926925659 107 10 114 19
class 0.8075235486030579 123 14 130 23
class 0.9385303854942322 180 15 186 24
class 0.7689952254295349 195 9 199 17
class 0.5234503149986267 0 22 4 31
class 0.7804171442985535 16 22 23 29
class 0.579059898853302 58 19 64 26
class 0.841953456401825 94 21 101 29
class 0.551097571849823 122 26 128 33
class 0.8708201050758362 131 26 137 34
class 0.43422558903694153 127 24 133 35
class 0.36061275005340576 133 23 137 31
class 0.6163584589958191 140 24 146 31
class 0.5425118207931519 135 21 144 30
class 0.4109397530555725 140 20 149 30
class 0.8427348732948303 151 25 157 32
class 0.536430835723877 147 21 155 32
class 0.787470281124115 174 25 180 33
class 0.3827006220817566 176 20 184 30
class 0.8026843070983887 195 25 199 34
class 0.3427245318889618 17 30 22 37
class 0.8139415383338928 26 36 32 44
class 0.6469349265098572 23 33 30 42
class 0.7407741546630859 34 37 41 44
class 0.6291403770446777 30 34 37 44
class 0.7207710146903992 69 34 75 43
class 0.44052061438560486 65 35 71 43
class 0.4198950231075287 70 32 75 39
class 0.825534999370575 90 30 95 37
class 0.534323513507843 86 34 94 41
class 0.6231645345687866 99 37 105 44
class 0.7110229730606079 121 31 128 39
class 0.8470654487609863 143 34 148 42
class 0.3199678957462311 150 35 156 42
class 0.7155702710151672 165 28 173 38
class 0.4281952977180481 185 30 190 39
class 0.8672695755958557 10 43 17 51
class 0.8581829071044922 37 43 43 50
class 0.6886181235313416 48 46 54 54
class 0.40596961975097656 57 42 63 49
class 0.33310580253601074 50 43 59 54
class 0.8240141272544861 64 41 71 49
class 0.6712160706520081 61 41 69 50
class 0.8949888944625854 79 44 85 51
class 0.725788414478302 87 46 94 53
class 0.354388564825058 82 43 91 53
class 0.47098180651664734 98 42 104 49
class 0.702599287033081 95 36 105 49
class 0.4506247937679291 120 47 126 55
class 0.4456155300140381 153 41 158 48
class 0.7101349234580994 161 46 167 54
class 0.6078101992607117 156 44 164 53
class 0.32851967215538025 165 45 172 55
class 0.6965349316596985 185 43 190 50
class 0.6143660545349121 186 45 194 55
class 0.8203378319740295 4 50 9 58
class 0.3546338677406311 1 52 5 62
class 0.9008693695068359 16 57 22 65
class 0.4748890995979309 12 54 19 64
class 0.7266879081726074 72 56 80 65
class 0.3467157185077667 74 52 81 61
class 0.7823567986488342 83 57 91 65
class 0.6688193678855896 96 54 102 62
class 0.854221761226654 93 56 100 65
class 0.583611249923706 111 51 117 58
class 0.7883986234664917 112 52 122 61
class 0.3616924583911896 116 50 123 58
class 0.6602840423583984 19 61 26 69
class 0.7136568427085876 63 61 70 68
class 0.5300095677375793 76 67 82 75
class 0.7731271386146545 102 61 109 69
class 0.7528054118156433 119 61 125 68
class 0.4148035943508148 159 63 165 71
class 0.6074169278144836 155 61 163 70
class 0.8238152861595154 169 67 175 75
class 0.32299619913101196 168 63 174 73
class 0.670360803604126 183 65 189 73
class 0.7298420071601868 181 67 187 74
class 0.4111349582672119 185 64 190 72
class 0.8523781895637512 36 76 42 84
class 0.5991458296775818 34 73 40 81
class 0.6762482523918152 58 73 64 80
class 0.4412602484226227 63 73 70 81
class 0.7410637140274048 73 75 80 82
class 0.40737834572792053 75 72 82 80
class 0.5135917663574219 100 78 106 86
class 0.40319719910621643 97 76 104 85
class 0.6882916688919067 108 78 115 85
class 0.7262345552444458 105 76 111 86
class 0.6112700700759888 162 78 168 86
class 0.5876225233078003 166 74 172 82
class 0.4973253607749939 167 71 172 78
class 0.33146369457244873 178 71 186 80
class 0.9244440793991089 5 89 10 97
class 0.3140782415866852 3 87 6 97
class 0.7725757956504822 21 87 27 95
class 0.899666428565979 109 89 115 97
class 0.31526777148246765 112 87 116 93
class 0.5141780376434326 137 85 143 92
class 0.6094735860824585 136 81 143 89
class 0.5780835151672363 160 82 166 91
class 0.6831036806106567 171 87 177 94
class 0.6932422518730164 168 86 175 93
class 0.8653411865234375 12 99 18 107
class 0.7691456079483032 33 98 39 106
class 0.5876045823097229 30 96 37 104
class 0.48498326539993286 31 93 39 102
class 0.5133811831474304 57 99 63 107
class 0.5966081023216248 54 97 62 106
class 0.45527714490890503 60 99 67 107
class 0.791749894618988 89 98 94 107
class 0.5485931634902954 105 97 112 106
class 0.6951215863227844 102 96 110 106
class 0.3426772952079773 104 93 110 100
class 0.7953190207481384 118 95 124 103
class 0.6688541769981384 117 98 123 105
class 0.7128328084945679 137 93 143 101
class 0.8711500763893127 183 98 189 105
class 0.5432998538017273 180 95 187 104
class 0.8632603883743286 194 99 199 106
class 0.5255542397499084 191 97 198 106
class 0.598968505859375 28 106 33 114
class 0.8025813698768616 36 109 42 116
class 0.47188884019851685 31 108 38 116
class 0.4443964660167694 39 107 42 112
class 0.873101532459259 65 110 72 118
class 0.779581606388092 80 102 89 112
class 0.627231776714325 108 106 115 114
class 0.38737136125564575 106 102 115 112
class 0.6967610716819763 131 108 137 116
class 0.4299340546131134 133 104 141 112
class 0.6032547354698181 147 105 154 113
class 0.7033832669258118 147 102 153 110
class 0.6638922691345215 185 108 191 117
class 0.7417553067207336 2 117 6 124
class 0.544806182384491 0 116 2 126
class 0.31262049078941345 4 117 6 127
class 0.5548667311668396 8 115 14 123
class 0.8334400653839111 25 119 31 127
class 0.8261370062828064 35 115 42 123
class 0.39933449029922485 32 114 38 122
class 0.34643274545669556 35 113 39 119
class 0.7082186341285706 84 119 91 128
class 0.5461686849594116 113 115 120 123
class 0.626593828201294 128 116 134 124
class 0.3626449704170227 127 113 133 121
class 0.798477053642273 149 113 156 121
class 0.6633469462394714 195 114 199 123
class 0.8338646292686462 37 128 43 135
class 0.6818656921386719 57 130 63 137
class 0.589347243309021 53 125 62 136
class 0.5562103986740112 76 126 83 135
class 0.6055583357810974 74 123 81 133
class 0.820574164390564 88 131 94 139
class 0.6457856893539429 85 130 91 138
class 0.4123862385749817 91 129 95 135
class 0.4459385275840759 91 131 98 138
class 0.7858647704124451 118 124 124 133
class 0.6991713643074036 132 131 137 139
class 0.49630454182624817 127 127 134 135
class 0.759276270866394 145 130 151 137
class 0.4875953495502472 160 128 166 136
class 0.8824664354324341 156 129 163 137
class 0.6990923881530762 165 125 172 135
class 0.7584543228149414 22 137 29 146
class 0.8709001541137695 20 140 27 149
class 0.6813884973526001 34 140 41 148
class 0.558210551738739 30 135 39 145
class 0.621095597743988 58 137 64 145
class 0.3304438889026642 53 140 62 150
class 0.38564446568489075 64 141 70 149
class 0.5078430771827698 60 138 68 148
class 0.7932627201080322 80 137 85 145
class 0.5510185956954956 86 136 92 143
class 0.48181095719337463 81 135 89 144
class 0.6301506161689758 111 141 117 149
class 0.7336727976799011 131 140 137 149
class 0.6785581111907959 184 135 190 143
class 0.5325812697410583 186 134 193 142
class 0.744687557220459 17 150 22 158
class 0.867806613445282 24 152 30 159
class 0.5251119136810303 20 150 28 159
class 0.7401601076126099 37 151 43 158
class 0.5020016431808472 34 149 41 158
class 0.39641162753105164 35 147 45 157
class 0.7938463687896729 47 149 53 157
class 0.5003591775894165 42 149 49 159
class 0.43758001923561096 48 144 58 156
class 0.7811952233314514 67 151 74 159
class 0.6660614609718323 65 147 72 156
class 0.3520074188709259 69 149 75 156
class 0.5147069692611694 107 150 113 158
class 0.8248171210289001 103 152 109 160
class 0.7333589196205139 115 150 121 159
class 0.44116291403770447 113 146 121 157
class 0.6332070231437683 128 147 134 156
class 0.47087764739990234 129 145 135 152
class 0.6724233031272888 140 148 145 157
class 0.7701016068458557 136 149 142 158
class 0.4103323221206665 143 147 148 155
class 0.7602643370628357 162 151 168 160
class 0.7624515891075134 173 149 178 157
class 0.5698750615119934 168 151 175 158
class 0.41652026772499084 175 144 183 154
class 0.9275158047676086 0 161 5 169
class 0.8999139070510864 26 162 32 170
class 0.763576865196228 45 162 51 169
class 0.33984750509262085 43 158 56 169
class 0.7017256617546082 59 161 64 169
class 0.35678690671920776 54 158 62 169
class 0.6924357414245605 64 159 71 166
class 0.7371652126312256 60 161 69 170
class 0.6640678644180298 77 160 83 168
class 0.695065975189209 73 158 82 167
class 0.3518920838832855 77 157 87 167
class 0.7652203440666199 86 160 92 167
class 0.5551671385765076 101 155 106 162
class 0.4939902126789093 113 155 120 164
class 0.7866817116737366 128 162 135 170
class 0.3379295766353607 131 160 138 166
class 0.7493264675140381 141 161 147 169
class 0.6575590968132019 135 161 143 169
class 0.45750075578689575 143 159 148 165
class 0.4605240225791931 144 158 152 167
class 0.7679826021194458 155 161 162 171
class 0.4296073913574219 195 163 199 170
class 0.49924787878990173 5 170 9 178
class 0.7319843769073486 8 172 15 179
class 0.4674142301082611 20 169 26 177
class 0.7975621819496155 18 171 25 180
class 0.795958936214447 78 166 84 174
class 0.45116639137268066 98 172 105 179
class 0.30371716618537903 92 167 101 178
class 0.5573110580444336 108 172 114 179
class 0.7549623847007751 103 172 111 181
class 0.7062716484069824 134 170 142 179
class 0.46315038204193115 135 167 143 174
class 0.7779878973960876 181 171 188 179
class 0.6503193974494934 178 170 185 180
class 0.34039923548698425 184 170 189 177
class 0.6617153882980347 194 167 199 174
class 0.8026508688926697 1 183 6 191
class 0.5465847253799438 0 183 2 192
class 0.7406349778175354 41 179 48 186
class 0.8386446833610535 39 176 46 185
class 0.7361422777175903 92 179 99 189
class 0.3118317425251007 93 175 102 187
class 0.8215442895889282 105 182 112 189
class 0.8366637229919434 129 182 134 190
class 0.7152807712554932 137 177 144 184
class 0.5207169055938721 160 178 166 186
class 0.5836924314498901 154 177 163 186
class 0.6816200613975525 173 183 178 190
class 0.588516116142273 168 181 175 189
class 0.4177338480949402 175 180 179 187
class 0.524695098400116 176 177 183 187
class 0.6817715764045715 192 182 198 190
class 0.6138465404510498 189 179 196 188
class 0.3322526514530182 194 180 199 188
class 0.8960772156715393 5 192 11 199
class 0.33810630440711975 2 191 6 199
class 0.35455378890037537 7 192 9 197
class 0.7481823563575745 31 191 38 198
class 0.7086206078529358 48 194 54 199
class 0.3191016614437103 54 189 60 195
class 0.48825302720069885 52 184 59 197
class 0.7920567393302917 67 193 73 199
class 0.6501696109771729 64 189 72 198
class 0.6886558532714844 98 193 104 199
class 0.7345004677772522 94 191 101 199
class 0.5920495986938477 97 190 108 199
class 0.457459419965744 128 193 134 199
class 0.4680980145931244 125 192 132 199
class 0.4267037510871887 153 188 159 195
class 0.8418087959289551 173 191 179 198
class 0.5814496278762817 171 190 177 197
class 0.3074319660663605 172 188 177 194
class 0.7692714929580688 185 192 190 199
class 0.30240264534950256 180 190 187 199
class 0.573254406452179 192 191 197 198
class 0.7731404304504395 188 191 194 198
class 0.38627687096595764 191 188 196 195
class 0.39807283878326416 195 189 199 196
