class 0.5078242421150208 5 2 10 8
class 0.7748585343360901 8 2 14 10
class 0.8022307753562927 21 4 27 12
class 0.7026289105415344 35 5 41 12
class 0.33846426010131836 32 5 39 12
class 0.9207689166069031 47 4 53 11
class 0.30550867319107056 44 4 50 12
class 0.30248692631721497 54 4 60 11
class 0.92376708984375 66 0 72 7
class 0.4284893274307251 110 4 116 11
class 0.8638728260993958 128 0 134 6
class 0.6324492692947388 166 4 173 11
class 0.7435463070869446 177 2 183 9
class 0.3266960382461548 0 9 3 15
class 0.47318366169929504 34 10 41 18
class 0.7131076455116272 30 9 37 17
class 0.6600082516670227 39 8 46 17
class 0.721565306186676 56 14 62 22
class 0.7066038250923157 53 12 59 20
class 0.47451382875442505 54 9 60 17
class 0.3105638027191162 58 13 64 20
class 0.6048579216003418 60 15 67 23
class 0.7350108027458191 71 8 78 18
class 0.8308301568031311 86 15 93 23
class 0.7896742820739746 107 11 114 19
class 0.8081133365631104 123 13 130 23
class 0.9154216051101685 179 15 186 24
class 0.7541189789772034 195 8 199 16
class 0.4485591650009155 0 23 4 31
class 0.780788004398346 16 22 23 29
class 0.8779618740081787 94 21 101 29
class 0.5238122344017029 122 26 127 33
class 0.8286666870117188 131 26 137 34
class 0.5122747421264648 126 24 133 34
class 0.5766814351081848 139 24 146 31
class 0.5302280187606812 134 21 144 31
class 0.32925766706466675 141 21 149 30
class 0.8055693507194519 151 25 157 32
class 0.6101934313774109 147 21 155 32
class 0.7721472978591919 174 25 180 33
class 0.32515010237693787 176 20 184 30
class 0.7650798559188843 195 25 199 34
class 0.7689653038978577 25 36 31 43
class 0.6742271184921265 23 33 30 42
class 0.5684462785720825 33 36 39 44
class 0.6912574768066406 29 35 37 44
class 0.6940425634384155 69 35 75 43
class 0.3151831328868866 66 35 72 43
class 0.49856480956077576 70 30 78 40
class 0.7776916027069092 90 30 95 37
class 0.4949028789997101 87 32 94 41
class 0.7517520785331726 121 31 127 39
class 0.8600901961326599 143 34 149 43
class 0.5636309385299683 150 36 157 43
class 0.6843592524528503 165 28 173 39
class 0.41356274485588074 185 28 195 39
class 0.8432710766792297 10 43 17 51
class 0.8597577810287476 37 40 43 48
class 0.7507075667381287 48 46 54 55
class 0.5292839407920837 58 42 64 50
class 0.3765643537044525 51 44 60 54
class 0.7946314215660095 65 40 72 48
class 0.6719596982002258 61 40 69 50
class 0.8950902223587036 79 43 85 51
class 0.7080102562904358 88 47 94 53
class 0.419053316116333 153 41 159 49
class 0.6788122653961182 161 47 167 54
class 0.6823545694351196 156 45 164 53
class 0.3562481105327606 162 44 170 54
class 0.32231560349464417 165 45 172 54
class 0.7169967293739319 185 43 190 50
class 0.6545210480690002 186 46 194 55
class 0.7483906149864197 4 50 9 57
class 0.7583751678466797 15 57 21 65
class 0.39391592144966125 11 54 18 63
class 0.7257866859436035 73 56 80 65
class 0.7212787866592407 84 55 91 65
class 0.37833961844444275 84 50 93 62
class 0.7985628247261047 96 53 102 61
class 0.8449763059616089 93 56 100 65
class 0.6478419303894043 111 52 117 59
class 0.30001822113990784 116 56 122 63
class 0.5649979114532471 112 53 120 63
class 0.5284020900726318 16 61 22 68
class 0.38087785243988037 21 62 28 70
class 0.5857871770858765 18 61 26 68
class 0.7448310256004333 64 61 71 69
class 0.8009040355682373 118 60 125 69
class 0.7627524137496948 170 67 176 75
class 0.6065171360969543 183 65 189 73
class 0.6356885433197021 180 67 186 75
class 0.4221082031726837 186 64 190 71
class 0.37226563692092896 186 61 193 72
class 0.810666561126709 36 77 42 85
class 0.6417127251625061 33 73 40 81
class 0.7969803810119629 76 72 83 80
class 0.6767897605895996 74 73 80 80
class 0.5046765804290771 101 78 107 86
class 0.7551880478858948 109 78 115 86
class 0.6641831994056702 105 78 109 85
class 0.3708041310310364 112 78 115 83
class 0.7131472229957581 163 78 169 86
class 0.38564419746398926 165 73 173 82
class 0.4014897644519806 166 70 173 78
class 0.6029446125030518 181 71 187 80
class 0.9265308380126953 5 89 11 97
class 0.8055244088172913 21 88 28 96
class 0.8636605143547058 110 88 116 96
class 0.3976442813873291 111 86 116 92
class 0.6756566166877747 137 81 143 89
class 0.3237989842891693 162 81 169 90
class 0.5409442186355591 170 87 177 95
class 0.6995574235916138 167 86 174 94
class 0.8879286646842957 11 98 17 107
class 0.5637573003768921 57 100 63 107
class 0.5851215720176697 55 98 62 105
class 0.8078913688659668 89 98 95 107
class 0.5224502086639404 106 98 112 106
class 0.6981297731399536 103 97 110 107
class 0.7736110091209412 118 94 124 103
class 0.6753230094909668 137 93 143 101
class 0.8590817451477051 183 98 189 106
class 0.5682243704795837 180 95 188 104
class 0.8599313497543335 195 99 199 107
class 0.49304860830307007 190 96 198 106
class 0.5436856150627136 28 106 33 114
class 0.5467595458030701 34 108 41 115
class 0.7188540697097778 29 107 37 115
class 0.36694180965423584 38 107 42 111
class 0.6866645216941833 110 107 116 115
class 0.38370922207832336 116 104 123 112
class 0.4892643392086029 114 102 121 110
class 0.6880868077278137 132 108 137 115
class 0.526040256023407 128 109 136 117
class 0.3113788664340973 133 104 140 112
class 0.5797414183616638 147 105 154 113
class 0.7021177411079407 148 102 153 110
class 0.7117553353309631 2 116 7 124
class 0.5225100517272949 0 115 3 125
class 0.30735617876052856 4 117 6 126
class 0.5943222641944885 8 114 14 121
class 0.7807027101516724 24 120 30 127
class 0.7871037721633911 36 115 43 122
class 0.31384021043777466 36 113 41 119
class 0.4674782156944275 111 114 117 121
class 0.5301545262336731 113 114 120 123
class 0.7949986457824707 127 117 134 125
class 0.4124268889427185 127 114 133 121
class 0.8293119072914124 148 113 155 121
class 0.6477028131484985 196 115 199 123
class 0.6390226483345032 27 131 33 138
class 0.8030386567115784 36 127 43 135
class 0.7921796441078186 57 130 63 137
class 0.6585589647293091 54 126 62 136
class 0.6860485076904297 78 125 84 134
class 0.711298942565918 85 128 91 136
class 0.8057120442390442 118 124 124 133
class 0.7372258305549622 114 124 122 132
class 0.7400689125061035 131 130 137 138
class 0.5116267204284668 127 126 134 135
class 0.34855011105537415 132 128 138 135
class 0.7378671765327454 145 130 151 137
class 0.7780309319496155 155 129 163 138
class 0.718942403793335 22 137 28 146
class 0.7559949159622192 18 140 27 149
class 0.8718337416648865 36 141 42 149
class 0.7721012234687805 79 137 85 145
class 0.4289422333240509 76 137 84 147
class 0.5906704664230347 84 135 91 143
class 0.6481797695159912 111 141 117 149
class 0.3024255931377411 109 138 118 148
class 0.6857558488845825 131 140 137 149
class 0.5501843690872192 183 135 189 143
class 0.48676416277885437 178 139 185 147
class 0.39586591720581055 187 134 193 142
class 0.8455423712730408 17 152 22 159
class 0.7134965658187866 37 151 43 159
class 0.3544909656047821 49 144 59 153
class 0.7475996017456055 67 151 73 159
class 0.6450403332710266 64 148 71 156
class 0.3164689540863037 69 149 75 157
class 0.5340818166732788 108 150 114 158
class 0.8011140823364258 103 152 110 159
class 0.8019099831581116 115 150 121 159
class 0.671633780002594 130 146 136 153
class 0.6220697164535522 163 151 169 159
class 0.5365283489227295 161 150 166 158
class 0.6647971868515015 171 149 177 158
class 0.5867003202438354 167 151 174 160
class 0.928130567073822 0 161 5 169
class 0.31485894322395325 0 161 2 170
class 0.8657935261726379 26 162 32 169
class 0.8406779766082764 45 162 52 170
class 0.664923906326294 68 156 75 164
class 0.3294525146484375 65 157 73 166
class 0.6419057250022888 77 162 83 170
class 0.5301569104194641 73 159 80 168
class 0.7982717156410217 86 162 93 170
class 0.6334177851676941 83 161 90 170
class 0.43488842248916626 100 155 106 163
class 0.4794085621833801 113 155 120 163
class 0.7413316369056702 127 161 135 169
class 0.7221459150314331 140 161 146 169
class 0.7358250617980957 135 160 142 168
class 0.3645927608013153 137 157 144 166
class 0.39308416843414307 142 159 148 166
class 0.5713441967964172 144 157 151 166
class 0.8032676577568054 155 162 163 170
class 0.38451695442199707 196 162 199 169
class 0.5979119539260864 4 170 9 177
class 0.7253149747848511 9 172 15 180
class 0.4306236207485199 21 169 27 177
class 0.7837583422660828 18 171 25 180
class 0.7833191156387329 78 166 84 174
class 0.33426299691200256 90 166 96 174
class 0.3685044050216675 98 170 105 178
class 0.45320335030555725 92 165 100 175
class 0.5646113157272339 108 172 114 180
class 0.7142654657363892 104 172 111 181
class 0.4647960364818573 134 170 142 179
class 0.7665675282478333 181 171 187 178
class 0.720507800579071 195 166 199 174
class 0.7985041737556458 1 183 6 190
class 0.4434651732444763 0 183 2 192
class 0.7501341104507446 105 181 111 189
class 0.7451231479644775 129 181 135 189
class 0.8417983055114746 137 177 144 184
class 0.3882361352443695 160 178 166 185
class 0.5368093848228455 154 177 163 186
class 0.7129594683647156 170 182 176 190
class 0.6345856189727783 167 180 174 189
class 0.7283565402030945 192 182 198 190
class 0.5430533289909363 188 179 197 188
class 0.9135721325874329 6 191 12 199
class 0.7110689878463745 31 191 38 198
class 0.8091771006584167 47 194 53 199
class 0.3702572286128998 55 189 61 196
class 0.5110772848129272 51 185 61 197
class 0.7671259641647339 67 193 73 199
class 0.7101230621337891 64 190 72 199
class 0.7086766362190247 98 194 104 199
class 0.7474498748779297 94 192 102 199
class 0.6139028072357178 153 187 159 194
class 0.8345794677734375 173 190 179 197
class 0.5873942971229553 170 189 176 197
class 0.7822431325912476 184 191 190 198
class 0.3874083459377289 180 189 187 199
class 0.6146723628044128 192 190 198 197
class 0.6886608600616455 188 190 194 197
class 0.37999847531318665 192 188 196 195
class 0.3982340395450592 195 189 199 196
