class 0.5711941123008728 121 2 129 14
class 0.33934611082077026 178 4 188 15
class 0.5667582154273987 65 14 76 26
class 0.6255517601966858 88 6 98 18
class 0.39926719665527344 107 17 116 29
class 0.5589282512664795 74 27 82 40
class 0.5801276564598083 178 27 188 38
class 0.5473794341087341 28 43 37 54
class 0.43709614872932434 36 53 47 67
class 0.5588377118110657 51 47 61 60
class 0.5369634628295898 71 48 80 60
class 0.5840632915496826 82 56 92 68
class 0.6544402837753296 193 51 199 63
class 0.45411863923072815 38 80 49 92
class 0.23942026495933533 44 95 56 107
class 0.28120216727256775 40 96 50 108
class 0.4940010905265808 48 90 58 101
class 0.5214372873306274 61 97 71 109
class 0.12623703479766846 42 101 54 112
class 0.506170928478241 74 100 84 111
class 0.2892164885997772 99 108 109 120
class 0.5600822567939758 111 106 122 118
class 0.4871399402618408 164 107 174 118
class 0.4786342978477478 146 119 156 131
class 0.3209124207496643 123 120 134 133
class 0.44065675139427185 76 140 85 151
class 0.5813568830490112 83 132 93 144
class 0.6160370111465454 66 143 76 155
class 0.436932772397995 76 145 84 157
class 0.362185001373291 74 153 83 166
class 0.5463166236877441 78 154 86 164
class 0.47459089756011963 175 152 186 167
class 0.61292564868927 180 155 190 166
class 0.5921891331672668 56 167 67 179
class 0.5884805917739868 69 164 79 175
class 0.43831324577331543 130 163 141 175
class 0.5481552481651306 148 165 159 179
class 0.6805362701416016 179 167 191 178
class 0.19719892740249634 185 163 195 176
class 0.4187910854816437 68 182 78 193
class 0.691008985042572 20 190 32 199
class 0.5408841967582703 173 192 183 199
