class 0.5117031931877136 124 5 134 20
class 0.5971060991287231 169 10 178 23
class 0.44309452176094055 26 24 35 36
class 0.6317023634910583 51 35 60 46
class 0.3496050536632538 88 33 99 48
class 0.30493587255477905 141 30 152 41
class 0.5688642859458923 192 31 199 45
class 0.4975467324256897 8 38 19 50
class 0.6181994676589966 49 42 59 52
class 0.5200949907302856 117 43 127 56
class 0.35619181394577026 123 41 134 52
class 0.40445786714553833 133 44 142 55
class 0.5374071002006531 55 55 66 68
class 0.15754003822803497 118 48 129 59
class 0.6938269734382629 3 60 13 72
class 0.4606432616710663 171 65 182 77
class 0.467717707157135 67 76 78 88
class 0.41855162382125854 106 76 116 88
class 0.3375455141067505 151 75 163 89
class 0.4334251284599304 139 85 148 97
class 0.406782865524292 80 100 90 113
class 0.5091782212257385 7 118 18 130
class 0.6330503225326538 52 111 61 125
class 0.40898826718330383 118 116 128 128
class 0.4970337748527527 29 121 38 134
class 0.6587361693382263 147 128 157 140
class 0.4985958933830261 39 133 49 143
class 0.31208810210227966 65 133 74 144
class 0.2040407806634903 143 132 154 145
class 0.47181960940361023 63 148 73 160
class 0.3921796679496765 135 143 144 157
class 0.7414920926094055 193 144 199 157
class 0.4569377899169922 176 155 187 167
class 0.5483317971229553 79 173 87 186
class 0.31993967294692993 121 174 130 186
class 0.45652052760124207 94 185 103 196
class 0.5478901267051697 107 184 117 198
