class 0.4011152684688568 67 0 77 7
class 0.4678313136100769 72 1 82 11
class 0.6739223599433899 81 2 90 13
class 0.5427786111831665 172 0 181 6
class 0.7305511236190796 183 2 192 13
class 0.3730960786342621 186 1 195 10
class 0.4624723792076111 71 16 81 28
class 0.31852486729621887 124 24 135 37
class 0.5211212635040283 189 21 197 31
class 0.5635603070259094 10 28 20 41
class 0.1776125282049179 127 26 140 39
class 0.48245853185653687 153 33 163 45
class 0.4585643708705902 174 26 185 39
class 0.6340410113334656 130 37 141 51
class 0.5459731221199036 42 55 52 67
class 0.567670464515686 166 49 177 61
class 0.5566345453262329 9 66 21 78
class 0.5350024104118347 114 66 124 78
class 0.5197098255157471 129 65 140 77
class 0.4824013411998749 34 70 44 83
class 0.4537776708602905 142 85 152 97
class 0.4278140068054199 164 81 173 92
class 0.43948400020599365 11 104 22 116
class 0.3458728492259979 69 101 79 114
class 0.4483211934566498 80 100 90 111
class 0.495466411113739 95 107 106 118
class 0.5581772923469543 187 107 197 120
class 0.5552874207496643 27 112 37 124
class 0.5657129883766174 106 115 116 126
class 0.4721754789352417 143 129 153 140
class 0.5561718344688416 16 138 26 151
class 0.3677719533443451 39 142 49 155
class 0.3445064127445221 99 150 108 161
class 0.7615146636962891 4 153 13 165
class 0.49582815170288086 147 158 158 170
class 0.6864473819732666 179 159 190 171
class 0.43939292430877686 22 163 31 176
class 0.5758302807807922 51 170 63 183
class 0.48678988218307495 131 169 140 182
class 0.4913647770881653 136 164 146 180
class 0.4603170156478882 161 171 171 183
class 0.5259964466094971 82 175 94 188
