class 0.5373791456222534 90 2 100 13
class 0.6181887984275818 15 21 24 33
class 0.39281564950942993 77 32 89 46
class 0.46864038705825806 98 33 110 48
class 0.516455352306366 166 34 173 45
class 0.7773640751838684 190 28 199 40
class 0.48511892557144165 34 43 44 54
class 0.48367729783058167 65 42 74 54
class 0.5931575298309326 133 37 143 51
class 0.7739990949630737 2 53 11 64
class 0.6126489639282227 19 53 29 65
class 0.5445613265037537 159 56 168 67
class 0.5931102633476257 127 59 137 70
class 0.49899882078170776 27 75 37 88
class 0.5387551784515381 84 73 94 85
class 0.5428648591041565 166 74 176 87
class 0.4637293219566345 6 87 18 100
class 0.4298103153705597 35 83 48 97
class 0.584582507610321 182 91 192 105
class 0.603077232837677 15 112 24 124
class 0.5031736493110657 44 126 53 138
class 0.3591972589492798 115 130 122 141
class 0.34722140431404114 160 120 175 137
class 0.481170117855072 125 132 135 143
class 0.47659075260162354 164 134 173 146
class 0.6198775172233582 75 146 85 160
class 0.36968645453453064 98 150 107 160
class 0.6137879490852356 77 153 88 165
class 0.5938181281089783 159 159 168 171
class 0.549420952796936 54 162 65 175
class 0.6303085684776306 140 170 151 183
class 0.49087998270988464 12 175 21 185
class 0.7023975849151611 78 174 87 186
class 0.6128726601600647 113 179 124 192
class 0.559779942035675 145 173 157 186
class 0.48095306754112244 171 181 180 192
class 0.6912131905555725 192 174 199 185
class 0.628277063369751 108 188 118 198
class 0.596199095249176 134 190 145 199
