class 0.7169058918952942 21 3 31 15
class 0.7995105981826782 169 1 179 13
class 0.8111884593963623 0 7 7 18
class 0.3862641155719757 17 7 29 17
class 0.42836377024650574 142 8 153 21
class 0.42163729667663574 98 16 110 31
class 0.3980662524700165 122 23 132 34
class 0.5320065021514893 139 27 152 41
class 0.5421785116195679 177 26 186 37
class 0.37436726689338684 67 36 78 49
class 0.6636982560157776 147 37 155 49
class 0.4445282816886902 70 48 79 60
class 0.4981828033924103 93 54 103 67
class 0.3101575970649719 101 54 110 68
class 0.4604392349720001 27 64 38 77
class 0.5376763939857483 38 65 48 77
class 0.570404052734375 144 58 154 70
class 0.5361163020133972 80 75 91 89
class 0.5020133852958679 122 68 132 80
class 0.4803107678890228 161 76 170 87
class 0.4810525178909302 73 80 82 91
class 0.5454445481300354 154 85 164 99
class 0.6460571885108948 93 97 104 109
class 0.450787752866745 183 109 192 120
class 0.5466594696044922 14 114 24 125
class 0.5368221998214722 69 117 79 129
class 0.5729061961174011 13 122 22 135
class 0.5007297992706299 27 127 38 142
class 0.4141010046005249 89 151 97 160
class 0.4371289610862732 135 141 143 154
class 0.7548978328704834 0 153 6 165
class 0.2504767179489136 152 155 162 167
class 0.6774835586547852 0 180 6 193
class 0.6033474206924438 75 175 85 187
class 0.5861141085624695 86 175 96 186
class 0.3851368725299835 9 193 17 199
class 0.3154148757457733 44 185 52 194
class 0.471470445394516 57 186 66 197
class 0.49282851815223694 142 188 151 198
