class 0.7944788336753845 0 0 7 6
class 0.5544401407241821 45 1 56 12
class 0.676185667514801 94 2 104 16
class 0.6363065242767334 122 3 132 14
class 0.7304826974868774 164 0 175 12
class 0.734066903591156 0 13 5 25
class 0.4803331792354584 39 8 50 22
class 0.4959874749183655 77 11 88 24
class 0.10359418392181396 97 7 105 22
class 0.4563961327075958 95 14 107 29
class 0.20238974690437317 162 22 173 34
class 0.45485538244247437 176 19 186 34
class 0.6149246692657471 92 28 104 39
class 0.3939034044742584 175 27 186 39
class 0.39882948994636536 187 31 197 46
class 0.5729806423187256 31 55 39 67
class 0.5438966751098633 151 55 162 68
class 0.4546765387058258 58 74 69 86
class 0.5342316627502441 73 85 83 97
class 0.5688210725784302 124 85 135 98
class 0.36746346950531006 16 102 24 114
class 0.5747588276863098 29 102 39 114
class 0.5235702991485596 12 121 23 134
class 0.2963465452194214 79 122 89 134
class 0.5515989065170288 105 123 115 136
class 0.2831365466117859 173 127 184 138
class 0.527385413646698 156 140 166 152
class 0.3391403555870056 76 142 85 155
class 0.5533791780471802 99 162 109 172
class 0.6128411293029785 107 156 116 169
class 0.5542412996292114 172 152 183 166
class 0.5244911313056946 68 164 77 175
class 0.1267770528793335 97 166 107 177
class 0.6656087636947632 100 167 111 181
class 0.390257328748703 143 170 155 182
class 0.4660753905773163 68 175 78 186
class 0.43740445375442505 134 180 146 195
class 0.6348282694816589 186 178 197 191
class 0.2996109127998352 50 185 59 195
