class 0.7707951068878174 91 2 101 14
class 0.36734893918037415 120 0 129 8
class 0.8732256293296814 126 2 136 13
class 0.5716965794563293 3 5 10 16
class 0.5827197432518005 35 12 45 24
class 0.5323288440704346 65 7 74 18
class 0.558439314365387 120 12 130 25
class 0.25192099809646606 20 24 29 37
class 0.3408145308494568 101 17 110 29
class 0.49463242292404175 146 24 153 35
class 0.17907540500164032 44 27 52 39
class 0.5707211494445801 131 32 143 46
class 0.4067246615886688 101 37 110 48
class 0.5204812288284302 123 42 133 54
class 0.5931727290153503 159 37 169 49
class 0.362991601228714 91 66 100 78
class 0.7649622559547424 0 69 7 80
class 0.37152257561683655 75 69 85 80
class 0.6298730373382568 138 74 148 86
class 0.6156890392303467 122 93 132 106
class 0.5113400816917419 160 98 169 109
class 0.7938288450241089 1 112 11 124
class 0.7120757102966309 53 128 64 140
class 0.6203271746635437 75 121 85 134
class 0.43851983547210693 167 124 177 136
class 0.7539392709732056 137 133 151 145
class 0.11065154522657394 134 137 142 144
class 0.5135622024536133 179 144 189 160
class 0.42230334877967834 161 158 173 169
class 0.41359585523605347 90 164 102 176
class 0.6701196432113647 163 169 171 180
class 0.5273098945617676 70 176 82 189
class 0.5447176694869995 150 177 161 188
class 0.5756638050079346 55 185 66 197
class 0.505294680595398 123 185 134 196
class 0.6446636319160461 160 184 171 197
class 0.5975534319877625 176 185 187 196
