class 0.8307555317878723 22 2 32 14
class 0.519148051738739 38 0 48 9
class 0.7799311876296997 64 1 74 13
class 0.8211942315101624 165 3 176 15
class 0.7455942034721375 4 7 13 19
class 0.48669230937957764 10 6 20 18
class 0.5161664485931396 32 20 41 32
class 0.36310580372810364 39 26 48 38
class 0.3722769618034363 118 34 129 47
class 0.5257059335708618 63 37 73 50
class 0.6570695638656616 136 49 146 63
class 0.5040154457092285 151 48 162 60
class 0.6822880506515503 177 48 186 59
class 0.6012781262397766 39 66 50 78
class 0.59516841173172 63 59 73 74
class 0.5243728160858154 129 59 141 70
class 0.547676146030426 69 70 79 82
class 0.5501984357833862 167 69 178 82
class 0.6394824981689453 19 79 31 91
class 0.5579709410667419 107 84 117 94
class 0.5257294774055481 54 98 63 110
class 0.4766927659511566 80 95 91 107
class 0.6366615891456604 144 96 155 109
class 0.521693229675293 193 89 199 102
class 0.4811926484107971 80 107 89 118
class 0.5178403854370117 167 99 179 112
class 0.4726956784725189 126 114 136 126
class 0.44150209426879883 183 118 192 129
class 0.6440255045890808 188 115 198 125
class 0.8115596771240234 0 124 7 137
class 0.5109040141105652 173 123 182 134
class 0.47742655873298645 12 142 22 153
class 0.5793298482894897 155 155 166 166
class 0.4446881115436554 173 160 185 172
class 0.717771053314209 0 181 7 193
class 0.5170977115631104 123 180 135 193
class 0.3096846640110016 48 185 56 195
