class 0.6109573245048523 101 0 112 10
class 0.3254741132259369 98 6 108 17
class 0.4386959671974182 81 18 91 29
class 0.6494136452674866 92 23 104 35
class 0.5079439282417297 133 15 143 28
class 0.5353569388389587 160 16 170 29
class 0.7664711475372314 1 30 9 42
class 0.4832119047641754 119 35 129 46
class 0.45010295510292053 35 39 47 54
class 0.43792521953582764 77 41 86 54
class 0.3449936807155609 126 45 136 57
class 0.46786490082740784 185 37 195 51
class 0.6008641719818115 34 48 46 62
class 0.47237521409988403 87 50 99 65
class 0.6042513251304626 65 62 74 75
class 0.4830207824707031 91 65 101 78
class 0.3772457242012024 164 86 174 98
class 0.7554047107696533 3 92 13 104
class 0.7435609698295593 74 92 86 103
class 0.6151479482650757 182 98 191 109
class 0.49840444326400757 149 107 159 119
class 0.5437866449356079 167 102 177 115
class 0.6008801460266113 180 111 190 122
class 0.4905150830745697 15 126 24 137
class 0.5803155899047852 92 122 102 136
class 0.4475187659263611 149 124 158 136
class 0.557435154914856 24 133 34 145
class 0.6270334720611572 177 139 187 151
class 0.2900153398513794 36 151 45 162
class 0.45725664496421814 136 143 145 156
class 0.17704688012599945 15 165 25 178
class 0.508118212223053 40 168 50 180
class 0.6929962038993835 95 165 108 179
class 0.42200738191604614 100 166 111 177
class 0.43252846598625183 130 164 141 176
class 0.5358979105949402 9 178 20 189
class 0.4452320337295532 102 188 112 199
class 0.4729173183441162 192 190 199 198
