class 0.7049200534820557 45 0 57 5
class 0.6964902281761169 136 1 148 14
class 0.4231525957584381 16 12 24 22
class 0.6193292140960693 55 11 65 24
class 0.5641574859619141 82 11 91 24
class 0.6157761812210083 139 6 150 19
class 0.6985998749732971 184 20 197 34
class 0.24627557396888733 5 35 12 45
class 0.5997512340545654 139 32 147 45
class 0.6982017755508423 0 38 8 51
class 0.4866112172603607 38 37 48 48
class 0.37428033351898193 123 45 132 57
class 0.3958105742931366 183 38 196 50
class 0.6227118968963623 179 56 188 67
class 0.5094247460365295 158 59 168 72
class 0.38559138774871826 82 76 92 89
class 0.8055838942527771 0 86 8 97
class 0.4083714783191681 150 79 159 90
class 0.42067888379096985 4 105 13 116
class 0.3891882598400116 24 105 35 119
class 0.5777841210365295 144 112 154 125
class 0.7375910878181458 0 121 10 134
class 0.4586871564388275 38 129 49 142
class 0.5749385952949524 76 121 87 134
class 0.682112991809845 43 135 56 147
class 0.5072643160820007 70 131 80 144
class 0.588050365447998 124 133 136 146
class 0.6135196089744568 179 137 191 151
class 0.44350337982177734 45 142 55 155
class 0.5641918182373047 55 148 66 161
class 0.44353052973747253 78 148 88 162
class 0.5719501972198486 171 150 183 162
class 0.31248489022254944 178 150 189 162
class 0.528343141078949 187 156 199 168
class 0.5495456457138062 17 163 27 176
class 0.5197877883911133 118 172 128 182
class 0.6089516878128052 156 167 167 180
class 0.40449270606040955 185 164 197 175
class 0.4682193398475647 109 178 119 188
class 0.42836663126945496 192 179 199 190
