class 0.6249866485595703 97 0 109 8
class 0.5658279061317444 98 10 108 24
class 0.3937033712863922 163 6 174 21
class 0.6985207200050354 1 27 10 40
class 0.2549636662006378 69 27 79 40
class 0.49508899450302124 83 29 91 42
class 0.5916978716850281 180 27 192 40
class 0.550483226776123 189 44 197 56
class 0.4544397294521332 159 54 169 65
class 0.3707123100757599 172 50 182 62
class 0.55013108253479 133 64 144 77
class 0.4487714469432831 39 77 50 88
class 0.3572116494178772 140 68 151 82
class 0.10845481604337692 156 77 166 89
class 0.5639650821685791 156 83 165 94
class 0.3603045642375946 109 90 121 102
class 0.7300898432731628 116 94 128 105
class 0.5099565386772156 189 91 198 104
class 0.6068152189254761 82 107 93 119
class 0.5744046568870544 109 106 120 117
class 0.47177761793136597 130 101 142 114
class 0.7116469144821167 3 118 13 129
class 0.48868656158447266 101 128 110 139
class 0.26509472727775574 121 123 131 135
class 0.3742177486419678 77 138 89 151
class 0.22247469425201416 101 138 110 149
class 0.6891394257545471 155 136 164 148
class 0.5351916551589966 175 146 185 160
class 0.1726425290107727 185 141 196 155
class 0.7236201167106628 0 154 8 165
class 0.5391901731491089 4 170 13 182
class 0.5127743482589722 29 164 39 176
class 0.525564968585968 62 167 73 180
class 0.35061442852020264 0 181 5 194
class 0.5411255359649658 124 174 135 186
class 0.5000156760215759 186 174 196 186
class 0.11129432171583176 0 187 4 196
class 0.6872895956039429 0 186 7 197
class 0.5295734405517578 65 185 76 197
class 0.6268216967582703 101 189 113 199
class 0.5462986826896667 151 184 165 198
