class 0.6439940333366394 45 3 55 15
class 0.7629501223564148 105 0 117 6
class 0.7634679079055786 129 0 140 9
class 0.48987695574760437 15 12 25 23
class 0.34797194600105286 57 10 67 22
class 0.6017244458198547 104 11 115 25
class 0.5891783833503723 141 10 151 25
class 0.48460081219673157 21 18 30 29
class 0.5230028629302979 81 32 92 43
class 0.7820855379104614 168 32 178 42
class 0.10173115134239197 167 32 172 40
class 0.10694253444671631 162 30 180 45
class 0.2732539176940918 161 38 173 48
class 0.24867016077041626 175 48 186 62
class 0.39255979657173157 187 48 196 59
class 0.46690833568573 112 60 121 71
class 0.32222431898117065 131 65 141 78
class 0.6055066585540771 48 75 59 88
class 0.36785492300987244 121 75 132 88
class 0.3972678780555725 99 80 110 92
class 0.7638092041015625 187 81 198 93
class 0.1124015673995018 188 85 196 90
class 0.5209042429924011 72 94 83 107
class 0.5701888799667358 101 92 111 104
class 0.4155392646789551 184 102 193 114
class 0.5106644630432129 32 113 41 124
class 0.6116718053817749 54 118 64 130
class 0.3250260651111603 129 138 142 151
class 0.774429202079773 0 148 6 161
class 0.5809189081192017 86 145 96 157
class 0.5742228031158447 141 148 150 159
class 0.4069443941116333 162 152 172 166
class 0.46181753277778625 32 170 43 182
class 0.7587761282920837 75 164 86 176
class 0.2643281817436218 79 165 90 175
class 0.4909869432449341 139 170 149 181
class 0.24493981897830963 153 168 163 181
class 0.6920615434646606 2 182 11 194
class 0.43177273869514465 95 180 106 194
class 0.4317888915538788 110 183 119 193
