class 0.7722817063331604 7 3 17 13
class 0.7455359101295471 82 0 93 10
class 0.7377723455429077 162 0 171 5
class 0.3511432111263275 77 13 86 26
class 0.44061926007270813 35 33 45 47
class 0.7312735915184021 180 31 191 44
class 0.4713304936885834 24 43 35 56
class 0.39395642280578613 147 46 157 57
class 0.4155253469944 165 45 176 57
class 0.6125698685646057 185 38 196 51
class 0.270585298538208 67 48 78 60
class 0.5080557465553284 77 49 88 63
class 0.5411989688873291 170 52 182 66
class 0.39297425746917725 98 57 109 70
class 0.42129912972450256 59 73 69 87
class 0.7074271440505981 193 75 199 87
class 0.5897663235664368 84 87 94 98
class 0.38210853934288025 91 83 101 95
class 0.4693143665790558 70 97 80 111
class 0.5780529379844666 94 89 103 103
class 0.5619264841079712 171 90 181 101
class 0.512360155582428 28 106 37 120
class 0.5726787447929382 90 106 101 119
class 0.3541395962238312 15 121 22 133
class 0.5935675501823425 72 128 82 140
class 0.440507709980011 99 128 109 141
class 0.6487711668014526 3 140 11 151
class 0.4124889671802521 24 134 32 144
class 0.5812395811080933 48 139 58 150
class 0.30864232778549194 111 134 121 148
class 0.25563669204711914 15 141 28 157
class 0.4206677973270416 72 148 81 163
class 0.231418639421463 90 149 102 164
class 0.466084361076355 5 154 14 167
class 0.5580708384513855 76 169 87 181
class 0.7979984283447266 0 176 4 188
class 0.4974863529205322 25 175 34 187
class 0.4357430040836334 144 186 154 196
