class 0.6758937239646912 17 0 27 10
class 0.7300523519515991 171 1 181 14
class 0.6030690670013428 141 5 150 18
class 0.5479674935340881 56 15 68 28
class 0.4389895498752594 122 17 131 30
class 0.6862618327140808 13 27 24 39
class 0.4033077657222748 38 26 47 39
class 0.278274267911911 100 26 111 39
class 0.39665815234184265 175 27 186 40
class 0.34817320108413696 92 37 101 52
class 0.32419905066490173 141 36 151 50
class 0.44546473026275635 14 50 24 61
class 0.3878765106201172 42 49 51 61
class 0.38514426350593567 18 65 27 78
class 0.5234023928642273 72 62 83 74
class 0.1599874645471573 7 75 18 89
class 0.5965507626533508 143 74 153 86
class 0.5445249676704407 82 84 92 99
class 0.5850783586502075 93 85 103 97
class 0.5399721264839172 71 100 82 112
class 0.5175289511680603 161 102 173 117
class 0.6001905202865601 188 102 197 114
class 0.20536260306835175 15 111 24 123
class 0.4486839771270752 19 114 31 125
class 0.29129984974861145 27 112 37 126
class 0.5148164629936218 70 119 79 131
class 0.4505675435066223 119 111 131 124
class 0.443910151720047 159 117 172 131
class 0.5570984482765198 4 132 14 144
class 0.5950961709022522 168 139 178 151
class 0.49469730257987976 66 145 76 158
class 0.3453783690929413 131 142 143 157
class 0.3278350830078125 29 171 40 182
class 0.566577136516571 45 165 55 176
class 0.5978295207023621 94 168 106 182
class 0.5429014563560486 9 175 20 185
class 0.4744932949542999 38 179 50 191
class 0.5588324666023254 133 185 146 197
