class 0.46240416169166565 128 13 138 25
class 0.41036301851272583 63 22 72 33
class 0.3254176676273346 119 21 127 31
class 0.49044302105903625 151 18 162 33
class 0.46856606006622314 77 27 89 40
class 0.4601133465766907 138 34 148 45
class 0.5323747992515564 150 44 162 59
class 0.5257752537727356 101 48 111 60
class 0.36886197328567505 184 54 196 67
class 0.478562593460083 9 61 20 74
class 0.5870704650878906 65 64 74 77
class 0.3202063739299774 9 70 19 82
class 0.4829351603984833 42 71 52 84
class 0.5533493161201477 91 76 101 89
class 0.6383116245269775 2 87 11 98
class 0.37290409207344055 14 80 23 92
class 0.3415302634239197 110 85 121 98
class 0.44408100843429565 127 84 138 97
class 0.7057890295982361 164 82 175 94
class 0.10001647472381592 166 84 171 92
class 0.4314221441745758 146 97 157 109
class 0.630770742893219 74 107 86 120
class 0.4139306843280792 140 101 151 113
class 0.5208342671394348 152 107 164 120
class 0.4961007535457611 171 102 182 114
class 0.6129438877105713 45 112 55 125
class 0.6844445466995239 71 115 81 127
class 0.7479881048202515 21 125 31 138
class 0.5365173816680908 70 127 80 140
class 0.490036278963089 111 129 122 141
class 0.46961337327957153 187 132 196 147
class 0.5620554089546204 158 157 168 170
class 0.5865538716316223 2 163 10 174
class 0.4517565965652466 22 171 34 184
class 0.49147549271583557 140 171 151 182
class 0.41577601432800293 164 164 174 176
class 0.5403987169265747 12 186 22 197
class 0.6811010837554932 43 186 55 198
