class 0.6918991208076477 3 0 13 7
class 0.10272831469774246 6 0 16 5
class 0.6806298494338989 122 0 134 10
class 0.48551174998283386 135 11 145 26
class 0.4841938614845276 183 6 191 16
class 0.38099464774131775 90 23 100 35
class 0.4469130337238312 115 24 124 36
class 0.46891698241233826 37 27 47 39
class 0.5278000831604004 80 40 90 54
class 0.6203513145446777 192 43 199 56
class 0.3768641948699951 169 61 179 71
class 0.19804592430591583 183 63 193 76
class 0.7790461778640747 4 74 14 85
class 0.4769553244113922 192 71 199 83
class 0.5344445705413818 12 85 22 97
class 0.45073509216308594 44 84 53 96
class 0.4503509998321533 18 94 27 107
class 0.3564397394657135 35 90 42 101
class 0.7670285701751709 1 106 9 118
class 0.443194180727005 20 100 28 112
class 0.4439256191253662 30 111 38 125
class 0.5661736726760864 48 111 58 122
class 0.3941292464733124 89 111 100 123
class 0.5126873254776001 121 121 133 135
class 0.3354284465312958 16 136 27 151
class 0.3677052855491638 130 131 141 145
class 0.5278499722480774 158 131 167 143
class 0.41347363591194153 162 149 171 162
class 0.4660578668117523 184 150 193 162
class 0.49108704924583435 34 156 44 170
class 0.2840006947517395 58 155 69 170
class 0.5217494368553162 8 169 18 180
class 0.48266637325286865 52 170 64 183
class 0.6014087200164795 63 164 73 177
class 0.41711148619651794 121 175 132 189
class 0.4839387536048889 141 174 150 187
class 0.45543497800827026 148 174 161 185
class 0.425967812538147 174 176 184 189
class 0.6131978034973145 92 190 102 199
