class 0.36961236596107483 153 2 164 11
class 0.6175056099891663 30 7 39 18
class 0.5254467725753784 41 8 51 19
class 0.6315860152244568 128 11 137 25
class 0.21374228596687317 134 12 146 26
class 0.49812135100364685 149 10 157 21
class 0.26447656750679016 67 15 78 27
class 0.44094160199165344 165 22 175 35
class 0.4614435136318207 77 27 89 40
class 0.6140038371086121 118 26 130 40
class 0.5280268788337708 170 33 179 44
class 0.5686618089675903 178 34 189 47
class 0.568892240524292 11 37 21 49
class 0.5976272225379944 29 44 39 55
class 0.5742690563201904 45 44 57 56
class 0.4889644980430603 35 48 47 62
class 0.485694944858551 169 60 179 70
class 0.4497983753681183 95 76 106 88
class 0.5562447309494019 35 92 47 107
class 0.5151782035827637 52 89 62 102
class 0.5751024484634399 132 96 143 108
class 0.5880666375160217 4 101 13 113
class 0.5502039790153503 24 100 33 114
class 0.48656165599823 102 102 111 115
class 0.5648901462554932 80 119 91 131
class 0.5626795887947083 133 117 144 129
class 0.6849297285079956 86 126 97 138
class 0.1666165143251419 81 126 90 137
class 0.3386290669441223 110 128 121 142
class 0.5326271057128906 145 125 155 137
class 0.5493590235710144 10 135 21 146
class 0.6188587546348572 27 132 37 143
class 0.6200817823410034 56 132 67 145
class 0.5857197642326355 169 150 179 162
class 0.5049237608909607 72 154 83 166
class 0.49713075160980225 69 174 81 187
class 0.6437131762504578 22 190 33 199
class 0.6527283191680908 147 190 158 199
class 0.11264728009700775 145 193 154 199
