class 0.6652080416679382 77 1 87 13
class 0.8071603178977966 91 0 101 12
class 0.7555074095726013 136 2 145 14
class 0.6957279443740845 149 2 158 12
class 0.6262826919555664 52 11 61 25
class 0.461843341588974 154 22 163 35
class 0.42148345708847046 71 38 79 50
class 0.5683534145355225 16 54 27 66
class 0.27220913767814636 108 47 120 60
class 0.5416999459266663 128 48 137 60
class 0.4999111592769623 27 65 37 78
class 0.43420422077178955 98 57 109 70
class 0.48793211579322815 154 62 163 73
class 0.4529436528682709 108 76 120 89
class 0.31930360198020935 66 78 77 92
class 0.3932758569717407 117 94 126 107
class 0.6294236779212952 72 106 82 117
class 0.4261196553707123 171 103 183 116
class 0.457605242729187 32 111 41 123
class 0.6180657744407654 41 114 52 127
class 0.5852375030517578 66 111 78 125
class 0.7813535928726196 176 117 188 131
class 0.35630613565444946 119 128 131 139
class 0.5985785126686096 55 132 64 144
class 0.6508217453956604 127 134 136 145
class 0.5990932583808899 145 135 155 147
class 0.6530275940895081 33 142 43 156
class 0.6069282293319702 67 144 75 154
class 0.5486394166946411 95 144 105 156
class 0.5972738862037659 112 146 123 160
class 0.49673694372177124 55 155 66 167
class 0.4527941942214966 73 181 85 194
class 0.5855357050895691 176 181 189 194
class 0.6336570978164673 9 192 20 199
class 0.5152156949043274 54 188 65 198
class 0.5726468563079834 134 184 145 197
