class 0.7508076429367065 134 0 143 6
class 0.5064153075218201 174 1 186 10
class 0.7638456225395203 0 12 7 23
class 0.5468276143074036 176 8 188 19
class 0.24046944081783295 27 15 37 28
class 0.3319613039493561 172 16 182 28
class 0.5238827466964722 8 33 18 45
class 0.5737139582633972 38 30 48 44
class 0.5159577131271362 108 31 117 43
class 0.501914918422699 176 32 185 44
class 0.5373067855834961 23 45 32 56
class 0.4515088200569153 29 44 40 55
class 0.5664035677909851 104 41 113 54
class 0.5680949687957764 45 60 54 71
class 0.27579617500305176 75 86 86 100
class 0.4936518967151642 155 79 164 91
class 0.5555428862571716 115 98 125 109
class 0.6645135283470154 72 99 83 113
class 0.40840208530426025 158 107 168 119
class 0.5344108939170837 25 113 35 126
class 0.6220331788063049 44 118 53 129
class 0.5630092620849609 60 118 70 130
class 0.33422592282295227 144 111 154 123
class 0.5527051091194153 154 117 163 129
class 0.5934275984764099 112 132 123 143
class 0.497127503156662 20 148 31 161
class 0.4663241505622864 92 142 103 156
class 0.4858752191066742 161 151 172 162
class 0.5953105688095093 20 157 31 171
class 0.4827275276184082 52 154 61 166
class 0.6159316897392273 67 154 77 166
class 0.6222166419029236 109 159 119 170
class 0.6513577699661255 159 159 168 172
class 0.6316747665405273 22 166 33 178
class 0.513019323348999 131 165 141 179
class 0.6076250076293945 31 182 43 194
class 0.41778966784477234 48 175 59 186
class 0.33566001057624817 34 187 43 196
