class 0.7492637038230896 3 2 12 14
class 0.6254798769950867 37 0 48 8
class 0.47611919045448303 163 2 174 13
class 0.491996169090271 21 17 31 31
class 0.5391967296600342 159 22 170 35
class 0.3240560293197632 166 19 173 30
class 0.6443024277687073 138 33 148 46
class 0.5748699903488159 156 30 167 41
class 0.453938752412796 183 28 193 40
class 0.49094951152801514 66 36 77 50
class 0.5809424519538879 154 43 166 55
class 0.3728640377521515 174 37 184 50
class 0.4584655463695526 143 54 152 65
class 0.5737168192863464 2 58 11 69
class 0.49758562445640564 35 57 47 71
class 0.7465441823005676 1 69 10 83
class 0.17802973091602325 57 71 67 82
class 0.6330201029777527 61 70 72 82
class 0.5141974687576294 189 69 198 82
class 0.41391074657440186 35 78 46 91
class 0.6725274324417114 66 96 77 108
class 0.6674953103065491 193 97 199 109
class 0.5440728664398193 70 108 80 120
class 0.37284913659095764 131 100 143 113
class 0.5673746466636658 149 107 159 119
class 0.4427616000175476 73 112 83 124
class 0.4814230501651764 81 118 90 131
class 0.6110749840736389 53 141 63 150
class 0.8218846321105957 1 148 10 162
class 0.18964608013629913 47 142 56 154
class 0.5383531451225281 63 143 73 155
class 0.4289192259311676 105 151 115 162
class 0.5975164771080017 183 144 192 154
class 0.4637163281440735 57 159 67 171
class 0.34327220916748047 155 154 166 166
class 0.5932837128639221 170 158 181 168
class 0.3755304217338562 78 168 88 179
class 0.5177942514419556 167 170 176 182
class 0.3241102993488312 142 180 152 192
