class 0.4053530991077423 6 0 18 8
class 0.4098609685897827 9 6 18 16
class 0.3764117360115051 168 5 180 19
class 0.6437100768089294 3 22 12 34
class 0.4171116054058075 44 24 53 35
class 0.4560979902744293 48 20 59 32
class 0.5806406140327454 94 22 104 35
class 0.3838931620121002 183 33 192 44
class 0.1828906536102295 17 35 26 49
class 0.4941731095314026 65 41 75 55
class 0.5477444529533386 101 45 110 58
class 0.16787667572498322 175 43 184 54
class 0.8312879800796509 1 52 10 65
class 0.26380613446235657 130 55 141 67
class 0.3655951917171478 138 53 150 65
class 0.2345646768808365 153 53 163 64
class 0.27283361554145813 14 67 23 78
class 0.27251577377319336 150 66 162 78
class 0.6829936504364014 11 74 21 84
class 0.4227713346481323 49 88 59 99
class 0.4422298073768616 25 90 36 103
class 0.36949819326400757 109 91 121 105
class 0.5536654591560364 19 108 29 121
class 0.5980378985404968 108 103 121 117
class 0.6465513706207275 117 107 129 119
class 0.648311972618103 180 102 191 115
class 0.38507112860679626 189 104 198 115
class 0.7255356907844543 147 114 157 126
class 0.6571958661079407 181 112 191 124
class 0.5938795804977417 60 127 71 139
class 0.32059264183044434 131 120 141 134
class 0.8130056262016296 0 150 9 162
class 0.6165761947631836 19 148 29 161
class 0.5125051140785217 68 149 77 159
class 0.6165894269943237 30 154 40 166
class 0.8056864738464355 0 175 7 185
class 0.5654837489128113 14 174 23 184
class 0.5398977398872375 22 178 33 192
