class 0.7082920074462891 14 0 24 7
class 0.6903390288352966 76 1 85 13
class 0.6183202862739563 154 0 165 8
class 0.23707617819309235 67 4 76 17
class 0.3535882234573364 143 8 154 20
class 0.425073504447937 25 18 34 31
class 0.2830163538455963 78 19 88 33
class 0.5131838917732239 91 20 100 30
class 0.3724368214607239 102 27 111 39
class 0.45579794049263 115 27 124 39
class 0.23901095986366272 59 38 68 50
class 0.4388575255870819 140 55 150 67
class 0.2424302101135254 65 66 76 79
class 0.5137122273445129 119 60 130 75
class 0.27650755643844604 130 60 141 71
class 0.6437619924545288 29 75 39 86
class 0.49149298667907715 110 69 122 82
class 0.6506711840629578 151 74 162 88
class 0.6115439534187317 188 69 196 81
class 0.6088239550590515 80 80 90 92
class 0.44913387298583984 133 79 142 94
class 0.13671565055847168 149 85 157 98
class 0.4794633686542511 75 97 84 108
class 0.4627399444580078 27 107 36 121
class 0.6382695436477661 167 101 177 113
class 0.5871833562850952 139 112 148 124
class 0.5911106467247009 63 124 72 138
class 0.6283068656921387 94 122 104 134
class 0.553508460521698 19 139 29 151
class 0.5748039484024048 39 141 49 151
class 0.5022615790367126 161 135 171 146
class 0.37205323576927185 49 142 60 156
class 0.5553041100502014 71 150 81 164
class 0.2281530350446701 151 150 162 161
class 0.6874464750289917 52 159 62 172
class 0.5594058036804199 98 155 108 166
class 0.20525674521923065 142 182 151 191
class 0.5848694443702698 107 192 117 199
class 0.2919951379299164 131 194 141 199
