class 0.4903593957424164 89 7 98 20
class 0.6918496489524841 124 12 135 24
class 0.6804059147834778 189 14 198 25
class 0.13925765454769135 35 23 44 36
class 0.36284273862838745 17 31 29 46
class 0.22322404384613037 29 29 37 40
class 0.42522016167640686 66 31 77 43
class 0.5674950480461121 182 28 191 39
class 0.31212735176086426 40 41 49 52
class 0.5550481677055359 102 37 112 48
class 0.45182478427886963 153 48 163 59
class 0.4822695851325989 24 66 35 77
class 0.4929811954498291 38 65 47 77
class 0.2803186774253845 77 67 89 77
class 0.6832087635993958 94 58 106 70
class 0.7367656230926514 83 68 95 81
class 0.10336459428071976 81 73 89 79
class 0.6338659524917603 113 76 124 88
class 0.4770005941390991 34 88 42 98
class 0.6207267045974731 104 81 114 93
class 0.5710727572441101 21 96 32 107
class 0.533670961856842 30 102 39 114
class 0.4931970536708832 189 102 197 115
class 0.4657072126865387 120 112 130 125
class 0.38023433089256287 8 121 17 133
class 0.5141106247901917 19 122 29 133
class 0.5472071170806885 92 128 101 140
class 0.4300609529018402 109 128 120 140
class 0.5073107481002808 108 132 117 144
class 0.3029966652393341 113 154 124 167
class 0.5516579747200012 172 163 182 175
class 0.4722355604171753 134 178 145 190
class 0.2391391098499298 152 174 164 188
class 0.6255984306335449 192 174 199 185
class 0.6829189658164978 32 192 42 199
class 0.25871533155441284 30 192 36 199
class 0.301509827375412 38 193 47 199
class 0.5985773205757141 141 190 151 199
class 0.4782242476940155 145 191 156 199
