class 0.5572783946990967 111 2 122 14
class 0.8342187404632568 127 2 138 15
class 0.6264474987983704 0 18 5 29
class 0.44456207752227783 11 19 21 31
class 0.5352948307991028 94 19 103 32
class 0.44221776723861694 35 33 46 47
class 0.5830894112586975 161 26 173 39
class 0.764382004737854 180 32 192 46
class 0.2311946153640747 184 35 191 43
class 0.6874575018882751 20 41 31 53
class 0.45796218514442444 142 43 152 55
class 0.5299968123435974 4 66 13 79
class 0.45239052176475525 34 64 43 76
class 0.5176027417182922 183 79 193 91
class 0.4200342893600464 143 92 152 104
class 0.7000302672386169 193 95 199 107
class 0.4887453615665436 18 108 29 121
class 0.39376699924468994 67 107 77 119
class 0.47679364681243896 133 111 143 122
class 0.4552740454673767 171 119 182 130
class 0.5061494708061218 31 121 39 134
class 0.5013455152511597 76 123 86 136
class 0.33750197291374207 111 120 122 134
class 0.461843341588974 105 137 115 148
class 0.3188543915748596 61 149 71 163
class 0.3818166255950928 100 149 108 162
class 0.5282042026519775 169 148 180 162
class 0.6351649761199951 189 141 199 155
class 0.5753734707832336 21 154 31 165
class 0.4808722734451294 27 155 38 165
class 0.46441584825515747 76 160 87 171
class 0.48492011427879333 8 164 21 176
class 0.5352535247802734 46 163 57 175
class 0.25473207235336304 76 170 92 185
class 0.802212655544281 2 179 11 191
class 0.5939541459083557 110 174 119 188
class 0.5562712550163269 189 177 198 188
class 0.5180183053016663 26 190 35 199
