class 0.5403841137886047 3 0 14 8
class 0.5745487809181213 75 4 86 19
class 0.5238528847694397 14 18 23 29
class 0.17448590695858002 42 23 51 36
class 0.5490442514419556 49 16 58 29
class 0.493806928396225 147 21 160 34
class 0.3779311180114746 77 26 89 40
class 0.5190362334251404 115 30 125 43
class 0.48155418038368225 137 36 147 46
class 0.4320662021636963 31 38 39 50
class 0.1933498978614807 139 38 150 52
class 0.5644516944885254 144 43 155 56
class 0.5853027701377869 70 53 80 65
class 0.6502771973609924 160 49 170 61
class 0.5523779988288879 23 62 33 74
class 0.45935186743736267 76 57 88 71
class 0.4476984739303589 63 77 73 88
class 0.4565231204032898 119 69 131 82
class 0.5055949687957764 134 77 145 89
class 0.719906210899353 3 86 13 99
class 0.5994084477424622 80 86 92 99
class 0.583512544631958 166 80 177 92
class 0.39851710200309753 173 86 185 99
class 0.554356575012207 48 108 58 120
class 0.41328945755958557 189 100 196 114
class 0.577927827835083 54 113 66 128
class 0.3863833248615265 111 118 120 130
class 0.47542423009872437 183 138 193 149
class 0.7922530174255371 0 142 7 154
class 0.49172767996788025 57 151 66 162
class 0.5881825089454651 158 145 169 157
class 0.18071582913398743 163 142 175 156
class 0.42347416281700134 7 170 17 182
class 0.5565587878227234 81 164 92 177
class 0.43259578943252563 183 168 193 181
class 0.481160432100296 189 166 199 179
class 0.42073947191238403 18 191 27 199
class 0.5313158631324768 182 190 192 198
