class 0.5777428150177002 22 7 31 19
class 0.6173010468482971 125 7 136 21
class 0.49185454845428467 129 16 140 27
class 0.4495491683483124 49 29 61 42
class 0.5756978392601013 92 35 101 46
class 0.17632782459259033 172 29 182 41
class 0.44693076610565186 29 38 39 49
class 0.524995744228363 134 41 143 54
class 0.3724227845668793 184 36 195 49
class 0.7504966259002686 0 53 9 64
class 0.49924951791763306 55 64 63 75
class 0.4280221164226532 101 65 110 77
class 0.5424763560295105 126 74 134 85
class 0.20119701325893402 101 78 110 91
class 0.3596559762954712 32 92 41 103
class 0.33720284700393677 51 94 61 106
class 0.4179949462413788 132 107 142 120
class 0.13942678272724152 77 111 89 123
class 0.5764800310134888 85 116 96 129
class 0.4612690508365631 113 111 123 127
class 0.36412325501441956 38 120 49 134
class 0.5750282406806946 118 121 127 136
class 0.6422577500343323 49 140 58 150
class 0.5072855353355408 36 143 45 153
class 0.5093535780906677 92 149 102 162
class 0.2743813693523407 124 143 134 156
class 0.3438200056552887 171 151 181 162
class 0.784760057926178 0 152 7 165
class 0.5104061961174011 172 155 181 167
class 0.5954605937004089 65 163 76 175
class 0.3562292754650116 151 164 163 179
class 0.7030301094055176 3 177 13 188
class 0.45537063479423523 56 177 66 189
class 0.6113433241844177 109 174 118 186
class 0.4850754141807556 165 174 176 186
class 0.7167856097221375 4 191 13 199
class 0.37789925932884216 78 185 87 195
class 0.5414850115776062 127 186 137 198
