class 0.14512252807617188 0 0 4 3
class 0.5169951915740967 1 0 7 6
class 0.11490840464830399 1 0 2 2
class 0.5608687400817871 11 2 20 8
class 0.5205461978912354 17 0 27 7
class 0.7200071811676025 59 0 70 7
class 0.6751864552497864 145 1 155 14
class 0.6627280116081238 155 0 165 6
class 0.57110196352005 3 10 9 21
class 0.45633071660995483 8 9 22 26
class 0.7138152718544006 14 12 24 23
class 0.7546306848526001 2 27 11 39
class 0.5157238245010376 91 26 100 39
class 0.6311590671539307 60 43 70 54
class 0.8011834025382996 0 52 10 63
class 0.3519311547279358 5 65 13 76
class 0.6546761989593506 153 63 164 76
class 0.3699207603931427 24 69 34 81
class 0.5986283421516418 193 75 199 87
class 0.5310498476028442 62 83 72 96
class 0.6103445291519165 93 81 105 93
class 0.40535157918930054 151 81 159 93
class 0.3018694519996643 36 96 46 109
class 0.4465711712837219 15 107 24 119
class 0.4954328238964081 69 100 79 112
class 0.12158704549074173 170 107 181 122
class 0.5577455163002014 183 100 192 114
class 0.7645729184150696 0 111 11 123
class 0.5631276369094849 7 126 18 138
class 0.5013579726219177 27 128 37 140
class 0.6598603129386902 183 127 193 138
class 0.3859468102455139 66 133 76 146
class 0.6320617198944092 73 138 85 150
class 0.3326404392719269 132 132 142 143
class 0.6190387010574341 156 140 166 151
class 0.3921827971935272 182 132 192 143
class 0.5800834894180298 67 153 77 167
class 0.6272666454315186 136 154 146 167
class 0.5097941756248474 163 155 172 167
class 0.5350295305252075 40 164 51 175
class 0.5269235372543335 130 164 139 175
class 0.6096339821815491 169 186 179 196
