class 0.590510904788971 66 2 77 14
class 0.370723158121109 69 0 79 9
class 0.753027617931366 87 0 96 10
class 0.742636501789093 133 0 145 8
class 0.6904496550559998 161 3 171 15
class 0.4507451057434082 36 4 44 19
class 0.5961894392967224 51 12 60 25
class 0.7936583757400513 180 10 191 22
class 0.4362468421459198 25 22 35 37
class 0.36782315373420715 93 18 102 30
class 0.17477448284626007 67 26 78 41
class 0.33253955841064453 91 32 100 42
class 0.5560473799705505 133 26 142 39
class 0.5239983797073364 51 51 62 63
class 0.5664019584655762 25 60 36 75
class 0.6175577640533447 118 65 127 78
class 0.5524807572364807 15 79 25 91
class 0.5313945412635803 101 81 111 94
class 0.7075067758560181 18 96 28 109
class 0.5400959849357605 122 96 133 108
class 0.6133974194526672 0 108 6 121
class 0.5660428404808044 38 101 48 113
class 0.6313707828521729 61 107 72 120
class 0.5193382501602173 132 106 143 118
class 0.5014198422431946 59 115 68 129
class 0.5926973223686218 165 111 174 122
class 0.36225631833076477 153 136 164 148
class 0.4843755066394806 164 132 174 143
class 0.45005932450294495 78 149 87 160
class 0.3784423768520355 116 160 125 172
class 0.485801637172699 125 154 135 165
class 0.4052185118198395 147 161 158 172
class 0.5686447024345398 24 166 34 178
class 0.595578670501709 4 179 13 191
class 0.5061832070350647 14 177 24 188
class 0.27570319175720215 171 175 181 187
class 0.6999979615211487 168 186 177 197
