class 0.5177344679832458 39 11 48 23
class 0.46270033717155457 8 22 17 35
class 0.4848475158214569 109 17 120 32
class 0.5609034895896912 11 44 22 57
class 0.4497731924057007 76 39 86 52
class 0.5744145512580872 145 36 156 48
class 0.49654409289360046 192 45 199 58
class 0.508673369884491 80 65 89 76
class 0.4373963177204132 184 67 193 78
class 0.8277623057365417 5 73 14 85
class 0.5221853852272034 81 74 94 86
class 0.3913940191268921 133 70 142 82
class 0.5111297369003296 146 84 155 96
class 0.493715763092041 23 96 33 108
class 0.4745556712150574 34 97 46 108
class 0.4150424599647522 90 99 103 112
class 0.5361377596855164 136 108 146 120
class 0.5462002754211426 24 110 33 123
class 0.5614596009254456 82 112 93 124
class 0.5393232107162476 70 125 79 138
class 0.6470127105712891 103 128 114 140
class 0.6190460324287415 112 129 122 141
class 0.7699750661849976 0 133 10 145
class 0.5193268060684204 28 136 38 149
class 0.18525101244449615 115 132 126 143
class 0.6105340123176575 98 149 108 161
class 0.5990025401115417 181 143 192 155
class 0.7097471952438354 108 154 120 164
class 0.4397633969783783 38 164 47 176
class 0.5271357297897339 171 164 181 176
class 0.5576547980308533 46 181 57 193
class 0.42330536246299744 51 175 62 188
class 0.582444965839386 97 174 107 188
class 0.5812348127365112 190 181 199 193
class 0.7198045253753662 0 192 5 199
class 0.6026539206504822 75 185 85 197
