class 0.7517997622489929 106 2 116 14
class 0.4450543522834778 21 22 31 34
class 0.6916026473045349 48 19 58 32
class 0.5295953750610352 135 17 146 31
class 0.5007846355438232 18 33 27 45
class 0.17133931815624237 48 27 57 38
class 0.3978768289089203 122 33 132 44
class 0.30336320400238037 173 26 184 40
class 0.527916669845581 24 42 36 55
class 0.47728538513183594 114 50 124 62
class 0.733616054058075 0 66 9 77
class 0.5486503839492798 83 65 93 77
class 0.6118183135986328 179 63 190 75
class 0.5356425046920776 9 69 18 81
class 0.33689039945602417 109 71 120 85
class 0.5345690846443176 177 69 187 80
class 0.522638201713562 42 78 54 92
class 0.4897342622280121 82 86 91 98
class 0.3357904255390167 171 87 182 100
class 0.5529353022575378 42 97 52 108
class 0.274007111787796 98 89 110 103
class 0.5416761636734009 105 95 117 107
class 0.49442917108535767 16 100 27 112
class 0.523945152759552 49 108 59 119
class 0.5441721677780151 104 110 113 123
class 0.458138108253479 108 123 119 138
class 0.5298771262168884 70 139 80 151
class 0.6164250373840332 103 133 113 146
class 0.3909335434436798 100 148 112 158
class 0.5865926742553711 19 159 29 171
class 0.5267475843429565 35 161 46 172
class 0.34699857234954834 141 160 152 173
class 0.7174754738807678 0 165 4 177
class 0.5706757307052612 50 163 60 176
class 0.5327296853065491 65 169 76 182
class 0.4884384870529175 96 163 105 175
class 0.6123629808425903 15 174 23 184
class 0.4849381446838379 115 187 126 198
class 0.5246819853782654 188 192 196 199
