class 0.6452586054801941 8 4 18 15
class 0.7853002548217773 189 1 198 13
class 0.5672298669815063 84 7 95 21
class 0.5230322480201721 35 17 45 31
class 0.5421115756034851 67 20 77 33
class 0.3984076976776123 88 28 100 41
class 0.22593413293361664 152 27 162 40
class 0.38616183400154114 171 29 181 40
class 0.4723236858844757 185 30 195 41
class 0.4387696087360382 48 40 58 53
class 0.5808801054954529 130 50 140 65
class 0.6356258392333984 87 63 96 75
class 0.415410578250885 11 69 21 79
class 0.5188962817192078 122 76 132 88
class 0.5210139751434326 145 70 154 82
class 0.5919638872146606 63 79 73 91
class 0.5888661742210388 25 92 35 105
class 0.4301363229751587 94 96 105 109
class 0.41052478551864624 108 90 120 101
class 0.7044367790222168 192 93 199 105
class 0.44442468881607056 20 100 30 112
class 0.5275096893310547 103 108 113 120
class 0.603790283203125 134 128 146 140
class 0.11003750562667847 0 134 5 149
class 0.8832441568374634 1 135 10 148
class 0.5052915811538696 39 133 48 145
class 0.40903183817863464 68 137 80 150
class 0.4975482225418091 174 138 184 150
class 0.4778178036212921 56 146 66 157
class 0.5039865374565125 189 150 198 161
class 0.7238652110099792 163 156 171 168
class 0.6363574266433716 163 168 172 179
class 0.47170504927635193 26 181 34 192
class 0.3853001594543457 120 179 130 189
class 0.48613688349723816 95 193 105 199
class 0.5634444952011108 181 186 190 197
