class 0.5389910936355591 19 0 29 9
class 0.6684609651565552 96 0 107 7
class 0.46305713057518005 184 4 192 13
class 0.37213870882987976 21 5 32 17
class 0.35872915387153625 98 11 110 24
class 0.4306621551513672 115 12 124 25
class 0.4373084008693695 67 24 78 36
class 0.17808878421783447 49 26 57 38
class 0.29970866441726685 111 27 121 40
class 0.491839736700058 9 39 20 50
class 0.4725228250026703 98 41 109 55
class 0.4521872103214264 132 37 142 48
class 0.4650753438472748 36 54 46 69
class 0.27748751640319824 99 64 109 77
class 0.4612042307853699 117 60 126 72
class 0.6345174908638 179 68 190 81
class 0.48852142691612244 102 83 114 96
class 0.5286030173301697 143 80 153 91
class 0.5027217268943787 52 92 61 105
class 0.4111619293689728 184 90 193 102
class 0.5263807773590088 144 106 153 118
class 0.38157913088798523 173 106 185 119
class 0.4912859797477722 81 118 91 131
class 0.8019421100616455 0 128 9 140
class 0.4159381687641144 38 122 47 132
class 0.5415447950363159 93 126 103 139
class 0.4207955300807953 127 128 137 139
class 0.7832494974136353 0 135 6 148
class 0.516836404800415 34 144 43 155
class 0.5577484369277954 71 159 81 172
class 0.41289159655570984 151 154 161 166
class 0.4295160174369812 183 160 193 171
class 0.5973314046859741 49 163 61 176
class 0.6471134424209595 147 164 157 177
class 0.4353533089160919 173 163 182 176
class 0.61266028881073 11 182 22 194
class 0.45189085602760315 117 178 128 190
class 0.582648515701294 181 176 191 189
class 0.6043835282325745 54 185 64 195
