class 0.6081930994987488 35 0 45 7
class 0.7469707727432251 50 0 59 6
class 0.6676898002624512 89 0 102 10
class 0.5233154892921448 181 10 190 22
class 0.2523333430290222 37 17 47 29
class 0.3838420808315277 108 15 119 28
class 0.49130159616470337 130 15 140 30
class 0.4502090513706207 28 34 38 46
class 0.45911580324172974 86 31 97 44
class 0.5829324722290039 183 33 192 43
class 0.6318886876106262 2 37 10 49
class 0.5672764182090759 15 50 24 61
class 0.4688829183578491 151 48 162 62
class 0.5933900475502014 183 58 191 71
class 0.5431954264640808 132 71 142 85
class 0.47095927596092224 31 88 40 100
class 0.2957715392112732 61 87 73 100
class 0.5575631856918335 8 89 18 102
class 0.4949587881565094 127 91 139 104
class 0.431855171918869 150 89 162 102
class 0.6171445250511169 167 90 177 102
class 0.4137996733188629 184 93 193 106
class 0.5368527173995972 77 100 88 113
class 0.5189092755317688 94 101 104 113
class 0.42743247747421265 186 108 196 119
class 0.5491434335708618 8 118 19 131
class 0.560014009475708 47 118 58 131
class 0.595658540725708 136 116 146 129
class 0.6462711691856384 53 129 67 142
class 0.600688099861145 90 124 101 138
class 0.340260773897171 122 140 132 152
class 0.7428537011146545 0 143 9 154
class 0.40038129687309265 85 143 95 156
class 0.41453295946121216 164 149 175 161
class 0.5300289988517761 106 155 117 167
class 0.38060447573661804 121 153 132 165
class 0.5890777707099915 168 171 179 182
class 0.3081829249858856 183 171 194 182
class 0.4907715916633606 162 174 171 186
class 0.5603249073028564 70 188 81 199
