class 0.3651208281517029 146 3 157 11
class 0.7594496011734009 156 0 168 7
class 0.5313546061515808 81 5 92 18
class 0.5187363624572754 145 7 155 17
class 0.5351251363754272 39 18 47 30
class 0.4168066084384918 58 20 68 32
class 0.3263211250305176 99 19 109 32
class 0.1708078384399414 151 23 162 36
class 0.6851925849914551 28 30 37 40
class 0.6655234694480896 161 31 172 45
class 0.6350705027580261 144 40 154 52
class 0.7437493801116943 4 56 13 68
class 0.5401260852813721 185 55 196 68
class 0.45149683952331543 105 60 114 71
class 0.4459034502506256 167 63 179 75
class 0.6378071904182434 61 75 72 87
class 0.3520989716053009 117 76 126 87
class 0.5692725777626038 59 84 70 96
class 0.5286847949028015 77 80 89 94
class 0.38823893666267395 108 86 120 100
class 0.45627450942993164 144 81 152 92
class 0.3982624113559723 183 78 193 91
class 0.24035045504570007 84 100 94 111
class 0.6615169644355774 192 104 199 117
class 0.4957994520664215 164 129 173 139
class 0.5582370758056641 69 142 81 156
class 0.33388715982437134 155 141 165 154
class 0.43388789892196655 47 159 59 171
class 0.6291195154190063 152 153 161 166
class 0.5939427614212036 118 167 130 178
class 0.4004881680011749 58 174 72 187
class 0.4648573696613312 130 179 140 189
class 0.49978840351104736 68 187 78 198
class 0.5473435521125793 93 189 104 199
class 0.3889985680580139 134 192 144 199
