class 0.7558375597000122 63 0 72 11
class 0.7678641080856323 84 1 93 15
class 0.6074995398521423 92 3 101 15
class 0.780698835849762 114 2 125 14
class 0.640998125076294 125 12 135 25
class 0.4900616407394409 192 10 199 23
class 0.6895952224731445 0 16 7 29
class 0.4284255802631378 61 19 72 31
class 0.7710192799568176 2 28 11 41
class 0.46569013595581055 15 27 24 40
class 0.5968112945556641 24 44 33 57
class 0.32929426431655884 39 38 47 51
class 0.7188571095466614 84 52 93 63
class 0.4620342254638672 105 48 115 61
class 0.5594019293785095 157 51 166 62
class 0.5849851369857788 18 59 30 72
class 0.5216693878173828 154 58 163 70
class 0.49820056557655334 60 77 71 89
class 0.4414706826210022 49 84 59 97
class 0.4856182336807251 117 79 127 90
class 0.4601438641548157 12 91 23 104
class 0.5363073348999023 23 97 34 111
class 0.5499760508537292 70 108 82 120
class 0.5064796209335327 132 106 144 119
class 0.6018873453140259 188 100 196 112
class 0.6278687119483948 68 118 80 129
class 0.5201150178909302 102 112 111 124
class 0.49376073479652405 146 116 157 127
class 0.5215282440185547 167 112 178 124
class 0.43170982599258423 46 125 57 140
class 0.4590912461280823 30 133 39 146
class 0.49566248059272766 25 144 34 156
class 0.39937254786491394 79 143 90 157
class 0.4326562285423279 28 171 40 183
class 0.5242975950241089 51 164 62 177
class 0.44425514340400696 152 163 165 176
class 0.529534101486206 182 172 192 183
class 0.2783797085285187 185 185 192 196
