class 0.8041002154350281 11 0 22 8
class 0.11569806188344955 19 1 31 6
class 0.6657587289810181 28 0 40 9
class 0.8434175252914429 40 0 51 9
class 0.7942022681236267 146 2 156 13
class 0.5052636861801147 20 11 29 24
class 0.31086981296539307 120 22 131 35
class 0.42829686403274536 90 27 100 39
class 0.5546616315841675 12 49 24 61
class 0.40938249230384827 117 56 127 67
class 0.5343745946884155 140 48 148 61
class 0.5445538759231567 165 48 173 59
class 0.5061178803443909 47 65 56 78
class 0.2599087655544281 45 76 56 88
class 0.5524189472198486 86 69 96 80
class 0.5155848860740662 105 73 114 85
class 0.5159753561019897 132 71 142 84
class 0.5374834537506104 157 70 166 82
class 0.6413002610206604 49 86 57 96
class 0.5328152179718018 103 79 114 91
class 0.6079443693161011 125 79 136 92
class 0.5488923788070679 46 90 57 103
class 0.29924285411834717 49 97 58 107
class 0.5265741348266602 113 92 123 105
class 0.614912748336792 52 103 62 114
class 0.41155806183815 78 107 88 120
class 0.5374670624732971 80 101 90 114
class 0.5058910846710205 170 101 180 113
class 0.5474362373352051 41 115 51 126
class 0.6191733479499817 48 129 58 142
class 0.4861408472061157 81 126 90 139
class 0.4517786502838135 160 140 170 151
class 0.5474821329116821 67 148 77 159
class 0.513813316822052 74 144 85 156
class 0.5314914584159851 68 159 80 172
class 0.5472756028175354 150 159 159 172
class 0.5162167549133301 119 174 129 186
class 0.5823562145233154 140 193 151 199
