class 0.668043851852417 0 0 7 6
class 0.37741202116012573 61 3 70 14
class 0.6147959232330322 120 2 130 14
class 0.7154450416564941 148 0 158 8
class 0.7460964322090149 0 8 6 20
class 0.49006223678588867 192 18 199 28
class 0.3630443513393402 94 26 102 38
class 0.4138200581073761 130 32 141 47
class 0.5143224596977234 139 33 150 48
class 0.4912814497947693 157 30 166 42
class 0.4594484269618988 171 27 182 40
class 0.43432164192199707 68 43 79 55
class 0.29673296213150024 91 46 100 57
class 0.5346024632453918 161 49 170 62
class 0.44516274333000183 20 64 30 76
class 0.6605042219161987 103 64 114 75
class 0.49400395154953003 111 66 122 78
class 0.5961465835571289 30 70 38 80
class 0.39446818828582764 98 76 110 88
class 0.3008304834365845 106 70 119 81
class 0.7098769545555115 0 80 7 91
class 0.5775022506713867 32 84 41 96
class 0.3320581316947937 39 79 49 91
class 0.4532424211502075 28 95 37 108
class 0.3934195041656494 25 107 36 119
class 0.60223788022995 60 102 72 115
class 0.5076267123222351 98 101 109 114
class 0.5074005722999573 93 110 103 125
class 0.5288448929786682 158 116 168 128
class 0.48147016763687134 109 122 118 136
class 0.24299073219299316 175 121 185 132
class 0.7248736023902893 0 132 6 144
class 0.42978307604789734 97 135 106 146
class 0.4223996102809906 161 146 170 158
class 0.4772073030471802 93 155 103 167
class 0.4645347595214844 89 165 97 175
class 0.4480823278427124 168 173 179 183
class 0.5248401761054993 178 181 189 194
class 0.5375370383262634 22 186 31 198
