class 0.3080543279647827 64 4 75 12
class 0.656474769115448 120 2 129 14
class 0.6569525599479675 126 0 137 10
class 0.28835543990135193 133 0 143 6
class 0.7554603219032288 158 3 168 13
class 0.63746178150177 55 13 65 25
class 0.4937725365161896 63 8 73 20
class 0.1072419285774231 62 18 72 29
class 0.4586840271949768 70 22 79 34
class 0.6472610235214233 158 16 168 29
class 0.36446642875671387 98 34 107 46
class 0.41521814465522766 126 27 136 38
class 0.46470922231674194 55 43 63 54
class 0.4121973514556885 133 45 142 56
class 0.6277962923049927 192 51 199 63
class 0.5321288704872131 165 69 177 83
class 0.5656561255455017 20 94 31 105
class 0.41463589668273926 111 91 122 103
class 0.48016923666000366 142 91 156 103
class 0.5799059271812439 157 91 167 103
class 0.6087748408317566 43 99 54 112
class 0.5098778009414673 159 107 171 118
class 0.19349832832813263 164 106 176 120
class 0.5116896033287048 184 109 192 120
class 0.5356217622756958 61 113 72 127
class 0.3506813645362854 162 115 171 126
class 0.710347056388855 3 127 14 138
class 0.5786607265472412 54 129 64 140
class 0.597251832485199 140 124 149 136
class 0.6192016005516052 153 122 165 135
class 0.5522195100784302 165 124 175 135
class 0.6440961360931396 43 139 53 150
class 0.5104963779449463 73 154 82 166
class 0.5811242461204529 36 166 46 177
class 0.4501675069332123 82 171 93 183
class 0.48415449261665344 147 180 158 192
class 0.4481133222579956 47 186 56 195
class 0.30793505907058716 184 192 193 199
