class 0.7963720560073853 52 2 62 15
class 0.6537840962409973 80 0 90 12
class 0.4949435889720917 154 0 164 7
class 0.654447078704834 193 0 199 8
class 0.7373663783073425 0 6 7 17
class 0.40678083896636963 68 7 80 19
class 0.42818471789360046 158 9 168 20
class 0.4187227189540863 24 14 34 29
class 0.40604281425476074 80 23 90 35
class 0.5486178398132324 176 21 187 34
class 0.6135746240615845 71 34 80 46
class 0.5073365569114685 112 31 121 43
class 0.7203519344329834 3 45 13 56
class 0.553313672542572 33 45 42 56
class 0.42284655570983887 74 39 83 49
class 0.48305365443229675 186 43 195 57
class 0.6388010382652283 18 56 28 67
class 0.4780051112174988 160 66 169 79
class 0.36785003542900085 140 68 152 82
class 0.5176240801811218 145 73 155 84
class 0.7077253460884094 1 80 10 91
class 0.48753926157951355 48 79 59 91
class 0.43085500597953796 140 97 151 110
class 0.4176517128944397 159 96 168 108
class 0.46074554324150085 133 100 143 113
class 0.6097779273986816 15 111 24 122
class 0.4120050072669983 105 112 115 124
class 0.733024001121521 2 123 12 134
class 0.4148411750793457 142 122 152 134
class 0.7110283374786377 41 140 52 151
class 0.5495550036430359 50 134 61 145
class 0.5786775946617126 181 136 191 148
class 0.6046231389045715 147 150 157 162
class 0.5966364145278931 93 153 102 164
class 0.41167694330215454 172 159 182 171
class 0.46711596846580505 11 171 22 182
class 0.2968098819255829 16 179 27 194
class 0.6466583609580994 50 190 61 199
