class 0.46266481280326843 6 13 12 24
class 0.5788052082061768 45 6 55 17
class 0.14258919656276703 67 10 78 23
class 0.41519883275032043 74 11 86 25
class 0.2341989427804947 80 12 89 23
class 0.49518197774887085 153 5 166 18
class 0.5663621425628662 189 11 197 24
class 0.4791865944862366 113 17 123 27
class 0.5477303266525269 8 27 18 39
class 0.4254784882068634 37 35 47 47
class 0.4463229179382324 110 41 122 55
class 0.5468287467956543 163 55 175 68
class 0.688262403011322 184 51 193 62
class 0.6364842057228088 38 70 48 82
class 0.8324184417724609 97 72 106 84
class 0.5777407884597778 157 74 167 85
class 0.6473762392997742 183 70 192 82
class 0.5606131553649902 24 80 36 91
class 0.5758731961250305 52 79 63 92
class 0.6366186141967773 59 86 70 99
class 0.5558039546012878 30 95 40 108
class 0.3516799211502075 94 91 105 104
class 0.38784006237983704 90 102 101 115
class 0.5814542770385742 97 111 108 123
class 0.538079559803009 153 111 163 123
class 0.5860275626182556 17 125 28 139
class 0.5342280268669128 175 121 186 134
class 0.532318115234375 76 138 85 149
class 0.4214179813861847 19 151 30 162
class 0.3667794466018677 141 150 151 161
class 0.46442556381225586 191 150 199 163
class 0.2810121476650238 18 154 28 165
class 0.5168825387954712 74 167 85 180
class 0.7100636959075928 0 173 8 185
class 0.3966040015220642 56 182 67 193
class 0.46923884749412537 163 174 171 185
class 0.5237383246421814 16 190 24 199
