class 0.7684306502342224 23 3 33 15
class 0.8272061944007874 31 0 42 14
class 0.770309567451477 60 0 70 11
class 0.7231193780899048 119 2 129 15
class 0.7426515221595764 150 2 159 12
class 0.34279006719589233 173 11 183 24
class 0.5535017251968384 94 19 104 31
class 0.42487549781799316 9 46 19 57
class 0.6390348076820374 18 44 27 56
class 0.5744664072990417 101 43 110 55
class 0.4063408374786377 109 48 120 62
class 0.4286920726299286 24 62 33 73
class 0.3029119670391083 99 74 110 86
class 0.4726557731628418 153 70 163 80
class 0.4386267364025116 116 82 126 94
class 0.513375461101532 61 95 71 108
class 0.4932723343372345 147 91 157 103
class 0.5665544271469116 165 102 175 112
class 0.6127258539199829 177 106 188 120
class 0.49759402871131897 16 116 27 127
class 0.47310659289360046 28 129 38 142
class 0.5664418339729309 59 127 69 140
class 0.3316795229911804 99 127 110 141
class 0.5778357982635498 101 123 112 136
class 0.4806835651397705 142 123 153 136
class 0.5216569304466248 162 121 173 135
class 0.319175660610199 42 140 53 151
class 0.5385643839836121 40 147 52 162
class 0.29519718885421753 35 161 46 171
class 0.15372753143310547 39 157 50 169
class 0.297973096370697 57 155 68 167
class 0.7087264060974121 166 156 176 165
class 0.3337167501449585 26 172 35 182
class 0.5601531267166138 106 164 117 177
class 0.5026131868362427 101 190 112 199
class 0.5360169410705566 126 185 136 195
class 0.5587368011474609 147 190 158 199
class 0.6507747173309326 176 191 187 199
