class 0.7581422924995422 95 3 105 16
class 0.8831716179847717 181 3 191 14
class 0.7578843235969543 53 10 65 22
class 0.1535138338804245 50 13 59 18
class 0.7323130965232849 168 9 179 23
class 0.7850147485733032 1 18 10 29
class 0.6872345209121704 4 34 13 46
class 0.4755953848361969 31 31 40 44
class 0.6261934638023376 160 34 171 46
class 0.4164447486400604 186 38 195 48
class 0.49098846316337585 122 55 131 67
class 0.46738550066947937 160 47 173 60
class 0.5625911951065063 168 54 179 65
class 0.5391029715538025 16 64 28 78
class 0.6041240692138672 75 74 85 86
class 0.45261892676353455 164 82 173 93
class 0.4917009472846985 91 94 101 106
class 0.5390507578849792 161 95 170 107
class 0.502790093421936 61 108 72 120
class 0.3953736126422882 78 101 88 113
class 0.5333499908447266 149 118 159 130
class 0.6651977896690369 193 115 199 127
class 0.7652892470359802 4 125 13 137
class 0.2809961438179016 26 128 37 141
class 0.39873358607292175 80 139 90 151
class 0.29449665546417236 96 132 105 143
class 0.18546776473522186 36 151 46 162
class 0.49746787548065186 72 148 81 162
class 0.10739454627037048 183 143 193 155
class 0.6562848687171936 187 147 198 161
class 0.10543736070394516 191 154 198 164
class 0.48030784726142883 28 167 38 180
class 0.5300443172454834 78 171 88 182
class 0.5412319302558899 98 164 107 175
class 0.3892081677913666 131 180 140 190
class 0.6519096493721008 80 186 91 197
class 0.48054569959640503 126 189 137 199
class 0.5069114565849304 167 184 179 197
