class 0.4727460741996765 16 13 24 24
class 0.7335993647575378 22 7 32 20
class 0.15843495726585388 1 32 5 48
class 0.868132472038269 2 33 10 48
class 0.5729137659072876 83 33 93 45
class 0.5708541870117188 144 35 152 45
class 0.4724138081073761 70 45 79 58
class 0.563521146774292 186 36 196 51
class 0.49815070629119873 46 49 57 62
class 0.5456624031066895 85 51 94 63
class 0.5516528487205505 104 54 113 67
class 0.5207331776618958 151 52 162 67
class 0.41271665692329407 70 66 81 79
class 0.6227855682373047 181 65 190 76
class 0.5869046449661255 56 77 68 89
class 0.731765627861023 79 70 90 82
class 0.4825945496559143 184 75 192 86
class 0.562903642654419 174 85 185 99
class 0.3585068881511688 109 94 120 107
class 0.515213131904602 128 91 138 103
class 0.42783135175704956 30 107 39 119
class 0.37554892897605896 45 117 58 131
class 0.25569379329681396 31 123 39 134
class 0.36526525020599365 142 122 153 135
class 0.4112039804458618 164 123 175 134
class 0.5096100568771362 56 138 68 151
class 0.3228745460510254 159 135 173 150
class 0.29505863785743713 171 138 184 152
class 0.588670551776886 51 160 61 172
class 0.5495911836624146 82 161 94 172
class 0.5502570271492004 129 160 138 172
class 0.4427534341812134 173 152 186 168
class 0.101643405854702 132 169 139 182
class 0.5304928421974182 28 177 39 189
class 0.5927041172981262 81 180 92 192
class 0.597282350063324 131 174 140 186
class 0.602749764919281 152 179 160 191
class 0.6627374291419983 151 186 161 197
