class 0.6913387179374695 110 2 118 13
class 0.5775006413459778 16 8 25 18
class 0.5719241499900818 99 7 108 20
class 0.6392362117767334 125 11 135 26
class 0.5392781496047974 71 15 80 30
class 0.4271366000175476 155 16 163 26
class 0.6355330944061279 71 34 82 47
class 0.5706717371940613 80 30 90 43
class 0.4858347475528717 83 38 92 49
class 0.5723347067832947 179 39 189 50
class 0.33821290731430054 7 54 17 67
class 0.3870815336704254 100 55 108 67
class 0.5692198276519775 104 50 114 64
class 0.4913381338119507 164 55 174 66
class 0.5272613763809204 21 62 35 76
class 0.36304500699043274 37 59 48 71
class 0.48277562856674194 75 60 84 72
class 0.2508983016014099 151 58 162 73
class 0.49972212314605713 46 75 57 87
class 0.6259727478027344 146 69 155 81
class 0.5338207483291626 125 87 136 99
class 0.4409564137458801 12 90 22 101
class 0.3491770029067993 27 96 36 110
class 0.542374312877655 139 105 149 116
class 0.3527856469154358 173 101 185 115
class 0.541374146938324 186 113 196 126
class 0.5233587622642517 156 122 165 134
class 0.5276511907577515 171 122 181 135
class 0.4331654906272888 27 134 37 147
class 0.41175034642219543 66 143 76 154
class 0.6165460348129272 107 160 117 172
class 0.31740888953208923 143 157 155 169
class 0.6459788680076599 4 170 14 182
class 0.6703444719314575 104 169 113 182
class 0.5994806289672852 31 174 43 187
class 0.5978055596351624 81 175 93 189
class 0.46166718006134033 124 179 137 192
class 0.6430612802505493 12 185 23 196
class 0.4170423746109009 133 191 143 199
