class 0.7782816886901855 28 3 38 14
class 0.6098065376281738 153 0 164 7
class 0.6218030452728271 174 0 181 12
class 0.7002876996994019 114 13 125 26
class 0.5209640860557556 38 24 47 36
class 0.42828384041786194 69 17 78 28
class 0.4889044463634491 91 18 100 31
class 0.5072337985038757 117 19 129 34
class 0.502020537853241 135 19 145 31
class 0.8035562038421631 1 32 11 44
class 0.2430162876844406 88 26 99 39
class 0.48783063888549805 182 28 192 39
class 0.6238943338394165 72 51 83 63
class 0.6251941919326782 32 65 41 77
class 0.41933679580688477 121 65 131 78
class 0.25270217657089233 143 66 154 78
class 0.6567512154579163 180 63 192 76
class 0.5113158226013184 19 68 29 80
class 0.49571776390075684 62 76 72 89
class 0.5490437746047974 146 74 156 85
class 0.6478362083435059 4 87 13 98
class 0.7265745997428894 54 86 64 97
class 0.34802961349487305 59 84 71 99
class 0.5712393522262573 82 79 93 92
class 0.18272903561592102 63 89 74 101
class 0.6420165300369263 28 130 37 141
class 0.6669391989707947 104 145 116 160
class 0.5284865498542786 152 158 161 170
class 0.4061375856399536 12 163 20 176
class 0.659017026424408 36 170 46 182
class 0.6262662410736084 117 163 127 176
class 0.4382447600364685 191 169 199 181
class 0.7898778319358826 5 176 13 188
class 0.3436942994594574 79 175 88 186
class 0.4738847613334656 143 174 154 186
class 0.3834836483001709 163 192 172 199
