class 0.7864194512367249 154 1 164 13
class 0.7818965315818787 189 0 199 10
class 0.7567057013511658 75 6 86 16
class 0.1754828542470932 80 6 90 17
class 0.5762603878974915 130 12 141 24
class 0.4298277497291565 150 23 163 35
class 0.6298572421073914 74 34 84 45
class 0.6865769624710083 118 32 131 46
class 0.5282117128372192 80 41 91 54
class 0.3798762559890747 88 49 99 61
class 0.43883243203163147 122 54 131 65
class 0.617787778377533 135 55 145 67
class 0.5189344882965088 90 62 101 76
class 0.532712459564209 101 76 112 90
class 0.32722240686416626 64 86 74 98
class 0.5165775418281555 106 82 118 96
class 0.5057438611984253 61 94 70 106
class 0.45174774527549744 90 93 101 106
class 0.8098647594451904 0 102 9 114
class 0.3759234547615051 69 107 80 122
class 0.4486909508705139 19 123 30 137
class 0.5086971521377563 80 127 89 140
class 0.5995381474494934 113 126 124 139
class 0.6625767946243286 128 138 140 152
class 0.4501906633377075 173 138 185 152
class 0.2317349761724472 115 141 123 155
class 0.4440878927707672 184 142 196 155
class 0.3390255272388458 49 155 59 167
class 0.4835575819015503 98 164 108 175
class 0.2629396319389343 131 171 140 181
class 0.5055484771728516 139 167 149 180
class 0.38989338278770447 16 179 25 189
class 0.5599250793457031 39 180 51 194
class 0.48117756843566895 141 174 151 186
class 0.5016601085662842 8 190 18 199
class 0.6331387162208557 86 186 96 197
class 0.5564655065536499 96 189 107 199
class 0.5560988783836365 141 192 151 199
