class 0.8084839582443237 11 1 20 12
class 0.8259899616241455 156 1 166 8
class 0.6764004230499268 31 14 40 26
class 0.6582132577896118 63 14 72 26
class 0.3611374795436859 98 5 107 17
class 0.6388655304908752 2 27 11 40
class 0.40635091066360474 80 27 90 40
class 0.33372431993484497 122 27 131 38
class 0.6055683493614197 144 29 153 42
class 0.4802277684211731 0 37 5 50
class 0.1913689523935318 26 37 37 50
class 0.6432790160179138 143 43 152 57
class 0.5064207315444946 39 54 48 66
class 0.43974095582962036 112 58 121 71
class 0.4103013575077057 153 59 163 70
class 0.6404377818107605 189 71 199 86
class 0.39199402928352356 51 86 62 98
class 0.4542217254638672 122 82 131 95
class 0.2781180143356323 184 79 192 91
class 0.7415311932563782 0 92 6 104
class 0.44824784994125366 78 90 88 103
class 0.42718055844306946 102 88 110 102
class 0.4548516571521759 60 106 69 119
class 0.4453362822532654 133 99 143 112
class 0.43512850999832153 86 117 97 130
class 0.5433428287506104 50 129 60 140
class 0.45211535692214966 70 138 80 152
class 0.6134236454963684 176 135 186 149
class 0.7629674077033997 1 145 9 157
class 0.48772504925727844 15 148 25 160
class 0.5532081723213196 13 178 22 187
class 0.5585580468177795 24 177 35 187
class 0.45575278997421265 27 179 40 194
class 0.3805464804172516 120 181 130 192
class 0.5924700498580933 162 174 170 186
class 0.5802984833717346 33 185 43 196
class 0.5028127431869507 75 186 85 198
class 0.5088357925415039 189 189 198 199
