class 0.4741191864013672 56 1 67 10
class 0.718579113483429 170 0 181 9
class 0.5640922784805298 79 10 88 21
class 0.39971452951431274 158 12 167 25
class 0.512055516242981 20 15 28 27
class 0.45354127883911133 49 21 59 34
class 0.333585649728775 151 22 162 35
class 0.4152216613292694 159 19 171 34
class 0.5177054405212402 34 33 42 46
class 0.320463091135025 7 43 18 56
class 0.28771889209747314 56 42 67 55
class 0.5845097303390503 77 40 87 52
class 0.3245776891708374 164 46 173 56
class 0.5477811098098755 60 54 70 65
class 0.7365759015083313 2 60 12 72
class 0.3760574758052826 65 62 76 76
class 0.5529115796089172 137 58 147 71
class 0.6081352829933167 101 75 111 87
class 0.7062593698501587 113 76 124 88
class 0.8100628852844238 0 80 7 93
class 0.5440456867218018 55 84 64 95
class 0.48433855175971985 143 86 153 98
class 0.5952337980270386 164 91 174 102
class 0.623110294342041 193 94 199 105
class 0.6028293967247009 14 100 25 112
class 0.5729160308837891 135 102 145 115
class 0.37464866042137146 185 107 197 120
class 0.7730432152748108 0 128 7 140
class 0.509200930595398 137 127 147 139
class 0.4176098108291626 150 123 162 135
class 0.5152150988578796 192 121 199 134
class 0.6960383653640747 4 150 13 161
class 0.5595307946205139 41 155 50 166
class 0.3716336786746979 115 162 124 172
class 0.379913866519928 12 163 22 176
class 0.40552544593811035 36 169 46 181
class 0.3754921853542328 121 163 133 178
class 0.5772523880004883 105 173 116 186
