class 0.5437504053115845 66 1 76 12
class 0.7281591296195984 74 2 85 14
class 0.7270093560218811 4 23 13 35
class 0.5742438435554504 34 15 45 29
class 0.5450850129127502 151 16 160 29
class 0.43062859773635864 79 28 89 39
class 0.5772299766540527 160 29 169 41
class 0.5634680390357971 17 45 29 58
class 0.5133200883865356 72 55 82 67
class 0.40223318338394165 108 55 121 66
class 0.4706938862800598 129 51 137 63
class 0.3508809506893158 134 50 144 62
class 0.5797110199928284 143 48 153 61
class 0.4123177230358124 57 64 67 77
class 0.45056021213531494 87 69 99 81
class 0.3087603449821472 96 68 108 80
class 0.3029523491859436 94 70 102 79
class 0.4757530689239502 164 74 174 85
class 0.8202418088912964 44 82 57 96
class 0.6502928733825684 192 86 199 99
class 0.472663015127182 98 91 109 104
class 0.3907700777053833 129 97 141 109
class 0.4239848852157593 46 107 56 119
class 0.4909031391143799 126 101 137 114
class 0.4897630214691162 142 101 153 113
class 0.477781742811203 71 116 82 129
class 0.4311487674713135 89 116 100 129
class 0.4747966527938843 163 118 174 131
class 0.44085344672203064 81 129 90 142
class 0.44940629601478577 151 128 162 141
class 0.5163304209709167 113 140 123 152
class 0.7422248125076294 1 146 11 158
class 0.5235222578048706 66 143 76 154
class 0.5132508277893066 187 145 196 158
class 0.5203580856323242 75 156 85 167
class 0.48688003420829773 148 159 158 171
class 0.342481404542923 24 171 33 184
class 0.482869029045105 131 175 140 185
class 0.5842514634132385 114 187 124 197
class 0.48173317313194275 154 191 164 199
