class 0.6360771656036377 38 0 48 7
class 0.7031038403511047 143 0 152 6
class 0.7760522961616516 1 6 9 17
class 0.44616973400115967 31 9 42 22
class 0.5589200854301453 121 12 130 24
class 0.5041123628616333 19 22 28 37
class 0.4972187578678131 45 16 55 28
class 0.4429909288883209 63 15 72 28
class 0.5641286969184875 74 22 86 34
class 0.5142748951911926 94 32 103 46
class 0.50382000207901 77 41 89 53
class 0.5784932971000671 151 45 160 56
class 0.4693586230278015 29 51 38 64
class 0.4267043173313141 69 48 80 60
class 0.4264008104801178 104 55 112 66
class 0.5172981023788452 160 48 172 62
class 0.4632768929004669 34 57 45 71
class 0.6000779867172241 11 75 21 88
class 0.22254343330860138 98 68 110 82
class 0.5638625025749207 133 87 142 99
class 0.35416561365127563 150 87 160 97
class 0.41459259390830994 24 89 36 103
class 0.36216625571250916 70 91 79 104
class 0.47320207953453064 38 105 48 118
class 0.35453280806541443 80 106 90 119
class 0.5061222314834595 114 118 124 130
class 0.5144911408424377 51 129 60 140
class 0.4069875478744507 10 142 20 153
class 0.6209297180175781 68 146 76 156
class 0.3372659981250763 68 148 80 161
class 0.5796555280685425 110 146 119 156
class 0.663861095905304 116 144 127 154
class 0.1977243423461914 114 147 120 153
class 0.10774081200361252 107 144 130 158
class 0.7508249282836914 0 166 5 177
class 0.4034188985824585 161 172 171 183
class 0.20173606276512146 12 173 23 187
class 0.3627861738204956 16 175 23 184
class 0.558180034160614 30 178 40 192
class 0.614962100982666 87 178 97 191
class 0.7537631988525391 3 192 12 199
