class 0.5685206055641174 27 1 37 15
class 0.6264846920967102 99 0 108 11
class 0.7380009889602661 148 1 157 10
class 0.5364799499511719 16 10 24 21
class 0.49790042638778687 101 6 112 18
class 0.6714838743209839 31 24 41 36
class 0.5592955946922302 66 21 78 34
class 0.27426430583000183 111 27 121 40
class 0.5249114036560059 160 34 169 46
class 0.26671820878982544 7 37 17 49
class 0.5160702466964722 140 55 150 69
class 0.3889078199863434 173 49 185 62
class 0.36801427602767944 59 60 68 75
class 0.6658545136451721 0 76 6 88
class 0.467743843793869 74 70 84 84
class 0.45913589000701904 164 70 174 80
class 0.5990630984306335 95 79 105 91
class 0.5564337968826294 149 84 158 95
class 0.6037894487380981 31 96 41 108
class 0.6659787893295288 32 105 47 120
class 0.5446951389312744 40 107 49 119
class 0.4634537100791931 15 127 24 140
class 0.5240674018859863 19 122 29 135
class 0.6028280258178711 63 124 72 135
class 0.5637957453727722 20 138 31 153
class 0.5029094815254211 188 143 197 156
class 0.7459579706192017 34 160 43 172
class 0.464959055185318 54 153 64 166
class 0.5282626152038574 120 155 130 167
class 0.14800815284252167 31 163 40 174
class 0.629693329334259 71 168 81 180
class 0.5896234512329102 106 167 116 179
class 0.4957467019557953 127 172 137 182
class 0.5050258636474609 15 180 25 192
class 0.40303173661231995 142 176 155 189
class 0.5760627388954163 63 187 73 198
class 0.5219100713729858 110 191 119 199
