class 0.5030006766319275 171 0 181 10
class 0.6298815011978149 84 13 95 25
class 0.3727467358112335 174 11 182 23
class 0.3199070394039154 154 22 162 35
class 0.45125895738601685 112 34 121 45
class 0.5282186269760132 56 54 68 66
class 0.4817638695240021 160 50 172 65
class 0.48127248883247375 21 65 32 76
class 0.4158591032028198 38 59 48 72
class 0.406853049993515 88 64 99 77
class 0.47182971239089966 133 59 142 72
class 0.495299756526947 11 80 21 92
class 0.39619767665863037 21 85 30 98
class 0.4986821115016937 154 79 165 91
class 0.5130916833877563 7 91 18 103
class 0.3946191966533661 104 90 114 103
class 0.6000896692276001 144 90 156 103
class 0.6014860272407532 34 107 44 118
class 0.38920602202415466 109 107 120 120
class 0.6567521691322327 160 106 170 119
class 0.6047202348709106 8 116 19 128
class 0.5052395462989807 82 123 93 137
class 0.44525420665740967 119 119 131 135
class 0.7690134048461914 150 128 161 141
class 0.10675150901079178 147 131 157 144
class 0.39024025201797485 97 142 107 154
class 0.41686031222343445 105 145 116 156
class 0.5880184769630432 131 156 141 167
class 0.40020373463630676 36 164 51 175
class 0.47880107164382935 49 164 61 177
class 0.4706335961818695 148 162 158 175
class 0.5159249901771545 15 182 25 193
class 0.42212483286857605 66 181 79 193
class 0.5688461065292358 104 177 116 190
class 0.4841133654117584 32 184 43 196
class 0.6192910671234131 148 184 159 196
class 0.6418790221214294 176 189 187 199
