class 0.8240264654159546 86 2 96 14
class 0.5640235543251038 90 1 102 13
class 0.6290437579154968 153 2 164 11
class 0.32340744137763977 46 22 57 32
class 0.1270337998867035 52 19 63 30
class 0.4762445092201233 59 17 69 29
class 0.4083867371082306 74 24 83 36
class 0.7186986804008484 0 28 7 40
class 0.7184954285621643 71 31 80 43
class 0.47500184178352356 90 33 100 46
class 0.6238260269165039 29 56 40 68
class 0.5342981815338135 139 49 148 62
class 0.5739723443984985 150 59 158 71
class 0.43861475586891174 27 80 37 93
class 0.42092835903167725 120 81 130 95
class 0.3303201198577881 171 85 182 98
class 0.5827122330665588 62 92 72 104
class 0.3870013654232025 173 91 186 102
class 0.5885906219482422 38 111 48 123
class 0.5147902369499207 83 118 94 130
class 0.5177792310714722 62 123 73 135
class 0.4238910675048828 56 138 67 151
class 0.45262610912323 119 133 128 146
class 0.3673075735569 171 131 184 146
class 0.539771556854248 189 137 198 150
class 0.49560219049453735 40 142 50 154
class 0.5755084156990051 121 143 129 156
class 0.2606833577156067 142 149 154 162
class 0.4087974727153778 184 160 193 172
class 0.3648830056190491 5 172 13 183
class 0.6136906147003174 13 165 20 178
class 0.5196363925933838 32 170 43 182
class 0.5768458247184753 57 168 66 180
class 0.6828303933143616 63 166 75 179
class 0.5452390313148499 121 165 130 177
class 0.5852968692779541 141 164 151 178
class 0.600968599319458 51 175 63 187
class 0.3539794683456421 173 174 182 186
