class 0.8381401896476746 0 2 9 14
class 0.7367746233940125 24 0 33 8
class 0.7887557148933411 49 0 59 13
class 0.6490253806114197 66 0 77 9
class 0.6302061676979065 173 1 185 14
class 0.48690468072891235 159 13 169 26
class 0.3969949185848236 122 17 132 28
class 0.4960396885871887 165 24 174 36
class 0.24192941188812256 7 35 17 47
class 0.7869794964790344 10 44 21 55
class 0.5018596053123474 36 42 46 55
class 0.5988274812698364 40 39 51 50
class 0.4860820770263672 95 40 107 53
class 0.7635296583175659 148 40 160 53
class 0.1773471236228943 144 43 151 49
class 0.6602259278297424 38 55 49 67
class 0.33310821652412415 54 55 63 67
class 0.6105509400367737 118 63 128 75
class 0.5901526212692261 128 69 138 80
class 0.8152796626091003 193 74 199 87
class 0.5457072257995605 16 86 27 99
class 0.6745432019233704 116 80 127 91
class 0.6225905418395996 165 83 177 98
class 0.5826089382171631 129 90 142 102
class 0.35046184062957764 51 122 61 135
class 0.40212610363960266 156 130 165 142
class 0.5654500126838684 13 135 23 148
class 0.4798726439476013 42 139 51 152
class 0.5120510458946228 51 140 61 151
class 0.5198788642883301 60 138 69 151
class 0.5645996332168579 10 143 22 155
class 0.591733992099762 44 158 54 170
class 0.5071793794631958 86 161 95 171
class 0.5121096968650818 106 160 117 171
class 0.4919215738773346 109 166 123 178
class 0.41890886425971985 130 172 141 183
class 0.6556897163391113 5 175 14 186
class 0.5533914566040039 106 174 116 185
