class 0.7817120552062988 3 0 12 9
class 0.7884443402290344 6 3 18 13
class 0.5349769592285156 49 0 59 8
class 0.5474807024002075 112 0 123 8
class 0.4570760130882263 109 7 118 17
class 0.3898894190788269 27 18 36 31
class 0.7207866311073303 49 17 58 29
class 0.2926676869392395 166 24 177 37
class 0.13669830560684204 186 24 194 32
class 0.620199978351593 184 22 196 35
class 0.5659700036048889 35 32 46 45
class 0.5144750475883484 59 28 68 38
class 0.7543022036552429 2 44 12 55
class 0.44481608271598816 63 45 72 58
class 0.4852145314216614 133 43 144 54
class 0.4107501804828644 154 59 162 69
class 0.19766758382320404 130 88 140 99
class 0.4808209538459778 155 81 164 94
class 0.6027987599372864 92 94 104 107
class 0.6237087845802307 35 106 47 119
class 0.6835945844650269 62 104 74 116
class 0.4549350440502167 68 101 80 114
class 0.47775670886039734 94 107 104 118
class 0.2599044740200043 161 102 172 116
class 0.4100686013698578 184 107 193 120
class 0.7220413088798523 4 113 13 126
class 0.5952451825141907 49 118 61 131
class 0.5434591770172119 156 115 166 127
class 0.3044838309288025 97 134 107 147
class 0.4015390872955322 7 149 19 162
class 0.5846189260482788 103 150 113 161
class 0.5466892123222351 128 149 139 162
class 0.5107675790786743 57 162 67 173
class 0.5926635265350342 94 160 103 174
class 0.6270968914031982 192 161 199 172
class 0.38423195481300354 142 163 154 177
class 0.26896339654922485 172 170 183 183
class 0.5356217622756958 35 193 46 199
