class 0.7515959143638611 52 0 63 7
class 0.8096829056739807 141 4 150 14
class 0.5707733035087585 171 10 181 23
class 0.5593813061714172 11 20 20 32
class 0.5526683330535889 62 19 71 30
class 0.3173050582408905 130 14 141 28
class 0.5316866636276245 117 33 127 45
class 0.46369582414627075 28 37 41 51
class 0.7605263590812683 0 54 6 67
class 0.4453558921813965 81 52 92 64
class 0.5516021847724915 112 55 121 66
class 0.5659082531929016 135 47 145 59
class 0.4948972463607788 48 66 58 78
class 0.5095697045326233 102 58 111 70
class 0.40559864044189453 128 79 139 92
class 0.6380623579025269 147 87 157 99
class 0.5110142827033997 153 86 163 98
class 0.5684893131256104 61 89 72 102
class 0.3530167043209076 88 92 99 105
class 0.5257311463356018 16 100 27 112
class 0.5334268808364868 52 101 62 113
class 0.48901936411857605 59 108 70 121
class 0.4802653193473816 85 100 95 113
class 0.5545845031738281 158 118 168 129
class 0.5350273847579956 158 139 167 151
class 0.34645411372184753 57 147 67 158
class 0.4698058068752289 28 158 39 170
class 0.4256588816642761 160 159 170 171
class 0.4618488550186157 16 163 24 175
class 0.6332077383995056 76 169 87 181
class 0.5360381007194519 93 163 104 177
class 0.449489027261734 70 179 79 193
class 0.4764878749847412 89 174 99 186
class 0.6194576025009155 158 173 169 187
class 0.21168366074562073 2 189 8 199
class 0.6518219113349915 12 186 23 196
class 0.5519803762435913 32 188 44 198
class 0.5134295225143433 135 192 144 199
