class 0.49742960929870605 62 4 72 15
class 0.6332184672355652 0 10 8 22
class 0.5700559616088867 65 24 78 41
class 0.5813423991203308 153 43 164 56
class 0.7966889142990112 0 50 8 63
class 0.6910790205001831 56 46 67 61
class 0.541891872882843 23 62 33 75
class 0.4128303825855255 111 58 120 69
class 0.7821148633956909 1 69 10 82
class 0.5001978278160095 67 69 78 84
class 0.6084716320037842 4 87 14 99
class 0.4737268090248108 58 83 69 96
class 0.7083889245986938 135 83 145 96
class 0.20983736217021942 142 81 153 94
class 0.41492021083831787 47 90 59 105
class 0.45860156416893005 64 94 78 108
class 0.3211130201816559 76 96 87 107
class 0.34981364011764526 120 113 130 125
class 0.5662380456924438 133 114 142 125
class 0.4660068154335022 190 116 198 129
class 0.542297899723053 11 121 20 133
class 0.8243649005889893 0 135 8 148
class 0.41392335295677185 87 131 100 145
class 0.6752442717552185 164 137 175 149
class 0.6494392156600952 193 139 199 150
class 0.7499029636383057 2 141 13 154
class 0.5185515284538269 24 148 35 161
class 0.6356167197227478 52 147 61 161
class 0.5403053164482117 100 149 112 162
class 0.5770409107208252 145 150 155 161
class 0.1513105183839798 6 160 16 173
class 0.16758698225021362 49 153 59 164
class 0.5194454789161682 113 154 124 167
class 0.6143826246261597 13 164 23 175
class 0.5915476083755493 61 170 71 183
class 0.5584709644317627 92 174 104 186
class 0.4501257836818695 167 175 178 186
class 0.4952225089073181 42 186 52 197
