class 0.7348425984382629 80 2 90 13
class 0.6395254731178284 46 32 56 45
class 0.6388793587684631 105 33 114 45
class 0.6101004481315613 133 33 144 46
class 0.7613802552223206 193 26 199 39
class 0.5379418134689331 107 38 119 49
class 0.5772855281829834 138 39 149 53
class 0.6990702152252197 4 58 13 71
class 0.4918178915977478 74 67 84 78
class 0.5391594171524048 133 63 143 76
class 0.5754135251045227 15 72 24 85
class 0.6431162357330322 187 76 197 88
class 0.46752047538757324 23 83 35 96
class 0.4294482469558716 123 80 134 93
class 0.4694766700267792 159 79 169 91
class 0.4423418343067169 33 92 42 103
class 0.5049803256988525 50 102 59 113
class 0.4854308068752289 70 108 80 120
class 0.46945518255233765 139 101 150 112
class 0.3520711064338684 71 117 80 129
class 0.4925166368484497 58 125 68 139
class 0.4061875343322754 72 120 82 133
class 0.5630615949630737 38 140 48 152
class 0.7096375823020935 193 138 199 150
class 0.3736923635005951 16 142 27 155
class 0.39604565501213074 99 142 109 154
class 0.378643274307251 134 149 143 160
class 0.5223909616470337 148 154 158 166
class 0.4747363030910492 19 171 29 182
class 0.6722033023834229 65 163 76 175
class 0.5858939290046692 131 168 141 181
class 0.16976210474967957 97 181 108 193
class 0.3101685345172882 101 176 110 187
class 0.6527082920074463 13 185 23 195
class 0.5533552169799805 45 191 55 199
class 0.355690062046051 92 185 102 196
class 0.5348996520042419 189 193 199 199
