class 0.7896065711975098 103 1 112 13
class 0.7651670575141907 127 0 137 13
class 0.553514838218689 152 13 165 25
class 0.573125422000885 74 18 83 28
class 0.7364376187324524 3 26 11 39
class 0.36623814702033997 109 32 119 46
class 0.3325595557689667 183 39 196 51
class 0.5615584254264832 10 56 19 67
class 0.35943394899368286 19 58 29 69
class 0.26215487718582153 46 59 56 71
class 0.5182865262031555 79 61 89 74
class 0.5401771068572998 111 66 121 78
class 0.4748869836330414 190 65 197 76
class 0.4796077609062195 39 71 49 86
class 0.35878098011016846 172 68 183 81
class 0.2267916351556778 6 86 16 99
class 0.664267361164093 140 86 151 99
class 0.543030858039856 118 91 128 103
class 0.5292412042617798 137 92 147 105
class 0.6094527840614319 122 114 132 126
class 0.7419717311859131 0 128 8 141
class 0.4842907190322876 23 121 32 133
class 0.5650179386138916 49 122 58 133
class 0.577548623085022 122 127 133 139
class 0.5287730693817139 158 128 168 140
class 0.5997803807258606 66 131 75 143
class 0.5746354460716248 88 143 97 154
class 0.660699725151062 36 157 46 169
class 0.5824975371360779 104 153 114 165
class 0.5107061862945557 147 155 158 167
class 0.44637542963027954 13 169 24 182
class 0.5652399063110352 82 166 93 178
class 0.3638560175895691 165 180 175 193
class 0.5435928106307983 36 186 46 196
class 0.436638742685318 78 185 88 197
class 0.5027230978012085 141 191 151 199
class 0.46871620416641235 178 187 187 196
