class 0.7611539959907532 49 2 60 14
class 0.7240455746650696 70 0 80 9
class 0.6288459897041321 161 1 170 10
class 0.42856988310813904 29 9 38 23
class 0.40951788425445557 71 27 79 38
class 0.6098228693008423 135 33 144 47
class 0.49970024824142456 35 40 47 54
class 0.5766705870628357 189 43 198 54
class 0.5673157572746277 11 48 22 60
class 0.5338870286941528 39 48 47 60
class 0.3735499382019043 34 66 46 79
class 0.4962533712387085 139 62 149 73
class 0.5491027235984802 192 58 199 70
class 0.30840927362442017 88 70 99 82
class 0.756158173084259 0 82 8 93
class 0.5165677666664124 27 83 37 95
class 0.5359630584716797 133 96 144 108
class 0.5855384469032288 156 92 166 104
class 0.38544511795043945 24 102 34 115
class 0.5153047442436218 61 102 71 115
class 0.6369151473045349 115 116 126 129
class 0.5179861783981323 122 116 132 129
class 0.6445330381393433 157 116 166 128
class 0.5249715447425842 72 128 82 140
class 0.6705276370048523 181 128 192 142
class 0.511426568031311 9 139 19 152
class 0.44878023862838745 142 133 153 145
class 0.4698200523853302 80 144 91 159
class 0.38347214460372925 124 142 134 154
class 0.47902846336364746 4 152 17 167
class 0.5535925626754761 4 164 13 175
class 0.6852984428405762 98 168 108 182
class 0.3968237638473511 152 164 165 175
class 0.6131434440612793 180 171 189 183
class 0.5254223346710205 49 181 61 194
class 0.28238818049430847 95 173 106 186
class 0.4541519284248352 143 174 154 189
class 0.5053229331970215 159 182 170 193
class 0.6230790019035339 95 192 106 199
class 0.5470201969146729 150 187 161 198
