class 0.8631824254989624 178 1 189 11
class 0.46268314123153687 189 9 197 21
class 0.537459671497345 146 18 155 30
class 0.5714965462684631 91 35 100 46
class 0.5034258365631104 129 28 140 42
class 0.4874403178691864 52 43 61 54
class 0.20887666940689087 171 45 180 57
class 0.5042181611061096 15 49 24 61
class 0.4790276885032654 36 54 46 66
class 0.5567907094955444 50 49 60 60
class 0.22428438067436218 128 65 137 79
class 0.401208758354187 151 60 162 74
class 0.10936976224184036 156 62 167 77
class 0.6109903454780579 167 59 179 70
class 0.13055121898651123 174 59 184 71
class 0.5403788685798645 29 76 41 88
class 0.5069727897644043 54 75 63 87
class 0.4859800636768341 160 72 172 84
class 0.2096528708934784 109 78 121 91
class 0.4953714609146118 35 91 47 104
class 0.5571792721748352 161 107 170 119
class 0.7385823130607605 192 105 199 116
class 0.4370688199996948 57 118 67 129
class 0.5947372317314148 60 126 71 138
class 0.5410738587379456 136 129 147 141
class 0.4743308126926422 21 143 30 154
class 0.47028979659080505 130 144 139 157
class 0.4819340109825134 145 149 154 162
class 0.3101573884487152 110 159 120 169
class 0.4431593120098114 113 169 123 180
class 0.6714953780174255 192 167 199 180
class 0.470590740442276 70 175 83 188
class 0.5958941578865051 44 189 55 199
class 0.6790167093276978 86 192 97 199
class 0.5300353765487671 181 191 191 199
