class 0.8181373476982117 84 1 94 14
class 0.7777197957038879 107 0 118 9
class 0.7446641325950623 123 0 134 6
class 0.4005770981311798 26 12 34 24
class 0.5148085951805115 34 13 43 25
class 0.426039457321167 57 11 67 24
class 0.16945484280586243 35 19 47 33
class 0.3524455428123474 48 23 58 36
class 0.430187463760376 136 16 145 27
class 0.5123608112335205 18 26 29 39
class 0.5419318675994873 37 30 48 44
class 0.7964694499969482 192 27 199 39
class 0.102229543030262 195 29 199 37
class 0.6148147583007812 144 42 154 55
class 0.5803577899932861 161 38 174 51
class 0.6170710921287537 164 43 173 54
class 0.526598334312439 82 63 93 76
class 0.5552253127098083 154 65 165 78
class 0.3707309067249298 7 76 17 88
class 0.40597450733184814 23 68 32 80
class 0.4629809260368347 15 86 24 97
class 0.1012311577796936 15 93 24 104
class 0.6648448705673218 18 98 29 109
class 0.4101574420928955 35 89 47 102
class 0.5323112607002258 190 96 198 109
class 0.4651751220226288 38 104 47 116
class 0.5228263139724731 58 106 68 118
class 0.512539803981781 77 108 88 121
class 0.4096418619155884 44 123 53 137
class 0.5481264591217041 81 139 90 150
class 0.4619738459587097 108 140 120 152
class 0.47424232959747314 117 133 126 145
class 0.6139336228370667 11 159 22 172
class 0.45810842514038086 57 152 67 165
class 0.5184082984924316 129 153 141 165
class 0.5359532833099365 137 157 149 168
class 0.5753833055496216 54 167 63 181
class 0.5004754066467285 187 165 196 177
class 0.45360395312309265 97 180 107 192
class 0.632217288017273 165 189 176 199
