class 0.5779989361763 59 0 70 6
class 0.6085418462753296 119 1 129 9
class 0.671288788318634 143 1 154 13
class 0.2675560414791107 166 3 175 13
class 0.5290979146957397 15 7 23 18
class 0.432120144367218 46 11 57 23
class 0.33619365096092224 120 7 130 19
class 0.3105883002281189 172 7 180 17
class 0.46199893951416016 173 11 186 24
class 0.5673456192016602 16 26 24 38
class 0.6404091715812683 37 32 48 45
class 0.7577211260795593 72 30 83 43
class 0.5350543856620789 7 53 19 66
class 0.5310800075531006 80 66 90 78
class 0.685522198677063 136 65 146 77
class 0.5530521273612976 154 60 164 73
class 0.31379950046539307 15 78 24 92
class 0.5799011588096619 70 84 80 98
class 0.5664494037628174 12 93 23 104
class 0.4852968752384186 50 91 62 104
class 0.4834352731704712 150 103 158 114
class 0.36993294954299927 101 118 110 131
class 0.49577003717422485 81 128 92 141
class 0.23196731507778168 132 136 141 146
class 0.3730461597442627 164 133 174 145
class 0.4407498836517334 57 148 67 159
class 0.17567561566829681 89 150 98 162
class 0.43309998512268066 155 145 164 159
class 0.4121544361114502 86 155 95 166
class 0.44795531034469604 126 159 136 171
class 0.6032673120498657 57 164 66 176
class 0.34642985463142395 67 166 80 179
class 0.6089141368865967 151 166 162 180
class 0.7366613149642944 4 175 12 186
class 0.5147698521614075 57 179 67 191
class 0.6207072138786316 138 193 150 199
class 0.6524878740310669 162 187 172 198
