class 0.691469669342041 86 0 95 5
class 0.5842326283454895 120 2 129 12
class 0.496564120054245 5 35 14 47
class 0.44011810421943665 70 34 79 44
class 0.5516150593757629 111 32 121 43
class 0.5996978878974915 149 26 161 40
class 0.4380471110343933 114 43 124 55
class 0.5135399103164673 172 49 182 63
class 0.5320118069648743 80 58 90 70
class 0.7325217127799988 0 72 6 84
class 0.5092534422874451 77 69 89 82
class 0.2974048852920532 164 70 173 80
class 0.5858600735664368 23 85 32 97
class 0.47223982214927673 107 83 117 95
class 0.5626427531242371 180 87 190 99
class 0.3098614513874054 73 89 83 103
class 0.37872442603111267 80 106 90 119
class 0.5338658094406128 147 102 157 114
class 0.5005077719688416 41 120 50 131
class 0.5921372771263123 61 119 70 130
class 0.3430823087692261 141 120 152 134
class 0.6038565039634705 175 125 186 136
class 0.3443572521209717 59 138 68 150
class 0.4985596239566803 70 131 80 145
class 0.3001534640789032 8 139 19 156
class 0.4476543664932251 13 142 21 153
class 0.2646656334400177 49 147 59 163
class 0.6090825200080872 105 149 115 160
class 0.3843095302581787 121 143 133 156
class 0.7769977450370789 0 156 8 168
class 0.391287624835968 81 155 91 166
class 0.43691760301589966 111 161 119 172
class 0.5414817929267883 155 155 165 168
class 0.4754020869731903 172 159 182 172
class 0.3729152977466583 79 165 91 175
class 0.4750393331050873 123 169 135 181
class 0.5213629603385925 191 163 199 175
class 0.580259382724762 167 175 179 189
class 0.7515501976013184 0 189 8 199
class 0.6100806593894958 76 187 85 198
