class 0.8124067187309265 6 0 19 8
class 0.5728701949119568 46 0 56 8
class 0.7116426229476929 48 1 58 12
class 0.7458781003952026 64 0 75 6
class 0.4875776469707489 25 14 34 25
class 0.583931565284729 66 12 76 24
class 0.4137789309024811 110 18 121 29
class 0.5117620825767517 156 15 166 29
class 0.5003048777580261 79 32 90 45
class 0.7896349430084229 177 27 191 41
class 0.11915817111730576 182 30 189 39
class 0.7774760127067566 191 29 199 42
class 0.6754834651947021 71 44 80 56
class 0.4900570809841156 40 48 50 60
class 0.6081832647323608 60 48 70 62
class 0.4018222987651825 127 64 137 75
class 0.4027334451675415 88 70 99 80
class 0.5564507842063904 104 72 114 84
class 0.2972714900970459 88 86 99 99
class 0.49014925956726074 91 80 100 93
class 0.31568673253059387 122 86 131 99
class 0.5793394446372986 181 87 193 99
class 0.7360313534736633 3 91 13 103
class 0.4000616669654846 171 95 181 108
class 0.2541722059249878 38 109 49 119
class 0.6509931683540344 91 108 101 119
class 0.5904399752616882 38 113 48 124
class 0.5383685827255249 128 118 138 130
class 0.5027869939804077 156 133 167 145
class 0.5297453999519348 11 148 22 160
class 0.627575695514679 56 146 67 157
class 0.6500304341316223 43 158 55 171
class 0.5187627673149109 163 155 172 167
class 0.5806905627250671 40 170 49 182
class 0.5087267160415649 93 167 106 180
class 0.58774334192276 108 177 118 190
class 0.5143382549285889 27 188 40 199
class 0.46694812178611755 68 187 77 198
