class 0.7314612865447998 34 0 45 9
class 0.7805981040000916 115 0 126 10
class 0.647408127784729 123 2 131 14
class 0.7893455624580383 155 0 166 10
class 0.4836166203022003 194 0 199 5
class 0.5123212337493896 37 12 45 23
class 0.4664536416530609 90 8 100 20
class 0.49106961488723755 189 12 197 26
class 0.7158060669898987 4 24 13 35
class 0.37974077463150024 115 20 124 31
class 0.347787469625473 153 27 163 38
class 0.5005096793174744 52 42 61 53
class 0.5540111660957336 181 43 191 55
class 0.48844337463378906 28 53 39 65
class 0.4461103677749634 132 60 142 72
class 0.7930202484130859 0 80 7 93
class 0.2730838358402252 32 87 42 99
class 0.6162239909172058 71 83 82 96
class 0.39073485136032104 130 80 141 92
class 0.41287723183631897 30 91 39 103
class 0.5346847176551819 58 94 69 107
class 0.7118636965751648 2 101 11 113
class 0.5455449223518372 50 102 59 114
class 0.6667749881744385 106 101 117 113
class 0.5359880924224854 130 106 140 117
class 0.5963854193687439 18 114 28 126
class 0.11379219591617584 18 116 25 122
class 0.6105608344078064 83 117 94 129
class 0.6345874667167664 22 122 35 134
class 0.37603655457496643 39 150 48 162
class 0.5879259705543518 73 159 82 171
class 0.4354260265827179 123 153 134 165
class 0.5177090764045715 12 164 21 174
class 0.3113097548484802 159 172 172 184
class 0.38608214259147644 26 175 40 189
class 0.5432775020599365 48 175 61 189
class 0.5333042144775391 137 177 147 189
class 0.49254322052001953 100 186 108 197
