class 0.7115224003791809 53 12 62 22
class 0.47362804412841797 59 5 70 19
class 0.4312340319156647 46 15 57 29
class 0.3080485761165619 50 18 61 29
class 0.5763906240463257 59 18 68 29
class 0.43320295214653015 90 18 99 30
class 0.4208758473396301 160 23 170 35
class 0.38961443305015564 112 33 121 44
class 0.49564746022224426 172 31 182 44
class 0.5781900882720947 33 49 42 61
class 0.4864940643310547 66 49 78 63
class 0.46391406655311584 190 51 199 63
class 0.7498416900634766 65 61 76 72
class 0.8183237314224243 0 85 8 98
class 0.5218468308448792 17 87 27 99
class 0.49433404207229614 39 87 50 98
class 0.4405551552772522 143 79 152 90
class 0.39918482303619385 44 95 58 110
class 0.4566400945186615 81 91 91 104
class 0.2816680073738098 90 106 100 119
class 0.5995061993598938 104 101 113 114
class 0.3924621343612671 112 107 122 121
class 0.6461173295974731 76 111 87 124
class 0.41412222385406494 113 112 123 126
class 0.6047598719596863 164 118 174 131
class 0.1274872124195099 78 128 89 142
class 0.3149109482765198 84 124 92 139
class 0.4824381470680237 90 121 100 135
class 0.5158374309539795 116 124 125 138
class 0.17624488472938538 158 121 167 132
class 0.6241209506988525 182 132 192 145
class 0.44278693199157715 15 149 25 161
class 0.5250528454780579 83 146 95 161
class 0.34984666109085083 152 150 164 161
class 0.5815714001655579 172 153 182 165
class 0.6151365041732788 1 169 9 181
class 0.5954943299293518 46 169 56 181
class 0.5615901350975037 16 174 23 185
class 0.3349872827529907 143 180 154 193
