class 0.5960196852684021 56 0 66 8
class 0.630940854549408 114 6 125 19
class 0.3156220316886902 58 23 68 34
class 0.5726813077926636 87 18 98 30
class 0.809653639793396 180 22 189 34
class 0.5641737580299377 50 28 60 40
class 0.4085071086883545 98 29 106 41
class 0.46491947770118713 160 26 171 39
class 0.5396284461021423 27 43 37 56
class 0.47242769598960876 143 59 152 70
class 0.5291042923927307 51 70 63 82
class 0.3063238263130188 77 67 89 81
class 0.43955138325691223 14 87 24 98
class 0.4788246154785156 71 86 82 98
class 0.6735715866088867 127 82 140 97
class 0.4419242739677429 145 87 154 98
class 0.5883015990257263 70 97 82 109
class 0.1446468085050583 126 88 137 102
class 0.4544447064399719 160 89 174 102
class 0.2856970429420471 164 92 173 101
class 0.5382900238037109 31 109 40 120
class 0.5634148716926575 143 100 154 114
class 0.620344340801239 61 116 73 128
class 0.520209789276123 88 117 98 130
class 0.5642645359039307 97 111 108 122
class 0.49057701230049133 143 111 153 123
class 0.549739420413971 77 123 89 135
class 0.4911479949951172 112 129 121 141
class 0.49832549691200256 124 127 133 139
class 0.5563414692878723 99 143 108 156
class 0.4142166078090668 139 150 148 161
class 0.36426571011543274 184 159 195 172
class 0.7200421094894409 83 166 93 181
class 0.15717732906341553 81 173 93 187
class 0.42747271060943604 131 180 141 190
class 0.7538379430770874 0 186 10 198
class 0.38909977674484253 99 192 109 199
