class 0.24543187022209167 85 3 95 14
class 0.641148567199707 115 0 127 6
class 0.793816864490509 4 12 13 25
class 0.5902506709098816 64 22 77 35
class 0.598669707775116 4 35 13 46
class 0.3950946033000946 18 26 26 38
class 0.5865360498428345 70 27 79 40
class 0.43724843859672546 88 27 99 40
class 0.5166841745376587 168 30 177 41
class 0.6106474995613098 189 37 198 50
class 0.5695788264274597 15 53 24 63
class 0.6829909682273865 59 54 70 66
class 0.6864551901817322 78 55 88 66
class 0.373418390750885 80 59 90 71
class 0.5954576134681702 112 65 123 77
class 0.6557807326316833 79 69 90 81
class 0.5371955633163452 147 74 157 86
class 0.36469438672065735 177 73 187 86
class 0.6020218729972839 192 73 199 86
class 0.552575409412384 93 81 104 95
class 0.553765058517456 106 81 116 94
class 0.48267871141433716 127 97 137 110
class 0.5813845992088318 169 96 181 109
class 0.4785991907119751 8 101 19 114
class 0.4145568311214447 133 112 143 125
class 0.5738544464111328 98 121 109 134
class 0.4578113257884979 157 124 165 137
class 0.5304642915725708 175 128 186 141
class 0.38321322202682495 109 132 121 146
class 0.5145681500434875 11 146 22 160
class 0.25702837109565735 57 149 67 160
class 0.4229893684387207 36 158 46 169
class 0.5361419916152954 95 171 106 182
class 0.462933212518692 109 163 119 175
class 0.4254530370235443 154 163 166 175
class 0.6423304677009583 192 166 199 180
class 0.46750855445861816 86 191 96 199
