class 0.4474329650402069 109 0 119 7
class 0.7727223634719849 186 1 196 13
class 0.6317391395568848 65 15 75 25
class 0.4655328691005707 111 12 122 24
class 0.46761268377304077 123 17 132 29
class 0.5725539326667786 27 31 37 45
class 0.18600644171237946 43 45 53 57
class 0.5778117179870605 110 42 122 54
class 0.4968595802783966 15 54 24 66
class 0.42564618587493896 130 53 141 67
class 0.5906453728675842 139 50 150 63
class 0.5554386973381042 77 63 86 74
class 0.3415154218673706 123 70 133 84
class 0.5548694133758545 32 86 42 98
class 0.565911054611206 41 94 51 105
class 0.43339309096336365 46 100 57 113
class 0.4679059088230133 150 108 159 119
class 0.5569959878921509 124 118 134 130
class 0.5146806836128235 91 127 101 138
class 0.6369351148605347 31 133 40 144
class 0.5570987462997437 55 133 64 143
class 0.6061020493507385 116 132 126 144
class 0.5540918111801147 135 139 144 151
class 0.6557191014289856 43 144 53 155
class 0.5405823588371277 54 149 65 161
class 0.4941423237323761 26 157 35 168
class 0.3625234365463257 110 159 122 170
class 0.45024892687797546 35 164 45 174
class 0.5071331858634949 97 164 108 177
class 0.5696167349815369 165 171 176 183
class 0.6040781736373901 61 179 73 192
class 0.5553601980209351 99 180 108 192
class 0.49963951110839844 107 180 117 190
class 0.46561557054519653 25 190 34 199
class 0.4591951072216034 91 188 102 198
