class 0.5336892604827881 109 2 119 13
class 0.8078305721282959 126 0 137 8
class 0.6835324168205261 150 0 162 7
class 0.45217403769493103 194 3 199 15
class 0.7398377060890198 4 14 13 25
class 0.5641756057739258 126 13 135 25
class 0.4784536361694336 169 8 178 20
class 0.49585315585136414 173 11 186 24
class 0.5081227421760559 38 25 47 36
class 0.4833217263221741 94 16 102 27
class 0.1896103173494339 119 16 131 27
class 0.3092506229877472 171 29 181 40
class 0.7688648104667664 3 39 13 50
class 0.5957534909248352 17 38 27 52
class 0.573967695236206 26 53 38 66
class 0.6918095350265503 105 55 115 66
class 0.5248647332191467 114 55 125 65
class 0.5173397660255432 179 52 189 66
class 0.24202844500541687 101 57 112 71
class 0.446888267993927 134 64 143 76
class 0.3381924629211426 94 72 104 87
class 0.397676944732666 139 86 148 97
class 0.5362906455993652 155 80 164 92
class 0.4780995547771454 28 94 39 107
class 0.6219906210899353 177 98 188 110
class 0.5851084589958191 44 102 54 114
class 0.48054346442222595 77 108 88 121
class 0.5213941931724548 129 102 139 114
class 0.1158076822757721 147 99 159 113
class 0.3197084963321686 144 101 154 111
class 0.5753767490386963 154 106 165 118
class 0.5526676774024963 107 110 117 124
class 0.513202965259552 159 115 174 130
class 0.39094778895378113 166 118 177 130
class 0.5018146634101868 80 132 91 145
class 0.5794788599014282 133 140 143 151
class 0.47890210151672363 37 147 45 157
class 0.4191838204860687 140 143 149 153
class 0.507000744342804 71 154 81 166
class 0.3873743712902069 8 172 19 184
class 0.4455719590187073 104 178 116 191
