class 0.7414742708206177 164 0 175 5
class 0.4259365499019623 19 7 29 22
class 0.5688501000404358 47 12 57 25
class 0.39739203453063965 118 11 128 24
class 0.6906118392944336 0 22 8 34
class 0.4304947257041931 132 17 143 29
class 0.5273963809013367 161 22 173 35
class 0.7447162866592407 0 31 6 42
class 0.620820164680481 15 27 24 39
class 0.5872220396995544 153 27 165 40
class 0.5081738829612732 187 30 195 42
class 0.8052368760108948 146 41 157 52
class 0.2992647886276245 174 38 184 51
class 0.45382416248321533 71 49 78 61
class 0.5136706829071045 137 48 146 60
class 0.38145098090171814 189 48 197 62
class 0.6282950639724731 35 64 45 77
class 0.5527560710906982 73 65 87 79
class 0.3776392638683319 82 66 92 78
class 0.5320662260055542 30 87 40 100
class 0.3613540530204773 69 86 79 98
class 0.5472073554992676 121 121 132 134
class 0.448932409286499 180 123 190 136
class 0.49560290575027466 189 125 198 137
class 0.49645423889160156 64 152 74 166
class 0.6076026558876038 110 153 118 165
class 0.14756397902965546 111 160 125 172
class 0.6197186708450317 24 166 33 179
class 0.5749057531356812 67 165 78 177
class 0.3242943286895752 119 164 128 174
class 0.6110223531723022 153 165 164 177
class 0.5522816181182861 169 165 178 177
class 0.5084134936332703 180 172 190 183
class 0.6821059584617615 26 177 34 189
class 0.45067325234413147 48 176 60 189
class 0.5948396921157837 106 182 116 192
class 0.514054000377655 130 181 140 193
class 0.5435127019882202 78 185 88 197
class 0.6491626501083374 99 190 109 199
