class 0.6251168251037598 151 0 159 7
class 0.5287179946899414 114 5 125 17
class 0.6068270802497864 22 20 31 34
class 0.6352430582046509 129 20 138 33
class 0.5635434985160828 139 17 152 31
class 0.732110857963562 174 18 186 31
class 0.13062459230422974 130 26 142 40
class 0.5412620306015015 161 33 170 46
class 0.49409300088882446 130 41 138 54
class 0.3640373647212982 91 50 100 61
class 0.4643881022930145 111 54 121 67
class 0.7668189406394958 158 52 171 64
class 0.13377873599529266 154 53 162 60
class 0.8119680285453796 0 64 5 75
class 0.7025217413902283 0 83 5 95
class 0.41715627908706665 53 91 63 102
class 0.5085176229476929 86 91 96 102
class 0.3178856670856476 20 120 29 134
class 0.43672674894332886 80 123 89 134
class 0.5970916748046875 136 127 146 140
class 0.7231056094169617 183 125 192 137
class 0.7013035416603088 63 135 74 148
class 0.13290609419345856 60 139 67 147
class 0.3698038160800934 106 133 116 145
class 0.45596301555633545 113 137 123 147
class 0.37356850504875183 129 135 138 146
class 0.40354764461517334 183 132 192 143
class 0.10435935854911804 5 147 11 157
class 0.5478736162185669 10 148 21 158
class 0.3451640009880066 25 150 35 160
class 0.5546945929527283 151 150 161 161
class 0.2807886004447937 89 161 101 172
class 0.6245017051696777 65 168 75 179
class 0.551668643951416 119 166 130 179
class 0.45809295773506165 56 182 66 193
class 0.5279291868209839 79 179 90 192
class 0.5152662992477417 100 176 109 188
class 0.5429354906082153 67 186 77 196
class 0.5659997463226318 75 185 87 196
