class 0.5185766220092773 112 3 121 14
class 0.4814188480377197 13 7 22 20
class 0.3690236508846283 36 11 45 23
class 0.6539939045906067 194 12 199 23
class 0.4863182604312897 22 23 31 35
class 0.3821859061717987 42 22 50 33
class 0.557911217212677 180 20 191 31
class 0.4512981176376343 174 28 187 40
class 0.485392689704895 86 37 95 50
class 0.5274950861930847 105 37 115 49
class 0.5306792855262756 20 59 31 70
class 0.1016177386045456 76 62 88 74
class 0.4957773685455322 80 57 90 71
class 0.6360713839530945 68 70 80 80
class 0.5541082620620728 91 74 102 86
class 0.6030170917510986 101 75 111 88
class 0.4381083548069 162 70 173 83
class 0.6470562219619751 61 85 73 97
class 0.4726911783218384 136 86 147 98
class 0.5979815721511841 179 87 189 100
class 0.561224639415741 12 95 22 107
class 0.5583071112632751 38 98 49 110
class 0.6133304238319397 81 96 93 109
class 0.4346393644809723 107 107 117 120
class 0.5140359997749329 151 103 160 114
class 0.6400756239891052 191 101 199 114
class 0.39937490224838257 159 131 169 146
class 0.6554779410362244 192 139 199 150
class 0.40835314989089966 22 148 31 159
class 0.6437627673149109 166 156 177 169
class 0.6652441024780273 1 171 9 182
class 0.49105969071388245 117 171 128 182
class 0.525033712387085 132 163 146 176
class 0.5545395612716675 192 164 199 175
class 0.4481399953365326 89 175 98 187
class 0.5457813143730164 157 180 168 195
class 0.5576719045639038 168 182 179 194
class 0.49454978108406067 67 193 77 199
