class 0.6789364218711853 45 3 54 14
class 0.10158062726259232 58 7 66 17
class 0.7097849249839783 64 6 75 18
class 0.5305905938148499 87 7 96 19
class 0.4196870028972626 132 32 142 43
class 0.4805391728878021 86 44 96 56
class 0.3318360149860382 185 46 195 57
class 0.4586658477783203 17 49 28 61
class 0.5624427795410156 34 67 43 78
class 0.35279974341392517 98 65 109 77
class 0.5206186175346375 107 71 119 85
class 0.508161187171936 119 70 129 82
class 0.7967707514762878 0 86 10 99
class 0.46265074610710144 126 87 135 100
class 0.4574209451675415 178 88 190 100
class 0.11465858668088913 2 90 7 101
class 0.5639165043830872 14 96 25 109
class 0.5113900303840637 64 95 74 108
class 0.5333533883094788 85 97 95 110
class 0.36112523078918457 107 97 117 111
class 0.46297842264175415 136 96 146 107
class 0.561241626739502 154 93 165 105
class 0.5896825194358826 66 106 78 119
class 0.72263503074646 4 127 13 140
class 0.3743295669555664 149 127 160 139
class 0.6125637888908386 63 138 73 150
class 0.503315269947052 160 138 173 151
class 0.6348066926002502 33 143 43 155
class 0.5979576110839844 183 145 194 159
class 0.6549223065376282 52 152 63 167
class 0.5242520570755005 181 160 198 173
class 0.4106452763080597 35 165 47 176
class 0.5459460020065308 43 168 54 180
class 0.4600047171115875 49 170 61 182
class 0.5065154433250427 161 171 172 183
class 0.4553647041320801 70 181 81 193
class 0.3836430311203003 173 173 187 186
class 0.5550798177719116 189 179 198 191
class 0.642531156539917 26 187 34 197
class 0.16782306134700775 29 192 38 199
class 0.4814731478691101 102 187 113 197
