class 0.7693271636962891 23 1 33 10
class 0.6553095579147339 32 0 44 8
class 0.529108464717865 55 6 65 17
class 0.2775915861129761 92 6 102 16
class 0.6789271831512451 4 35 13 46
class 0.6763389110565186 22 45 31 56
class 0.15831594169139862 26 43 37 55
class 0.49836277961730957 9 47 17 59
class 0.5098512172698975 40 54 50 65
class 0.6018571257591248 176 51 189 66
class 0.6146384477615356 86 65 95 77
class 0.45618847012519836 150 76 159 87
class 0.39454346895217896 170 71 179 83
class 0.4411394000053406 98 90 110 102
class 0.16615402698516846 105 92 117 103
class 0.5162791013717651 111 91 121 104
class 0.7518668174743652 4 101 14 113
class 0.5828183889389038 65 106 75 118
class 0.47653135657310486 86 107 96 119
class 0.4228768050670624 167 108 178 121
class 0.40222376585006714 129 115 142 129
class 0.2473524659872055 7 128 17 143
class 0.3209533095359802 67 129 78 143
class 0.4446553587913513 166 123 175 136
class 0.37683501839637756 166 139 175 150
class 0.6007211208343506 179 133 189 146
class 0.5101202130317688 20 146 31 158
class 0.5383191108703613 65 151 74 162
class 0.5376014113426208 130 147 139 157
class 0.476240873336792 174 143 184 156
class 0.6200673580169678 180 157 192 171
class 0.465544193983078 18 170 28 183
class 0.4623439610004425 129 171 140 183
class 0.4314573109149933 67 183 78 193
class 0.5656023621559143 142 177 150 188
class 0.6801161170005798 26 191 35 199
class 0.3400498628616333 28 187 37 197
class 0.5108038783073425 105 192 116 199
class 0.48833805322647095 190 188 198 198
