class 0.6217567324638367 77 1 87 11
class 0.4227554202079773 107 0 118 6
class 0.5352423191070557 132 0 144 9
class 0.8256547451019287 187 0 197 8
class 0.3214643895626068 109 10 119 23
class 0.3117528259754181 164 11 174 25
class 0.41342103481292725 42 16 51 29
class 0.49839353561401367 181 24 191 36
class 0.28707751631736755 67 29 78 42
class 0.39091503620147705 15 38 25 50
class 0.4569852352142334 32 43 40 55
class 0.5110268592834473 59 42 69 56
class 0.5024223923683167 64 48 74 62
class 0.37639904022216797 88 47 99 60
class 0.37280628085136414 151 48 162 62
class 0.5961900949478149 29 65 39 78
class 0.5486790537834167 62 66 72 79
class 0.5531066656112671 179 66 190 79
class 0.6145063638687134 77 76 88 88
class 0.39706242084503174 135 72 144 85
class 0.2710908353328705 75 80 86 91
class 0.7052891254425049 3 98 12 109
class 0.46344634890556335 83 92 93 104
class 0.687740683555603 92 95 102 109
class 0.5925858616828918 178 96 189 108
class 0.6518033146858215 177 128 186 141
class 0.44412028789520264 165 131 173 144
class 0.5894912481307983 30 142 40 153
class 0.4425211250782013 106 148 117 161
class 0.47526466846466064 135 142 145 155
class 0.4595274329185486 159 142 168 154
class 0.547965943813324 180 146 190 159
class 0.519874095916748 57 158 67 169
class 0.4410597085952759 143 159 153 173
class 0.5519396662712097 137 174 148 187
class 0.6459929943084717 193 182 199 193
class 0.5330362319946289 119 192 129 199
class 0.711959958076477 148 187 160 198
