class 0.7244552373886108 80 1 90 12
class 0.7321926355361938 118 0 130 8
class 0.6225616335868835 60 13 70 25
class 0.3465997874736786 162 13 172 25
class 0.3829123079776764 28 17 36 26
class 0.4484960734844208 109 20 119 33
class 0.3903997242450714 161 21 172 37
class 0.2578495740890503 169 21 181 35
class 0.6045094132423401 173 23 185 33
class 0.5005897879600525 60 35 69 46
class 0.37060225009918213 119 26 132 39
class 0.5302221179008484 61 39 74 53
class 0.5268692374229431 86 44 96 57
class 0.4783530533313751 46 53 56 65
class 0.38655102252960205 56 59 68 73
class 0.49967560172080994 42 85 52 98
class 0.4900977611541748 70 85 81 98
class 0.37719622254371643 90 79 100 90
class 0.5845934748649597 176 79 186 92
class 0.4940396547317505 44 97 53 110
class 0.4392315149307251 133 90 142 102
class 0.5032753944396973 165 96 173 109
class 0.47496137022972107 122 115 133 127
class 0.42171236872673035 133 112 144 124
class 0.42187315225601196 143 114 153 126
class 0.5975555181503296 21 133 31 146
class 0.5841282606124878 33 135 43 148
class 0.48769471049308777 15 144 24 155
class 0.3193128705024719 68 147 78 158
class 0.41550156474113464 130 143 138 154
class 0.5375393629074097 181 144 192 158
class 0.5883454084396362 75 160 85 172
class 0.5137295722961426 53 169 65 182
class 0.4862900674343109 83 166 93 179
class 0.6011365056037903 192 171 199 183
class 0.3971354365348816 92 174 103 187
class 0.5491921901702881 7 187 19 197
class 0.551190972328186 85 190 96 199
class 0.48641860485076904 147 187 157 198
