class 0.6214888095855713 24 0 34 7
class 0.48487189412117004 119 0 128 6
class 0.45165878534317017 147 1 158 10
class 0.3533175587654114 92 5 103 18
class 0.4368114471435547 149 8 159 20
class 0.5364656448364258 189 10 197 21
class 0.3589024543762207 164 24 174 36
class 0.7638769149780273 3 34 13 44
class 0.5638489127159119 14 30 23 41
class 0.6724515557289124 193 26 199 39
class 0.28219112753868103 196 28 199 37
class 0.41205883026123047 23 36 32 49
class 0.5639185905456543 40 49 51 63
class 0.4869307279586792 74 55 85 68
class 0.556179404258728 98 52 107 65
class 0.4548564851284027 155 60 164 72
class 0.4193744659423828 52 68 63 80
class 0.27116066217422485 132 83 142 95
class 0.6339744329452515 180 80 190 92
class 0.6803684234619141 181 96 190 109
class 0.5438405275344849 28 102 37 115
class 0.45346662402153015 55 107 64 119
class 0.40126410126686096 191 100 197 111
class 0.805388331413269 0 110 9 123
class 0.4006362855434418 27 113 37 124
class 0.4574921131134033 109 118 119 129
class 0.5480159521102905 151 114 159 126
class 0.5091292858123779 166 111 175 123
class 0.29582545161247253 183 117 193 129
class 0.49940985441207886 5 122 14 134
class 0.2786649167537689 24 132 33 144
class 0.4856801927089691 31 139 39 151
class 0.5725595951080322 137 133 147 146
class 0.5500794649124146 74 147 85 161
class 0.41999736428260803 120 143 130 155
class 0.6187726259231567 127 146 138 158
class 0.2799626588821411 131 147 144 161
class 0.5906801223754883 29 153 39 165
class 0.5580639243125916 73 160 82 172
class 0.510489821434021 162 153 172 165
class 0.5396301746368408 50 170 60 183
class 0.6539631485939026 193 181 199 194
