class 0.7682065367698669 97 0 108 9
class 0.7688733339309692 134 2 143 15
class 0.6159437298774719 107 10 117 23
class 0.6445602774620056 119 7 129 20
class 0.5966964364051819 189 8 197 18
class 0.38408082723617554 140 28 148 39
class 0.5867229104042053 63 40 72 52
class 0.21487262845039368 143 44 152 56
class 0.5357800722122192 178 38 189 49
class 0.4959159791469574 11 54 20 66
class 0.6099581122398376 45 54 57 67
class 0.4519769251346588 83 50 92 63
class 0.3527987599372864 157 52 166 64
class 0.4622810184955597 56 71 68 86
class 0.4777775704860687 134 69 143 82
class 0.6788724064826965 4 87 14 98
class 0.3935343325138092 46 81 56 95
class 0.5751441717147827 94 85 105 97
class 0.44801759719848633 140 80 152 91
class 0.5506522059440613 156 85 167 97
class 0.5739640593528748 190 87 199 99
class 0.5430466532707214 171 95 184 108
class 0.5444985628128052 50 100 60 113
class 0.6317031979560852 80 106 92 120
class 0.5105661153793335 90 107 101 119
class 0.5944359302520752 64 118 75 129
class 0.5898494124412537 49 121 58 132
class 0.5054042935371399 139 122 149 134
class 0.5151059627532959 77 139 89 152
class 0.5267062783241272 52 148 62 160
class 0.35710400342941284 154 150 164 162
class 0.4254658818244934 93 154 103 167
class 0.7392717599868774 3 170 14 182
class 0.504696249961853 54 170 64 182
class 0.5080611705780029 178 164 187 174
class 0.5817844867706299 18 181 29 194
class 0.548832356929779 95 173 107 187
class 0.4104827642440796 151 182 162 193
class 0.6039042472839355 161 190 171 198
class 0.4394793212413788 170 186 180 195
