class 0.76740962266922 0 0 6 8
class 0.49167704582214355 80 0 89 6
class 0.6204448342323303 140 0 150 7
class 0.38294854760169983 142 7 153 21
class 0.5390441417694092 190 8 199 21
class 0.3953717052936554 158 30 167 41
class 0.47488823533058167 69 46 79 57
class 0.4538961946964264 103 43 113 55
class 0.46548548340797424 18 59 28 70
class 0.44012704491615295 28 59 36 71
class 0.4896467924118042 49 65 58 78
class 0.44089341163635254 87 57 96 72
class 0.2549571990966797 102 66 110 78
class 0.5305545330047607 24 74 32 86
class 0.4995535910129547 84 74 94 89
class 0.49970561265945435 112 69 122 81
class 0.5574206709861755 153 76 163 87
class 0.5349183678627014 32 86 40 98
class 0.4959928095340729 185 86 196 99
class 0.42790690064430237 16 93 26 105
class 0.5402461290359497 39 93 48 105
class 0.5899913907051086 75 97 85 109
class 0.5567507147789001 103 89 114 101
class 0.3171672224998474 31 130 41 141
class 0.45404329895973206 63 125 72 138
class 0.5854789614677429 87 126 96 138
class 0.41657936573028564 35 141 46 155
class 0.32258063554763794 100 144 112 157
class 0.6014301776885986 190 146 199 159
class 0.406642347574234 10 168 20 178
class 0.5045402646064758 44 169 56 181
class 0.38936668634414673 65 167 76 180
class 0.4308435618877411 85 170 96 183
class 0.5860511660575867 113 162 125 175
class 0.4890400171279907 180 170 190 183
class 0.3895242214202881 35 183 46 193
class 0.5404791831970215 138 174 149 187
class 0.43158599734306335 186 177 196 189
