class 0.7657705545425415 63 0 73 7
class 0.37999042868614197 26 6 34 17
class 0.383276104927063 40 12 49 25
class 0.5258873105049133 103 12 112 26
class 0.4262041449546814 77 33 89 48
class 0.48069489002227783 80 28 90 40
class 0.507077693939209 52 38 61 50
class 0.577252984046936 122 44 132 55
class 0.6203808188438416 182 42 191 55
class 0.5884514451026917 11 55 22 67
class 0.6827587485313416 167 64 178 77
class 0.5954817533493042 15 70 24 81
class 0.35898539423942566 57 70 67 84
class 0.5963186025619507 71 72 82 85
class 0.5471961498260498 133 75 144 88
class 0.4923039376735687 159 75 169 88
class 0.426988810300827 72 87 83 99
class 0.5292905569076538 100 86 111 98
class 0.528480589389801 98 98 107 109
class 0.5967474579811096 127 91 136 103
class 0.5365210175514221 177 97 186 109
class 0.7237186431884766 2 102 13 115
class 0.20839571952819824 174 102 187 117
class 0.5170841813087463 187 107 197 119
class 0.5605149865150452 41 118 52 131
class 0.6067328453063965 182 117 192 128
class 0.5862452983856201 12 126 23 137
class 0.5422517657279968 54 133 63 146
class 0.3477814495563507 108 139 119 152
class 0.5160003304481506 116 150 125 161
class 0.608260452747345 113 159 123 170
class 0.6388910412788391 42 170 52 182
class 0.596431314945221 190 170 199 183
class 0.5819564461708069 135 174 146 186
class 0.48181915283203125 154 176 166 190
class 0.10969007760286331 189 178 199 189
class 0.36525046825408936 68 185 76 195
class 0.5687195062637329 116 191 127 199
class 0.5897961854934692 188 186 199 198
