class 0.7586396336555481 19 0 28 8
class 0.7503049373626709 49 0 60 8
class 0.8197417855262756 123 0 133 7
class 0.2484670877456665 57 7 70 21
class 0.5385103225708008 164 10 175 28
class 0.5114792585372925 55 22 63 32
class 0.4385034441947937 126 34 135 45
class 0.5115546584129333 71 41 81 54
class 0.8222346305847168 0 54 5 66
class 0.5358226299285889 31 55 40 67
class 0.13748224079608917 73 48 83 58
class 0.6136740446090698 127 49 139 61
class 0.5835554003715515 144 49 154 62
class 0.3172045946121216 135 57 145 71
class 0.4812990725040436 144 76 153 88
class 0.5567671656608582 154 70 163 82
class 0.4027619957923889 192 87 199 99
class 0.7723079919815063 4 89 14 103
class 0.5010080933570862 58 93 69 105
class 0.4475860297679901 80 90 89 103
class 0.12916073203086853 98 89 110 103
class 0.4102731943130493 163 98 174 110
class 0.5919818878173828 9 105 19 117
class 0.49658676981925964 26 107 37 120
class 0.42514216899871826 102 101 113 115
class 0.44387733936309814 155 117 165 131
class 0.3368341624736786 109 121 121 135
class 0.43720483779907227 160 122 173 137
class 0.48092979192733765 81 136 91 148
class 0.7900357842445374 0 143 7 154
class 0.5348235964775085 101 149 112 161
class 0.5755730271339417 139 158 149 170
class 0.4281773269176483 82 167 92 183
class 0.6399263143539429 100 167 109 178
class 0.7991783022880554 0 175 6 186
class 0.5125253796577454 26 174 35 186
class 0.5003874897956848 131 185 140 195
class 0.4493059813976288 164 188 175 198
