class 0.6432636380195618 14 0 25 7
class 0.4546078145503998 59 3 69 14
class 0.6595994234085083 119 3 128 15
class 0.49868181347846985 5 24 14 35
class 0.3902010917663574 171 23 181 34
class 0.47853344678878784 190 19 198 31
class 0.4887934625148773 95 32 108 44
class 0.4224298894405365 185 29 198 39
class 0.5803663730621338 54 42 63 53
class 0.4145338535308838 179 45 186 55
class 0.5023989081382751 65 51 74 63
class 0.3865193724632263 98 48 110 61
class 0.5025563836097717 164 50 173 61
class 0.6504479050636292 192 48 199 60
class 0.790555477142334 0 61 8 73
class 0.39103978872299194 85 64 95 77
class 0.3951765298843384 108 68 120 81
class 0.520534873008728 60 85 71 97
class 0.5156272053718567 121 87 131 100
class 0.35185474157333374 158 88 168 99
class 0.5833702087402344 179 105 189 120
class 0.43781837821006775 192 104 199 117
class 0.5279647707939148 11 118 22 130
class 0.42150554060935974 33 121 41 132
class 0.4398159682750702 131 121 143 134
class 0.34543976187705994 152 123 163 135
class 0.4498249292373657 15 147 24 158
class 0.40404078364372253 24 148 35 160
class 0.5267741680145264 103 143 112 155
class 0.37757518887519836 35 160 49 170
class 0.6429065465927124 0 169 5 181
class 0.6164952516555786 34 168 42 180
class 0.4041321575641632 67 165 78 178
class 0.5162169337272644 116 164 128 178
class 0.39575937390327454 132 176 140 189
class 0.5617236495018005 168 177 178 190
class 0.5735520124435425 95 188 105 199
class 0.49974843859672546 110 191 118 199
class 0.4790399670600891 131 186 140 198
class 0.5959843993186951 160 185 169 197
