class 0.5269784331321716 30 8 40 19
class 0.7240480184555054 0 21 5 33
class 0.4063483476638794 45 23 56 36
class 0.5724683403968811 134 23 143 36
class 0.4861817955970764 76 25 88 39
class 0.6314913630485535 114 29 124 42
class 0.5009749531745911 104 42 114 54
class 0.5049388408660889 17 48 27 60
class 0.5860254168510437 65 52 74 63
class 0.5061781406402588 19 66 28 79
class 0.5714659094810486 133 65 143 78
class 0.5768805742263794 168 57 177 71
class 0.4565459191799164 47 75 59 88
class 0.36663293838500977 117 81 127 93
class 0.5143371224403381 166 80 176 92
class 0.5306345224380493 34 90 43 103
class 0.5040238499641418 72 90 83 103
class 0.5066605806350708 13 99 23 113
class 0.35823094844818115 66 107 76 119
class 0.3423777222633362 1 116 4 129
class 0.8811258673667908 2 116 10 129
class 0.3843987286090851 6 113 15 126
class 0.546845555305481 102 110 113 123
class 0.7090113162994385 188 114 199 129
class 0.46660342812538147 5 123 12 135
class 0.212999626994133 7 125 15 137
class 0.6041877269744873 113 128 124 139
class 0.5528810024261475 102 136 113 151
class 0.5146654844284058 118 136 131 152
class 0.472515732049942 143 133 153 145
class 0.538305938243866 181 149 190 160
class 0.1905776560306549 5 159 12 170
class 0.3531210422515869 4 159 18 173
class 0.4556579291820526 21 159 30 170
class 0.13269653916358948 89 155 98 166
class 0.6446430087089539 94 154 107 167
class 0.46269357204437256 108 171 120 184
class 0.7293459177017212 32 175 41 188
class 0.5462262630462646 113 191 123 199
