class 0.5239977836608887 66 9 75 21
class 0.6061645150184631 88 34 98 46
class 0.7136999368667603 168 33 177 44
class 0.7876647710800171 1 40 10 51
class 0.5439010262489319 24 40 35 55
class 0.5563360452651978 55 43 63 55
class 0.5093308687210083 113 47 124 59
class 0.3267665207386017 130 53 141 66
class 0.6009878516197205 139 49 149 61
class 0.6741740107536316 158 55 168 67
class 0.4082954227924347 23 64 35 77
class 0.5591819286346436 101 57 111 70
class 0.34954017400741577 154 57 164 70
class 0.5568422079086304 34 74 46 88
class 0.33083847165107727 26 79 38 93
class 0.6716384887695312 1 101 9 112
class 0.5554182529449463 84 108 94 119
class 0.583146333694458 147 105 157 118
class 0.4782475233078003 54 116 64 128
class 0.5119662880897522 29 129 39 141
class 0.6076573133468628 64 127 73 138
class 0.6562818288803101 114 140 125 151
class 0.5167852640151978 138 131 147 144
class 0.62283855676651 192 139 199 152
class 0.5833560228347778 104 144 114 158
class 0.28610482811927795 116 143 127 155
class 0.5397958755493164 67 160 77 172
class 0.5067614316940308 81 153 92 165
class 0.4190378785133362 45 173 55 182
class 0.7211558818817139 101 169 111 182
class 0.6839970350265503 43 175 52 185
class 0.6474003195762634 52 177 64 191
class 0.6066694855690002 125 173 136 186
class 0.33208218216896057 151 175 161 187
class 0.6098973751068115 178 175 188 186
class 0.6083394885063171 22 185 31 195
class 0.4727182686328888 35 192 47 199
class 0.6193428635597229 92 188 104 199
class 0.6368827223777771 145 187 155 198
