class 0.6190496683120728 129 0 140 6
class 0.6623294353485107 172 0 181 7
class 0.4536198079586029 34 10 43 21
class 0.33855515718460083 132 6 142 19
class 0.6285787224769592 80 23 90 34
class 0.5464000701904297 55 34 64 46
class 0.47598472237586975 111 32 122 44
class 0.379288911819458 160 28 174 40
class 0.49788179993629456 10 45 21 56
class 0.5438671708106995 154 38 164 51
class 0.34598106145858765 78 47 89 62
class 0.4428464472293854 114 55 123 66
class 0.521058201789856 145 55 153 68
class 0.5039200186729431 40 59 50 71
class 0.3967215418815613 114 76 124 87
class 0.4200401306152344 137 76 146 89
class 0.3837076723575592 144 69 152 80
class 0.372654527425766 4 87 13 97
class 0.46713101863861084 69 85 81 97
class 0.8694062829017639 2 95 10 106
class 0.5276535749435425 17 105 28 120
class 0.5200897455215454 63 107 74 119
class 0.4089381694793701 88 100 99 113
class 0.34628695249557495 103 107 113 119
class 0.5918871164321899 166 105 176 117
class 0.5065348744392395 91 133 101 145
class 0.3663599491119385 130 146 139 158
class 0.30013713240623474 141 149 151 161
class 0.31917905807495117 162 141 172 154
class 0.10994802415370941 164 143 177 157
class 0.5463989973068237 176 145 186 159
class 0.7839135527610779 0 155 8 166
class 0.5298572182655334 189 161 199 173
class 0.5550540089607239 60 180 71 192
class 0.542086124420166 135 181 147 193
class 0.49628788232803345 34 187 42 196
class 0.5182930827140808 74 191 85 199
class 0.6512796878814697 105 183 116 197
