class 0.3508256673812866 24 4 33 13
class 0.6981627941131592 82 0 92 5
class 0.5850774049758911 32 7 43 19
class 0.35345321893692017 78 13 90 22
class 0.42762520909309387 97 10 109 25
class 0.3818957507610321 109 17 120 32
class 0.5216604471206665 10 34 21 47
class 0.37318339943885803 15 40 23 53
class 0.3375977873802185 38 44 46 55
class 0.4790496528148651 70 45 79 56
class 0.29216480255126953 45 52 57 66
class 0.46176183223724365 67 55 77 68
class 0.3904571235179901 121 54 132 66
class 0.4715878963470459 169 48 180 61
class 0.49982690811157227 179 56 190 67
class 0.5246052145957947 21 60 32 73
class 0.8326269388198853 0 68 7 81
class 0.3439388871192932 43 68 53 80
class 0.35515522956848145 189 75 199 89
class 0.5194381475448608 15 86 24 99
class 0.5303525328636169 53 81 63 93
class 0.5893373489379883 190 84 199 96
class 0.539523184299469 62 91 72 104
class 0.42985299229621887 112 91 122 102
class 0.5062249898910522 167 92 178 104
class 0.3011394441127777 192 90 199 101
class 0.5649654865264893 80 104 90 117
class 0.4620012640953064 122 101 131 114
class 0.3171946704387665 110 115 121 128
class 0.40410488843917847 132 111 143 125
class 0.3084684908390045 151 117 162 130
class 0.6382775902748108 149 125 158 137
class 0.21906958520412445 154 122 164 134
class 0.364950567483902 138 138 148 150
class 0.40539270639419556 167 140 177 152
class 0.6858609318733215 0 149 6 161
class 0.7033084630966187 120 159 129 171
class 0.5377415418624878 78 163 87 174
class 0.6474352478981018 120 164 130 176
