class 0.7783899903297424 125 0 138 7
class 0.46832820773124695 57 13 66 24
class 0.49706611037254333 141 10 152 23
class 0.5745448470115662 187 14 195 26
class 0.2768958508968353 70 24 81 36
class 0.11640830338001251 50 26 58 37
class 0.43887054920196533 8 36 17 49
class 0.2101430743932724 134 38 142 47
class 0.4681597650051117 147 44 156 56
class 0.5455678701400757 165 45 175 56
class 0.5095566511154175 126 53 136 67
class 0.5438695549964905 77 64 88 79
class 0.5239349603652954 122 65 132 78
class 0.4173532724380493 174 65 185 78
class 0.496698260307312 183 75 192 85
class 0.32905274629592896 175 79 184 91
class 0.4832425117492676 16 94 27 106
class 0.5186296105384827 71 108 81 119
class 0.40730270743370056 155 99 164 112
class 0.49246397614479065 48 116 58 127
class 0.5791923999786377 64 119 73 130
class 0.529492974281311 80 109 90 123
class 0.41045981645584106 109 110 121 123
class 0.5493065714836121 176 111 186 122
class 0.48621946573257446 69 125 79 136
class 0.6356290578842163 31 135 40 146
class 0.29864588379859924 56 138 67 153
class 0.5563119053840637 60 132 70 145
class 0.15707996487617493 35 142 45 154
class 0.32228603959083557 74 150 85 162
class 0.5093454122543335 149 142 158 153
class 0.7130035161972046 2 155 11 166
class 0.4830899238586426 120 154 130 165
class 0.2544839680194855 78 173 87 182
class 0.247261643409729 89 171 100 183
class 0.16673032939434052 140 183 150 193
class 0.7009785771369934 137 186 146 195
