class 0.6838131546974182 87 0 97 13
class 0.7011709809303284 150 0 159 9
class 0.6740798354148865 183 1 192 13
class 0.5579725503921509 30 6 40 21
class 0.42530253529548645 65 11 76 23
class 0.19590577483177185 142 13 154 25
class 0.33009180426597595 162 6 170 18
class 0.5407063364982605 73 25 82 35
class 0.5197312235832214 112 22 121 34
class 0.3978763520717621 125 25 135 36
class 0.5076764822006226 39 34 48 46
class 0.5555236339569092 94 32 104 44
class 0.5138254165649414 60 44 70 57
class 0.621621310710907 157 42 166 54
class 0.6907039284706116 1 48 10 59
class 0.5582879185676575 28 47 38 60
class 0.5022395849227905 30 62 40 77
class 0.5756712555885315 127 60 137 72
class 0.3777036964893341 83 81 93 93
class 0.6073994636535645 176 81 186 93
class 0.4361514449119568 141 93 152 106
class 0.17723268270492554 148 92 159 106
class 0.5585916042327881 153 92 163 105
class 0.3339586853981018 172 96 184 109
class 0.683755099773407 9 101 20 112
class 0.4954756498336792 112 107 122 120
class 0.4448230564594269 45 111 54 124
class 0.35667097568511963 65 110 75 123
class 0.5856446623802185 165 122 175 133
class 0.5240721702575684 103 133 113 145
class 0.3910176157951355 60 148 69 160
class 0.746418833732605 2 161 11 172
class 0.4910130798816681 29 159 39 171
class 0.5866393446922302 126 161 135 173
class 0.592779815196991 136 160 146 172
class 0.523937463760376 22 166 30 179
class 0.5991883873939514 36 174 46 186
class 0.5293911695480347 139 175 148 188
class 0.5927168726921082 10 187 20 197
