class 0.7772404551506042 21 3 30 15
class 0.6430987119674683 58 2 70 13
class 0.45343586802482605 77 0 88 6
class 0.7876818180084229 82 0 95 8
class 0.5538389682769775 29 17 37 28
class 0.7403841018676758 48 18 57 28
class 0.5014399886131287 65 23 74 36
class 0.5210837721824646 150 15 161 31
class 0.5141339898109436 35 27 47 39
class 0.5468974709510803 56 34 68 46
class 0.30126073956489563 90 30 99 40
class 0.7407512068748474 192 29 199 42
class 0.3177424669265747 67 53 78 68
class 0.5591145753860474 124 53 135 66
class 0.5593919157981873 151 48 162 62
class 0.5078745484352112 155 60 164 71
class 0.43592244386672974 15 75 24 86
class 0.45918574929237366 56 74 65 85
class 0.6189997792243958 178 74 191 87
class 0.31353384256362915 23 78 37 92
class 0.44480615854263306 105 80 115 91
class 0.4468648135662079 14 92 24 103
class 0.5074180960655212 86 90 96 102
class 0.47736531496047974 80 106 90 118
class 0.3409508466720581 172 108 184 121
class 0.5088993906974792 10 118 22 132
class 0.6297380328178406 148 117 158 129
class 0.5233471989631653 49 128 59 141
class 0.5951334238052368 61 121 72 133
class 0.4043661952018738 87 122 96 134
class 0.277098149061203 109 128 121 142
class 0.5038591623306274 8 135 18 148
class 0.37504714727401733 88 151 98 162
class 0.5829792618751526 146 143 156 154
class 0.6039090752601624 174 149 185 161
class 0.3855409026145935 52 161 64 173
class 0.632684051990509 83 158 95 170
class 0.6060123443603516 159 164 168 176
class 0.5241726636886597 143 187 154 198
