class 0.71415114402771 97 1 106 10
class 0.7694190144538879 164 0 176 7
class 0.5371922254562378 32 10 41 22
class 0.42236530780792236 140 11 149 24
class 0.45856890082359314 101 33 110 45
class 0.629170298576355 5 38 13 50
class 0.6262502670288086 13 53 23 67
class 0.5337391495704651 130 55 140 68
class 0.5247495174407959 18 60 28 73
class 0.5091779828071594 44 65 53 78
class 0.454018235206604 8 84 18 96
class 0.37999075651168823 164 80 174 90
class 0.5178040266036987 154 90 163 102
class 0.6195579767227173 3 101 13 113
class 0.42085814476013184 26 101 38 116
class 0.5881724953651428 98 105 110 118
class 0.45771363377571106 189 108 198 120
class 0.5259153842926025 21 113 31 125
class 0.5569213628768921 130 118 141 131
class 0.3560933768749237 98 120 109 134
class 0.4746832549571991 79 136 90 150
class 0.30462968349456787 132 138 141 150
class 0.5218052864074707 186 137 198 151
class 0.32058611512184143 92 149 103 160
class 0.23047088086605072 110 149 120 160
class 0.2517353892326355 151 143 162 155
class 0.6926671266555786 191 147 199 161
class 0.21030567586421967 1 156 4 169
class 0.8429781198501587 3 157 10 169
class 0.11041650921106339 0 159 0 166
class 0.10733966529369354 0 158 1 167
class 0.4920307695865631 4 156 17 168
class 0.7836491465568542 3 166 11 178
class 0.4977876543998718 54 164 64 177
class 0.3667144179344177 87 164 97 177
class 0.48950815200805664 129 163 140 176
class 0.5312972068786621 138 163 149 176
class 0.2866060733795166 18 192 27 199
class 0.6008612513542175 75 191 85 199
class 0.4666081666946411 112 188 122 199
class 0.5276654362678528 170 184 181 197
class 0.5188723206520081 185 188 196 199
