class 0.7148925065994263 61 2 70 13
class 0.680206835269928 144 1 154 10
class 0.26282528042793274 69 13 79 27
class 0.6691567897796631 108 31 116 43
class 0.11293209344148636 112 29 120 40
class 0.33186209201812744 17 46 26 58
class 0.24160468578338623 54 45 63 57
class 0.5356026291847229 165 56 175 67
class 0.4833502769470215 82 65 93 76
class 0.5389187932014465 91 66 101 77
class 0.44344520568847656 114 59 124 72
class 0.4768122434616089 133 67 143 78
class 0.5400885939598083 54 75 64 88
class 0.39284011721611023 184 68 192 82
class 0.30335474014282227 48 83 59 97
class 0.5900781750679016 106 82 117 95
class 0.37064534425735474 129 84 141 96
class 0.30288276076316833 56 92 69 105
class 0.4047795534133911 64 92 77 103
class 0.29583555459976196 133 97 142 108
class 0.1513165384531021 160 98 172 110
class 0.43607330322265625 191 91 199 103
class 0.8159129023551941 0 107 10 118
class 0.3315388560295105 178 108 186 120
class 0.8123301863670349 0 116 6 129
class 0.4437570571899414 15 128 25 141
class 0.42102715373039246 89 129 101 141
class 0.5023998618125916 115 123 127 136
class 0.6362127661705017 139 122 149 136
class 0.5088554620742798 76 134 88 147
class 0.3818988502025604 82 132 94 143
class 0.5255170464515686 143 140 153 151
class 0.6068623661994934 171 139 180 150
class 0.5864273905754089 189 146 198 160
class 0.38909202814102173 27 154 39 166
class 0.4813564121723175 75 161 84 172
class 0.5615944862365723 148 160 158 172
class 0.5457125306129456 159 160 169 172
class 0.5132318139076233 43 186 54 198
