class 0.7991375923156738 94 2 104 15
class 0.5483819246292114 55 16 66 29
class 0.4022972881793976 114 24 123 36
class 0.6220227479934692 5 33 13 45
class 0.5478628277778625 32 29 43 43
class 0.2829121947288513 27 37 37 50
class 0.4809544086456299 75 37 85 50
class 0.4906870722770691 94 43 104 55
class 0.5142121315002441 187 44 197 56
class 0.5288903713226318 112 55 123 68
class 0.5135253071784973 31 57 39 69
class 0.5269225835800171 124 65 136 78
class 0.5834649205207825 86 74 96 87
class 0.42236050963401794 118 75 128 87
class 0.5860604643821716 23 79 33 91
class 0.4319233000278473 82 90 93 102
class 0.5084227323532104 174 94 185 107
class 0.4891739785671234 188 89 196 102
class 0.7054297924041748 2 100 11 113
class 0.5662321448326111 51 103 61 116
class 0.4044402241706848 99 108 109 121
class 0.3605200946331024 171 106 185 121
class 0.49517589807510376 9 123 17 135
class 0.3493913412094116 130 127 142 139
class 0.7196369767189026 0 133 6 145
class 0.6041293740272522 16 136 24 149
class 0.2798539102077484 109 138 121 151
class 0.5824782252311707 35 143 44 154
class 0.43799829483032227 162 142 171 153
class 0.7032766342163086 100 155 109 167
class 0.4326559603214264 103 158 112 171
class 0.5925038456916809 116 169 126 180
class 0.3993833363056183 15 180 25 191
class 0.5804457068443298 53 182 64 194
class 0.6063352823257446 98 178 108 190
class 0.5847071409225464 171 174 180 185
class 0.5279290080070496 106 186 117 197
class 0.5998020172119141 116 187 127 199
