class 0.7007630467414856 101 0 112 11
class 0.582374095916748 193 8 199 21
class 0.4143684208393097 111 23 121 36
class 0.7336185574531555 3 34 13 46
class 0.3287588357925415 23 45 33 58
class 0.4554326832294464 69 38 80 49
class 0.6457321047782898 107 38 116 50
class 0.47192591428756714 53 50 64 63
class 0.3593498170375824 88 55 99 66
class 0.4166146516799927 66 59 75 71
class 0.3920479118824005 101 59 111 73
class 0.775822639465332 191 63 199 76
class 0.5690649151802063 106 71 117 83
class 0.3683609366416931 191 70 199 80
class 0.38749900460243225 16 82 26 94
class 0.5056350827217102 39 80 48 91
class 0.5053139925003052 73 83 84 94
class 0.4774886965751648 89 80 100 93
class 0.5752745866775513 121 84 132 97
class 0.522834062576294 141 98 152 109
class 0.2660449147224426 161 98 171 109
class 0.4345923066139221 36 100 46 113
class 0.47763219475746155 120 107 131 118
class 0.6735762357711792 155 104 166 116
class 0.49982941150665283 174 104 185 117
class 0.44764798879623413 46 110 57 124
class 0.6096409559249878 60 111 70 123
class 0.5500872135162354 28 122 37 135
class 0.50505131483078 183 128 193 140
class 0.5459257364273071 81 132 91 144
class 0.32303494215011597 89 160 99 171
class 0.62476646900177 94 161 106 174
class 0.5883394479751587 21 171 31 183
class 0.3206042945384979 173 173 182 181
class 0.3660907447338104 57 177 71 192
class 0.5139729380607605 167 177 177 189
class 0.5369137525558472 90 187 101 198
