class 0.7472187280654907 0 0 5 5
class 0.6459198594093323 27 0 38 7
class 0.5286262035369873 109 0 119 7
class 0.6180726885795593 109 12 119 26
class 0.5732678771018982 48 20 59 33
class 0.4879540205001831 20 27 30 38
class 0.3901946544647217 81 28 90 40
class 0.6287955641746521 142 41 153 53
class 0.4325098693370819 180 36 188 49
class 0.513202965259552 112 55 122 68
class 0.6585837602615356 192 55 199 67
class 0.5800462961196899 95 63 105 76
class 0.5414195656776428 43 76 53 87
class 0.41801929473876953 70 69 81 81
class 0.5179316997528076 167 71 176 83
class 0.5670344233512878 193 76 199 89
class 0.4102194309234619 64 87 74 100
class 0.6355707049369812 95 78 106 91
class 0.5038697123527527 166 80 177 92
class 0.43112730979919434 153 97 163 110
class 0.4958633482456207 182 97 192 110
class 0.8081963658332825 117 105 130 117
class 0.5304938554763794 42 110 53 122
class 0.3678630292415619 173 115 185 129
class 0.5335654616355896 109 127 119 141
class 0.3632460832595825 122 125 131 139
class 0.567215085029602 74 137 84 148
class 0.5415127873420715 124 132 134 144
class 0.46989530324935913 146 154 155 165
class 0.6368293166160583 191 155 199 167
class 0.5750609636306763 60 171 70 182
class 0.6054328680038452 85 171 95 183
class 0.5197853446006775 186 167 198 180
class 0.418251633644104 183 175 192 186
class 0.5884202122688293 68 187 77 197
class 0.41640505194664 99 193 109 199
class 0.4649253785610199 161 190 171 199
