class 0.6933132410049438 2 3 11 14
class 0.47456982731819153 37 0 49 8
class 0.5273410081863403 40 6 52 17
class 0.5791191458702087 56 8 65 20
class 0.41368356347084045 91 16 99 27
class 0.7375785708427429 0 34 6 47
class 0.482857882976532 27 33 37 45
class 0.542641818523407 102 29 110 41
class 0.6028281450271606 133 34 143 46
class 0.5108680129051208 34 43 47 58
class 0.37229564785957336 34 45 42 55
class 0.5147967338562012 106 43 118 56
class 0.5521736145019531 155 37 165 49
class 0.5170416831970215 187 38 197 51
class 0.6708717942237854 55 53 64 65
class 0.513807475566864 72 48 83 60
class 0.3413568139076233 30 63 40 78
class 0.2222592830657959 58 56 69 72
class 0.4392281770706177 130 59 142 72
class 0.755859375 193 74 199 86
class 0.4849992096424103 74 98 84 109
class 0.5624591112136841 175 94 187 107
class 0.4939602315425873 34 98 46 113
class 0.444433331489563 79 102 89 113
class 0.565555214881897 157 107 168 120
class 0.5518705248832703 168 102 178 115
class 0.6565960645675659 46 118 57 130
class 0.6160099506378174 83 116 94 129
class 0.5251790881156921 13 127 23 139
class 0.6740275025367737 52 121 61 134
class 0.5783821940422058 76 129 86 140
class 0.4740675687789917 104 130 115 142
class 0.5692448616027832 18 139 27 150
class 0.2568861246109009 48 142 59 154
class 0.4278721809387207 162 142 170 153
class 0.5497414469718933 104 159 113 170
class 0.609302282333374 4 187 15 199
class 0.6723619103431702 87 185 97 197
class 0.571050763130188 165 191 176 199
