class 0.12427081167697906 0 0 3 3
class 0.7117626070976257 34 0 45 7
class 0.6062743663787842 129 0 139 10
class 0.7487437725067139 165 0 176 12
class 0.4834701716899872 42 10 52 20
class 0.41995880007743835 135 10 145 26
class 0.3211930990219116 152 12 162 26
class 0.25189274549484253 155 6 164 21
class 0.5213816165924072 24 16 35 30
class 0.4208136200904846 103 22 114 34
class 0.4949779212474823 40 26 49 38
class 0.528164267539978 166 34 177 46
class 0.5169190168380737 183 35 192 47
class 0.47701939940452576 25 45 35 56
class 0.4688480794429779 101 43 111 55
class 0.7750887870788574 0 49 6 61
class 0.5367746949195862 23 53 36 67
class 0.470122754573822 147 53 157 65
class 0.492348849773407 190 48 197 61
class 0.3596802055835724 89 65 99 79
class 0.6628631949424744 127 66 137 77
class 0.5673569440841675 186 62 197 76
class 0.4221724271774292 8 86 18 98
class 0.48052942752838135 94 87 104 99
class 0.5157194137573242 176 88 186 99
class 0.1125924289226532 0 96 2 111
class 0.6593130826950073 110 93 122 106
class 0.7627820372581482 0 101 5 111
class 0.5847818851470947 28 106 39 119
class 0.47561344504356384 153 129 163 140
class 0.5377542972564697 24 137 36 150
class 0.5145137906074524 5 143 17 157
class 0.4718553423881531 35 142 44 153
class 0.4210086762905121 155 147 164 160
class 0.4632245898246765 114 159 125 170
class 0.5322376489639282 166 180 177 192
class 0.5121783018112183 47 186 56 196
class 0.5844348073005676 91 189 103 199
