class 0.7756012678146362 95 1 105 12
class 0.7860843539237976 133 0 144 11
class 0.7611556053161621 159 0 170 8
class 0.5685387849807739 157 11 167 24
class 0.6589062809944153 192 15 199 25
class 0.47484007477760315 71 17 80 29
class 0.48600220680236816 182 15 191 28
class 0.4915185272693634 183 37 191 48
class 0.36064571142196655 189 45 199 56
class 0.5641869902610779 41 49 51 62
class 0.5898399949073792 188 52 199 64
class 0.5114189982414246 80 66 91 78
class 0.32521674036979675 99 63 110 76
class 0.5547806024551392 147 65 157 76
class 0.21897247433662415 184 59 191 70
class 0.4974132478237152 180 71 190 82
class 0.5079398155212402 81 84 90 98
class 0.5138634443283081 123 92 133 105
class 0.6122177839279175 192 94 199 106
class 0.689811110496521 2 109 11 120
class 0.411037415266037 17 116 26 130
class 0.3977477252483368 172 118 184 129
class 0.45189082622528076 112 129 120 141
class 0.5087037682533264 144 128 153 141
class 0.7385812997817993 2 137 12 148
class 0.5773804783821106 34 131 43 144
class 0.690938413143158 43 145 53 157
class 0.2507188320159912 48 143 59 157
class 0.739639401435852 0 158 6 169
class 0.7188470959663391 109 165 118 175
class 0.5326915383338928 116 164 125 176
class 0.28944000601768494 5 182 14 192
class 0.5063419342041016 94 174 106 186
class 0.3991486132144928 109 179 120 192
class 0.47953420877456665 128 177 139 192
