class 0.6621530055999756 5 10 13 20
class 0.48240935802459717 23 11 33 25
class 0.5318194627761841 107 7 116 19
class 0.5697554349899292 153 4 166 19
class 0.4268559217453003 193 20 199 29
class 0.5468290448188782 48 32 58 44
class 0.5816968083381653 138 32 147 45
class 0.5298489928245544 185 35 195 45
class 0.583806037902832 20 44 30 55
class 0.4214973449707031 62 36 71 49
class 0.6086995005607605 59 53 70 66
class 0.6154512763023376 70 62 82 73
class 0.550203263759613 87 59 99 70
class 0.4867710471153259 125 59 134 70
class 0.582261860370636 65 76 77 88
class 0.4946267306804657 79 75 90 88
class 0.4315747618675232 113 69 121 82
class 0.5023491382598877 70 95 81 108
class 0.6668052077293396 0 100 6 111
class 0.3813217580318451 27 107 37 120
class 0.42469310760498047 187 108 196 121
class 0.48750126361846924 80 139 91 150
class 0.33287543058395386 147 140 157 152
class 0.2922760248184204 47 148 56 159
class 0.5574538111686707 71 146 79 160
class 0.2775755524635315 37 159 48 172
class 0.5709540247917175 120 154 130 165
class 0.5963197350502014 127 154 138 165
class 0.5407356023788452 181 153 191 166
class 0.6384492516517639 190 158 199 171
class 0.5966711044311523 51 165 63 177
class 0.2778738737106323 69 166 80 180
class 0.3980465233325958 168 169 180 182
class 0.4650440216064453 78 181 88 192
class 0.46149763464927673 94 181 106 193
class 0.35775646567344666 143 182 154 194
class 0.5441107153892517 82 189 92 199
class 0.672448456287384 146 190 159 199
