class 0.7570366859436035 18 0 28 8
class 0.5407398343086243 37 0 48 7
class 0.7550026178359985 71 1 82 13
class 0.703260600566864 158 3 169 14
class 0.5079342126846313 22 21 32 32
class 0.3416822552680969 34 17 44 29
class 0.40879836678504944 77 15 89 29
class 0.4022132456302643 101 16 112 27
class 0.7929980158805847 0 39 7 51
class 0.45749780535697937 17 44 26 56
class 0.529657781124115 31 44 39 56
class 0.5490733981132507 136 45 147 56
class 0.4288817048072815 174 38 184 52
class 0.3063402771949768 69 55 79 67
class 0.3654749393463135 130 47 141 60
class 0.37792664766311646 154 59 163 71
class 0.4512985944747925 74 73 83 85
class 0.4957360327243805 193 76 199 89
class 0.49538883566856384 40 86 50 98
class 0.36503446102142334 165 79 176 91
class 0.7439650297164917 0 103 6 115
class 0.46040400862693787 51 104 60 117
class 0.45179516077041626 70 106 81 119
class 0.3701857030391693 154 102 163 116
class 0.571652352809906 168 107 178 119
class 0.6601016521453857 192 105 199 118
class 0.5451444387435913 35 117 45 130
class 0.5215101838111877 113 117 124 129
class 0.4821189343929291 8 127 20 141
class 0.5893716216087341 38 129 49 141
class 0.596452534198761 11 134 23 146
class 0.629459023475647 15 148 25 157
class 0.5299736261367798 183 152 197 166
class 0.5811874866485596 89 167 99 177
class 0.4762623608112335 179 168 192 182
class 0.6959162354469299 192 182 199 194
class 0.4844405949115753 128 186 138 198
class 0.4619542062282562 179 192 188 199
