class 0.18620330095291138 23 4 32 14
class 0.7912440896034241 41 0 52 9
class 0.7232645750045776 49 1 58 13
class 0.403972327709198 69 0 79 7
class 0.7275063395500183 115 1 125 14
class 0.47804391384124756 15 6 23 17
class 0.5760396122932434 19 37 29 48
class 0.4811372756958008 130 43 141 55
class 0.5714865922927856 130 52 142 66
class 0.4697023332118988 69 60 79 73
class 0.463032990694046 115 57 125 70
class 0.5067281126976013 188 60 197 74
class 0.5329925417900085 85 68 95 82
class 0.6281982064247131 117 73 127 87
class 0.4948904812335968 122 69 132 82
class 0.27908241748809814 67 79 77 90
class 0.5311926007270813 189 85 198 98
class 0.47430458664894104 91 96 100 110
class 0.5066642761230469 133 96 144 109
class 0.464788556098938 148 92 158 104
class 0.5849100351333618 133 108 143 119
class 0.6399692296981812 33 118 42 129
class 0.4703335464000702 165 112 174 124
class 0.6307482719421387 187 118 197 130
class 0.6618024110794067 125 129 135 141
class 0.5699043273925781 50 139 62 151
class 0.4997975826263428 62 138 73 149
class 0.7278918027877808 0 150 7 161
class 0.6960836052894592 140 148 149 160
class 0.611503541469574 147 143 159 155
class 0.4831661581993103 69 154 80 167
class 0.47270944714546204 28 164 39 175
class 0.48048537969589233 134 176 145 190
class 0.5828294157981873 15 189 25 198
class 0.6275551915168762 22 188 33 199
class 0.6361099481582642 73 187 83 198
class 0.5406606793403625 93 187 104 198
