class 0.6361345052719116 49 0 58 8
class 0.7430131435394287 72 0 83 9
class 0.6654281616210938 13 10 22 22
class 0.43256089091300964 31 19 39 31
class 0.5086762309074402 82 23 92 33
class 0.38337835669517517 122 28 131 41
class 0.48820170760154724 136 32 145 45
class 0.5764966011047363 177 26 192 38
class 0.5142402052879333 167 39 176 51
class 0.5033916234970093 50 50 60 63
class 0.47977572679519653 60 55 69 68
class 0.4105454683303833 71 48 81 61
class 0.5951146483421326 17 58 27 70
class 0.7481645345687866 2 74 12 85
class 0.4058586061000824 39 74 50 87
class 0.38787680864334106 48 74 58 88
class 0.3167935311794281 151 70 162 83
class 0.6706848740577698 0 84 5 97
class 0.5416023135185242 62 87 72 99
class 0.3973411023616791 123 86 135 101
class 0.6985914707183838 167 83 177 94
class 0.5196636319160461 37 97 48 110
class 0.4251330494880676 0 108 6 121
class 0.5453152060508728 30 125 39 138
class 0.46836984157562256 17 133 28 147
class 0.5492485761642456 86 133 96 145
class 0.5276944637298584 96 138 108 151
class 0.5624916553497314 168 150 178 162
class 0.4474771320819855 40 154 51 166
class 0.6997970938682556 107 154 118 167
class 0.24527432024478912 131 160 143 173
class 0.44298672676086426 89 164 99 176
class 0.4197090268135071 31 176 41 186
class 0.4276304543018341 143 178 154 191
class 0.6092357039451599 194 173 199 186
class 0.3277040123939514 197 175 199 183
class 0.5821664929389954 35 187 45 197
class 0.379171222448349 176 188 184 198
