class 0.7143571972846985 4 1 13 12
class 0.787804126739502 31 0 41 8
class 0.6974177360534668 120 2 129 15
class 0.7046833634376526 133 2 143 13
class 0.4444858729839325 169 11 180 23
class 0.604794442653656 62 16 71 29
class 0.5932613611221313 168 19 178 29
class 0.4142627716064453 55 28 64 39
class 0.5255411267280579 157 27 165 39
class 0.8229516744613647 0 50 11 62
class 0.5532661080360413 175 54 187 67
class 0.6526834964752197 1 64 9 77
class 0.6776971220970154 152 64 159 75
class 0.4607499837875366 49 68 60 80
class 0.4998334050178528 33 80 43 93
class 0.4251369535923004 69 80 79 91
class 0.5653150677680969 102 93 110 105
class 0.49995091557502747 36 102 46 115
class 0.19564136862754822 98 100 110 112
class 0.7038248181343079 193 113 199 127
class 0.3482653796672821 90 123 100 136
class 0.5663104057312012 117 124 127 136
class 0.5584958791732788 155 130 165 141
class 0.5812140703201294 129 132 137 146
class 0.5454181432723999 15 149 24 161
class 0.5331803560256958 162 150 171 161
class 0.5954729318618774 31 160 41 172
class 0.4268512725830078 106 154 117 166
class 0.5042369961738586 119 160 130 171
class 0.4759589731693268 129 155 140 167
class 0.4629509150981903 189 159 198 173
class 0.4071759581565857 63 171 73 182
class 0.6126348972320557 77 163 87 175
class 0.3431844711303711 67 174 77 185
class 0.38503843545913696 162 181 172 191
class 0.6739032864570618 113 188 124 199
