class 0.7460611462593079 122 0 133 6
class 0.5992640256881714 96 5 105 18
class 0.5050970911979675 9 17 18 28
class 0.5200579166412354 46 17 57 33
class 0.46499383449554443 154 24 163 35
class 0.13792943954467773 187 24 194 31
class 0.7892276048660278 185 22 197 35
class 0.5881823301315308 147 33 155 45
class 0.44839680194854736 112 37 121 49
class 0.5504944920539856 72 56 82 68
class 0.3412848711013794 151 50 162 63
class 0.5780394673347473 153 65 164 77
class 0.5228548645973206 179 60 191 73
class 0.5173729062080383 163 74 175 86
class 0.47283145785331726 7 86 17 98
class 0.6154130101203918 72 83 83 96
class 0.4701647460460663 112 96 123 109
class 0.47886908054351807 132 95 143 107
class 0.5076122879981995 153 98 163 109
class 0.5330716371536255 20 101 30 113
class 0.5290417075157166 66 108 78 120
class 0.4282299280166626 77 107 88 119
class 0.5523248910903931 170 107 179 118
class 0.7045188546180725 25 117 36 131
class 0.6881521344184875 1 122 10 133
class 0.44581010937690735 56 128 68 142
class 0.3464689552783966 153 127 162 139
class 0.6148824691772461 164 138 175 150
class 0.3495921492576599 24 149 35 162
class 0.44289880990982056 109 149 119 160
class 0.5607526898384094 4 164 13 175
class 0.5734814405441284 11 171 20 182
class 0.5024512410163879 67 164 77 178
class 0.45172110199928284 114 168 125 182
class 0.6188089847564697 67 177 76 189
class 0.1720144897699356 69 181 81 192
class 0.46473199129104614 124 180 135 191
class 0.45259466767311096 173 174 185 185
class 0.3700959086418152 15 193 25 199
