class 0.19353243708610535 18 4 28 13
class 0.38700270652770996 167 4 176 14
class 0.7409206628799438 182 0 191 14
class 0.6276655197143555 12 12 22 24
class 0.5876665115356445 161 7 171 18
class 0.5496431589126587 4 22 14 34
class 0.47737738490104675 126 17 135 30
class 0.5508396625518799 19 28 29 39
class 0.4646949768066406 56 33 68 47
class 0.4868769943714142 112 33 121 45
class 0.5361505150794983 192 33 199 45
class 0.41575461626052856 157 45 166 55
class 0.33832627534866333 151 67 162 82
class 0.545906662940979 49 80 59 91
class 0.49367937445640564 140 80 152 95
class 0.5293266177177429 8 96 18 108
class 0.43511465191841125 129 97 140 110
class 0.4941045343875885 146 90 155 103
class 0.37685516476631165 161 89 174 102
class 0.49138006567955017 104 107 116 120
class 0.3765234351158142 174 101 185 115
class 0.5091599822044373 38 115 49 128
class 0.554197371006012 62 115 73 127
class 0.5998817086219788 73 117 82 129
class 0.5539300441741943 135 118 145 129
class 0.3085726797580719 148 112 157 123
class 0.44246044754981995 70 123 81 137
class 0.45882898569107056 149 122 163 136
class 0.5643572807312012 163 126 174 139
class 0.5707266926765442 146 132 156 145
class 0.43594077229499817 78 150 88 162
class 0.43910926580429077 172 159 182 172
class 0.5963067412376404 46 164 56 176
class 0.4642494022846222 103 171 115 184
class 0.5214745998382568 139 165 150 178
class 0.48674923181533813 147 169 159 181
class 0.6416400074958801 54 174 64 186
class 0.4061342775821686 12 185 21 196
class 0.4240446090698242 189 188 198 199
