class 0.8177023530006409 158 3 168 15
class 0.5656981468200684 67 13 76 24
class 0.5831908583641052 126 11 135 26
class 0.4760039746761322 98 20 109 32
class 0.35771283507347107 174 17 185 30
class 0.5661746859550476 27 33 37 45
class 0.3582247793674469 8 44 17 56
class 0.4213963449001312 69 39 78 51
class 0.39350175857543945 91 44 100 56
class 0.755804717540741 2 50 10 62
class 0.5333523750305176 154 47 165 59
class 0.3998522460460663 15 60 27 72
class 0.6411568522453308 50 59 61 71
class 0.10745709389448166 48 62 58 69
class 0.22189617156982422 60 60 70 72
class 0.32636964321136475 70 59 79 71
class 0.26184430718421936 101 62 110 73
class 0.49057912826538086 38 70 48 82
class 0.5337063074111938 40 84 50 96
class 0.35893359780311584 67 86 78 98
class 0.5738521814346313 65 96 74 107
class 0.7410297989845276 117 91 127 103
class 0.6065506339073181 134 94 146 107
class 0.6911803483963013 193 90 199 103
class 0.5367434620857239 123 108 134 120
class 0.5002377033233643 129 116 140 129
class 0.621971607208252 0 129 6 142
class 0.434391051530838 174 127 185 138
class 0.7970865368843079 188 143 199 158
class 0.4630320072174072 11 161 21 171
class 0.5781543850898743 32 160 42 172
class 0.46785056591033936 173 159 186 169
class 0.43544334173202515 99 170 109 180
class 0.40300530195236206 113 163 124 176
class 0.5069417953491211 157 164 167 176
class 0.6450427770614624 32 190 43 199
class 0.34233716130256653 153 185 166 198
class 0.4186079502105713 164 187 174 197
