class 0.3808169662952423 40 4 50 14
class 0.5221072435379028 20 12 29 25
class 0.45688992738723755 120 11 130 22
class 0.5656120777130127 161 21 172 34
class 0.23088277876377106 166 20 174 30
class 0.5175797343254089 133 28 142 39
class 0.5272355675697327 11 46 22 57
class 0.3585987985134125 164 46 174 56
class 0.5086102485656738 177 45 188 55
class 0.4871855676174164 133 54 143 65
class 0.3509926497936249 172 62 184 76
class 0.6010985374450684 193 64 199 78
class 0.3737754225730896 83 69 94 81
class 0.4504823088645935 90 73 101 86
class 0.42275843024253845 107 73 116 85
class 0.3469357192516327 106 83 114 95
class 0.4593859910964966 153 80 163 92
class 0.3520585596561432 6 91 18 102
class 0.4552985429763794 153 95 163 108
class 0.3873874247074127 142 106 153 119
class 0.6026248931884766 178 109 190 120
class 0.5338542461395264 30 112 39 124
class 0.40564626455307007 59 118 70 131
class 0.4272605776786804 166 113 176 124
class 0.5258105993270874 48 138 59 154
class 0.5537347197532654 123 132 133 145
class 0.48121166229248047 66 150 77 162
class 0.5906542539596558 68 158 80 171
class 0.5992156863212585 128 155 140 166
class 0.23556974530220032 134 156 145 168
class 0.5638718605041504 137 167 148 180
class 0.721452534198761 0 179 7 192
class 0.5852394700050354 75 179 86 191
class 0.22820577025413513 79 175 90 188
class 0.2930060923099518 99 178 109 191
class 0.47035011649131775 78 192 87 199
