class 0.34478458762168884 77 9 87 21
class 0.22792848944664001 80 6 91 20
class 0.4374018907546997 128 12 138 26
class 0.6650916934013367 63 22 73 34
class 0.6108958721160889 70 19 79 31
class 0.3058949410915375 109 20 120 33
class 0.4182790219783783 24 27 35 42
class 0.556088924407959 69 29 79 41
class 0.42379412055015564 151 32 162 47
class 0.4705105125904083 46 42 57 55
class 0.6858099699020386 71 39 81 50
class 0.49847736954689026 29 55 38 67
class 0.41887012124061584 25 60 35 72
class 0.360850065946579 45 57 56 70
class 0.38400232791900635 5 69 13 81
class 0.41755950450897217 9 69 21 82
class 0.579115629196167 17 75 27 88
class 0.5260515809059143 39 74 49 86
class 0.5453433394432068 79 77 90 88
class 0.5357735753059387 104 76 115 88
class 0.5302176475524902 165 72 175 85
class 0.4931510090827942 176 77 186 89
class 0.47006505727767944 153 87 163 99
class 0.8124644160270691 0 96 8 110
class 0.36580854654312134 24 95 36 111
class 0.4057634770870209 46 94 57 109
class 0.5036778450012207 88 90 99 104
class 0.2137538492679596 150 92 164 105
class 0.45379602909088135 114 101 124 113
class 0.6073272228240967 149 101 159 114
class 0.6006226539611816 176 108 186 121
class 0.44301390647888184 58 117 68 130
class 0.7162589430809021 126 114 136 126
class 0.5741294026374817 39 121 48 133
class 0.41926416754722595 121 141 133 155
class 0.3139863908290863 152 153 165 165
class 0.5598216652870178 102 178 113 191
class 0.5349432826042175 148 176 159 189
class 0.7728054523468018 0 186 10 199
