class 0.6516419649124146 55 6 65 16
class 0.39741379022598267 67 19 76 30
class 0.3246060311794281 193 23 199 37
class 0.5695379376411438 15 28 23 38
class 0.3502335846424103 42 30 49 40
class 0.42668572068214417 60 54 68 66
class 0.4413948357105255 115 49 125 61
class 0.6494141221046448 154 69 164 81
class 0.5216853618621826 11 85 22 98
class 0.5619892477989197 48 86 59 98
class 0.23304036259651184 92 87 103 100
class 0.2732396125793457 109 79 120 92
class 0.35274672508239746 113 85 125 98
class 0.6013479232788086 154 90 163 101
class 0.5065266489982605 122 104 133 118
class 0.5725097060203552 102 110 112 124
class 0.4274715185165405 114 110 124 123
class 0.5416014194488525 129 113 142 125
class 0.5950521230697632 94 125 103 138
class 0.5361140370368958 111 129 122 142
class 0.6019160747528076 126 129 135 140
class 0.5702917575836182 4 132 13 144
class 0.564918041229248 9 140 20 151
class 0.38930267095565796 66 132 79 145
class 0.39583271741867065 89 131 101 143
class 0.10405858606100082 15 143 24 153
class 0.5465101003646851 18 146 29 159
class 0.5778401494026184 55 155 64 168
class 0.4230758845806122 120 155 129 166
class 0.4346539080142975 130 155 140 166
class 0.46673649549484253 183 155 192 167
class 0.5392263531684875 50 166 60 179
class 0.2660711109638214 102 167 112 179
class 0.47847938537597656 185 170 195 183
class 0.538780152797699 44 182 55 194
class 0.48534977436065674 107 180 117 193
class 0.5617883801460266 173 180 182 191
class 0.7131363749504089 125 186 136 197
