class 0.7285003662109375 0 0 6 9
class 0.7438673377037048 111 0 123 7
class 0.7831495404243469 170 0 180 6
class 0.7924191355705261 0 12 7 23
class 0.39110201597213745 15 15 24 28
class 0.46415573358535767 20 22 29 35
class 0.43839600682258606 157 18 166 29
class 0.19987653195858002 23 26 35 39
class 0.4737622141838074 33 27 45 41
class 0.4810526669025421 65 30 74 41
class 0.491308331489563 15 37 23 48
class 0.3136039078235626 98 37 110 50
class 0.17039339244365692 103 42 113 53
class 0.5602882504463196 111 44 122 55
class 0.5779125690460205 166 45 177 55
class 0.5918517112731934 180 38 191 49
class 0.5808226466178894 55 51 64 64
class 0.5747972726821899 103 51 112 64
class 0.5437262654304504 33 65 43 78
class 0.39335113763809204 137 65 146 77
class 0.4781952202320099 26 75 35 88
class 0.10724051296710968 29 73 40 87
class 0.5991121530532837 175 70 186 82
class 0.39985740184783936 5 85 13 97
class 0.5396404266357422 74 86 84 97
class 0.3758089542388916 122 82 131 95
class 0.34772586822509766 9 97 17 108
class 0.38123607635498047 35 94 46 108
class 0.6180536150932312 179 97 191 108
class 0.6553345918655396 165 108 176 120
class 0.6264052987098694 181 105 191 118
class 0.47892943024635315 50 117 59 129
class 0.48725757002830505 148 111 159 123
class 0.5334030389785767 154 128 163 140
class 0.3450104594230652 70 132 80 143
class 0.38088563084602356 21 149 31 160
class 0.39279645681381226 31 164 41 175
class 0.3422047793865204 132 166 142 178
class 0.3324657082557678 183 170 193 183
class 0.4679521322250366 186 176 196 187
class 0.7418429255485535 33 189 42 199
