class 0.809110701084137 73 1 83 13
class 0.7123997211456299 161 3 172 14
class 0.48226526379585266 135 9 144 22
class 0.3874702453613281 152 5 161 17
class 0.41160985827445984 176 13 188 24
class 0.5010109543800354 171 23 180 34
class 0.42716097831726074 98 44 107 54
class 0.4596077799797058 154 46 164 57
class 0.6009083986282349 31 56 41 68
class 0.42707520723342896 171 55 184 68
class 0.5223730802536011 94 60 104 72
class 0.4512666165828705 86 71 97 82
class 0.6175066232681274 193 70 199 83
class 0.48529285192489624 139 86 149 98
class 0.42094579339027405 174 85 185 96
class 0.5792626142501831 165 97 176 109
class 0.591723620891571 115 100 125 114
class 0.4867708384990692 148 106 158 118
class 0.49500295519828796 163 105 175 117
class 0.3038921356201172 5 113 9 125
class 0.6248745322227478 13 114 23 126
class 0.6107165217399597 39 115 48 126
class 0.619114875793457 59 118 70 129
class 0.5427595973014832 79 111 90 124
class 0.6266587376594543 112 117 122 130
class 0.2973993122577667 16 121 26 134
class 0.570365846157074 90 129 101 142
class 0.5443423390388489 119 132 128 146
class 0.5288934111595154 29 143 40 157
class 0.638729989528656 190 142 199 155
class 0.5232558846473694 129 154 139 166
class 0.5146755576133728 148 153 158 165
class 0.5711681246757507 18 169 27 181
class 0.5458864569664001 129 179 138 190
class 0.5210458040237427 147 177 159 188
class 0.34419265389442444 162 176 173 188
class 0.5713306069374084 0 185 7 197
