class 0.6751042604446411 118 4 128 13
class 0.6443139314651489 4 7 14 18
class 0.24876606464385986 9 8 19 18
class 0.6638588905334473 21 11 30 25
class 0.43650904297828674 121 11 129 24
class 0.5138587951660156 44 21 53 33
class 0.6186617016792297 175 22 185 34
class 0.6372455954551697 8 35 18 47
class 0.46657535433769226 45 30 57 45
class 0.6232549548149109 135 33 145 46
class 0.47881028056144714 144 27 153 38
class 0.49224674701690674 189 44 198 55
class 0.48612532019615173 35 53 47 68
class 0.5254941582679749 189 55 198 66
class 0.5133526921272278 61 65 72 78
class 0.6193756461143494 161 65 170 77
class 0.5081360340118408 112 70 121 82
class 0.5611153244972229 19 87 30 99
class 0.5071676969528198 112 87 121 100
class 0.500818133354187 143 81 153 94
class 0.4673593044281006 8 106 19 119
class 0.3905382752418518 151 117 162 130
class 0.8111223578453064 3 124 13 136
class 0.33448219299316406 124 129 134 141
class 0.4091242551803589 168 130 178 141
class 0.6110368371009827 183 122 192 135
class 0.3196265995502472 77 138 89 150
class 0.5673100352287292 82 138 93 151
class 0.5642480850219727 122 138 133 150
class 0.4624229371547699 183 137 193 149
class 0.6873297095298767 53 147 63 161
class 0.4587722718715668 162 159 171 171
class 0.5696731805801392 70 165 82 177
class 0.5893691182136536 119 165 129 177
class 0.3825380504131317 153 164 164 176
class 0.5297927260398865 184 163 196 178
class 0.40402665734291077 16 181 27 194
class 0.5477640628814697 183 190 192 198
