class 0.44653740525245667 94 4 104 15
class 0.7536171078681946 156 1 165 13
class 0.7753780484199524 187 2 197 16
class 0.5388460159301758 79 6 90 19
class 0.3552684485912323 173 10 183 20
class 0.5340265035629272 109 28 120 44
class 0.37900328636169434 172 34 184 48
class 0.3818783760070801 25 44 36 57
class 0.5362513661384583 146 44 157 55
class 0.7254272699356079 2 49 12 61
class 0.6303481459617615 18 48 29 61
class 0.3758142292499542 28 49 37 60
class 0.408988356590271 73 49 84 61
class 0.4496888518333435 80 51 89 62
class 0.5413698554039001 95 49 105 62
class 0.5699975490570068 84 65 94 77
class 0.4588637351989746 104 65 114 76
class 0.49831151962280273 119 64 131 77
class 0.2222798466682434 151 66 163 79
class 0.4959358274936676 163 64 174 76
class 0.48031362891197205 150 71 163 88
class 0.4161415696144104 151 74 159 84
class 0.5855042934417725 143 84 154 97
class 0.8836368322372437 2 97 11 109
class 0.12026840448379517 6 97 16 109
class 0.37652745842933655 172 103 183 115
class 0.5640899538993835 98 110 111 125
class 0.35182979702949524 69 124 78 138
class 0.4185093939304352 87 122 99 136
class 0.4144075810909271 111 121 122 135
class 0.5442283153533936 160 128 169 139
class 0.46766993403434753 132 132 142 143
class 0.15427131950855255 29 150 39 163
class 0.4130745530128479 158 151 170 162
class 0.5514602065086365 187 150 197 162
class 0.600131094455719 29 157 39 169
class 0.4690234363079071 123 154 133 166
class 0.4720427989959717 10 166 20 177
