class 0.6408026814460754 24 3 33 12
class 0.6722830533981323 119 3 128 15
class 0.5495057106018066 124 16 132 28
class 0.5022957921028137 138 24 146 36
class 0.5403845310211182 165 24 174 37
class 0.4370095133781433 38 28 47 39
class 0.5329442024230957 30 38 40 49
class 0.5417284369468689 55 39 66 54
class 0.5005845427513123 48 48 58 62
class 0.6230973601341248 139 50 151 65
class 0.614327073097229 50 65 61 78
class 0.3935956060886383 61 58 72 70
class 0.5457818508148193 138 59 147 71
class 0.6898294687271118 1 69 11 80
class 0.5687490105628967 111 78 122 88
class 0.37942689657211304 56 96 68 110
class 0.4744679629802704 105 89 114 102
class 0.6054771542549133 154 102 164 114
class 0.7981739044189453 1 116 9 130
class 0.5507088899612427 42 111 51 123
class 0.5499599575996399 55 118 67 129
class 0.519341766834259 71 116 80 128
class 0.42776381969451904 104 115 113 127
class 0.5524702072143555 145 118 154 131
class 0.5845913290977478 15 124 24 136
class 0.4798954427242279 170 121 180 135
class 0.6482042074203491 13 136 23 146
class 0.3097158372402191 17 137 27 148
class 0.4521596133708954 100 134 111 146
class 0.29921019077301025 18 141 28 155
class 0.5342310070991516 71 143 81 156
class 0.5396576523780823 176 143 186 156
class 0.5118875503540039 21 157 32 169
class 0.5510445237159729 39 169 50 181
class 0.5480769872665405 103 169 112 181
class 0.5422906875610352 144 165 155 178
class 0.30954083800315857 174 169 185 183
class 0.44686561822891235 110 185 123 199
