class 0.732999861240387 44 0 56 9
class 0.7176938652992249 66 0 77 7
class 0.6701122522354126 158 1 168 10
class 0.683098554611206 166 2 176 14
class 0.559717059135437 21 9 32 22
class 0.39441144466400146 127 13 136 24
class 0.4571303427219391 180 13 189 24
class 0.4642542004585266 143 35 152 46
class 0.24083498120307922 170 27 181 38
class 0.44721555709838867 64 37 74 48
class 0.41241025924682617 82 37 93 48
class 0.4762061834335327 183 44 193 56
class 0.7992751002311707 1 56 10 68
class 0.31854093074798584 73 47 82 59
class 0.5744348764419556 124 55 134 68
class 0.48352137207984924 138 55 147 67
class 0.5746321678161621 24 63 34 74
class 0.37724074721336365 136 69 146 81
class 0.22967830300331116 162 74 173 85
class 0.6325297355651855 167 71 178 83
class 0.7107256650924683 129 82 139 94
class 0.6282265186309814 106 96 117 109
class 0.7420368790626526 3 102 14 113
class 0.4461561441421509 11 99 21 113
class 0.7378191351890564 95 117 104 127
class 0.4429158568382263 86 129 99 142
class 0.3098668158054352 97 124 110 138
class 0.5519766211509705 143 133 154 148
class 0.5838397145271301 159 139 170 152
class 0.5541353225708008 36 149 44 160
class 0.5338574647903442 140 150 150 161
class 0.47725820541381836 160 160 171 171
class 0.5443519353866577 115 166 125 179
class 0.5091967582702637 12 180 22 194
class 0.5391523241996765 107 175 117 187
class 0.3698626160621643 163 173 171 186
class 0.3050409257411957 168 174 177 184
class 0.5582192540168762 172 192 182 199
