class 0.8042970299720764 0 2 8 14
class 0.7267839908599854 116 0 127 8
class 0.6133970618247986 184 1 193 12
class 0.4831524193286896 172 12 182 23
class 0.5680153965950012 17 23 27 37
class 0.5276700258255005 124 16 134 27
class 0.5301222205162048 116 27 124 39
class 0.5753753781318665 184 29 193 40
class 0.2819880247116089 164 37 173 48
class 0.47175872325897217 37 48 47 59
class 0.4169101119041443 70 66 78 76
class 0.5429880023002625 10 76 22 87
class 0.5057514309883118 101 74 111 86
class 0.647070050239563 179 72 188 85
class 0.4458830952644348 27 79 37 91
class 0.6526990532875061 192 80 199 91
class 0.6239603161811829 25 94 36 107
class 0.6488751769065857 69 93 81 106
class 0.4014694392681122 40 108 51 120
class 0.43388381600379944 49 107 60 120
class 0.43164193630218506 69 102 79 114
class 0.3674869239330292 88 108 98 120
class 0.5733732581138611 122 104 134 117
class 0.1193532720208168 66 110 77 122
class 0.5483902096748352 10 129 21 141
class 0.549193263053894 32 122 42 134
class 0.4341977834701538 98 126 109 140
class 0.5056241750717163 103 122 114 136
class 0.6378612518310547 52 132 62 143
class 0.5103010535240173 187 133 197 148
class 0.37358829379081726 162 150 177 160
class 0.5712382197380066 11 160 22 173
class 0.523762047290802 162 159 172 170
class 0.5110739469528198 170 155 182 166
class 0.3345368206501007 131 165 141 176
class 0.46277186274528503 31 184 42 195
