class 0.7197055816650391 17 0 27 11
class 0.5078245997428894 67 7 76 17
class 0.2649987041950226 81 18 91 28
class 0.35444584488868713 121 20 132 32
class 0.6705858111381531 137 21 145 33
class 0.34160786867141724 108 31 118 44
class 0.28612127900123596 132 26 143 40
class 0.5545549392700195 170 26 180 39
class 0.48633435368537903 93 43 104 56
class 0.4359332025051117 64 54 74 66
class 0.41027095913887024 90 58 101 70
class 0.5788693428039551 166 66 176 77
class 0.4942321479320526 82 75 92 87
class 0.4916335940361023 135 71 144 83
class 0.5002047419548035 30 87 40 99
class 0.4475187659263611 100 79 111 92
class 0.24963532388210297 171 91 183 102
class 0.4961682856082916 35 106 46 119
class 0.3434215486049652 78 108 89 121
class 0.2545342445373535 160 110 168 119
class 0.2631983160972595 171 106 184 119
class 0.6314250230789185 0 112 6 123
class 0.18408185243606567 161 117 169 129
class 0.5528554916381836 30 128 39 141
class 0.6672390699386597 61 122 70 134
class 0.5537478923797607 37 136 48 150
class 0.4145168960094452 146 131 156 143
class 0.5257480144500732 93 150 104 161
class 0.6251665949821472 114 149 124 160
class 0.4859354496002197 137 144 146 158
class 0.5350139737129211 15 160 24 172
class 0.2732228636741638 73 161 84 173
class 0.6245107054710388 71 166 83 179
class 0.6469292640686035 106 164 116 178
class 0.6755335330963135 2 181 12 193
class 0.582615315914154 49 181 62 194
class 0.5083113312721252 83 186 95 199
class 0.6241162419319153 179 188 188 199
