class 0.7253159284591675 55 0 64 12
class 0.6509444713592529 82 0 94 8
class 0.48035991191864014 22 7 31 19
class 0.37612876296043396 90 5 101 18
class 0.6861627697944641 106 11 117 26
class 0.5374577045440674 106 45 119 58
class 0.5171446800231934 162 40 172 54
class 0.5556041598320007 137 50 147 63
class 0.6617286801338196 182 55 193 67
class 0.7126654982566833 1 60 9 72
class 0.392627090215683 34 66 46 79
class 0.5357092022895813 103 72 114 84
class 0.5494523048400879 167 75 179 88
class 0.3150213360786438 174 73 185 87
class 0.4650331437587738 80 79 90 91
class 0.5853859186172485 134 86 143 99
class 0.5607791543006897 144 79 156 90
class 0.4298921227455139 189 87 198 98
class 0.3788456618785858 77 107 89 119
class 0.4448873698711395 23 113 34 128
class 0.5385981798171997 80 129 89 140
class 0.4193134605884552 171 122 181 133
class 0.40064871311187744 49 139 58 151
class 0.553771436214447 133 135 144 147
class 0.5299598574638367 159 133 168 144
class 0.6500476598739624 193 132 199 143
class 0.5216113924980164 64 144 76 158
class 0.5061107277870178 137 145 148 158
class 0.5343508124351501 162 144 172 158
class 0.6418713927268982 36 156 45 166
class 0.2520574629306793 38 158 48 170
class 0.5466344952583313 83 163 94 175
class 0.4563313126564026 154 163 167 177
class 0.6136600971221924 5 175 14 186
class 0.5995871424674988 144 181 156 194
class 0.777705729007721 44 187 55 198
class 0.5437130331993103 73 186 84 195
class 0.49436086416244507 188 191 197 199
