class 0.4361300468444824 115 4 124 15
class 0.46322184801101685 194 4 199 14
class 0.7661256790161133 1 22 10 35
class 0.4767104685306549 48 18 58 30
class 0.36856305599212646 165 17 174 26
class 0.41173264384269714 94 28 103 40
class 0.7246558666229248 3 39 11 50
class 0.28769537806510925 8 42 15 54
class 0.6154671311378479 134 43 144 55
class 0.5378219485282898 154 43 164 55
class 0.4741137623786926 36 54 46 67
class 0.4704393744468689 49 48 59 58
class 0.5047874450683594 60 51 68 61
class 0.49494627118110657 123 47 133 61
class 0.7617197632789612 0 65 6 78
class 0.7574978470802307 147 61 157 72
class 0.5230024456977844 186 58 196 70
class 0.4327040910720825 55 69 67 83
class 0.3994673490524292 120 73 132 88
class 0.48630890250205994 25 84 36 97
class 0.5169600248336792 80 87 91 99
class 0.5932452082633972 70 93 80 105
class 0.34397321939468384 49 99 60 112
class 0.6897932887077332 1 111 9 122
class 0.563290536403656 132 111 142 122
class 0.34391993284225464 174 117 184 131
class 0.22509662806987762 111 130 121 141
class 0.4748691916465759 53 132 63 144
class 0.40514707565307617 98 139 110 151
class 0.5170094966888428 121 132 132 144
class 0.5192695260047913 102 143 113 156
class 0.7522038221359253 4 161 14 173
class 0.3265661299228668 163 153 172 167
class 0.47550323605537415 152 164 161 176
class 0.5311031341552734 101 181 113 193
class 0.5660715103149414 24 192 34 199
class 0.508418619632721 80 186 90 197
