class 0.8017802238464355 2 0 12 10
class 0.5828149914741516 17 0 28 8
class 0.8004679679870605 102 2 112 12
class 0.7159508466720581 128 0 139 6
class 0.12082061171531677 184 0 192 6
class 0.7654452323913574 187 1 197 12
class 0.5039775371551514 24 5 34 19
class 0.5875129103660583 138 12 148 25
class 0.1782890111207962 142 12 153 24
class 0.2645476162433624 186 6 195 17
class 0.31594452261924744 191 6 197 18
class 0.5615770816802979 24 22 34 35
class 0.33630186319351196 122 23 131 34
class 0.44211694598197937 70 30 79 43
class 0.3174523711204529 103 45 112 56
class 0.43845927715301514 101 54 110 67
class 0.3434862196445465 122 48 131 61
class 0.5162066221237183 175 48 185 59
class 0.4716604948043823 30 67 39 78
class 0.5949832797050476 54 66 64 77
class 0.6191951632499695 85 65 96 78
class 0.5369705557823181 67 70 78 82
class 0.7048544883728027 68 74 80 87
class 0.3543946444988251 115 77 125 89
class 0.41681188344955444 161 75 172 88
class 0.41846391558647156 80 83 90 96
class 0.5552873015403748 72 90 81 102
class 0.32257717847824097 81 102 91 115
class 0.3085627257823944 140 101 151 112
class 0.35179758071899414 50 132 58 144
class 0.3575422167778015 47 147 61 161
class 0.3540014624595642 109 144 118 156
class 0.4222584068775177 149 149 159 161
class 0.4317931532859802 65 154 74 165
class 0.4964428246021271 76 154 85 164
class 0.5406061410903931 171 169 181 181
class 0.4371874928474426 186 171 196 183
class 0.39768216013908386 19 180 28 190
class 0.3950401544570923 46 180 57 191
class 0.5142562985420227 53 181 66 193
class 0.5860269069671631 59 180 69 192
class 0.6044684052467346 15 191 24 199
