class 0.7079226970672607 83 1 92 12
class 0.6148132681846619 141 2 150 12
class 0.8194587230682373 1 7 9 18
class 0.2570190131664276 16 11 27 24
class 0.19397784769535065 93 5 103 18
class 0.5226038098335266 142 11 155 25
class 0.4623080790042877 162 5 171 19
class 0.6014610528945923 56 33 67 46
class 0.517987072467804 135 33 144 45
class 0.47806304693222046 148 35 157 45
class 0.4479694962501526 75 43 85 55
class 0.5002083778381348 122 41 131 53
class 0.30271774530410767 36 65 47 80
class 0.5500389337539673 66 58 78 72
class 0.5385999083518982 108 59 119 72
class 0.4944964051246643 158 68 167 82
class 0.508162796497345 28 85 37 99
class 0.6053482890129089 59 86 69 98
class 0.3537102937698364 90 87 99 99
class 0.3602781593799591 140 88 152 99
class 0.5259378552436829 165 92 175 103
class 0.7232155203819275 192 96 199 108
class 0.44291892647743225 24 100 33 112
class 0.590940535068512 159 107 169 119
class 0.5231241583824158 180 108 190 121
class 0.7995297908782959 30 115 41 129
class 0.19199542701244354 28 116 35 127
class 0.5450685620307922 149 114 159 126
class 0.6282702684402466 165 116 176 128
class 0.4500294625759125 114 159 125 170
class 0.27973172068595886 172 161 184 172
class 0.4971531629562378 11 165 20 175
class 0.5626634359359741 74 169 84 180
class 0.39115360379219055 194 182 199 193
class 0.6166635155677795 22 186 32 199
class 0.5886774659156799 45 184 54 197
class 0.3371557593345642 78 185 88 196
class 0.41420963406562805 184 187 193 197
class 0.4242193102836609 188 188 198 199
