class 0.7893482446670532 0 0 7 10
class 0.7960538268089294 177 1 187 13
class 0.46209436655044556 57 14 66 25
class 0.45811575651168823 99 13 109 23
class 0.5545052886009216 145 12 153 23
class 0.4878999590873718 163 6 171 15
class 0.414019376039505 70 17 79 29
class 0.5718113780021667 34 39 45 51
class 0.30451449751853943 57 44 67 58
class 0.5058092474937439 161 41 173 55
class 0.41517147421836853 164 39 174 49
class 0.4904029965400696 72 54 82 66
class 0.47667548060417175 82 50 91 63
class 0.5433173179626465 93 56 103 68
class 0.49692076444625854 15 61 24 73
class 0.4987976551055908 21 62 32 74
class 0.710795521736145 193 62 199 75
class 0.33424797654151917 46 85 55 99
class 0.44770514965057373 168 79 178 90
class 0.5504946708679199 134 95 145 107
class 0.48448893427848816 143 94 152 106
class 0.23800751566886902 4 101 12 113
class 0.46949076652526855 38 107 46 119
class 0.5168889164924622 127 105 137 117
class 0.8449479341506958 4 112 12 125
class 0.6339972019195557 19 123 32 136
class 0.13837383687496185 18 127 27 135
class 0.23570844531059265 27 122 37 134
class 0.1283722221851349 47 120 56 135
class 0.5623713135719299 54 125 65 139
class 0.6092014908790588 191 128 199 141
class 0.5913918018341064 23 133 34 146
class 0.38752481341362 44 141 54 154
class 0.31585755944252014 58 144 66 155
class 0.5446844100952148 190 148 199 161
class 0.2846088707447052 27 165 37 177
class 0.5793762803077698 57 166 67 178
class 0.3013547956943512 134 171 145 184
class 0.37491998076438904 168 182 179 194
class 0.5776062607765198 95 190 105 199
