class 0.41509124636650085 19 6 28 17
class 0.5314871668815613 159 6 171 21
class 0.2123413234949112 35 16 46 29
class 0.548886239528656 42 23 53 35
class 0.4373709261417389 101 17 111 27
class 0.4565427601337433 41 28 50 39
class 0.493884414434433 11 45 22 57
class 0.4202721416950226 105 44 114 56
class 0.6223443746566772 132 42 143 54
class 0.49343714118003845 60 52 70 64
class 0.6689876317977905 192 48 199 60
class 0.6376266479492188 24 58 35 71
class 0.5112512707710266 91 58 101 71
class 0.5023742318153381 118 60 127 72
class 0.5349168181419373 142 62 155 75
class 0.595287561416626 134 74 144 87
class 0.5724528431892395 179 74 190 85
class 0.41402697563171387 35 86 46 101
class 0.47700023651123047 5 90 18 103
class 0.4561893939971924 72 91 82 104
class 0.3112969994544983 42 108 51 120
class 0.4799027144908905 17 110 28 123
class 0.3753366768360138 53 113 64 126
class 0.4184076488018036 77 115 88 128
class 0.5466160178184509 11 125 23 138
class 0.5170257687568665 33 132 43 144
class 0.47997185587882996 67 139 78 151
class 0.6004421710968018 25 154 34 165
class 0.45415228605270386 58 155 69 168
class 0.5491523146629333 46 170 57 182
class 0.4219001531600952 141 165 155 177
class 0.5958976745605469 168 169 177 180
class 0.7316632270812988 138 179 148 190
class 0.26930251717567444 147 174 157 187
class 0.4295574724674225 154 173 164 187
class 0.3136412501335144 111 187 122 198
class 0.5734400749206543 161 185 173 198
class 0.6741998195648193 189 186 198 197
