class 0.7496169805526733 0 0 8 11
class 0.6537066102027893 38 0 50 7
class 0.8140376806259155 181 1 190 11
class 0.5488443374633789 186 0 197 9
class 0.5897723436355591 55 10 66 23
class 0.5312376022338867 88 8 99 20
class 0.6088209748268127 66 23 75 35
class 0.23433898389339447 98 17 110 29
class 0.8334579467773438 126 18 138 33
class 0.5290626287460327 170 16 183 29
class 0.46410489082336426 105 26 114 40
class 0.3546487092971802 143 32 152 44
class 0.4486091136932373 173 34 186 47
class 0.6489923000335693 102 41 113 52
class 0.5313470363616943 155 43 164 55
class 0.3346121907234192 171 44 183 59
class 0.4391251504421234 13 63 24 75
class 0.4008486866950989 36 61 47 75
class 0.6862220764160156 3 75 12 86
class 0.29067036509513855 16 77 24 88
class 0.5209211707115173 189 75 198 88
class 0.4697575867176056 50 91 60 102
class 0.6667659878730774 132 107 143 119
class 0.6480851173400879 179 105 191 120
class 0.4670467674732208 15 113 25 124
class 0.5091624855995178 53 110 64 122
class 0.6127715110778809 83 116 93 129
class 0.6916866302490234 106 118 117 130
class 0.4836637079715729 28 122 37 135
class 0.40591171383857727 161 122 173 135
class 0.5579285621643066 115 152 125 165
class 0.6115041971206665 99 168 110 181
class 0.4046582579612732 173 168 185 184
class 0.5706304311752319 74 173 84 185
class 0.6061452627182007 190 173 199 186
class 0.4734315276145935 37 186 45 194
class 0.5511021614074707 110 186 119 198
class 0.4287429749965668 163 185 171 195
