class 0.7259693741798401 119 0 129 7
class 0.4294039309024811 20 13 28 25
class 0.37804076075553894 35 5 44 17
class 0.8346458077430725 3 31 12 42
class 0.4418526589870453 8 29 17 41
class 0.36503756046295166 49 29 58 41
class 0.36309972405433655 84 27 92 39
class 0.5690044164657593 144 33 153 45
class 0.6147511601448059 166 42 175 54
class 0.49050235748291016 102 48 112 60
class 0.5927852392196655 139 49 148 61
class 0.8080341815948486 0 64 10 76
class 0.5694495439529419 15 60 24 72
class 0.5458225607872009 119 63 129 76
class 0.5336208939552307 17 75 26 87
class 0.4264238178730011 38 71 47 83
class 0.4924471974372864 101 70 113 83
class 0.573643147945404 111 69 122 84
class 0.767928957939148 193 84 199 97
class 0.5746710300445557 164 95 176 108
class 0.4632740020751953 24 99 35 114
class 0.42739152908325195 75 100 85 111
class 0.44121253490448 45 120 57 134
class 0.4755726754665375 7 135 18 149
class 0.5687330365180969 37 131 48 145
class 0.5429449677467346 114 133 124 144
class 0.754326581954956 87 148 96 161
class 0.44881728291511536 162 144 171 154
class 0.5356238484382629 28 160 39 173
class 0.597273588180542 56 156 67 169
class 0.37663787603378296 57 163 67 175
class 0.6638169288635254 0 178 5 191
class 0.4873388409614563 8 174 18 185
class 0.44822958111763 89 178 102 191
class 0.39277520775794983 132 175 145 188
class 0.42978236079216003 160 179 170 191
class 0.5009975433349609 116 187 127 198
