class 0.6918905973434448 36 2 45 14
class 0.713238000869751 88 0 97 12
class 0.7389688491821289 3 6 13 17
class 0.1676958054304123 11 11 21 20
class 0.47880807518959045 15 11 24 21
class 0.3784204423427582 18 12 29 25
class 0.4994833767414093 173 6 185 18
class 0.40839824080467224 8 23 17 35
class 0.5845175385475159 76 21 86 34
class 0.5051411986351013 101 22 111 34
class 0.4527701437473297 130 20 142 34
class 0.4466854929924011 73 45 83 58
class 0.465224951505661 10 50 20 63
class 0.5101317167282104 54 55 65 67
class 0.48301398754119873 135 50 145 63
class 0.34719088673591614 46 65 57 80
class 0.48299935460090637 69 64 79 77
class 0.5517687201499939 157 59 167 69
class 0.7957971096038818 1 70 10 82
class 0.3578960597515106 119 86 131 98
class 0.5025863647460938 91 90 100 102
class 0.4829804003238678 132 97 142 110
class 0.4842456877231598 186 97 196 111
class 0.5237978100776672 59 127 68 139
class 0.4260566532611847 116 127 126 139
class 0.6009544134140015 133 128 143 140
class 0.4995078146457672 37 140 48 151
class 0.5789942145347595 59 137 69 148
class 0.2654617130756378 57 148 69 162
class 0.6507878303527832 179 143 190 155
class 0.4900694787502289 108 155 118 165
class 0.5765290856361389 179 159 190 171
class 0.4218561351299286 155 166 165 178
class 0.786419689655304 4 186 14 197
class 0.5646384358406067 39 190 50 199
class 0.520618736743927 87 192 98 199
class 0.49208179116249084 123 186 134 197
class 0.5600103139877319 141 191 150 199
class 0.513228178024292 150 188 159 198
