class 0.3248802125453949 113 13 124 25
class 0.4282234311103821 17 19 26 30
class 0.3907303810119629 55 18 67 29
class 0.5743631720542908 82 24 92 35
class 0.5039401054382324 108 19 118 31
class 0.3986952602863312 112 18 122 31
class 0.5881826281547546 168 18 177 29
class 0.41516464948654175 18 34 27 45
class 0.36827242374420166 70 27 80 38
class 0.47458288073539734 184 27 195 39
class 0.21409936249256134 99 44 109 58
class 0.425656795501709 175 48 186 62
class 0.5514236688613892 190 50 199 62
class 0.7991538047790527 1 71 10 84
class 0.5020878314971924 65 71 74 83
class 0.4722566604614258 94 74 104 85
class 0.4637792706489563 165 70 175 82
class 0.3507716655731201 71 78 81 91
class 0.4101555049419403 11 96 22 109
class 0.3715429902076721 98 91 109 104
class 0.185337096452713 59 107 70 122
class 0.4366338551044464 190 99 197 113
class 0.5640830397605896 101 113 110 126
class 0.39549338817596436 31 127 40 141
class 0.4817062318325043 8 137 20 150
class 0.37941133975982666 45 156 56 169
class 0.6246376037597656 69 164 80 179
class 0.4610348045825958 83 169 92 182
class 0.4446304738521576 103 164 112 177
class 0.4896109402179718 12 175 22 189
class 0.5134652256965637 57 175 66 186
class 0.5338926911354065 59 178 71 191
class 0.46190014481544495 116 181 126 193
class 0.5101900696754456 143 175 152 188
class 0.6293942928314209 183 173 192 186
class 0.6041525602340698 7 185 18 197
class 0.6370876431465149 39 190 49 199
class 0.5499534010887146 141 187 151 197
class 0.634226381778717 149 190 160 199
class 0.40042123198509216 155 192 164 199
