class 0.5951991081237793 14 2 25 14
class 0.5385076999664307 46 0 56 11
class 0.621730625629425 15 8 24 17
class 0.537274181842804 21 10 33 21
class 0.59904545545578 108 13 118 26
class 0.29381880164146423 35 21 47 34
class 0.5700171589851379 40 21 52 34
class 0.5170184373855591 139 15 151 29
class 0.5786157250404358 158 16 169 29
class 0.5922533273696899 112 33 122 47
class 0.6882074475288391 191 34 199 45
class 0.582654595375061 0 38 5 50
class 0.5654934048652649 12 38 22 50
class 0.6671901345252991 192 50 199 62
class 0.5316492319107056 48 69 58 81
class 0.6566794514656067 153 80 164 92
class 0.5470966100692749 143 91 154 104
class 0.6091085076332092 50 102 61 114
class 0.5372286438941956 125 110 136 123
class 0.59171062707901 176 118 186 131
class 0.4414192736148834 114 121 125 133
class 0.4766189157962799 60 133 70 145
class 0.4654284417629242 79 140 90 152
class 0.5871378183364868 153 137 165 149
class 0.8193183541297913 1 146 10 158
class 0.2235495150089264 16 149 26 162
class 0.549431562423706 62 145 72 157
class 0.47544190287590027 136 151 145 162
class 0.4732910394668579 147 143 156 155
class 0.41406887769699097 73 158 84 171
class 0.7226547598838806 148 156 159 168
class 0.6106671690940857 193 182 199 194
class 0.6744996905326843 3 190 13 199
class 0.4863435626029968 36 188 45 197
class 0.5579583048820496 46 190 56 199
class 0.42171475291252136 174 188 182 198
