class 0.8107867240905762 3 0 13 8
class 0.18082748353481293 7 0 16 5
class 0.8095199465751648 3 30 13 42
class 0.4480906128883362 59 29 69 41
class 0.402859628200531 103 29 113 39
class 0.6306686401367188 135 34 145 47
class 0.3154398500919342 58 37 68 49
class 0.3155219554901123 74 45 83 55
class 0.5229846835136414 140 37 151 51
class 0.6506290435791016 4 50 14 61
class 0.35985445976257324 118 49 127 60
class 0.508517861366272 143 52 153 66
class 0.33323803544044495 172 52 183 64
class 0.5985243320465088 46 58 56 72
class 0.6345825791358948 56 59 66 71
class 0.31317633390426636 186 65 196 78
class 0.4913514256477356 37 71 48 85
class 0.5596206188201904 73 68 83 81
class 0.49045300483703613 143 86 152 98
class 0.4873436689376831 65 96 76 108
class 0.4580707848072052 52 127 61 140
class 0.543899416923523 178 129 188 141
class 0.5756126642227173 189 128 199 140
class 0.6141618490219116 133 140 143 151
class 0.3296792805194855 43 152 53 162
class 0.6584705710411072 85 148 97 161
class 0.5876820087432861 96 142 106 155
class 0.4604579210281372 21 154 31 166
class 0.7072650194168091 152 160 161 171
class 0.5172930955886841 183 160 193 173
class 0.6143365502357483 78 166 88 178
class 0.3225412964820862 46 181 57 193
class 0.6301827430725098 89 175 99 188
class 0.5726883411407471 184 174 192 186
class 0.22608952224254608 50 185 58 196
