class 0.5381420254707336 14 0 23 4
class 0.1268170177936554 22 0 33 4
class 0.7104132771492004 28 0 37 6
class 0.7355114221572876 136 0 146 5
class 0.55412757396698 5 13 14 24
class 0.4221167266368866 78 12 88 24
class 0.3830888271331787 126 16 135 27
class 0.5047967433929443 154 22 162 34
class 0.5154444575309753 16 44 26 56
class 0.3883969485759735 69 42 78 54
class 0.48555320501327515 111 55 121 66
class 0.5454593896865845 151 56 159 67
class 0.7111599445343018 3 70 13 81
class 0.4017859399318695 100 69 110 80
class 0.5353971123695374 119 75 130 90
class 0.4165976643562317 97 87 106 98
class 0.48595720529556274 164 87 174 99
class 0.45211923122406006 123 98 130 109
class 0.27263322472572327 67 112 78 126
class 0.41737115383148193 92 117 102 130
class 0.5722922086715698 113 113 123 123
class 0.35076484084129333 132 118 142 130
class 0.5213944315910339 177 111 187 124
class 0.39293596148490906 54 124 64 136
class 0.5807279944419861 114 129 124 138
class 0.5031262636184692 5 136 13 148
class 0.43153294920921326 59 131 69 145
class 0.502811849117279 179 136 191 149
class 0.4333542585372925 98 149 108 160
class 0.3186148405075073 166 142 176 155
class 0.6798933744430542 193 149 199 161
class 0.36429381370544434 46 160 56 173
class 0.28762829303741455 52 164 63 176
class 0.5466772317886353 98 164 109 175
class 0.5448039174079895 117 164 128 176
class 0.2912803590297699 144 165 154 178
class 0.4322689473628998 26 179 35 191
class 0.45342421531677246 60 187 70 198
class 0.668326199054718 105 185 116 197
