class 0.6210944652557373 70 1 81 11
class 0.7847031950950623 105 2 116 16
class 0.4862236976623535 30 7 38 18
class 0.3806765377521515 77 6 89 17
class 0.16290253400802612 109 5 118 17
class 0.7049932479858398 135 6 145 17
class 0.585794985294342 4 23 13 36
class 0.5521196722984314 154 16 164 29
class 0.6865636110305786 29 55 39 67
class 0.5914058089256287 143 48 152 60
class 0.645275890827179 19 60 30 70
class 0.5802846550941467 82 57 91 70
class 0.4817684590816498 162 64 173 78
class 0.37246906757354736 15 70 25 82
class 0.6827036738395691 22 75 34 88
class 0.3590751588344574 108 77 121 88
class 0.5912628173828125 118 75 129 89
class 0.5117480158805847 35 86 45 98
class 0.47229790687561035 161 80 170 93
class 0.5741139650344849 65 91 74 104
class 0.4697764217853546 79 92 90 103
class 0.4337715804576874 46 106 57 119
class 0.5093929767608643 108 113 117 126
class 0.47722139954566956 190 112 199 126
class 0.5427300333976746 65 126 74 138
class 0.7154244780540466 1 133 9 146
class 0.5016747117042542 80 135 90 148
class 0.6956932544708252 95 135 104 150
class 0.20773963630199432 100 132 111 146
class 0.33133718371391296 36 147 45 156
class 0.49096429347991943 130 150 140 162
class 0.42212048172950745 147 150 157 162
class 0.5351004004478455 177 171 189 182
class 0.6072244644165039 5 181 14 193
class 0.2567654550075531 9 181 20 193
class 0.3888531029224396 18 178 28 191
class 0.5060030817985535 95 180 106 193
class 0.18563427031040192 169 180 179 192
class 0.2761582136154175 172 182 181 191
class 0.4490334987640381 168 190 179 199
class 0.10526632517576218 167 193 173 199
class 0.44489356875419617 174 193 185 199
