class 0.6609500050544739 5 11 12 20
class 0.5239018201828003 36 12 45 24
class 0.5972414016723633 81 23 91 34
class 0.32382407784461975 126 24 135 37
class 0.5468432307243347 92 27 101 38
class 0.4421365261077881 154 28 164 37
class 0.5043774843215942 144 39 153 50
class 0.32917189598083496 184 42 195 53
class 0.814750611782074 3 48 12 59
class 0.4368588924407959 60 55 70 67
class 0.7189569473266602 97 65 106 76
class 0.5418711304664612 129 64 140 77
class 0.41282767057418823 188 58 196 70
class 0.4670330882072449 11 80 21 93
class 0.547268807888031 45 79 57 92
class 0.44927772879600525 58 81 69 92
class 0.4892197251319885 121 85 132 98
class 0.488282710313797 158 88 168 99
class 0.4907859265804291 45 96 56 110
class 0.5089942216873169 59 94 69 105
class 0.40846213698387146 70 90 80 102
class 0.23373769223690033 110 107 121 122
class 0.5928624868392944 130 99 141 113
class 0.6540239453315735 105 113 117 125
class 0.5844253897666931 182 118 192 131
class 0.4501802623271942 99 125 112 140
class 0.377206951379776 174 130 184 146
class 0.6917001605033875 193 131 199 145
class 0.5521730780601501 7 157 18 170
class 0.5527438521385193 77 153 88 165
class 0.4614981710910797 120 154 130 166
class 0.5516728162765503 76 168 87 181
class 0.4259859621524811 171 170 181 180
class 0.2743522822856903 182 170 197 181
class 0.43799662590026855 56 183 67 194
class 0.5316608548164368 135 174 147 187
class 0.4902367889881134 120 192 130 199
class 0.45245128870010376 143 188 154 198
