class 0.5114259123802185 112 1 122 12
class 0.5473259687423706 88 5 98 17
class 0.16104106605052948 110 7 122 20
class 0.5778368711471558 172 19 182 30
class 0.26890087127685547 27 26 37 39
class 0.48050710558891296 50 27 58 40
class 0.4984670579433441 61 26 70 38
class 0.39754998683929443 96 34 106 46
class 0.3037535548210144 6 38 17 50
class 0.5783923864364624 101 44 111 55
class 0.48706018924713135 150 41 163 54
class 0.48121070861816406 149 51 159 62
class 0.5526704788208008 38 58 47 69
class 0.6020463109016418 30 73 40 85
class 0.3137229382991791 38 77 46 89
class 0.6080538034439087 81 86 93 99
class 0.4449225962162018 108 81 118 94
class 0.39213159680366516 164 81 175 93
class 0.5066663026809692 95 91 105 103
class 0.38671714067459106 154 90 163 102
class 0.2903318703174591 5 103 12 115
class 0.6335539817810059 11 104 22 117
class 0.5873609185218811 40 106 50 118
class 0.6514366865158081 74 104 85 117
class 0.599750816822052 193 99 199 113
class 0.635185718536377 85 116 95 129
class 0.574653685092926 123 110 133 123
class 0.6338242292404175 31 121 40 135
class 0.47862115502357483 123 133 133 146
class 0.42683854699134827 184 133 193 146
class 0.47499895095825195 19 143 30 155
class 0.483011394739151 60 149 71 162
class 0.5538036823272705 139 143 151 153
class 0.583551287651062 181 146 192 159
class 0.47332626581192017 25 154 34 168
class 0.5735040307044983 20 167 31 179
class 0.5477017760276794 71 174 82 187
class 0.4768039286136627 95 175 106 188
class 0.5801432728767395 12 186 21 197
class 0.39879775047302246 149 186 158 195
