class 0.798602283000946 29 2 40 13
class 0.7172980904579163 161 0 170 12
class 0.6007821559906006 137 7 148 19
class 0.5743659734725952 191 10 199 20
class 0.40863433480262756 9 19 19 31
class 0.5299193263053894 80 21 89 33
class 0.4566003978252411 164 24 173 36
class 0.6801708936691284 192 17 199 30
class 0.753061056137085 3 34 12 45
class 0.44883468747138977 15 27 24 40
class 0.5654774904251099 123 35 132 47
class 0.4813411235809326 29 42 38 53
class 0.535802960395813 156 43 166 54
class 0.5175120234489441 70 47 79 59
class 0.5904951691627502 13 63 24 75
class 0.6445025205612183 150 63 161 76
class 0.8308888077735901 0 71 7 83
class 0.41999274492263794 12 87 22 100
class 0.4365144968032837 24 80 36 94
class 0.5480667948722839 135 83 146 97
class 0.532251238822937 114 96 125 109
class 0.5072119832038879 96 104 106 116
class 0.5651997327804565 167 105 178 118
class 0.5210650563240051 83 110 93 124
class 0.40575695037841797 145 122 156 134
class 0.5425352454185486 180 127 191 140
class 0.4606374502182007 77 142 87 152
class 0.5806706547737122 109 144 118 156
class 0.5368954539299011 78 160 87 172
class 0.4375198483467102 170 154 179 164
class 0.6003217697143555 56 166 66 178
class 0.5421357750892639 86 171 96 182
class 0.3392042815685272 153 169 164 182
class 0.40064379572868347 171 163 180 177
class 0.49138742685317993 12 179 21 189
class 0.35853344202041626 48 174 60 187
class 0.572638750076294 145 173 158 187
class 0.5720142126083374 169 186 179 197
