class 0.7399870753288269 3 0 12 9
class 0.698811948299408 8 3 16 13
class 0.8334771394729614 41 0 51 9
class 0.7356296181678772 79 0 90 8
class 0.7899529337882996 116 0 127 10
class 0.7817362546920776 144 1 154 10
class 0.800719141960144 170 0 179 9
class 0.1706325113773346 174 0 185 8
class 0.6144274473190308 67 11 77 22
class 0.3559659421443939 151 11 161 21
class 0.7555808424949646 1 21 11 32
class 0.43481701612472534 122 16 132 28
class 0.4480136036872864 187 16 195 29
class 0.5804870128631592 87 38 96 50
class 0.4365296959877014 180 46 189 58
class 0.5339927673339844 24 48 36 62
class 0.42342591285705566 52 49 62 61
class 0.5003824234008789 129 48 138 60
class 0.4108465015888214 15 75 25 87
class 0.2652718722820282 56 68 66 82
class 0.36449792981147766 80 84 89 97
class 0.3833991289138794 100 79 110 91
class 0.6740835309028625 4 91 15 103
class 0.6622901558876038 5 107 13 119
class 0.5269274115562439 28 106 37 118
class 0.5727394819259644 17 119 27 131
class 0.7298286557197571 192 112 199 124
class 0.5069077610969543 39 123 48 136
class 0.3689398765563965 174 128 184 141
class 0.4023343026638031 42 153 52 165
class 0.4429381489753723 37 165 48 177
class 0.6359202861785889 104 170 114 183
class 0.3600824177265167 131 163 143 176
class 0.5631493926048279 116 180 129 193
class 0.4830663204193115 188 181 199 192
class 0.6566603183746338 26 188 35 198
class 0.5039941668510437 92 192 100 199
class 0.504673957824707 110 192 118 199
