class 0.5874207019805908 41 4 52 15
class 0.5474308729171753 187 11 193 24
class 0.523280143737793 15 22 23 33
class 0.5922868847846985 164 21 175 35
class 0.5626404285430908 117 28 128 40
class 0.4779403805732727 172 32 187 44
class 0.36207035183906555 59 39 69 50
class 0.4167439043521881 72 44 82 56
class 0.35774728655815125 154 44 164 58
class 0.47056591510772705 11 49 21 61
class 0.4743204116821289 119 54 130 66
class 0.48783355951309204 158 66 167 78
class 0.42608389258384705 98 75 109 88
class 0.655586838722229 193 77 199 88
class 0.4623374938964844 75 87 84 99
class 0.6006837487220764 134 80 144 93
class 0.4129822850227356 4 93 14 103
class 0.5826720595359802 40 90 50 102
class 0.5111371278762817 113 90 122 100
class 0.5960521101951599 135 90 145 104
class 0.5815032720565796 133 108 142 120
class 0.5157597064971924 33 127 41 140
class 0.5359705090522766 139 126 148 139
class 0.5941603183746338 26 147 35 159
class 0.49715009331703186 80 149 91 162
class 0.592034101486206 145 154 157 166
class 0.5896133780479431 181 155 192 166
class 0.5172513723373413 46 169 56 180
class 0.3367665708065033 49 166 57 177
class 0.47740796208381653 130 163 141 176
class 0.4285675287246704 138 167 149 178
class 0.5161647200584412 142 169 154 182
class 0.5180569887161255 61 175 73 187
class 0.47525203227996826 51 188 61 198
class 0.4402647018432617 89 190 99 199
class 0.6025243997573853 148 189 158 199
