class 0.7130750417709351 62 0 71 6
class 0.735310435295105 73 0 84 8
class 0.8090324401855469 92 0 102 7
class 0.4144880771636963 173 12 182 23
class 0.763698935508728 4 17 13 29
class 0.5985559821128845 193 18 199 31
class 0.7081633806228638 0 39 6 50
class 0.3113836348056793 38 38 47 49
class 0.5464842915534973 101 47 111 59
class 0.38342925906181335 190 56 199 68
class 0.5104674696922302 59 59 69 72
class 0.6389459371566772 93 58 103 70
class 0.6465728878974915 115 58 125 71
class 0.4472733736038208 15 76 25 88
class 0.4041515290737152 84 70 94 83
class 0.4057934582233429 46 86 57 99
class 0.504155695438385 117 85 128 98
class 0.6045132279396057 106 95 117 107
class 0.5848426818847656 180 106 192 118
class 0.43318670988082886 16 111 26 123
class 0.4322589039802551 38 113 47 126
class 0.46813490986824036 59 125 69 137
class 0.32388901710510254 109 122 121 136
class 0.6326532959938049 52 138 62 149
class 0.29798707365989685 58 137 69 149
class 0.41057467460632324 135 140 145 152
class 0.562944233417511 182 136 192 148
class 0.801832914352417 2 143 11 155
class 0.4363495409488678 57 144 66 154
class 0.49691519141197205 159 148 170 160
class 0.47052380442619324 165 148 176 160
class 0.6282275915145874 181 143 191 153
class 0.6204115748405457 77 159 88 171
class 0.6581920981407166 0 166 5 177
class 0.617324709892273 130 165 140 177
class 0.5688379406929016 132 173 142 186
class 0.4489329755306244 183 193 192 199
class 0.3890109658241272 192 190 199 198
