class 0.5793747901916504 164 0 175 11
class 0.6741369962692261 6 8 12 19
class 0.523206889629364 9 9 19 20
class 0.39181432127952576 37 7 47 20
class 0.31448793411254883 152 8 160 19
class 0.3462228775024414 161 16 173 28
class 0.44469553232192993 73 33 84 44
class 0.6275652647018433 80 32 90 44
class 0.49101290106773376 87 42 99 54
class 0.3296915888786316 109 37 120 50
class 0.6283983588218689 102 47 111 60
class 0.5630418658256531 17 63 26 75
class 0.47388216853141785 91 58 100 73
class 0.46973204612731934 122 66 132 78
class 0.4799738824367523 32 70 41 81
class 0.503653883934021 48 70 59 83
class 0.5186535716056824 122 71 131 84
class 0.7402976751327515 21 81 35 96
class 0.4579697251319885 130 86 141 100
class 0.6812896728515625 192 86 199 99
class 0.5497885942459106 134 107 144 119
class 0.5592303276062012 143 101 153 112
class 0.5347882509231567 61 114 73 127
class 0.5573896765708923 21 126 31 138
class 0.476144403219223 44 121 54 133
class 0.48929181694984436 190 130 199 140
class 0.47303783893585205 44 139 53 151
class 0.6378899216651917 115 132 125 144
class 0.5443388819694519 189 137 197 150
class 0.406817227602005 7 148 20 162
class 0.5104138255119324 127 143 136 155
class 0.6295700073242188 4 161 14 172
class 0.5368421077728271 44 172 55 183
class 0.36170363426208496 79 164 88 176
class 0.636145293712616 107 164 117 176
class 0.6187969446182251 158 185 169 197
class 0.35680168867111206 175 193 184 199
