class 0.7268723845481873 124 1 133 14
class 0.49649059772491455 32 5 42 20
class 0.48751458525657654 189 14 198 25
class 0.4978006184101105 15 16 24 27
class 0.534257709980011 86 21 96 35
class 0.40107643604278564 90 19 100 30
class 0.7598388195037842 3 35 13 46
class 0.5971000790596008 70 33 80 44
class 0.4089941680431366 83 27 94 37
class 0.8176165819168091 3 43 13 55
class 0.4337272644042969 124 43 133 54
class 0.358590692281723 145 40 153 51
class 0.5386965870857239 154 42 163 52
class 0.27756577730178833 171 37 182 48
class 0.6923019289970398 178 40 188 50
class 0.43876007199287415 98 48 110 59
class 0.6217020750045776 144 52 152 62
class 0.4080740809440613 134 59 143 73
class 0.5382242202758789 87 73 96 85
class 0.27441665530204773 138 79 148 92
class 0.4436730742454529 54 97 64 109
class 0.24898232519626617 79 100 90 113
class 0.5681440830230713 134 106 143 119
class 0.4702799618244171 166 100 176 111
class 0.5204861760139465 16 111 24 124
class 0.3665507435798645 48 111 58 123
class 0.40335115790367126 62 112 71 124
class 0.3370230793952942 0 121 5 133
class 0.45366740226745605 65 123 75 135
class 0.40525612235069275 102 129 113 142
class 0.5639991164207458 11 136 21 148
class 0.41359418630599976 27 149 37 162
class 0.40946629643440247 99 145 107 157
class 0.554750382900238 16 153 24 166
class 0.5484433174133301 7 170 19 185
class 0.17099177837371826 14 177 21 184
class 0.3456435799598694 48 177 60 191
class 0.491146445274353 117 179 127 191
class 0.41062596440315247 12 186 24 197
class 0.3740805685520172 18 190 27 199
class 0.29289427399635315 38 186 48 198
