class 0.4182708263397217 81 4 91 14
class 0.3910970985889435 5 7 13 18
class 0.3788968026638031 60 8 71 21
class 0.46981626749038696 131 6 140 18
class 0.6025229692459106 137 7 148 18
class 0.5894199013710022 159 14 168 26
class 0.6492405533790588 180 5 189 18
class 0.535607635974884 146 24 155 35
class 0.3148237466812134 166 25 174 36
class 0.4029648005962372 16 42 24 52
class 0.4958086609840393 151 41 161 54
class 0.4635726809501648 190 45 198 56
class 0.6632564067840576 182 49 190 61
class 0.4041198790073395 78 65 88 79
class 0.5196514129638672 168 59 178 72
class 0.6302764415740967 181 62 192 75
class 0.7450487017631531 3 81 13 93
class 0.5783668160438538 82 79 91 92
class 0.5341752767562866 184 81 193 92
class 0.516605019569397 185 90 196 102
class 0.576747715473175 16 101 28 113
class 0.43386024236679077 14 116 23 127
class 0.5731054544448853 41 113 51 125
class 0.4124722182750702 96 139 105 150
class 0.2903608977794647 121 142 129 153
class 0.5208716988563538 135 142 144 154
class 0.6132646799087524 177 143 187 158
class 0.4025382697582245 5 153 18 165
class 0.5967374444007874 61 160 73 172
class 0.6408478021621704 84 153 94 166
class 0.5566964745521545 141 153 151 165
class 0.3618355393409729 16 167 24 178
class 0.4768979251384735 33 171 45 184
class 0.5913370847702026 53 170 64 184
class 0.5879045724868774 187 171 197 183
class 0.4593850076198578 34 176 45 189
class 0.4749280512332916 89 179 98 191
class 0.3013952076435089 163 183 172 193
class 0.6123672127723694 56 190 66 199
class 0.4813525974750519 144 191 154 199
