class 0.6692771315574646 4 8 12 19
class 0.5536652207374573 15 7 23 18
class 0.38225579261779785 79 16 89 27
class 0.4380780756473541 164 20 175 34
class 0.6618790626525879 193 19 199 29
class 0.611205518245697 62 27 74 38
class 0.5777279734611511 104 30 113 42
class 0.5933390259742737 150 32 162 45
class 0.620421290397644 4 39 13 51
class 0.2678423523902893 9 40 19 52
class 0.4362267553806305 17 43 26 56
class 0.5436888933181763 78 42 88 55
class 0.6349645256996155 85 39 95 50
class 0.5123668313026428 168 46 178 57
class 0.48861822485923767 144 56 154 68
class 0.3372008800506592 184 54 193 65
class 0.4761967360973358 79 68 90 81
class 0.5258049964904785 24 79 35 93
class 0.6096110343933105 92 87 102 98
class 0.5632385611534119 85 92 96 105
class 0.46056294441223145 142 101 153 113
class 0.530570924282074 165 101 175 111
class 0.6042295694351196 101 115 112 127
class 0.5415806770324707 122 111 133 124
class 0.5138992071151733 14 127 24 139
class 0.5062389969825745 27 121 37 133
class 0.5564759969711304 69 128 79 141
class 0.4242047667503357 77 132 89 146
class 0.516404390335083 6 149 20 162
class 0.48872506618499756 54 142 66 155
class 0.25860360264778137 95 162 106 171
class 0.6727177500724792 2 164 10 175
class 0.5441038608551025 17 163 27 177
class 0.5515688061714172 88 171 96 181
class 0.4119621217250824 132 167 142 178
class 0.36195558309555054 48 174 59 189
class 0.6212321519851685 12 194 22 199
class 0.5964614748954773 57 190 67 199
class 0.577876627445221 71 183 82 197
class 0.6540966033935547 95 184 106 197
