class 0.7609828114509583 10 3 21 15
class 0.7067919969558716 18 0 29 8
class 0.6825887560844421 112 0 122 9
class 0.7785762548446655 189 0 199 8
class 0.6069544553756714 56 23 67 35
class 0.51669842004776 151 18 162 30
class 0.4365043640136719 88 31 100 46
class 0.3237989842891693 128 37 138 48
class 0.5767632126808167 55 48 67 61
class 0.5415359735488892 99 54 109 69
class 0.45639821887016296 114 46 124 60
class 0.7871705889701843 0 65 6 78
class 0.4743938744068146 51 77 61 89
class 0.588882565498352 127 68 138 81
class 0.5760942697525024 38 85 48 97
class 0.7705846428871155 2 90 10 102
class 0.3975372314453125 109 90 120 103
class 0.5319510102272034 157 93 167 108
class 0.571214497089386 165 91 176 103
class 0.26883476972579956 163 107 174 121
class 0.5858123302459717 187 105 197 119
class 0.7037068605422974 4 112 14 123
class 0.4838355481624603 91 111 101 124
class 0.46077829599380493 86 128 95 141
class 0.52934330701828 180 124 190 136
class 0.39950698614120483 20 136 29 148
class 0.5377660393714905 81 138 91 150
class 0.5453065633773804 22 143 31 154
class 0.19923464953899384 89 146 97 156
class 0.3889631927013397 95 148 106 160
class 0.44412118196487427 106 150 116 162
class 0.5825225710868835 55 153 65 164
class 0.15223661065101624 111 155 121 165
class 0.4021722376346588 69 171 79 183
class 0.712576687335968 97 167 108 180
class 0.6832724213600159 111 169 122 179
class 0.5829674601554871 95 180 106 191
class 0.6023910045623779 110 181 123 193
class 0.525177001953125 160 180 170 193
class 0.5200809836387634 103 190 112 199
