class 0.8322027921676636 10 2 20 15
class 0.4950591027736664 80 0 90 8
class 0.4983100891113281 130 20 140 33
class 0.3007762134075165 171 15 182 28
class 0.5686751008033752 98 44 110 57
class 0.47732648253440857 37 54 48 66
class 0.4934983253479004 56 48 68 63
class 0.5561943650245667 59 54 69 66
class 0.6409392952919006 179 61 191 74
class 0.445780873298645 7 70 18 83
class 0.6640662550926208 31 69 40 79
class 0.46445825695991516 91 69 101 82
class 0.5412110090255737 118 70 127 81
class 0.41365325450897217 160 75 169 87
class 0.5242610573768616 17 85 26 98
class 0.39315560460090637 187 79 196 93
class 0.3450774550437927 48 97 58 109
class 0.4989633858203888 123 108 135 121
class 0.706664502620697 58 128 69 140
class 0.5037027597427368 102 121 112 133
class 0.3356611728668213 114 122 125 132
class 0.4732029438018799 133 128 143 140
class 0.4281564950942993 106 137 118 150
class 0.35448840260505676 142 137 152 150
class 0.7174403071403503 193 133 199 147
class 0.6678416728973389 43 157 53 168
class 0.35973042249679565 47 160 60 171
class 0.5971428155899048 96 164 106 176
class 0.6345880627632141 131 167 140 179
class 0.8165257573127747 0 178 7 191
class 0.38497334718704224 99 181 109 192
class 0.44662854075431824 191 181 199 192
class 0.6953336000442505 57 188 66 199
class 0.47643429040908813 62 187 72 197
class 0.5586217641830444 71 190 81 199
class 0.5496047735214233 188 187 197 198
