class 0.5094413161277771 101 2 112 15
class 0.5661523342132568 11 12 21 24
class 0.5039542317390442 123 13 134 26
class 0.6119112372398376 56 19 67 33
class 0.701211154460907 134 34 144 47
class 0.7739139795303345 192 29 199 45
class 0.10478121787309647 195 32 199 41
class 0.2676706612110138 88 44 98 57
class 0.4775209426879883 98 44 108 56
class 0.5264111757278442 17 50 29 64
class 0.36149024963378906 84 51 95 62
class 0.6430657505989075 33 65 43 78
class 0.299669474363327 153 62 162 75
class 0.5526075959205627 60 75 72 89
class 0.604861855506897 139 74 148 85
class 0.4612342119216919 20 91 30 104
class 0.481757253408432 50 93 60 105
class 0.4430660307407379 102 91 112 103
class 0.49514737725257874 142 98 153 109
class 0.749352753162384 0 107 5 120
class 0.5244995951652527 157 105 166 117
class 0.6173989772796631 181 105 192 117
class 0.1109728217124939 2 114 5 129
class 0.8493399620056152 2 116 10 127
class 0.7354294061660767 180 112 191 124
class 0.5193821787834167 18 122 28 136
class 0.5055347681045532 72 130 81 141
class 0.542074978351593 93 122 104 134
class 0.7728736996650696 0 133 6 145
class 0.5871850252151489 18 135 28 147
class 0.510833203792572 56 132 68 146
class 0.39608335494995117 122 140 131 152
class 0.3401530086994171 170 140 182 152
class 0.5026971101760864 191 158 199 171
class 0.5168261528015137 20 165 30 179
class 0.21168899536132812 120 171 130 182
class 0.6430693864822388 126 170 139 183
class 0.1694939285516739 133 171 144 182
class 0.672888994216919 168 170 177 181
class 0.5367740392684937 135 186 146 198
