class 0.6184077262878418 44 0 55 10
class 0.46202969551086426 36 13 45 23
class 0.5141215920448303 155 9 165 22
class 0.4747614860534668 185 7 192 17
class 0.3784719705581665 21 19 30 32
class 0.28962334990501404 109 24 117 35
class 0.4269965887069702 126 23 135 36
class 0.28478768467903137 97 33 105 44
class 0.45923689007759094 161 33 173 47
class 0.3864479959011078 60 37 69 48
class 0.45746639370918274 7 47 18 59
class 0.39061054587364197 185 52 196 66
class 0.4860197603702545 170 59 180 70
class 0.5519863963127136 81 69 90 80
class 0.49301251769065857 117 79 128 92
class 0.546063244342804 122 85 132 97
class 0.4374266564846039 142 81 152 93
class 0.4972493350505829 79 97 89 109
class 0.556194007396698 183 96 192 108
class 0.3907988965511322 188 97 197 109
class 0.6052924394607544 2 101 9 111
class 0.4892038404941559 8 101 18 114
class 0.5658605694770813 19 107 30 120
class 0.5225823521614075 48 100 58 112
class 0.5729379653930664 143 106 153 119
class 0.5418266654014587 38 111 48 125
class 0.4586365818977356 136 114 147 126
class 0.5246516466140747 147 128 156 139
class 0.5692235231399536 67 139 78 152
class 0.5754246711730957 178 149 188 161
class 0.5603821873664856 4 157 14 169
class 0.5091319680213928 67 158 77 169
class 0.5889108777046204 162 159 172 170
class 0.42100903391838074 166 155 174 165
class 0.34178638458251953 25 172 33 182
class 0.47780537605285645 97 170 108 183
class 0.3553050458431244 27 180 34 191
class 0.5497267246246338 53 175 64 187
class 0.47866129875183105 106 180 118 194
class 0.3621678054332733 153 175 163 189
