class 0.7597282528877258 34 1 44 12
class 0.5745359659194946 184 3 192 12
class 0.469345360994339 16 15 27 28
class 0.5298126935958862 114 23 124 35
class 0.4994165897369385 16 27 24 38
class 0.4477722644805908 64 26 76 40
class 0.39785149693489075 112 38 121 51
class 0.658093273639679 87 66 99 78
class 0.5832377672195435 182 61 192 75
class 0.6005094647407532 102 68 111 80
class 0.6983881592750549 4 86 14 98
class 0.6046276092529297 160 82 169 95
class 0.36027926206588745 184 86 193 98
class 0.6231709718704224 189 82 198 95
class 0.5865999460220337 71 97 80 108
class 0.5495923757553101 83 97 93 109
class 0.4719185531139374 140 90 152 103
class 0.533875584602356 108 102 117 114
class 0.5511699318885803 122 106 132 119
class 0.7921876311302185 4 116 12 128
class 0.43067654967308044 9 120 18 133
class 0.5355496406555176 41 126 50 138
class 0.56690913438797 49 123 60 135
class 0.5460875630378723 59 129 70 141
class 0.5302231311798096 86 139 96 151
class 0.4775264263153076 15 149 24 159
class 0.3180711567401886 110 150 119 159
class 0.3284945487976074 154 150 164 163
class 0.3644771873950958 100 157 109 169
class 0.6763688921928406 67 169 77 181
class 0.47577589750289917 139 166 151 179
class 0.3835107386112213 177 164 188 177
class 0.6866888403892517 192 170 199 183
class 0.7707149386405945 0 179 6 193
class 0.5056037902832031 44 173 53 186
class 0.5309565663337708 116 180 129 192
class 0.41527432203292847 127 181 139 192
class 0.3969345986843109 17 190 28 199
class 0.6342019438743591 46 193 56 199
class 0.5240215063095093 119 191 130 199
