class 0.7312808036804199 147 2 156 16
class 0.7348537445068359 157 0 168 10
class 0.54688560962677 105 22 114 35
class 0.4899834394454956 112 17 121 28
class 0.47357338666915894 42 28 51 39
class 0.24266794323921204 141 32 152 47
class 0.31222233176231384 143 42 152 52
class 0.3573856055736542 130 49 141 61
class 0.4212193787097931 150 48 162 62
class 0.4737597405910492 65 61 74 72
class 0.3871172070503235 109 59 120 72
class 0.3091570734977722 58 74 68 86
class 0.33006909489631653 154 74 164 87
class 0.42824482917785645 167 69 176 82
class 0.5792269706726074 114 97 124 109
class 0.7588815689086914 2 100 11 113
class 0.6507894992828369 155 109 163 120
class 0.5869351029396057 180 109 191 121
class 0.5405444502830505 17 111 27 123
class 0.6492241024971008 135 118 145 132
class 0.11199767142534256 158 111 167 122
class 0.5980659127235413 119 121 131 136
class 0.5450183749198914 122 127 132 139
class 0.5823437571525574 133 138 143 151
class 0.48472094535827637 153 137 163 149
class 0.4869852066040039 184 148 198 160
class 0.6075253486633301 78 160 87 171
class 0.47768643498420715 53 164 63 177
class 0.5478960275650024 72 167 80 178
class 0.5671707391738892 111 165 122 176
class 0.5536247491836548 191 171 199 184
class 0.4988211393356323 25 181 36 194
class 0.3801291584968567 78 178 92 191
class 0.47340092062950134 96 177 107 190
class 0.5389605164527893 152 175 162 188
class 0.7508871555328369 1 191 11 199
class 0.4484326243400574 61 185 70 195
class 0.6019598245620728 78 191 88 199
class 0.6832985877990723 116 187 126 198
