class 0.5585361123085022 87 0 97 7
class 0.6621085405349731 96 0 107 11
class 0.5124697089195251 26 8 35 19
class 0.6085878610610962 107 9 118 21
class 0.6084381937980652 162 12 176 23
class 0.5047351121902466 48 23 58 33
class 0.4717349112033844 93 24 103 37
class 0.49291449785232544 109 44 120 57
class 0.5145303010940552 46 54 57 69
class 0.4895910322666168 107 49 116 60
class 0.46565815806388855 16 65 27 76
class 0.6492580771446228 108 63 117 75
class 0.40971875190734863 178 67 188 78
class 0.40352365374565125 22 69 32 80
class 0.31418469548225403 96 70 107 81
class 0.5813106894493103 24 86 36 100
class 0.47304314374923706 74 82 84 95
class 0.36830782890319824 161 87 172 100
class 0.5433908700942993 178 81 188 93
class 0.30036067962646484 158 92 167 103
class 0.43794703483581543 86 106 96 120
class 0.5660560131072998 139 101 149 112
class 0.1188034862279892 147 101 157 111
class 0.20744606852531433 154 102 162 114
class 0.42812421917915344 80 117 90 131
class 0.5261481404304504 155 114 165 127
class 0.410190224647522 58 127 68 139
class 0.5272113680839539 10 136 20 148
class 0.37282446026802063 20 141 29 154
class 0.5490652918815613 47 143 56 155
class 0.564449667930603 140 149 151 160
class 0.5491060018539429 145 145 155 157
class 0.7569841146469116 0 153 9 165
class 0.5402492880821228 161 153 171 165
class 0.6640242338180542 193 152 199 166
class 0.583391010761261 33 164 43 176
class 0.4076237976551056 117 171 127 181
class 0.5451690554618835 57 174 66 187
class 0.28154903650283813 101 180 113 195
class 0.4169149398803711 116 180 127 195
class 0.6555662155151367 55 191 64 199
class 0.688147783279419 158 185 169 197
