class 0.5359387993812561 15 4 25 14
class 0.41885173320770264 58 2 69 12
class 0.3911822736263275 132 2 143 11
class 0.5042885541915894 164 0 175 12
class 0.13901588320732117 19 7 27 15
class 0.5821331143379211 130 10 140 22
class 0.36376675963401794 162 6 172 18
class 0.4898752272129059 52 19 64 32
class 0.4028765857219696 122 23 132 34
class 0.5083918571472168 193 17 199 29
class 0.4965990483760834 15 33 24 43
class 0.562500536441803 49 27 58 40
class 0.5197330117225647 155 39 164 51
class 0.45328426361083984 54 49 63 61
class 0.47956088185310364 71 47 82 60
class 0.5076979994773865 87 48 98 61
class 0.23148082196712494 128 47 137 59
class 0.500647783279419 160 52 174 66
class 0.6107596158981323 31 59 42 71
class 0.3599281311035156 125 63 134 77
class 0.2392379641532898 114 76 125 88
class 0.5349738597869873 35 86 45 98
class 0.4131581783294678 75 80 86 91
class 0.5738580822944641 31 98 39 109
class 0.6380935907363892 146 90 156 101
class 0.3290032148361206 112 118 121 130
class 0.4546121060848236 130 118 141 131
class 0.48251786828041077 166 130 177 141
class 0.5515127182006836 33 132 42 143
class 0.4832718074321747 76 139 85 151
class 0.6320244073867798 143 131 153 144
class 0.6268168091773987 191 138 199 151
class 0.5088949799537659 67 147 77 159
class 0.2739688754081726 130 149 141 162
class 0.5286324620246887 67 164 78 177
class 0.5852004885673523 172 169 182 180
class 0.6906902194023132 3 180 12 191
class 0.3842834234237671 100 179 112 193
class 0.4315219819545746 84 187 94 198
