class 0.7762079238891602 83 3 94 15
class 0.7667064666748047 186 0 197 10
class 0.20035189390182495 188 23 196 38
class 0.44621744751930237 73 28 82 39
class 0.5617839694023132 30 40 40 52
class 0.5050028562545776 87 41 99 54
class 0.5686935782432556 108 45 118 56
class 0.6143668293952942 136 38 145 50
class 0.4319116175174713 173 37 185 50
class 0.17221231758594513 1 50 5 61
class 0.8366897106170654 1 49 11 61
class 0.47893521189689636 26 62 37 76
class 0.5222466588020325 94 58 104 71
class 0.5525690317153931 126 76 136 88
class 0.5007171630859375 133 70 143 83
class 0.6251106858253479 77 87 88 99
class 0.41062310338020325 144 83 155 94
class 0.5843338966369629 153 96 164 109
class 0.45705071091651917 27 118 38 130
class 0.41231757402420044 62 114 71 126
class 0.5949094295501709 145 118 155 130
class 0.6700669527053833 159 117 168 129
class 0.5518286228179932 4 122 14 135
class 0.3814883530139923 86 141 95 151
class 0.3747785687446594 28 143 38 156
class 0.5228953957557678 71 146 81 159
class 0.6083645820617676 106 148 115 160
class 0.45660606026649475 113 142 125 155
class 0.4403146803379059 15 154 24 164
class 0.5835780501365662 25 156 34 167
class 0.5110934376716614 67 158 77 170
class 0.47679322957992554 75 160 85 171
class 0.7155628204345703 0 171 10 183
class 0.38782045245170593 36 171 46 180
class 0.4349714517593384 162 164 171 175
class 0.41070109605789185 47 176 56 186
class 0.5864261984825134 104 181 114 193
class 0.4973984360694885 160 180 169 193
