class 0.6383339166641235 15 2 24 12
class 0.7148414254188538 45 0 54 12
class 0.544823944568634 69 0 80 7
class 0.6681907773017883 140 1 149 8
class 0.14960800111293793 147 3 157 11
class 0.6064692139625549 63 7 73 20
class 0.22198230028152466 141 14 152 24
class 0.33883237838745117 145 7 156 20
class 0.3511660695075989 7 18 16 30
class 0.5447968244552612 108 15 120 30
class 0.5244465470314026 108 28 122 42
class 0.26445573568344116 126 32 135 44
class 0.3498801589012146 164 27 174 38
class 0.32749348878860474 154 45 163 56
class 0.37036415934562683 118 47 131 60
class 0.4456637501716614 16 65 26 77
class 0.5134121179580688 130 58 141 71
class 0.5647403597831726 180 59 190 70
class 0.643663227558136 48 83 59 96
class 0.5037127137184143 70 79 79 91
class 0.5339876413345337 141 85 152 97
class 0.5206658840179443 38 97 48 110
class 0.5981349349021912 76 97 85 109
class 0.5861397385597229 35 103 47 116
class 0.47157445549964905 104 101 114 113
class 0.5133928656578064 183 107 193 119
class 0.7059744596481323 2 111 13 125
class 0.38378360867500305 37 117 48 130
class 0.36337968707084656 121 115 132 128
class 0.4086776673793793 12 127 22 140
class 0.5479753017425537 156 147 166 158
class 0.5709491968154907 180 141 189 154
class 0.5411674380302429 46 154 55 167
class 0.5443419218063354 154 159 164 172
class 0.49275997281074524 19 164 29 175
class 0.5713586807250977 53 171 64 183
class 0.5666296482086182 108 169 119 180
class 0.6154991984367371 183 164 192 175
class 0.4648022949695587 89 182 99 194
class 0.5988523960113525 153 189 165 199
