class 0.7339204549789429 76 0 87 8
class 0.5537312030792236 80 6 90 18
class 0.6232759356498718 4 20 13 32
class 0.617145299911499 12 21 23 32
class 0.3176259994506836 16 17 27 30
class 0.36004671454429626 81 24 90 34
class 0.41273823380470276 146 26 153 35
class 0.44902700185775757 91 33 101 45
class 0.11468148231506348 148 26 157 37
class 0.5380426645278931 15 39 23 48
class 0.39727702736854553 24 43 37 55
class 0.4963645339012146 179 45 190 58
class 0.4111798405647278 34 61 45 75
class 0.5659988522529602 70 75 79 89
class 0.3960154354572296 189 79 196 90
class 0.4974197447299957 14 91 25 103
class 0.5585798621177673 30 91 40 103
class 0.5017849206924438 118 95 129 106
class 0.5494685173034668 147 94 157 104
class 0.429344117641449 16 108 26 121
class 0.562163233757019 103 127 112 140
class 0.5547577738761902 161 121 173 134
class 0.4770054519176483 79 139 90 151
class 0.7513068318367004 149 135 161 149
class 0.554728090763092 171 133 181 146
class 0.7406312227249146 0 148 7 161
class 0.4015910029411316 191 142 199 154
class 0.4355558156967163 12 161 22 172
class 0.3947700262069702 131 158 141 169
class 0.3065996766090393 26 169 37 182
class 0.32000353932380676 79 164 90 175
class 0.44520464539527893 73 182 84 193
class 0.541073203086853 79 180 91 194
class 0.3829810321331024 98 182 108 192
class 0.1017276719212532 26 193 35 199
class 0.7123771905899048 32 188 42 197
class 0.14144174754619598 30 193 36 197
class 0.12763440608978271 71 189 81 198
class 0.5833815336227417 119 191 129 199
