class 0.670935332775116 0 8 5 20
class 0.520521342754364 13 6 22 19
class 0.5363712310791016 29 6 39 19
class 0.500026524066925 50 5 62 19
class 0.5319470763206482 145 12 156 26
class 0.6471670269966125 55 16 66 29
class 0.5335928201675415 98 18 109 31
class 0.560500979423523 8 33 17 45
class 0.5367754697799683 101 66 112 78
class 0.28966256976127625 119 68 131 82
class 0.5126844048500061 153 75 163 86
class 0.5499554872512817 183 75 193 87
class 0.46442142128944397 16 81 24 92
class 0.4708184003829956 21 84 34 96
class 0.40195348858833313 27 86 37 99
class 0.5577990412712097 48 85 59 96
class 0.5413510203361511 182 108 192 118
class 0.7506495714187622 1 111 10 123
class 0.5783808827400208 29 111 40 123
class 0.3941764235496521 168 119 177 130
class 0.5178593397140503 95 121 104 134
class 0.381693571805954 152 121 162 134
class 0.5148009061813354 183 122 193 135
class 0.5219135284423828 19 135 30 146
class 0.5915147662162781 87 131 99 146
class 0.6016650199890137 161 131 172 145
class 0.5029668211936951 51 153 60 164
class 0.49927201867103577 89 160 98 170
class 0.308142751455307 151 160 162 171
class 0.41797754168510437 158 159 171 171
class 0.7590039372444153 1 165 10 178
class 0.46150875091552734 135 168 144 181
class 0.5866001844406128 162 169 172 179
class 0.5964958667755127 5 179 13 191
class 0.5617948174476624 30 175 40 187
class 0.6214312314987183 60 174 72 186
class 0.39118537306785583 153 178 165 193
class 0.39809945225715637 167 180 178 195
class 0.686516523361206 14 189 24 198
class 0.5961588025093079 101 185 112 197
