class 0.7820650935173035 168 2 179 16
class 0.6071845293045044 56 7 65 19
class 0.543036937713623 81 17 90 30
class 0.4119652509689331 161 15 172 28
class 0.43296027183532715 49 31 59 43
class 0.5931580066680908 136 31 145 43
class 0.5317533612251282 157 34 166 45
class 0.726027250289917 192 30 199 43
class 0.5912513136863708 39 44 48 56
class 0.8023434281349182 0 49 6 61
class 0.5668811798095703 23 49 33 61
class 0.3220541775226593 69 47 79 59
class 0.5832619071006775 180 49 189 60
class 0.46358799934387207 60 59 70 74
class 0.5741541981697083 17 73 27 87
class 0.5208608508110046 143 74 153 84
class 0.41520577669143677 24 97 35 111
class 0.3612963855266571 109 97 120 109
class 0.2749612331390381 53 107 62 120
class 0.37648138403892517 59 102 68 114
class 0.36098548769950867 72 108 83 119
class 0.4682098925113678 156 107 167 120
class 0.6274113655090332 106 128 115 138
class 0.7342173457145691 159 125 171 139
class 0.6766940951347351 53 140 63 151
class 0.5240678191184998 79 140 90 152
class 0.5314413905143738 107 139 119 152
class 0.5476135015487671 123 140 133 151
class 0.3537496328353882 57 141 66 154
class 0.5180099010467529 180 141 190 154
class 0.48594340682029724 71 160 81 173
class 0.5737980008125305 29 171 40 184
class 0.41863951086997986 89 171 102 180
class 0.5314158201217651 116 170 127 184
class 0.6206246614456177 179 170 190 182
class 0.5029895305633545 85 178 94 191
class 0.4790535867214203 95 179 106 192
class 0.676044225692749 1 186 10 198
class 0.5872347950935364 11 189 22 199
