class 0.736473560333252 18 3 28 14
class 0.2688257098197937 90 8 101 18
class 0.4914005696773529 103 11 114 25
class 0.46658462285995483 184 14 192 25
class 0.36134302616119385 119 20 131 33
class 0.2729450762271881 193 15 199 27
class 0.18853501975536346 196 17 199 26
class 0.30767056345939636 6 29 16 43
class 0.4985159933567047 24 32 36 46
class 0.1344366818666458 30 33 41 45
class 0.33943599462509155 38 32 48 45
class 0.463279128074646 60 34 69 47
class 0.5533992052078247 74 31 83 43
class 0.5724250078201294 154 44 164 56
class 0.3700487017631531 101 54 111 66
class 0.48745426535606384 124 54 135 66
class 0.5487829446792603 136 55 147 67
class 0.6327735185623169 17 66 28 77
class 0.1422913521528244 31 64 44 79
class 0.2952083647251129 29 66 38 78
class 0.5118027329444885 39 58 48 71
class 0.5624967813491821 83 69 93 81
class 0.5383622646331787 126 92 135 103
class 0.4137978255748749 133 92 142 104
class 0.42605870962142944 172 95 183 108
class 0.49998587369918823 187 92 196 105
class 0.543671190738678 49 102 61 114
class 0.5435439348220825 31 128 40 141
class 0.4975356459617615 58 127 69 139
class 0.6902253031730652 4 140 14 152
class 0.4413914978504181 92 134 101 145
class 0.5118354558944702 143 136 153 147
class 0.36799436807632446 38 142 50 157
class 0.4537197947502136 6 152 15 166
class 0.5401945114135742 30 160 42 172
class 0.5830034017562866 41 159 51 170
class 0.5276206731796265 189 154 197 166
class 0.6317623257637024 11 170 22 182
class 0.2854669988155365 174 183 182 193
class 0.5110823512077332 85 186 94 197
class 0.42342236638069153 161 188 171 197
