class 0.5383336544036865 103 4 114 14
class 0.1595720499753952 57 12 67 24
class 0.5978768467903137 63 13 75 25
class 0.6912468671798706 109 10 118 21
class 0.6528805494308472 189 22 199 33
class 0.42502865195274353 77 32 89 44
class 0.6475421190261841 91 27 102 39
class 0.7068681716918945 83 38 93 51
class 0.5924005508422852 66 48 78 60
class 0.4959386885166168 112 50 122 65
class 0.6828234791755676 183 48 193 60
class 0.5068842172622681 94 63 104 77
class 0.35245606303215027 161 66 172 79
class 0.48211669921875 11 70 22 83
class 0.43844908475875854 123 72 132 85
class 0.5074732899665833 154 89 165 102
class 0.570856511592865 159 105 170 117
class 0.3401373624801636 165 103 174 112
class 0.23193995654582977 184 107 195 121
class 0.6047728657722473 168 118 179 129
class 0.3456648588180542 179 110 188 122
class 0.7924886345863342 0 128 8 142
class 0.342102587223053 37 123 47 133
class 0.4789698123931885 64 120 74 134
class 0.5070828795433044 102 121 113 133
class 0.38665005564689636 174 128 185 142
class 0.4852879047393799 90 131 100 144
class 0.4729670584201813 129 136 141 150
class 0.408398300409317 70 142 80 155
class 0.42914894223213196 100 161 109 172
class 0.5232091546058655 140 161 151 173
class 0.551887571811676 29 163 40 176
class 0.5655114054679871 72 170 83 183
class 0.60123610496521 88 171 99 182
class 0.7246886491775513 0 175 5 187
class 0.5212529301643372 15 178 25 191
class 0.25113630294799805 47 181 59 192
class 0.4763493537902832 48 191 60 199
class 0.34487026929855347 78 185 91 198
class 0.5368285179138184 187 190 197 199
