class 0.6223410367965698 16 0 27 7
class 0.735873818397522 127 1 137 12
class 0.5689873695373535 16 11 24 22
class 0.7434406280517578 45 9 56 21
class 0.6263338327407837 51 6 62 17
class 0.5967689752578735 141 7 150 18
class 0.6969762444496155 5 20 12 31
class 0.46958276629447937 91 29 100 42
class 0.16254360973834991 107 36 118 49
class 0.33687418699264526 156 45 167 57
class 0.18812009692192078 172 38 182 50
class 0.24418878555297852 151 55 161 67
class 0.5458983778953552 16 59 27 71
class 0.5724121332168579 98 59 108 72
class 0.39807039499282837 192 58 199 70
class 0.6096963882446289 82 80 92 93
class 0.43616536259651184 119 82 131 95
class 0.41728439927101135 122 97 132 109
class 0.2501939833164215 139 91 148 103
class 0.715881884098053 192 97 199 109
class 0.5689013004302979 59 109 70 120
class 0.5762438774108887 87 100 97 113
class 0.3983992040157318 6 113 17 125
class 0.5161684155464172 35 118 45 131
class 0.4778822362422943 143 110 153 124
class 0.5956708192825317 37 128 47 140
class 0.5082417130470276 134 128 143 140
class 0.6002768278121948 79 138 91 149
class 0.5673983097076416 102 131 112 144
class 0.4120309054851532 89 148 101 160
class 0.5014981627464294 185 143 196 156
class 0.7126801609992981 4 159 14 170
class 0.47944873571395874 114 153 124 165
class 0.47633254528045654 139 161 149 173
class 0.42835262417793274 28 167 38 180
class 0.5506357550621033 113 165 123 177
class 0.459195613861084 57 182 67 192
class 0.7500741481781006 4 191 13 199
class 0.4743921160697937 68 186 81 198
