class 0.7419589757919312 88 3 98 14
class 0.6297144293785095 8 11 18 23
class 0.112674780189991 87 8 97 17
class 0.5687161684036255 91 10 102 22
class 0.7717894911766052 181 17 190 30
class 0.48800474405288696 103 31 113 44
class 0.3344590365886688 153 34 162 47
class 0.5401372909545898 113 48 125 62
class 0.33980587124824524 144 47 153 60
class 0.14701254665851593 89 58 99 73
class 0.5073930025100708 91 64 100 76
class 0.7183180451393127 0 76 6 88
class 0.6533415913581848 144 76 153 87
class 0.7000169157981873 192 70 199 83
class 0.7029160857200623 150 85 163 99
class 0.5597090125083923 30 95 39 107
class 0.44078606367111206 69 97 79 109
class 0.42147859930992126 107 97 117 109
class 0.3297577500343323 143 104 153 115
class 0.48893460631370544 168 109 178 120
class 0.5658506155014038 189 104 197 116
class 0.4706741273403168 144 112 153 123
class 0.3957897126674652 25 133 34 145
class 0.3975309133529663 71 139 80 151
class 0.48685237765312195 100 144 113 159
class 0.22838103771209717 142 148 151 160
class 0.5284199118614197 188 145 197 158
class 0.243790403008461 32 163 42 172
class 0.2670699954032898 50 154 60 165
class 0.4843410551548004 176 160 187 172
class 0.7344868183135986 34 169 43 179
class 0.4985842704772949 50 164 60 176
class 0.5718213319778442 119 170 130 182
class 0.29678669571876526 162 171 172 183
class 0.5212347507476807 25 174 35 186
class 0.530713677406311 60 181 71 194
class 0.6521208882331848 115 178 126 191
class 0.6160629987716675 188 188 198 199
