class 0.6926114559173584 102 2 112 13
class 0.32403671741485596 89 11 101 23
class 0.43917202949523926 25 21 35 34
class 0.4975004196166992 28 19 38 31
class 0.4420873820781708 14 34 24 45
class 0.603909969329834 70 32 81 45
class 0.5735036134719849 84 28 94 42
class 0.23891691863536835 58 46 69 57
class 0.7098363041877747 76 43 90 56
class 0.6280405521392822 167 41 177 54
class 0.44165605306625366 16 49 24 60
class 0.46429693698883057 67 58 77 70
class 0.47941115498542786 80 58 90 71
class 0.45826321840286255 96 62 105 72
class 0.4953763484954834 182 64 192 76
class 0.4707973003387451 111 70 121 82
class 0.5476945042610168 44 81 54 93
class 0.41278916597366333 188 79 195 91
class 0.5492271780967712 24 91 36 105
class 0.5437970757484436 33 96 43 109
class 0.4832790791988373 7 100 18 113
class 0.4471411406993866 129 107 139 119
class 0.4649396240711212 14 117 25 130
class 0.6343974471092224 192 110 199 123
class 0.5126460790634155 56 122 67 135
class 0.5697404742240906 71 129 82 140
class 0.503456711769104 155 129 167 141
class 0.49793383479118347 60 132 70 145
class 0.4908291697502136 93 136 103 149
class 0.5993881821632385 160 136 173 152
class 0.26269474625587463 133 143 144 156
class 0.3185608386993408 90 160 101 173
class 0.6285581588745117 116 160 126 171
class 0.4177120327949524 71 164 81 177
class 0.43148374557495117 89 174 99 186
class 0.5213834047317505 116 174 127 187
class 0.7078203558921814 3 189 15 199
