class 0.7436859607696533 41 0 50 11
class 0.8170364499092102 169 0 179 9
class 0.1094643846154213 174 1 185 9
class 0.5518205761909485 74 23 83 35
class 0.34419241547584534 170 17 182 27
class 0.6241167783737183 45 53 57 69
class 0.5701485276222229 78 54 88 68
class 0.45677444338798523 165 52 175 64
class 0.563960611820221 190 55 198 67
class 0.5207729339599609 14 66 24 78
class 0.5905848145484924 90 66 101 78
class 0.5451244711875916 138 58 147 69
class 0.4247428774833679 177 71 187 85
class 0.43538451194763184 180 79 190 90
class 0.40368208289146423 11 98 22 109
class 0.7590044140815735 4 108 13 119
class 0.49014830589294434 43 99 54 113
class 0.2599198818206787 140 100 151 113
class 0.6698567271232605 11 117 23 130
class 0.32435309886932373 164 117 174 129
class 0.4682583510875702 28 120 38 134
class 0.5412706732749939 105 137 114 148
class 0.6411975622177124 138 136 147 149
class 0.4511624276638031 131 143 139 154
class 0.4927903115749359 137 143 147 154
class 0.6878362894058228 0 156 9 167
class 0.5379135608673096 10 160 20 173
class 0.39447715878486633 58 155 70 168
class 0.4054618179798126 99 162 108 171
class 0.5795271396636963 177 161 187 172
class 0.4922407269477844 9 169 20 183
class 0.6221078038215637 50 168 61 181
class 0.443650484085083 86 165 97 177
class 0.6189959049224854 108 165 118 176
class 0.4990394711494446 134 171 145 184
class 0.45478227734565735 79 189 87 199
class 0.7028314471244812 146 188 157 199
