class 0.5981394648551941 91 0 102 7
class 0.43113747239112854 82 12 90 27
class 0.23940975964069366 134 12 144 26
class 0.4280451834201813 174 8 185 20
class 0.6040905714035034 101 20 111 34
class 0.7272474765777588 102 26 112 41
class 0.5978435277938843 0 38 7 49
class 0.577182948589325 108 41 121 54
class 0.5330343842506409 35 54 47 66
class 0.6707281470298767 102 53 112 66
class 0.5700109004974365 106 58 116 70
class 0.5648547410964966 145 62 155 75
class 0.3751191198825836 7 69 17 81
class 0.56711345911026 191 75 199 87
class 0.37629130482673645 16 87 23 100
class 0.5206530094146729 126 79 137 93
class 0.5564558506011963 135 86 145 98
class 0.7418880462646484 0 97 6 108
class 0.43455663323402405 48 95 58 107
class 0.5430569052696228 109 97 120 109
class 0.5089326500892639 186 107 196 121
class 0.6439865827560425 4 113 14 125
class 0.43503525853157043 112 111 120 123
class 0.12677088379859924 188 117 198 129
class 0.5415246486663818 31 127 40 138
class 0.44206663966178894 69 120 79 134
class 0.6311808824539185 146 129 156 140
class 0.4203313887119293 192 121 199 132
class 0.3616679608821869 60 131 69 145
class 0.4294339120388031 114 133 125 144
class 0.3094087243080139 184 138 195 151
class 0.7047740817070007 2 144 13 157
class 0.6297666430473328 60 142 69 155
class 0.3123393654823303 144 145 152 159
class 0.561813235282898 43 159 54 173
class 0.48676127195358276 23 172 34 183
class 0.4741254448890686 161 172 171 183
class 0.2552655041217804 184 179 193 193
class 0.1507464051246643 188 180 197 194
class 0.702415943145752 54 185 64 197
class 0.5258840918540955 125 187 137 199
class 0.6152880787849426 191 184 199 198
