class 0.7647594213485718 75 0 84 13
class 0.22355051338672638 90 2 101 10
class 0.302643358707428 92 6 102 19
class 0.5346984267234802 59 16 69 31
class 0.5720725059509277 123 24 132 36
class 0.3062298893928528 149 23 163 34
class 0.5287622213363647 158 22 166 36
class 0.54248046875 8 36 18 46
class 0.546400249004364 27 32 37 46
class 0.5422243475914001 73 32 82 43
class 0.5046806931495667 139 26 152 38
class 0.10019822418689728 26 39 34 49
class 0.5862146615982056 59 62 69 73
class 0.3656579256057739 125 67 134 79
class 0.3694766163825989 139 57 152 71
class 0.47597625851631165 150 63 161 75
class 0.36099687218666077 57 75 67 88
class 0.4604116976261139 7 85 18 98
class 0.4628671705722809 143 95 153 107
class 0.5645374059677124 176 91 186 104
class 0.3851096034049988 132 107 142 122
class 0.6147217750549316 96 114 108 126
class 0.624661386013031 114 128 125 142
class 0.723262369632721 192 134 199 146
class 0.7207046747207642 4 143 14 155
class 0.27724915742874146 33 141 42 154
class 0.3272228538990021 172 149 184 162
class 0.4993288815021515 57 154 65 165
class 0.5188106894493103 95 154 105 166
class 0.3908114433288574 162 161 172 172
class 0.6970734000205994 115 164 126 176
class 0.6148622632026672 26 178 35 189
class 0.6199971437454224 44 175 55 186
class 0.44852811098098755 53 175 64 184
class 0.5024970173835754 67 180 77 191
class 0.5877193808555603 126 187 136 198
