class 0.743679404258728 87 0 97 7
class 0.5886713862419128 162 0 171 10
class 0.7193500399589539 2 12 10 24
class 0.4654114246368408 57 14 67 25
class 0.4379372298717499 128 16 141 29
class 0.17170770466327667 164 16 173 27
class 0.4459582567214966 133 31 142 45
class 0.4718068838119507 147 28 155 39
class 0.6268274784088135 183 27 193 40
class 0.3758932948112488 8 42 17 55
class 0.6528987288475037 42 44 50 56
class 0.4970683753490448 53 45 63 55
class 0.6256111860275269 193 44 199 56
class 0.5324168801307678 42 58 52 71
class 0.4898577034473419 70 64 80 76
class 0.31005170941352844 150 66 163 79
class 0.4895209074020386 159 63 173 77
class 0.5802836418151855 164 61 175 73
class 0.5251568555831909 175 66 187 79
class 0.5636318325996399 51 91 62 102
class 0.6372234225273132 66 118 76 130
class 0.42924371361732483 88 110 100 125
class 0.5002612471580505 168 119 177 130
class 0.6208021640777588 40 128 50 140
class 0.46622416377067566 90 124 99 136
class 0.39553120732307434 151 127 162 139
class 0.31451109051704407 171 126 179 139
class 0.5185394883155823 179 130 191 141
class 0.5899069905281067 48 147 59 161
class 0.4979284107685089 140 144 150 158
class 0.483157217502594 31 161 42 173
class 0.43482595682144165 5 165 12 177
class 0.5090955495834351 119 167 130 179
class 0.36831530928611755 141 171 152 183
class 0.6663409471511841 167 164 176 175
class 0.5589036345481873 74 178 87 192
class 0.6680364012718201 144 181 155 192
class 0.5188124775886536 15 193 25 199
class 0.6196659803390503 172 190 182 199
