class 0.5124136209487915 27 0 38 9
class 0.7188966274261475 44 1 55 12
class 0.6618167757987976 59 0 69 7
class 0.5812188982963562 77 0 88 8
class 0.7118710279464722 123 1 132 13
class 0.7530744075775146 148 1 158 14
class 0.7888854742050171 175 2 187 15
class 0.402752548456192 47 7 57 19
class 0.7935189604759216 0 18 7 29
class 0.33605676889419556 67 16 78 29
class 0.5743004679679871 135 37 145 50
class 0.5612433552742004 4 50 15 62
class 0.5840451121330261 24 49 33 62
class 0.4055555462837219 136 69 146 83
class 0.4779413640499115 38 86 48 98
class 0.6201025247573853 148 84 158 97
class 0.5491556525230408 154 86 164 95
class 0.6046873927116394 166 86 177 97
class 0.8320629596710205 0 95 6 107
class 0.575566828250885 158 96 168 108
class 0.3127460181713104 77 100 89 113
class 0.23447445034980774 87 100 100 113
class 0.5385109186172485 133 102 144 115
class 0.7530113458633423 0 114 8 125
class 0.5042385458946228 114 110 125 123
class 0.5346789360046387 143 127 155 139
class 0.8001209497451782 45 135 57 150
class 0.5106894969940186 83 135 93 147
class 0.2462235391139984 173 138 184 151
class 0.45423343777656555 68 153 77 166
class 0.527493417263031 67 164 78 175
class 0.34732523560523987 101 164 111 177
class 0.4501097500324249 133 164 145 176
class 0.6146817803382874 5 179 13 189
class 0.48838624358177185 47 175 57 187
class 0.6523067951202393 192 180 199 192
class 0.5770528316497803 109 186 119 196
