class 0.7417894601821899 34 0 43 13
class 0.5667675137519836 43 0 55 10
class 0.7635452151298523 84 3 94 15
class 0.7404478788375854 135 0 145 14
class 0.7088879942893982 0 7 7 19
class 0.5327096581459045 120 8 129 20
class 0.578191339969635 181 10 192 25
class 0.5541110634803772 25 18 35 34
class 0.36791008710861206 134 31 143 42
class 0.49991166591644287 122 54 132 67
class 0.5885592103004456 139 52 151 69
class 0.546556293964386 51 58 63 71
class 0.600831151008606 143 58 153 72
class 0.468669593334198 28 70 37 81
class 0.6834643483161926 96 71 108 85
class 0.33690401911735535 101 74 110 87
class 0.5415681004524231 31 79 41 92
class 0.7613469362258911 3 90 12 102
class 0.4981493353843689 170 90 179 101
class 0.42092257738113403 71 106 83 119
class 0.4121701717376709 25 110 36 124
class 0.5472507476806641 109 118 119 130
class 0.49853962659835815 156 114 166 125
class 0.4829225242137909 88 121 99 134
class 0.4250869154930115 116 121 125 132
class 0.36614692211151123 146 123 156 136
class 0.5077239871025085 154 139 164 151
class 0.7906405925750732 0 148 9 161
class 0.2733493745326996 16 141 25 154
class 0.6355811357498169 113 144 126 158
class 0.564566969871521 188 142 196 155
class 0.5838362574577332 100 154 112 167
class 0.47822466492652893 137 159 148 171
class 0.3488977253437042 78 171 89 182
class 0.4267145097255707 142 169 151 182
class 0.564999520778656 161 170 172 184
class 0.4392310380935669 14 176 24 188
class 0.6294587850570679 181 176 191 187
class 0.4106593430042267 134 192 143 199
