class 0.7309896945953369 119 2 128 14
class 0.5902946591377258 0 8 8 21
class 0.7883450388908386 1 17 11 31
class 0.4348049461841583 73 17 82 28
class 0.7449495792388916 2 28 13 40
class 0.3480920195579529 17 33 26 48
class 0.35987839102745056 76 35 84 46
class 0.7017939686775208 116 27 125 38
class 0.6681224703788757 185 29 195 40
class 0.6960369944572449 4 45 13 56
class 0.5565152764320374 71 41 81 54
class 0.650726318359375 135 42 145 54
class 0.712764322757721 169 51 178 63
class 0.18653498589992523 166 52 173 61
class 0.48565125465393066 175 49 185 62
class 0.4869679808616638 59 60 68 74
class 0.6128641963005066 75 65 85 77
class 0.11658193916082382 172 58 181 70
class 0.4649341106414795 16 70 27 83
class 0.7501019239425659 0 85 7 97
class 0.4803725779056549 30 90 40 103
class 0.22853849828243256 66 95 79 112
class 0.5747022032737732 70 91 80 105
class 0.49160832166671753 146 98 155 109
class 0.4511198401451111 25 106 35 120
class 0.4650905132293701 87 109 99 121
class 0.3982328772544861 100 106 111 120
class 0.5675217509269714 160 100 173 115
class 0.612147867679596 183 100 192 112
class 0.5084638595581055 143 118 152 130
class 0.4716004431247711 10 128 19 141
class 0.5303249955177307 123 133 134 147
class 0.4792437255382538 161 148 172 160
class 0.42512190341949463 15 161 24 172
class 0.4565005898475647 140 155 151 167
class 0.11469581723213196 11 166 21 179
class 0.34536901116371155 16 167 23 177
class 0.4512808322906494 25 170 34 180
class 0.11797887831926346 29 169 43 183
class 0.3959117531776428 40 166 50 180
class 0.3791346251964569 173 163 182 176
class 0.6070312261581421 10 175 21 186
class 0.521757185459137 114 186 124 196
