class 0.7223736047744751 34 0 45 11
class 0.5517507791519165 116 10 127 23
class 0.8060702681541443 0 18 9 29
class 0.6152363419532776 99 19 109 31
class 0.4073265492916107 132 22 142 35
class 0.578586220741272 91 33 101 44
class 0.5374879240989685 143 34 152 46
class 0.699009120464325 13 42 24 53
class 0.369479238986969 17 41 29 52
class 0.11942832171916962 19 42 24 50
class 0.5770004391670227 33 41 42 52
class 0.3140644431114197 37 43 47 56
class 0.6312628388404846 54 40 64 51
class 0.541140079498291 143 54 152 66
class 0.1549147516489029 1 72 5 85
class 0.8490201830863953 2 73 10 85
class 0.41239726543426514 107 69 118 81
class 0.5146104693412781 9 97 19 110
class 0.4254806339740753 83 90 93 102
class 0.6034991145133972 168 95 179 108
class 0.5239368081092834 176 92 189 105
class 0.6365665793418884 38 106 48 118
class 0.5466039776802063 143 104 153 116
class 0.6411718130111694 193 111 199 123
class 0.5250047445297241 66 129 74 140
class 0.682111918926239 23 138 36 152
class 0.6300520300865173 62 136 72 147
class 0.45777735114097595 100 143 112 156
class 0.3366304636001587 157 142 165 154
class 0.318470299243927 121 153 129 164
class 0.21977552771568298 156 159 165 170
class 0.4229642450809479 167 153 176 164
class 0.5239723920822144 35 170 44 180
class 0.1456560641527176 45 173 56 182
class 0.5278569459915161 74 163 85 175
class 0.48919877409935 127 164 138 177
class 0.2835392355918884 143 178 154 192
