class 0.6480444669723511 3 3 12 14
class 0.7987070083618164 114 2 123 15
class 0.6150306463241577 1 6 9 17
class 0.5298193693161011 41 23 50 34
class 0.3882889747619629 84 34 93 45
class 0.37367281317710876 98 32 109 46
class 0.5534735321998596 11 44 21 56
class 0.479187548160553 48 44 57 56
class 0.2637951672077179 67 45 78 58
class 0.5185840725898743 155 46 164 57
class 0.37711986899375916 77 69 88 81
class 0.5601188540458679 91 77 102 88
class 0.509372889995575 140 76 152 87
class 0.6167899370193481 154 77 164 89
class 0.5348284244537354 59 82 68 92
class 0.2843706011772156 83 87 93 100
class 0.374033123254776 100 87 111 100
class 0.5167839527130127 182 86 191 100
class 0.5041966438293457 13 90 23 102
class 0.6249440312385559 38 89 49 102
class 0.48643338680267334 168 96 179 109
class 0.6335422396659851 191 93 199 106
class 0.4687190055847168 52 100 63 113
class 0.4254615306854248 119 113 130 125
class 0.5445738434791565 166 113 178 125
class 0.8192240595817566 0 132 7 143
class 0.4926338195800781 56 134 64 146
class 0.35810449719429016 153 138 163 151
class 0.2943899929523468 37 142 48 156
class 0.527204155921936 117 158 126 169
class 0.46771949529647827 144 156 154 169
class 0.4417310357093811 187 155 198 169
class 0.5737528204917908 23 170 33 182
class 0.31554654240608215 28 167 41 178
class 0.31574344635009766 20 174 29 186
class 0.423692524433136 128 174 138 185
class 0.7560287117958069 0 188 9 199
class 0.5850174427032471 159 190 169 199
class 0.5602250695228577 192 190 199 199
