class 0.5319691896438599 125 12 134 25
class 0.8060413599014282 180 10 191 24
class 0.2073371261358261 150 16 161 30
class 0.6007084846496582 81 34 91 46
class 0.33363741636276245 130 33 142 46
class 0.46600183844566345 146 33 155 45
class 0.5481082201004028 55 42 67 55
class 0.5500290989875793 124 43 133 55
class 0.4341049790382385 156 45 166 58
class 0.5739291906356812 65 48 74 59
class 0.3593040406703949 112 48 120 63
class 0.33087196946144104 17 66 26 78
class 0.5089735388755798 167 66 178 78
class 0.7636464238166809 4 72 11 85
class 0.33120056986808777 9 72 18 86
class 0.4951106011867523 34 70 43 81
class 0.7751535177230835 2 83 11 96
class 0.5524681210517883 118 79 128 91
class 0.6490333080291748 179 85 191 100
class 0.4122624397277832 45 89 55 102
class 0.39293596148490906 58 108 69 121
class 0.5383724570274353 139 118 148 129
class 0.5077321529388428 190 111 199 124
class 0.5322330594062805 49 127 60 140
class 0.5727012753486633 92 137 103 148
class 0.32405388355255127 109 131 120 147
class 0.4356028437614441 18 144 28 157
class 0.500011146068573 81 141 91 154
class 0.5405323505401611 146 142 156 154
class 0.5569384694099426 115 157 125 169
class 0.6044604778289795 44 174 54 185
class 0.5283195376396179 76 181 86 194
class 0.4069739580154419 161 175 171 186
class 0.5016223788261414 189 181 198 193
class 0.6411949992179871 18 187 29 196
class 0.45279833674430847 101 187 113 198
class 0.6442676782608032 145 190 157 199
class 0.35935211181640625 185 185 192 196
