class 0.7468866109848022 135 2 145 14
class 0.5716916918754578 149 6 157 20
class 0.5394467115402222 126 21 135 32
class 0.23752346634864807 172 16 183 29
class 0.604703426361084 187 19 197 29
class 0.8103987574577332 0 41 7 52
class 0.7032586932182312 76 41 85 53
class 0.30010145902633667 135 46 145 57
class 0.44534236192703247 181 37 191 48
class 0.5331762433052063 64 48 75 61
class 0.41341081261634827 92 54 100 66
class 0.3393265902996063 184 48 196 61
class 0.5793328881263733 46 74 57 88
class 0.6478747725486755 48 71 60 84
class 0.5676938891410828 192 72 199 84
class 0.6842808127403259 4 80 13 92
class 0.38609352707862854 69 83 79 97
class 0.6485040187835693 192 85 199 97
class 0.612213671207428 74 94 84 107
class 0.5866156220436096 133 98 144 110
class 0.32022833824157715 98 106 109 118
class 0.29763171076774597 103 104 114 116
class 0.418701708316803 110 101 122 114
class 0.4802013337612152 185 101 196 112
class 0.5022314190864563 41 117 50 129
class 0.40043702721595764 66 115 75 127
class 0.3304210305213928 73 129 81 141
class 0.2490171641111374 173 120 183 134
class 0.5357536673545837 165 139 175 152
class 0.7435988783836365 0 142 7 154
class 0.6779088973999023 66 144 76 156
class 0.521012008190155 12 158 22 170
class 0.3318779766559601 110 161 120 171
class 0.4847017824649811 173 154 182 165
class 0.5947866439819336 67 166 78 180
class 0.45223867893218994 111 168 119 180
class 0.1681790053844452 114 170 123 182
class 0.5558158159255981 117 175 128 185
class 0.558883547782898 98 193 109 199
class 0.5966798067092896 134 189 145 199
