class 0.6881873607635498 35 3 44 12
class 0.7581177949905396 49 1 58 13
class 0.8188484907150269 126 3 136 15
class 0.74445641040802 158 0 168 6
class 0.3843418061733246 68 12 77 25
class 0.6160459518432617 8 23 18 35
class 0.42760539054870605 31 23 40 34
class 0.5471526980400085 54 15 66 29
class 0.46892043948173523 146 18 155 29
class 0.48364540934562683 164 17 174 28
class 0.8091251850128174 2 27 9 38
class 0.5514487028121948 20 45 30 57
class 0.5282807946205139 101 37 110 49
class 0.5505258440971375 139 42 148 55
class 0.44145873188972473 187 39 195 52
class 0.7637543082237244 4 50 13 62
class 0.36145058274269104 17 50 27 64
class 0.4004489481449127 57 49 68 64
class 0.39646115899086 113 57 122 70
class 0.556167483329773 154 63 163 74
class 0.3812728822231293 24 74 35 88
class 0.4344848096370697 25 82 36 98
class 0.6184244155883789 45 95 57 107
class 0.395060271024704 15 106 25 117
class 0.48063167929649353 46 106 57 121
class 0.472604364156723 102 101 112 112
class 0.4675823748111725 146 109 157 120
class 0.6417999267578125 169 106 179 118
class 0.6023879051208496 133 118 144 130
class 0.5260292291641235 61 139 70 150
class 0.5679705142974854 140 136 149 147
class 0.3890358805656433 143 133 152 148
class 0.47466954588890076 5 142 17 154
class 0.29398271441459656 35 151 45 162
class 0.404719740152359 159 141 169 153
class 0.4275604784488678 29 153 40 164
class 0.5901878476142883 115 153 127 166
class 0.440439909696579 138 158 150 171
class 0.6064356565475464 30 182 41 194
