class 0.6384304165840149 15 2 24 13
class 0.6592536568641663 49 2 58 13
class 0.6491464972496033 181 7 191 19
class 0.4856557548046112 10 16 20 29
class 0.53489750623703 12 34 21 46
class 0.5594753623008728 38 34 47 44
class 0.5189304947853088 154 28 164 41
class 0.5061035752296448 35 43 46 56
class 0.6638438105583191 60 50 72 63
class 0.4724489152431488 101 52 111 64
class 0.6144421696662903 144 54 153 67
class 0.38232576847076416 84 57 94 72
class 0.40125975012779236 105 66 115 77
class 0.49922144412994385 90 75 100 87
class 0.501712441444397 167 68 177 80
class 0.4281614124774933 40 82 50 94
class 0.29177308082580566 126 83 136 95
class 0.19855186343193054 107 95 117 107
class 0.5392084717750549 125 105 134 116
class 0.17710569500923157 122 110 133 122
class 0.4060136377811432 25 121 36 137
class 0.47782161831855774 80 122 90 135
class 0.16302548348903656 152 128 162 142
class 0.646004855632782 156 126 167 140
class 0.20843015611171722 163 123 174 135
class 0.4319203197956085 184 128 193 141
class 0.639151394367218 187 130 197 140
class 0.3005507290363312 38 149 48 163
class 0.5159338712692261 88 150 97 161
class 0.6206128597259521 95 146 104 159
class 0.11559291929006577 91 148 100 156
class 0.420675665140152 184 142 193 155
class 0.5458993911743164 25 154 34 165
class 0.45112690329551697 59 159 69 172
class 0.5987111330032349 99 153 109 165
class 0.3285199701786041 68 171 80 184
class 0.5328966379165649 61 178 70 191
class 0.5839226841926575 7 191 18 199
class 0.5657024383544922 78 187 87 197
class 0.6048466563224792 181 189 191 199
