class 0.5387164354324341 125 11 135 25
class 0.5757341384887695 154 5 168 19
class 0.4160926938056946 91 24 100 36
class 0.4938277006149292 48 26 57 39
class 0.20027628540992737 91 28 106 41
class 0.5755730271339417 180 32 191 45
class 0.6289008855819702 49 43 59 56
class 0.6354791522026062 94 37 107 49
class 0.7952190637588501 3 73 13 85
class 0.5686007142066956 21 75 30 88
class 0.6289982795715332 49 76 59 88
class 0.38121330738067627 187 71 197 83
class 0.3330324590206146 24 84 36 102
class 0.5653032064437866 113 85 123 97
class 0.5143958330154419 188 78 197 91
class 0.45953571796417236 0 89 7 101
class 0.33942124247550964 143 91 152 101
class 0.7568503618240356 4 107 13 121
class 0.40485242009162903 28 108 37 121
class 0.52828449010849 55 102 64 115
class 0.4943137764930725 93 100 103 113
class 0.43693384528160095 137 102 147 114
class 0.1299920231103897 143 103 152 115
class 0.5499431490898132 181 113 191 124
class 0.2978799641132355 37 123 47 134
class 0.474895715713501 123 129 132 141
class 0.6991344094276428 182 121 190 135
class 0.7125790119171143 0 135 8 148
class 0.6002434492111206 171 133 180 144
class 0.6972146034240723 4 145 12 156
class 0.23164023458957672 52 150 62 162
class 0.29334351420402527 120 150 129 161
class 0.510388970375061 141 147 151 160
class 0.6143891215324402 51 155 61 168
class 0.5897583365440369 172 153 182 165
class 0.4620837867259979 63 170 74 183
class 0.6566070318222046 95 167 105 181
class 0.47485849261283875 168 170 180 182
class 0.524154543876648 157 181 168 195
