class 0.7402458190917969 29 0 40 7
class 0.7534357905387878 72 0 81 6
class 0.7736038565635681 92 0 102 11
class 0.5948150753974915 102 0 112 6
class 0.5724245309829712 131 0 144 7
class 0.7454756498336792 150 2 159 14
class 0.7517628073692322 170 0 180 7
class 0.45082178711891174 15 14 23 24
class 0.20390023291110992 47 11 56 23
class 0.5035082101821899 126 10 136 25
class 0.4150078594684601 94 19 104 31
class 0.36534860730171204 70 32 81 43
class 0.5639383792877197 81 35 90 46
class 0.3468516170978546 25 44 36 59
class 0.6399092078208923 113 37 124 48
class 0.5844079852104187 105 51 114 63
class 0.4271731972694397 151 65 163 80
class 0.531292736530304 24 71 33 84
class 0.5415303111076355 39 70 49 82
class 0.7296366095542908 61 84 72 96
class 0.473712682723999 123 83 132 96
class 0.3114979565143585 28 93 38 105
class 0.27653154730796814 72 98 83 113
class 0.7494502067565918 0 117 8 131
class 0.4968073070049286 55 111 68 124
class 0.5105206966400146 159 128 169 140
class 0.7401570081710815 194 128 199 142
class 0.4583783745765686 58 143 71 155
class 0.7208319306373596 0 159 10 170
class 0.3487001359462738 47 153 59 166
class 0.6709606051445007 106 167 116 181
class 0.4283950626850128 18 181 27 194
class 0.5956330299377441 86 181 96 192
class 0.27866196632385254 108 173 118 186
class 0.544597864151001 130 183 140 193
class 0.6752527356147766 124 186 135 198
class 0.5601862072944641 186 190 196 199
