class 0.48811519145965576 101 3 112 12
class 0.6409892439842224 43 8 53 20
class 0.4700489640235901 100 12 108 24
class 0.4066562354564667 48 22 57 34
class 0.23856939375400543 131 24 141 36
class 0.4519387185573578 156 28 165 38
class 0.4717671871185303 166 31 175 43
class 0.44842392206192017 48 55 58 66
class 0.7995412349700928 1 58 10 70
class 0.6369652152061462 103 66 113 77
class 0.5195322632789612 11 72 21 83
class 0.6604564189910889 182 73 193 85
class 0.5898970365524292 74 79 85 93
class 0.5609540343284607 124 79 133 90
class 0.4708327054977417 174 78 185 91
class 0.6218803524971008 50 97 61 109
class 0.3664097189903259 142 91 152 104
class 0.4185660183429718 90 108 100 120
class 0.34448638558387756 141 108 151 120
class 0.548866331577301 100 118 111 131
class 0.3808686435222626 152 112 164 124
class 0.46240028738975525 165 129 174 141
class 0.5987901091575623 71 138 81 149
class 0.5583801865577698 85 138 94 149
class 0.39243680238723755 94 149 103 161
class 0.6887531280517578 65 154 76 168
class 0.4596433937549591 110 154 119 166
class 0.36169421672821045 138 161 148 172
class 0.3095608353614807 154 158 163 171
class 0.46778368949890137 107 175 116 185
class 0.42306169867515564 170 183 179 191
class 0.6399695873260498 0 187 6 198
class 0.6923196315765381 61 188 73 199
class 0.5228210687637329 98 190 109 199
class 0.8078329563140869 118 188 129 199
class 0.15455958247184753 114 193 123 197
class 0.12032151222229004 121 191 134 199
class 0.4382171332836151 151 191 162 199
class 0.5333590507507324 172 190 181 198
