class 0.7191956043243408 22 0 33 9
class 0.4978247284889221 66 0 77 7
class 0.524666965007782 26 9 35 21
class 0.5912428498268127 56 12 67 24
class 0.707837700843811 1 16 9 27
class 0.41698896884918213 194 22 199 33
class 0.1975470930337906 162 26 173 37
class 0.5342487692832947 21 40 31 52
class 0.5950937867164612 75 44 85 57
class 0.5514799952507019 55 52 64 65
class 0.6000832319259644 105 48 115 60
class 0.48296621441841125 128 54 137 66
class 0.6446146368980408 1 65 10 75
class 0.3628249764442444 48 62 59 76
class 0.34289777278900146 164 64 173 76
class 0.5809915065765381 181 59 191 70
class 0.4237366020679474 42 83 52 95
class 0.4474206864833832 45 89 56 102
class 0.6101877093315125 171 96 181 108
class 0.5731673240661621 71 102 83 116
class 0.5280993580818176 146 115 156 127
class 0.5814403295516968 23 127 36 140
class 0.5814204812049866 83 123 93 137
class 0.47098296880722046 105 126 114 140
class 0.3635771572589874 122 120 132 133
class 0.5658566951751709 164 128 175 140
class 0.5885113477706909 69 138 80 149
class 0.6203342080116272 81 143 90 157
class 0.5394381880760193 156 154 167 165
class 0.6629265546798706 192 159 199 171
class 0.7100121974945068 65 167 76 181
class 0.5169535279273987 104 165 115 178
class 0.46961694955825806 41 177 53 189
class 0.22595249116420746 63 174 73 184
class 0.5985466241836548 124 181 136 195
class 0.6009964346885681 29 190 39 199
class 0.45836514234542847 91 185 102 196
