class 0.752996027469635 175 0 187 7
class 0.43658483028411865 82 9 92 20
class 0.5428209900856018 149 8 158 20
class 0.258310467004776 79 18 90 29
class 0.5012965202331543 188 31 197 44
class 0.5757480263710022 40 44 51 55
class 0.6137112975120544 56 42 67 53
class 0.36664995551109314 103 39 111 52
class 0.508383572101593 118 41 130 55
class 0.7727879881858826 157 41 170 55
class 0.19211770594120026 155 43 162 51
class 0.562263011932373 49 53 61 66
class 0.44048649072647095 115 64 125 77
class 0.6551406979560852 0 80 6 91
class 0.4794154167175293 171 82 182 94
class 0.5136287212371826 88 89 102 103
class 0.770878791809082 116 89 128 102
class 0.6053472757339478 155 95 165 106
class 0.7948477864265442 1 108 9 120
class 0.5262128114700317 32 108 42 121
class 0.4993877708911896 70 107 81 120
class 0.598206639289856 81 106 93 119
class 0.4424912631511688 143 112 152 124
class 0.4041097164154053 183 118 193 130
class 0.4126288592815399 40 127 50 139
class 0.6684677004814148 30 138 42 151
class 0.16848447918891907 28 143 38 154
class 0.6373407244682312 72 152 83 166
class 0.48427456617355347 168 161 180 171
class 0.40181222558021545 26 172 35 181
class 0.4262351393699646 29 171 40 183
class 0.3744007349014282 102 171 111 183
class 0.4330500364303589 138 164 148 176
class 0.6980717182159424 193 170 199 181
class 0.569013774394989 12 175 21 185
class 0.5423430800437927 115 180 126 193
class 0.5969885587692261 151 191 161 198
