class 0.6534086465835571 18 3 27 14
class 0.49228835105895996 35 2 45 15
class 0.6424273252487183 108 0 118 8
class 0.36342477798461914 33 7 41 19
class 0.39144203066825867 93 7 102 21
class 0.6000924706459045 174 11 186 25
class 0.2410937249660492 41 24 51 37
class 0.5133342146873474 56 31 68 44
class 0.3122909665107727 78 33 89 48
class 0.39235764741897583 129 39 139 51
class 0.5457941889762878 155 38 164 51
class 0.4912489056587219 185 44 196 58
class 0.2684125602245331 143 66 153 79
class 0.31517791748046875 60 71 69 83
class 0.41133785247802734 112 70 122 83
class 0.8482231497764587 2 86 11 97
class 0.5036700367927551 10 81 19 94
class 0.35525304079055786 60 84 69 96
class 0.37359702587127686 81 81 91 94
class 0.4846164286136627 122 81 132 95
class 0.4519440829753876 146 90 156 103
class 0.6108790636062622 0 103 4 116
class 0.5993537306785583 14 100 23 112
class 0.3889053165912628 119 108 131 121
class 0.5186706185340881 81 111 90 124
class 0.41889357566833496 141 112 151 125
class 0.43320319056510925 70 121 79 133
class 0.47787582874298096 160 130 169 141
class 0.6298742294311523 182 125 193 136
class 0.713249146938324 2 151 11 163
class 0.5436670184135437 65 150 74 161
class 0.25446411967277527 68 149 80 161
class 0.6870867609977722 22 153 32 164
class 0.4627059996128082 155 154 166 167
class 0.5025978684425354 79 175 91 188
class 0.4091779291629791 103 175 114 188
class 0.40356358885765076 134 186 143 196
