class 0.7872759103775024 102 1 113 12
class 0.6118828058242798 178 6 187 17
class 0.5727545619010925 73 17 81 28
class 0.29120615124702454 143 18 151 27
class 0.47654664516448975 8 29 18 41
class 0.5792485475540161 20 34 30 47
class 0.5106534957885742 158 27 166 39
class 0.3359276056289673 109 46 119 57
class 0.44317829608917236 120 44 130 54
class 0.5674715638160706 122 40 133 52
class 0.5014858841896057 35 53 46 68
class 0.6151952147483826 115 53 123 65
class 0.5795273780822754 144 58 153 71
class 0.3920232951641083 45 67 58 82
class 0.29495635628700256 90 71 100 83
class 0.5284252166748047 49 80 58 93
class 0.5851231217384338 112 96 121 108
class 0.524448573589325 177 97 187 109
class 0.42565786838531494 131 101 144 112
class 0.26636046171188354 186 107 195 119
class 0.37872207164764404 99 117 109 129
class 0.45601052045822144 151 117 162 130
class 0.6194139719009399 166 118 174 130
class 0.48028531670570374 39 123 48 135
class 0.5061818957328796 125 120 135 132
class 0.6200878620147705 180 123 190 134
class 0.4668215811252594 173 145 185 158
class 0.6928350329399109 46 155 57 165
class 0.2870466113090515 134 159 143 172
class 0.40942147374153137 150 153 160 164
class 0.4024600386619568 28 164 38 177
class 0.4231933653354645 166 164 177 175
class 0.5163719654083252 11 182 22 194
class 0.5915314555168152 32 175 43 187
class 0.4449184834957123 75 179 85 191
class 0.5745002627372742 113 173 123 186
class 0.4843657314777374 75 191 85 199
