class 0.6545934677124023 155 3 163 13
class 0.6993083953857422 183 1 192 12
class 0.4308335483074188 5 6 17 18
class 0.3547004163265228 22 6 33 20
class 0.4180052578449249 72 12 81 26
class 0.5057377815246582 111 6 122 18
class 0.5409478545188904 152 13 161 25
class 0.3766001760959625 86 23 98 34
class 0.5322275161743164 16 34 25 46
class 0.6659232974052429 118 26 131 39
class 0.6751139760017395 179 31 191 44
class 0.1189822405576706 178 33 182 38
class 0.13565132021903992 184 33 196 43
class 0.45510590076446533 39 37 48 49
class 0.6099137663841248 167 42 178 53
class 0.5785990357398987 174 41 185 49
class 0.41796642541885376 16 52 24 64
class 0.4462086260318756 132 53 142 66
class 0.5372177362442017 166 55 177 65
class 0.7776466012001038 2 75 10 88
class 0.13441704213619232 6 75 16 90
class 0.5013895630836487 122 70 132 82
class 0.6796703934669495 73 116 83 128
class 0.24729377031326294 79 112 89 125
class 0.4045257866382599 172 116 184 129
class 0.4062950313091278 140 121 152 136
class 0.44184190034866333 55 138 63 149
class 0.6992974281311035 75 138 84 149
class 0.18031099438667297 79 133 90 147
class 0.55368572473526 184 138 193 149
class 0.5067414045333862 61 150 73 163
class 0.4399101138114929 120 150 130 160
class 0.5150148868560791 125 144 134 157
class 0.4200150966644287 88 160 99 172
class 0.4886152148246765 5 178 13 187
class 0.16568894684314728 8 181 16 192
class 0.31493037939071655 36 182 46 193
class 0.6164320707321167 13 186 21 196
class 0.52372145652771 50 189 60 199
class 0.5418423414230347 65 185 75 197
