class 0.7759058475494385 104 1 114 14
class 0.6429676413536072 160 0 170 9
class 0.7080934643745422 169 0 180 13
class 0.5864656567573547 116 13 128 25
class 0.2768822908401489 37 17 47 28
class 0.4420384466648102 103 17 113 28
class 0.4951852858066559 116 18 125 30
class 0.30260318517684937 123 17 130 28
class 0.3678600490093231 24 29 32 40
class 0.20727664232254028 34 33 46 48
class 0.5866988897323608 129 38 140 50
class 0.49326735734939575 132 63 142 75
class 0.5330737829208374 34 76 43 87
class 0.5655646920204163 158 80 170 93
class 0.5544875860214233 14 96 24 108
class 0.3338237404823303 168 98 177 109
class 0.3188663423061371 70 108 79 120
class 0.3669361174106598 83 102 91 113
class 0.422637939453125 151 106 163 118
class 0.2913651764392853 55 111 65 123
class 0.32601630687713623 82 117 91 127
class 0.2789042890071869 104 114 113 127
class 0.44238755106925964 164 115 173 127
class 0.5655989646911621 31 123 39 135
class 0.13746291399002075 140 128 151 142
class 0.47838354110717773 17 134 28 148
class 0.6321046352386475 86 138 98 151
class 0.4718724489212036 134 133 144 144
class 0.5623378753662109 171 154 181 166
class 0.37926095724105835 23 163 31 174
class 0.6044191718101501 50 170 60 182
class 0.6482088565826416 116 166 126 177
class 0.40055638551712036 131 167 143 179
class 0.24307142198085785 173 170 185 185
class 0.4739271402359009 110 180 120 192
class 0.41800642013549805 113 176 127 191
class 0.36818021535873413 121 174 132 187
class 0.4235350489616394 152 182 162 194
class 0.7063114047050476 23 185 33 198
class 0.3648150563240051 91 184 101 196
