class 0.6495122909545898 102 0 113 10
class 0.7704887390136719 190 2 199 14
class 0.5698069334030151 87 9 96 22
class 0.43263888359069824 46 21 57 35
class 0.6255083680152893 176 30 186 42
class 0.5786358118057251 39 45 49 57
class 0.5457229018211365 94 40 104 53
class 0.4452490210533142 17 72 27 84
class 0.4902074337005615 91 75 102 87
class 0.5051851868629456 42 87 53 99
class 0.49417826533317566 144 87 154 99
class 0.5558629631996155 145 93 155 104
class 0.6021949052810669 14 107 24 119
class 0.5534653067588806 151 101 163 117
class 0.5939844250679016 188 102 199 115
class 0.628777265548706 15 117 24 127
class 0.49392929673194885 17 118 28 130
class 0.4246131479740143 70 112 79 123
class 0.5698367953300476 108 117 117 129
class 0.6146219372749329 134 111 145 123
class 0.8020368218421936 0 123 7 137
class 0.522487998008728 29 123 38 135
class 0.594064474105835 28 132 38 144
class 0.33172479271888733 184 149 194 162
class 0.6471734046936035 109 155 119 167
class 0.5895786285400391 173 156 186 169
class 0.3143666386604309 90 163 100 176
class 0.6800398826599121 110 169 118 183
class 0.44330528378486633 161 163 171 177
class 0.740188479423523 0 176 6 187
class 0.4426061511039734 128 175 138 186
class 0.5186806321144104 149 174 160 185
class 0.35801419615745544 48 186 59 197
class 0.4512712061405182 103 189 112 199
class 0.5413294434547424 117 193 126 199
class 0.4556601047515869 192 185 199 197
