class 0.522568941116333 142 6 151 19
class 0.8333849310874939 65 19 78 33
class 0.5027285814285278 125 15 134 29
class 0.4655536413192749 160 15 173 28
class 0.49947479367256165 192 23 199 35
class 0.6321457028388977 133 32 144 44
class 0.7297886610031128 183 34 193 45
class 0.5661895275115967 31 40 40 50
class 0.47056517004966736 111 37 123 50
class 0.6565017700195312 133 38 143 50
class 0.5084416270256042 170 45 182 56
class 0.3383938670158386 185 38 196 52
class 0.5982611179351807 32 53 42 66
class 0.5020085573196411 70 48 79 59
class 0.49796631932258606 93 47 103 59
class 0.7058711647987366 0 71 7 82
class 0.4940142035484314 16 89 28 103
class 0.49388447403907776 154 91 163 104
class 0.45005181431770325 9 115 19 126
class 0.4277188777923584 49 113 58 125
class 0.5748214721679688 60 123 70 136
class 0.6174612045288086 115 127 124 138
class 0.47091028094291687 156 128 166 139
class 0.5692149996757507 169 129 179 141
class 0.49278563261032104 181 124 193 138
class 0.21572354435920715 186 122 195 136
class 0.5145155787467957 78 143 87 154
class 0.3372066915035248 88 148 97 159
class 0.44678208231925964 66 158 76 169
class 0.6586697101593018 169 163 180 175
class 0.48815953731536865 68 185 77 197
class 0.47858676314353943 144 190 154 199
class 0.6873176097869873 162 189 171 198
class 0.48424357175827026 169 186 178 197
class 0.472976952791214 184 192 193 199
