class 0.6315557360649109 68 0 77 6
class 0.7586988806724548 125 3 135 15
class 0.3878675401210785 8 12 19 27
class 0.5713168978691101 13 14 22 25
class 0.5363157987594604 96 10 105 23
class 0.6502333283424377 160 22 173 34
class 0.4603748917579651 182 18 192 30
class 0.5638145208358765 13 37 23 48
class 0.5730915069580078 45 37 57 50
class 0.31876325607299805 90 43 100 57
class 0.3877240717411041 126 39 135 50
class 0.5918992757797241 188 43 197 56
class 0.48036473989486694 88 50 99 65
class 0.5526455044746399 170 64 181 75
class 0.34303924441337585 140 68 151 81
class 0.4663315713405609 190 68 197 81
class 0.2729351818561554 137 86 147 99
class 0.5651252269744873 11 89 21 101
class 0.5629355907440186 40 90 50 103
class 0.38297876715660095 109 96 120 109
class 0.7585039734840393 1 106 10 120
class 0.5042163729667664 35 101 46 114
class 0.5969918370246887 145 104 155 117
class 0.4143306314945221 191 101 199 112
class 0.5628256797790527 11 114 23 126
class 0.21787552535533905 46 122 57 137
class 0.6979467272758484 53 126 64 138
class 0.5578782558441162 76 126 86 137
class 0.5193068981170654 116 121 126 134
class 0.41849198937416077 146 129 155 139
class 0.5310226678848267 40 150 49 162
class 0.5781855583190918 57 150 67 161
class 0.31605300307273865 157 146 166 159
class 0.6006211638450623 117 161 127 172
class 0.5382097363471985 167 160 178 172
class 0.528427004814148 110 163 119 175
class 0.1689567267894745 114 163 125 175
class 0.47465285658836365 23 181 32 192
class 0.375532865524292 140 182 149 194
class 0.4889512360095978 192 193 199 199
