class 0.6950963139533997 25 0 34 8
class 0.49339884519577026 40 3 49 15
class 0.4657663106918335 77 12 87 24
class 0.4628937542438507 87 12 97 25
class 0.3849741220474243 118 25 130 39
class 0.5290955901145935 143 28 153 41
class 0.5288302302360535 47 43 58 54
class 0.6637046337127686 67 47 78 61
class 0.45326507091522217 164 66 173 77
class 0.507314920425415 76 82 86 95
class 0.821586012840271 0 93 8 105
class 0.507593035697937 32 93 42 105
class 0.5007907152175903 59 95 68 108
class 0.5453085899353027 115 106 126 118
class 0.5872674584388733 171 103 184 117
class 0.5520609021186829 108 124 117 136
class 0.35949093103408813 132 128 142 141
class 0.5405300855636597 169 127 182 140
class 0.4320771098136902 189 129 198 142
class 0.5679264068603516 7 132 19 144
class 0.5845107436180115 126 137 134 150
class 0.5489820241928101 41 143 50 156
class 0.44228413701057434 160 148 170 162
class 0.38375306129455566 6 160 18 172
class 0.5989353656768799 138 161 147 172
class 0.47380921244621277 65 170 75 182
class 0.39420637488365173 97 170 108 180
class 0.6854396462440491 134 167 144 179
class 0.5053383111953735 150 168 163 182
class 0.4061954915523529 157 171 168 184
class 0.43317219614982605 84 180 95 193
class 0.4554164409637451 107 180 118 193
class 0.6545040011405945 180 176 190 187
class 0.608925998210907 4 186 15 198
class 0.5843169689178467 29 191 41 199
class 0.5643690228462219 68 185 77 197
