class 0.6393613219261169 39 2 49 14
class 0.6226990222930908 194 3 199 12
class 0.5379411578178406 24 11 33 26
class 0.35427170991897583 49 11 59 25
class 0.44351428747177124 137 13 147 24
class 0.44668692350387573 60 21 69 35
class 0.5898237228393555 74 20 82 32
class 0.519582211971283 118 17 131 29
class 0.43366652727127075 129 18 141 29
class 0.5866371393203735 143 24 153 36
class 0.5149646401405334 118 27 131 39
class 0.5257004499435425 160 25 173 40
class 0.7105819582939148 0 55 5 68
class 0.3436111807823181 67 48 78 63
class 0.3624367117881775 174 53 184 65
class 0.547145426273346 17 65 27 78
class 0.3991011679172516 98 67 109 82
class 0.46586573123931885 134 72 143 84
class 0.3911833167076111 58 91 69 103
class 0.3912588655948639 97 94 106 107
class 0.571725070476532 166 93 176 105
class 0.5269246101379395 27 103 36 116
class 0.5549339056015015 135 100 144 111
class 0.5500083565711975 39 110 48 122
class 0.5697502493858337 91 111 101 125
class 0.44964420795440674 119 128 130 141
class 0.4560030996799469 137 141 147 151
class 0.5044986009597778 121 148 133 162
class 0.4049755930900574 78 158 88 168
class 0.47040432691574097 113 154 123 167
class 0.7062035799026489 3 169 13 181
class 0.5971343517303467 45 170 56 182
class 0.5528925657272339 137 180 148 194
class 0.5159488916397095 151 180 162 192
class 0.6168819665908813 13 186 23 197
class 0.541663646697998 100 187 109 198
class 0.6332575678825378 187 186 197 197
