class 0.7744196057319641 74 1 86 11
class 0.5630388259887695 8 10 17 22
class 0.49403345584869385 73 5 85 17
class 0.6802487969398499 96 4 106 19
class 0.5305246114730835 120 6 131 17
class 0.6352723240852356 135 6 145 17
class 0.5844324231147766 181 14 189 25
class 0.32216522097587585 90 22 100 38
class 0.45170992612838745 159 45 168 56
class 0.6691858768463135 182 44 192 53
class 0.3154938817024231 41 66 52 79
class 0.4128260314464569 62 58 72 69
class 0.46626532077789307 133 64 143 76
class 0.4279039800167084 165 60 172 70
class 0.5457955598831177 15 74 25 86
class 0.4424840807914734 58 79 69 92
class 0.5120797157287598 130 86 141 97
class 0.37570899724960327 154 85 162 98
class 0.4839731752872467 15 89 24 102
class 0.5257982611656189 83 91 95 103
class 0.5883142948150635 133 89 144 102
class 0.46915075182914734 130 103 141 116
class 0.6204347610473633 143 107 153 120
class 0.3220202922821045 38 117 46 129
class 0.3111305832862854 25 127 36 140
class 0.2924138009548187 77 122 89 136
class 0.41838639974594116 91 121 101 132
class 0.4349394142627716 107 123 116 134
class 0.388985276222229 174 144 185 157
class 0.5433688759803772 53 152 65 166
class 0.5632643699645996 167 160 177 172
class 0.6577985882759094 180 157 190 169
class 0.461929589509964 129 166 140 177
class 0.39392057061195374 140 163 150 176
class 0.47409331798553467 148 169 159 182
class 0.5475273728370667 54 174 63 187
class 0.5221198797225952 47 187 60 198
class 0.623944103717804 116 188 125 198
class 0.3365630507469177 193 187 199 195
