class 0.7667866945266724 53 0 63 10
class 0.40598297119140625 100 12 109 24
class 0.5311011672019958 5 21 14 32
class 0.33022740483283997 91 24 101 36
class 0.48620373010635376 138 33 148 44
class 0.6060235500335693 165 31 174 44
class 0.314998984336853 45 45 56 58
class 0.5131563544273376 95 39 106 51
class 0.8045819401741028 192 40 199 52
class 0.49492937326431274 9 55 19 67
class 0.541873037815094 128 51 137 63
class 0.7076495289802551 192 52 199 65
class 0.5827972292900085 5 63 14 75
class 0.5208319425582886 33 64 42 76
class 0.5698751211166382 145 59 155 70
class 0.5101405382156372 71 80 81 93
class 0.34693145751953125 88 84 99 98
class 0.5121665596961975 35 96 46 109
class 0.47637030482292175 4 107 14 117
class 0.4930517375469208 34 103 48 120
class 0.6260917782783508 76 106 88 121
class 0.5407631993293762 81 112 89 123
class 0.7301940321922302 3 128 14 141
class 0.4684045910835266 160 122 174 137
class 0.4489198625087738 35 139 46 152
class 0.43555131554603577 52 141 62 151
class 0.5932462811470032 89 145 97 156
class 0.5369308590888977 66 160 75 172
class 0.5985479950904846 76 155 85 167
class 0.5346793532371521 149 159 160 170
class 0.5906825661659241 40 166 51 179
class 0.4068206548690796 187 162 196 175
class 0.6615490913391113 95 174 106 186
class 0.43050238490104675 46 190 56 199
class 0.4599834084510803 69 186 81 198
class 0.6383839845657349 112 189 124 199
class 0.5811488628387451 156 187 166 196
