class 0.4630383253097534 25 0 35 7
class 0.6806560754776001 54 0 64 9
class 0.5812709927558899 61 5 71 18
class 0.35998961329460144 141 13 151 26
class 0.45790088176727295 172 18 182 31
class 0.5386235117912292 84 33 94 46
class 0.4751509428024292 149 25 161 40
class 0.6217601895332336 191 28 199 39
class 0.713648796081543 4 40 14 51
class 0.5192500352859497 97 44 109 59
class 0.3978002965450287 151 44 163 59
class 0.5581275224685669 190 41 198 52
class 0.5148696899414062 35 53 46 68
class 0.5570282936096191 132 53 143 65
class 0.4100521206855774 80 62 89 75
class 0.37220463156700134 97 57 109 71
class 0.7798013091087341 0 74 6 86
class 0.2254074215888977 109 69 120 82
class 0.37979432940483093 115 72 124 84
class 0.3609623312950134 121 73 132 88
class 0.49318844079971313 21 79 31 92
class 0.4185033440589905 101 79 111 93
class 0.5609047412872314 43 91 54 103
class 0.418893963098526 173 95 185 108
class 0.6987619996070862 64 103 73 115
class 0.5478672981262207 189 108 198 119
class 0.5783484578132629 32 118 42 131
class 0.3518759310245514 29 128 38 141
class 0.4158044457435608 65 121 74 133
class 0.6564348936080933 148 127 159 138
class 0.12643252313137054 143 125 154 139
class 0.6322647333145142 29 134 39 146
class 0.4651269018650055 81 140 89 151
class 0.2976364493370056 100 133 111 144
class 0.506759762763977 187 137 197 151
class 0.6894705295562744 136 158 146 171
class 0.5406880378723145 162 170 172 181
class 0.49937066435813904 168 164 179 177
class 0.48520106077194214 116 174 127 187
class 0.40143755078315735 175 192 185 199
