class 0.754899799823761 7 2 17 12
class 0.7876474857330322 144 1 154 13
class 0.42487651109695435 42 24 52 35
class 0.45747682452201843 133 24 142 36
class 0.39504244923591614 55 31 67 46
class 0.39711129665374756 142 29 153 42
class 0.7024362087249756 169 34 178 45
class 0.4800776541233063 92 45 102 56
class 0.8362574577331543 1 53 12 65
class 0.26619353890419006 16 54 26 69
class 0.13798192143440247 87 46 100 60
class 0.3056180477142334 131 46 140 62
class 0.42242172360420227 134 56 143 67
class 0.15594828128814697 78 59 88 71
class 0.45905056595802307 163 60 174 70
class 0.44689029455184937 6 68 17 81
class 0.20712409913539886 120 76 130 88
class 0.5891428589820862 73 108 85 120
class 0.5807353258132935 93 108 103 120
class 0.5069576501846313 111 101 122 113
class 0.6762827634811401 59 116 70 129
class 0.7476450204849243 137 115 149 128
class 0.5198072791099548 143 117 153 128
class 0.4915389120578766 66 138 75 148
class 0.4004884362220764 75 141 82 150
class 0.46829476952552795 160 139 170 153
class 0.5848343372344971 87 146 97 156
class 0.4159795343875885 173 149 185 161
class 0.608585000038147 32 154 42 166
class 0.49330177903175354 156 153 166 166
class 0.3822401762008667 46 171 57 182
class 0.5483294725418091 126 170 137 182
class 0.4379426836967468 72 182 83 195
class 0.44732773303985596 142 177 151 188
class 0.636146068572998 76 187 86 198
class 0.48316720128059387 151 186 163 198
class 0.4789882302284241 173 193 182 199
