class 0.8711363673210144 159 2 169 14
class 0.5328649878501892 164 0 175 8
class 0.3247647285461426 68 7 80 20
class 0.3990650177001953 106 5 117 18
class 0.5540792346000671 17 17 27 29
class 0.35318756103515625 80 17 90 28
class 0.42502573132514954 123 30 132 41
class 0.4052811861038208 67 38 78 51
class 0.522654116153717 96 45 105 57
class 0.5079430937767029 101 41 112 53
class 0.3865569829940796 150 56 160 68
class 0.43087145686149597 186 48 196 61
class 0.5629194378852844 163 65 175 77
class 0.5336951613426208 70 72 80 84
class 0.477717787027359 82 69 92 80
class 0.5083858966827393 115 72 124 84
class 0.42969781160354614 122 73 133 87
class 0.43656304478645325 96 84 105 97
class 0.36259013414382935 173 85 184 99
class 0.5291236639022827 24 96 35 111
class 0.46011579036712646 27 91 38 104
class 0.564441978931427 41 95 51 108
class 0.4541897773742676 56 92 67 103
class 0.42756912112236023 134 95 143 106
class 0.6276382207870483 184 102 193 114
class 0.5844073295593262 165 117 175 128
class 0.5373551249504089 67 124 78 138
class 0.3126777410507202 167 129 181 141
class 0.5066351294517517 78 143 87 154
class 0.1107122078537941 177 150 187 163
class 0.4546205401420593 83 155 92 166
class 0.3710377812385559 133 159 144 171
class 0.5986381769180298 159 156 169 169
class 0.18846620619297028 182 152 190 165
class 0.5696399211883545 189 159 199 171
class 0.5046197175979614 18 169 28 180
class 0.6098560690879822 189 169 199 182
