class 0.7207075357437134 71 3 81 15
class 0.1697932481765747 92 4 102 13
class 0.1384429782629013 135 4 146 12
class 0.6798760294914246 145 0 155 6
class 0.6197503805160522 29 7 39 18
class 0.6503979563713074 97 8 107 21
class 0.5528209209442139 119 5 129 18
class 0.2437269389629364 151 16 162 28
class 0.40631303191185 99 34 110 47
class 0.4682604968547821 175 48 185 60
class 0.6850510835647583 3 58 13 69
class 0.5812163949012756 69 66 79 78
class 0.38689035177230835 101 58 110 70
class 0.5806928873062134 183 59 192 70
class 0.4927150309085846 86 77 95 88
class 0.5111379027366638 23 90 37 104
class 0.6187151670455933 139 94 149 106
class 0.48920974135398865 33 108 42 121
class 0.4328649342060089 56 117 65 129
class 0.7709567546844482 192 115 199 128
class 0.41830071806907654 102 130 110 141
class 0.48664024472236633 154 122 165 136
class 0.5194560289382935 126 135 135 147
class 0.5056816339492798 133 139 142 151
class 0.7653416991233826 0 149 9 160
class 0.4363318681716919 16 142 25 153
class 0.34358060359954834 82 150 91 163
class 0.45933112502098083 169 142 179 154
class 0.5818691253662109 1 172 12 184
class 0.6099429130554199 107 169 117 182
class 0.49478933215141296 117 164 127 174
class 0.488831102848053 156 164 166 174
class 0.5319585800170898 16 178 28 192
class 0.41244348883628845 78 180 88 191
class 0.5045567750930786 81 177 93 190
class 0.14562517404556274 104 174 114 185
class 0.5033064484596252 129 177 140 189
