class 0.7437685132026672 76 0 86 8
class 0.45770883560180664 143 2 153 13
class 0.7113314270973206 2 8 11 20
class 0.4905889332294464 45 17 57 30
class 0.6032172441482544 59 23 69 34
class 0.41467148065567017 112 23 122 34
class 0.5227179527282715 144 24 152 35
class 0.4262472093105316 189 17 197 27
class 0.4896010160446167 71 29 82 42
class 0.2057458609342575 99 26 109 40
class 0.6128867864608765 105 31 118 47
class 0.5317968726158142 185 44 196 56
class 0.4985797107219696 94 56 105 67
class 0.5097063183784485 164 55 175 67
class 0.5443581938743591 90 59 100 72
class 0.47127407789230347 24 70 35 85
class 0.576613187789917 40 70 51 82
class 0.27531540393829346 174 68 184 82
class 0.35219675302505493 120 78 131 92
class 0.4781806170940399 136 80 144 92
class 0.43354105949401855 95 99 105 112
class 0.7242936491966248 0 123 6 135
class 0.5014297962188721 80 130 90 141
class 0.6222039461135864 154 123 166 135
class 0.5724955201148987 71 139 80 151
class 0.5561617612838745 141 150 150 161
class 0.39066818356513977 174 142 184 156
class 0.45291972160339355 43 160 52 171
class 0.4647054672241211 96 153 105 165
class 0.42051273584365845 128 155 138 166
class 0.5747971534729004 77 165 87 177
class 0.6041575074195862 5 174 14 185
class 0.4550922214984894 35 180 45 192
class 0.6016756892204285 118 175 127 187
class 0.7203477621078491 178 176 189 187
class 0.5727168321609497 99 192 109 199
