class 0.5913295149803162 23 0 32 8
class 0.6071574687957764 38 3 48 14
class 0.6652178168296814 116 1 127 10
class 0.34034883975982666 16 9 25 21
class 0.4079737961292267 115 8 125 20
class 0.631737232208252 166 12 176 24
class 0.3991960287094116 98 23 110 35
class 0.42666229605674744 79 27 89 42
class 0.28531187772750854 132 29 141 41
class 0.3540256917476654 151 32 162 45
class 0.2925618886947632 21 46 30 56
class 0.33537930250167847 98 36 110 49
class 0.5354522466659546 5 48 17 60
class 0.3525194823741913 93 77 103 88
class 0.4646630883216858 11 88 21 98
class 0.23042885959148407 13 96 22 108
class 0.4073243737220764 23 89 37 104
class 0.5169603228569031 114 95 125 108
class 0.39067861437797546 153 90 163 102
class 0.3982349932193756 172 90 184 104
class 0.6012113094329834 82 103 94 115
class 0.3811151683330536 108 100 121 113
class 0.6111189126968384 32 122 42 135
class 0.5108340978622437 154 125 163 137
class 0.4492647349834442 185 121 195 134
class 0.461595356464386 48 133 58 146
class 0.6046223640441895 47 148 56 159
class 0.5920711755752563 53 149 63 159
class 0.3668370544910431 89 151 98 162
class 0.4732406735420227 16 159 27 172
class 0.4441286623477936 144 158 155 171
class 0.4538235664367676 46 167 56 179
class 0.4232306480407715 71 167 81 181
class 0.4899671673774719 129 168 140 179
class 0.5367544889450073 18 181 28 193
class 0.5886926054954529 113 178 124 190
class 0.5605754852294922 156 187 167 197
class 0.524315357208252 182 191 191 199
