class 0.7075319886207581 57 3 66 13
class 0.7762587666511536 85 1 95 13
class 0.6037243604660034 152 10 162 24
class 0.31641703844070435 173 13 187 25
class 0.5303446650505066 191 9 199 20
class 0.3671829402446747 54 18 66 30
class 0.4799974858760834 87 24 98 35
class 0.524645984172821 134 21 143 33
class 0.47114744782447815 182 17 191 27
class 0.533772349357605 10 44 20 58
class 0.48403868079185486 64 44 76 59
class 0.42574992775917053 61 49 71 60
class 0.38911011815071106 125 54 135 65
class 0.24141107499599457 110 61 120 74
class 0.5250465869903564 138 64 148 76
class 0.3475409746170044 143 60 152 72
class 0.4184825122356415 9 76 20 89
class 0.7191956639289856 41 70 53 86
class 0.29761338233947754 67 87 78 99
class 0.5756295919418335 160 80 169 90
class 0.40681353211402893 161 96 169 107
class 0.7226758599281311 2 103 9 115
class 0.40224868059158325 19 102 28 113
class 0.6135039925575256 82 106 94 118
class 0.5546151399612427 20 111 30 124
class 0.607660174369812 123 122 134 135
class 0.4400060176849365 154 122 162 132
class 0.6524142622947693 0 132 6 143
class 0.6554779410362244 132 138 143 152
class 0.5071349143981934 54 154 64 165
class 0.46994635462760925 82 153 93 165
class 0.5564935207366943 154 158 165 170
class 0.7528769373893738 0 165 9 177
class 0.47895947098731995 100 164 111 177
class 0.5853147506713867 188 169 197 181
class 0.4902164936065674 126 180 138 193
class 0.5182976126670837 105 187 116 198
class 0.38833075761795044 165 186 175 195
