class 0.7397650480270386 113 0 123 9
class 0.5098598599433899 173 0 181 9
class 0.14973334968090057 68 6 77 16
class 0.44320496916770935 192 9 199 22
class 0.4282485246658325 99 22 110 36
class 0.5810667276382446 153 23 164 35
class 0.46779462695121765 27 33 38 46
class 0.33752119541168213 122 29 132 41
class 0.6617411971092224 183 28 192 38
class 0.23313099145889282 24 44 35 57
class 0.6332055330276489 30 44 38 54
class 0.6872847080230713 126 40 135 53
class 0.5595998167991638 11 48 20 60
class 0.7287971377372742 0 66 6 79
class 0.6456581950187683 16 61 25 74
class 0.32241103053092957 27 59 37 69
class 0.5496613383293152 132 64 142 76
class 0.5261780023574829 28 69 37 80
class 0.43157535791397095 46 74 57 86
class 0.538492739200592 92 69 102 80
class 0.595036506652832 160 70 170 82
class 0.569000244140625 60 80 70 93
class 0.44707614183425903 70 79 79 93
class 0.4084948003292084 120 85 130 97
class 0.49423426389694214 184 85 193 97
class 0.5507462024688721 118 138 130 151
class 0.537858247756958 167 132 177 144
class 0.591200590133667 1 149 6 160
class 0.34308281540870667 10 141 19 153
class 0.38437187671661377 79 149 87 160
class 0.27531805634498596 28 161 37 173
class 0.5567224621772766 183 154 192 166
class 0.4790896475315094 103 164 115 176
class 0.662253737449646 116 171 127 182
class 0.426750510931015 5 175 19 189
class 0.4579527676105499 46 179 57 191
class 0.3663031756877899 120 179 133 191
class 0.5041550397872925 173 176 182 188
class 0.4473532438278198 15 186 24 196
