class 0.8465654850006104 41 0 51 8
class 0.7366220355033875 127 1 138 14
class 0.6319100260734558 127 8 137 23
class 0.5070145130157471 164 10 176 24
class 0.4785325527191162 155 18 163 31
class 0.6750574707984924 4 27 13 38
class 0.4695885479450226 80 28 90 39
class 0.4559694528579712 165 30 173 41
class 0.36113545298576355 30 43 39 56
class 0.5220394730567932 65 42 74 55
class 0.5887860059738159 53 65 62 76
class 0.4642544686794281 4 75 13 87
class 0.38135388493537903 7 81 16 93
class 0.5444472432136536 61 78 72 92
class 0.459843248128891 82 85 93 98
class 0.3703632354736328 95 87 106 97
class 0.5892160534858704 35 96 46 111
class 0.6417467594146729 44 95 54 108
class 0.5465620160102844 109 93 118 104
class 0.6782177090644836 60 114 71 128
class 0.46150052547454834 69 110 80 123
class 0.5633834004402161 172 112 181 123
class 0.6001986861228943 114 122 124 134
class 0.42844220995903015 56 136 68 149
class 0.4883566200733185 138 149 147 162
class 0.4877115488052368 145 143 156 157
class 0.589841365814209 0 153 5 164
class 0.5074523091316223 31 155 42 168
class 0.46540066599845886 40 156 51 167
class 0.5464645624160767 123 159 134 173
class 0.5966939926147461 77 164 88 176
class 0.5639607310295105 170 169 180 180
class 0.5558637976646423 5 175 14 186
class 0.42143553495407104 62 179 74 191
class 0.5756738781929016 189 174 197 185
class 0.4680536091327667 17 189 28 199
class 0.5901511311531067 53 186 63 199
class 0.5733318328857422 132 184 144 197
class 0.5784693956375122 157 184 168 199
