class 0.7835069298744202 49 1 60 12
class 0.2551076114177704 98 0 108 6
class 0.2989063858985901 101 0 111 4
class 0.5528779029846191 84 9 92 21
class 0.5422114133834839 98 6 108 19
class 0.6139075756072998 152 14 165 26
class 0.4270632266998291 76 18 85 29
class 0.42624571919441223 194 22 199 32
class 0.7737370133399963 0 43 5 54
class 0.5399516224861145 14 37 24 49
class 0.5438279509544373 125 37 137 51
class 0.4754146635532379 80 64 90 75
class 0.5478670001029968 161 65 173 78
class 0.795963704586029 3 69 13 81
class 0.5117265582084656 103 77 114 88
class 0.4348420202732086 27 81 37 93
class 0.5230281949043274 66 83 78 95
class 0.3588888347148895 99 86 109 97
class 0.5008241534233093 29 91 39 101
class 0.6391634345054626 59 95 70 107
class 0.5133296847343445 95 96 106 107
class 0.5624234080314636 107 95 120 107
class 0.5549216270446777 184 90 192 103
class 0.4708929657936096 189 94 198 106
class 0.471069872379303 69 107 79 120
class 0.4054136574268341 108 101 122 111
class 0.47879013419151306 140 99 151 112
class 0.6092548370361328 190 102 199 113
class 0.7372820377349854 98 118 109 131
class 0.6049382090568542 133 117 143 129
class 0.6258177161216736 171 116 180 127
class 0.17725136876106262 53 121 63 133
class 0.6842056512832642 137 128 147 139
class 0.43047645688056946 54 133 64 147
class 0.34332454204559326 163 155 172 167
class 0.5470435619354248 97 180 108 193
class 0.17859958112239838 100 179 111 189
class 0.27061188220977783 151 183 163 193
class 0.17731942236423492 155 186 164 195
class 0.5378624796867371 188 185 196 196
