class 0.3339995741844177 138 13 149 26
class 0.3495159149169922 193 9 199 27
class 0.2750294804573059 57 15 67 29
class 0.48081547021865845 59 22 68 35
class 0.7070732116699219 135 20 145 31
class 0.6211764812469482 149 21 162 35
class 0.589005708694458 14 26 23 38
class 0.14252354204654694 61 27 72 37
class 0.4972629249095917 83 30 92 42
class 0.5953361988067627 124 33 133 45
class 0.3321665823459625 13 45 23 58
class 0.4039955139160156 77 46 88 61
class 0.4900083541870117 166 56 178 67
class 0.6562950015068054 193 56 199 67
class 0.7637680768966675 4 66 13 78
class 0.23990394175052643 56 66 68 79
class 0.4816393256187439 72 59 81 72
class 0.5755782127380371 11 69 22 80
class 0.5941913723945618 87 71 97 83
class 0.46316081285476685 90 76 100 88
class 0.49021077156066895 135 75 146 86
class 0.4310630261898041 104 79 115 90
class 0.6373205780982971 118 95 128 108
class 0.6022189259529114 38 108 48 120
class 0.10421624034643173 161 101 174 114
class 0.6330826282501221 167 103 178 114
class 0.22961731255054474 174 103 184 115
class 0.748288631439209 4 114 13 125
class 0.6449059844017029 83 118 95 131
class 0.4734607934951782 109 129 120 142
class 0.5327463150024414 122 127 133 141
class 0.5702314972877502 146 121 157 133
class 0.46201133728027344 56 131 68 146
class 0.335788756608963 140 138 151 151
class 0.3703329265117645 62 150 71 162
class 0.5930476784706116 110 160 119 169
class 0.47322794795036316 89 170 98 182
class 0.4597955346107483 73 176 85 189
class 0.5155965089797974 99 175 109 186
class 0.28146570920944214 57 186 67 197
class 0.4428996741771698 122 187 134 198
