class 0.722934901714325 113 0 123 6
class 0.6092767119407654 129 0 139 7
class 0.7551047205924988 144 0 153 10
class 0.5006784200668335 5 7 12 18
class 0.5066528916358948 13 7 23 18
class 0.4488462209701538 77 15 89 28
class 0.4338834881782532 183 24 193 37
class 0.42590460181236267 24 31 35 44
class 0.2554032504558563 120 34 131 46
class 0.6651397347450256 125 30 136 42
class 0.17516501247882843 132 27 142 39
class 0.41316768527030945 25 42 36 56
class 0.5735912919044495 119 39 131 52
class 0.7418442964553833 122 44 132 55
class 0.11264611035585403 124 43 129 51
class 0.5095036625862122 84 50 94 61
class 0.4746094346046448 38 63 48 74
class 0.46193957328796387 115 60 126 73
class 0.21906612813472748 184 62 192 74
class 0.3822292685508728 186 59 196 71
class 0.5184504389762878 17 69 27 83
class 0.57895827293396 182 69 190 80
class 0.5049422383308411 71 84 84 96
class 0.5599390268325806 134 80 144 91
class 0.5328307747840881 52 106 62 118
class 0.5161288976669312 72 107 82 120
class 0.5330644249916077 143 107 153 119
class 0.7369163632392883 0 116 7 127
class 0.5456240177154541 146 125 156 134
class 0.5851190090179443 164 129 174 139
class 0.4640084207057953 121 134 133 147
class 0.461235374212265 154 131 164 145
class 0.7483603358268738 3 150 13 163
class 0.47896885871887207 40 143 49 157
class 0.4793761074542999 165 148 175 160
class 0.4931771457195282 187 149 196 162
class 0.5726636052131653 23 156 33 168
class 0.4395257532596588 117 160 126 172
class 0.45426714420318604 16 169 26 183
class 0.20102864503860474 142 163 151 174
class 0.4783802330493927 139 186 149 197
