class 0.7800451517105103 146 2 155 13
class 0.3767758011817932 25 17 35 30
class 0.29598838090896606 54 24 63 35
class 0.3616574704647064 90 22 100 34
class 0.40911048650741577 39 26 48 43
class 0.2212820053100586 67 32 78 45
class 0.47577789425849915 104 33 113 45
class 0.5943281054496765 49 41 59 55
class 0.46441003680229187 76 43 88 55
class 0.5408496260643005 82 44 93 56
class 0.4491279423236847 183 56 193 67
class 0.36344650387763977 137 66 146 78
class 0.27938613295555115 150 58 162 71
class 0.6262270212173462 39 81 51 93
class 0.3847529888153076 67 87 78 99
class 0.7271590232849121 3 92 13 103
class 0.3706773817539215 90 96 101 108
class 0.5585927367210388 164 95 175 106
class 0.5065733790397644 80 105 90 118
class 0.485767662525177 145 104 154 117
class 0.5389097929000854 170 117 180 130
class 0.5149630904197693 104 123 115 136
class 0.23815761506557465 165 128 174 141
class 0.48068568110466003 17 133 27 145
class 0.49968022108078003 84 142 95 154
class 0.5162608623504639 162 148 171 159
class 0.5790523290634155 110 155 120 166
class 0.36917397379875183 155 157 165 169
class 0.38267356157302856 172 153 184 167
class 0.3806736171245575 4 168 17 182
class 0.5886684060096741 78 165 88 176
class 0.5580410957336426 150 171 159 182
class 0.5677471160888672 16 179 24 191
class 0.44871315360069275 45 180 56 191
class 0.5794357061386108 72 180 83 194
class 0.6606178879737854 4 186 15 198
class 0.5155616998672485 134 185 145 199
class 0.2969132363796234 188 186 196 196
