class 0.1958543360233307 36 3 45 14
class 0.7372071743011475 158 0 168 8
class 0.5143823623657227 11 7 22 19
class 0.418616384267807 89 13 99 25
class 0.39974015951156616 188 5 198 17
class 0.46969524025917053 142 21 153 33
class 0.5122268199920654 164 23 174 36
class 0.3791448175907135 10 31 20 42
class 0.44313618540763855 38 27 47 39
class 0.31851130723953247 69 28 79 41
class 0.1937198042869568 109 34 119 47
class 0.45046666264533997 128 30 137 42
class 0.2741415798664093 45 44 56 58
class 0.417373389005661 90 59 100 72
class 0.5411094427108765 107 62 115 73
class 0.23711659014225006 111 60 120 72
class 0.362356573343277 174 64 184 75
class 0.5900992155075073 66 68 78 82
class 0.27108603715896606 72 69 83 82
class 0.45204269886016846 111 76 122 89
class 0.4650389850139618 140 68 152 82
class 0.7369917631149292 156 73 167 86
class 0.5008963942527771 164 71 174 84
class 0.5449151396751404 56 79 67 91
class 0.415871262550354 37 107 47 119
class 0.4828314185142517 76 106 85 117
class 0.809416651725769 0 116 8 128
class 0.5612356066703796 84 137 93 147
class 0.2775176167488098 142 133 152 143
class 0.45892709493637085 173 133 185 145
class 0.3438964784145355 17 142 28 154
class 0.5934537053108215 12 153 21 165
class 0.5922844409942627 170 159 181 172
class 0.6279926300048828 36 177 46 189
class 0.5611726641654968 94 176 104 190
class 0.5271187424659729 148 181 158 191
class 0.5692252516746521 95 185 104 197
class 0.6030930876731873 141 192 151 199
