class 0.6274077296257019 77 0 86 10
class 0.305682897567749 16 10 24 20
class 0.11952611804008484 88 23 99 36
class 0.6896393895149231 97 20 108 34
class 0.5671883821487427 129 17 140 32
class 0.36134424805641174 36 27 46 38
class 0.4584791958332062 48 32 59 45
class 0.4393470585346222 26 45 37 57
class 0.639383852481842 82 43 92 56
class 0.5209859609603882 117 45 126 57
class 0.5257769227027893 51 54 61 66
class 0.42254191637039185 46 60 56 74
class 0.4916185140609741 151 58 163 71
class 0.5159645676612854 76 76 85 87
class 0.4358496367931366 93 74 104 88
class 0.6122162938117981 157 76 167 88
class 0.5930975675582886 184 77 193 89
class 0.3647383749485016 67 80 77 92
class 0.5051628947257996 135 84 147 97
class 0.4313094913959503 14 90 24 103
class 0.5733545422554016 33 96 42 110
class 0.3177183270454407 153 96 163 108
class 0.7920961976051331 0 107 9 120
class 0.35019126534461975 29 98 39 113
class 0.5697106719017029 69 105 81 119
class 0.4545239210128784 125 101 135 115
class 0.6082780957221985 44 114 53 129
class 0.7209832668304443 85 126 97 140
class 0.4741774797439575 97 121 110 135
class 0.4587378203868866 153 123 164 135
class 0.6675896048545837 17 138 28 152
class 0.48993486166000366 61 140 72 152
class 0.5182193517684937 145 137 154 149
class 0.5306528806686401 119 143 129 155
class 0.3720369338989258 110 172 119 181
class 0.4590739607810974 118 168 128 179
class 0.329902321100235 37 187 45 197
class 0.45290589332580566 141 192 151 199
