class 0.7450278401374817 33 0 44 8
class 0.328490287065506 48 10 58 21
class 0.43633681535720825 114 11 124 26
class 0.47579070925712585 15 22 23 33
class 0.5870425701141357 86 23 98 35
class 0.4860275089740753 97 18 109 33
class 0.5314639210700989 9 28 18 40
class 0.48430466651916504 97 32 112 49
class 0.4828645884990692 33 45 44 57
class 0.6203675866127014 116 43 126 57
class 0.3565678298473358 6 60 16 72
class 0.3785895109176636 77 65 88 78
class 0.543201208114624 122 64 132 76
class 0.5353325605392456 27 73 38 86
class 0.4110068678855896 65 72 75 84
class 0.34346210956573486 58 85 68 98
class 0.4451393783092499 165 82 174 93
class 0.7388917803764343 3 91 12 102
class 0.3833790123462677 57 96 68 110
class 0.5225663185119629 126 91 136 103
class 0.5242696404457092 142 98 153 110
class 0.3952714502811432 171 89 184 103
class 0.42070358991622925 33 102 42 115
class 0.550373911857605 101 101 111 113
class 0.5041530132293701 161 99 173 113
class 0.4612720012664795 175 101 186 113
class 0.5047897696495056 135 111 146 123
class 0.34583693742752075 184 136 193 149
class 0.37063223123550415 51 149 60 161
class 0.34242454171180725 88 143 102 154
class 0.6225411295890808 89 157 98 170
class 0.6623985171318054 147 157 156 169
class 0.45718175172805786 43 164 53 175
class 0.42020779848098755 64 168 76 179
class 0.2757648825645447 91 163 100 176
class 0.6410692930221558 183 163 193 177
class 0.5532942414283752 136 175 147 187
class 0.46026554703712463 173 194 183 199
