class 0.7916046380996704 82 0 94 10
class 0.7789530754089355 105 0 115 10
class 0.6558913588523865 143 0 154 8
class 0.5931826233863831 81 11 93 23
class 0.6262202262878418 181 12 191 25
class 0.5350248217582703 31 28 41 41
class 0.6327326893806458 39 31 48 44
class 0.5356783866882324 15 37 24 52
class 0.4408887028694153 83 42 92 53
class 0.5523175597190857 123 43 133 54
class 0.6148728132247925 18 55 28 69
class 0.6448524594306946 51 49 62 62
class 0.43018975853919983 161 53 173 67
class 0.60418301820755 112 65 122 79
class 0.754266619682312 1 92 11 104
class 0.3984793722629547 36 94 45 107
class 0.4052004814147949 59 91 72 101
class 0.5659712553024292 70 92 79 105
class 0.5007638931274414 135 93 144 107
class 0.6685879230499268 192 91 199 104
class 0.5283368825912476 51 107 62 119
class 0.5235801339149475 14 111 24 124
class 0.49697673320770264 58 117 69 129
class 0.5920710563659668 180 112 189 123
class 0.5175744891166687 123 124 132 138
class 0.5197290778160095 27 138 37 150
class 0.47107994556427 43 140 52 150
class 0.7188133001327515 165 137 173 148
class 0.619019627571106 121 145 130 157
class 0.5122261047363281 164 147 175 161
class 0.6678264737129211 3 161 13 173
class 0.4572604298591614 23 157 33 170
class 0.6214953660964966 73 155 83 168
class 0.5081509351730347 130 157 140 169
class 0.4297626316547394 148 152 158 164
class 0.6171256899833679 184 153 192 164
class 0.5666334629058838 40 168 52 183
class 0.6142812967300415 101 167 111 180
class 0.5092982649803162 71 175 81 189
