class 0.7726879715919495 164 0 176 13
class 0.18247972428798676 173 11 182 21
class 0.5574454069137573 190 13 198 25
class 0.5050485730171204 73 17 82 29
class 0.49552929401397705 45 33 53 45
class 0.3954114317893982 120 36 131 48
class 0.47962668538093567 95 52 105 64
class 0.5980777740478516 11 64 21 77
class 0.3755492866039276 81 61 91 74
class 0.5191962122917175 181 65 191 77
class 0.39225754141807556 90 75 100 87
class 0.48588669300079346 120 76 131 89
class 0.8074014186859131 0 80 8 91
class 0.6649433970451355 14 79 24 91
class 0.5187134146690369 30 81 40 95
class 0.40644749999046326 71 87 82 100
class 0.5147660374641418 134 87 147 99
class 0.5652918219566345 142 87 154 99
class 0.47132712602615356 161 95 173 110
class 0.4660092294216156 164 92 174 102
class 0.49645793437957764 43 107 53 119
class 0.45503607392311096 97 105 107 119
class 0.6731446981430054 22 116 33 128
class 0.4597778022289276 69 118 80 130
class 0.6153841018676758 126 111 136 123
class 0.5487752556800842 187 119 196 131
class 0.5569543242454529 18 121 28 133
class 0.5887787938117981 53 123 63 135
class 0.5887360572814941 69 125 79 137
class 0.6047536134719849 91 125 101 138
class 0.2794506847858429 172 122 182 134
class 0.15965236723423004 69 139 79 149
class 0.20550528168678284 70 143 80 153
class 0.4727359414100647 83 149 95 161
class 0.5207371711730957 120 147 129 157
class 0.7027960419654846 178 154 189 165
class 0.5660095810890198 155 181 166 193
class 0.44381633400917053 48 192 59 199
