class 0.471635639667511 24 0 35 7
class 0.6945074796676636 46 0 55 7
class 0.527115523815155 112 0 122 8
class 0.48400887846946716 15 13 24 23
class 0.3617595434188843 184 8 195 19
class 0.46511611342430115 80 24 90 35
class 0.44959476590156555 193 17 199 29
class 0.3351449966430664 35 27 46 40
class 0.48813822865486145 52 43 61 55
class 0.26841461658477783 59 39 68 51
class 0.44632357358932495 161 37 172 50
class 0.5620506405830383 189 39 199 50
class 0.32630401849746704 132 54 143 66
class 0.4647059738636017 144 56 153 67
class 0.4615575075149536 184 50 197 62
class 0.21682031452655792 143 62 152 76
class 0.5169037580490112 56 76 67 88
class 0.22898444533348083 119 91 127 104
class 0.46980568766593933 189 90 199 103
class 0.6333377361297607 11 102 22 115
class 0.440387487411499 119 107 128 119
class 0.24640797078609467 123 106 131 117
class 0.46084654331207275 183 107 194 120
class 0.5917328000068665 4 112 14 123
class 0.7329217791557312 126 116 137 127
class 0.5932132601737976 188 117 199 130
class 0.6305943131446838 2 128 11 140
class 0.5489863753318787 58 123 69 136
class 0.6642183065414429 93 126 103 140
class 0.6816472411155701 115 121 125 133
class 0.680436372756958 126 135 136 148
class 0.3772953450679779 19 164 28 175
class 0.26098623871803284 99 171 109 181
class 0.6901605129241943 134 169 145 182
class 0.6217912435531616 135 181 147 192
class 0.4879545271396637 158 180 168 192
class 0.6326153874397278 22 186 31 198
