class 0.736530601978302 2 0 10 11
class 0.7372378706932068 34 0 44 7
class 0.6521251201629639 77 3 86 14
class 0.4336754381656647 110 3 119 14
class 0.4955073297023773 60 23 69 35
class 0.6591773629188538 92 22 102 34
class 0.6947048306465149 160 17 170 30
class 0.7269132733345032 179 33 192 46
class 0.10465548932552338 183 36 190 43
class 0.5469110012054443 61 40 70 50
class 0.5495453476905823 70 44 79 56
class 0.6241797208786011 96 66 107 78
class 0.46271228790283203 43 69 53 81
class 0.3869549334049225 62 69 72 80
class 0.49005189538002014 90 69 100 80
class 0.5229790210723877 161 73 169 85
class 0.3430013358592987 172 71 183 83
class 0.5227852463722229 19 78 30 91
class 0.3375019133090973 55 80 65 93
class 0.38395100831985474 149 80 158 92
class 0.7383403778076172 3 93 12 104
class 0.5036852359771729 145 95 154 106
class 0.46028146147727966 134 102 142 114
class 0.4502629339694977 154 106 163 117
class 0.46248772740364075 18 112 29 125
class 0.3495059907436371 54 119 64 131
class 0.7185746431350708 54 127 63 138
class 0.584434449672699 62 132 72 143
class 0.5012357831001282 52 145 62 158
class 0.4911215007305145 173 143 186 154
class 0.6237317323684692 79 156 87 168
class 0.50792396068573 149 153 159 164
class 0.5635884404182434 172 159 182 171
class 0.44013917446136475 7 168 20 185
class 0.5651874542236328 13 171 22 183
class 0.39656907320022583 19 164 28 179
class 0.3990187346935272 67 163 77 175
class 0.7366494536399841 0 181 10 194
class 0.48225969076156616 61 182 72 194
class 0.5838273763656616 117 191 127 199
class 0.48650363087654114 132 186 144 198
