class 0.4757210314273834 91 18 100 29
class 0.5592737793922424 160 16 172 30
class 0.5036348700523376 98 30 108 45
class 0.6011907458305359 190 33 198 47
class 0.578471839427948 43 36 52 49
class 0.2531528174877167 161 36 173 48
class 0.7505140900611877 13 50 24 62
class 0.371708482503891 40 59 49 68
class 0.596908688545227 101 66 111 76
class 0.5646400451660156 30 72 40 85
class 0.3913482129573822 62 76 73 88
class 0.5162538290023804 80 76 90 87
class 0.6201648712158203 152 75 164 88
class 0.34326979517936707 24 80 33 91
class 0.5837924480438232 84 85 96 97
class 0.3802540600299835 48 92 59 105
class 0.8050534725189209 0 102 6 115
class 0.5489943623542786 85 101 96 114
class 0.6287763714790344 129 106 141 121
class 0.5683885812759399 132 101 144 114
class 0.5281983613967896 17 116 27 130
class 0.48576799035072327 61 114 73 127
class 0.43980515003204346 151 119 162 131
class 0.6712064146995544 133 129 144 141
class 0.21299336850643158 148 122 158 133
class 0.44271206855773926 23 146 33 157
class 0.39250585436820984 43 143 53 156
class 0.3377716541290283 89 143 98 154
class 0.31405311822891235 112 143 122 155
class 0.4970817565917969 149 143 159 155
class 0.22202053666114807 28 154 38 167
class 0.5623730421066284 163 152 172 165
class 0.7551098465919495 0 169 10 184
class 0.4887848496437073 176 162 186 177
class 0.5195096135139465 181 163 189 176
class 0.49694788455963135 188 170 199 181
class 0.5368613004684448 76 176 85 189
class 0.5294008851051331 91 179 102 191
