class 0.5331950187683105 131 6 139 17
class 0.6912388801574707 156 5 168 17
class 0.5647626519203186 65 21 74 34
class 0.4925951063632965 171 18 181 30
class 0.5986877679824829 37 33 48 46
class 0.46966636180877686 81 26 90 38
class 0.6514719128608704 65 38 74 51
class 0.313281387090683 97 37 106 49
class 0.5288830399513245 107 43 120 56
class 0.5107349157333374 189 39 198 51
class 0.34234899282455444 107 51 117 62
class 0.3747592568397522 143 51 152 62
class 0.5009616017341614 91 63 102 78
class 0.39826929569244385 153 76 163 88
class 0.6264323592185974 178 68 187 80
class 0.5425115823745728 8 85 18 97
class 0.39912834763526917 93 87 103 100
class 0.536918044090271 159 98 169 110
class 0.3004569709300995 94 99 105 113
class 0.3541587293148041 107 108 118 120
class 0.48369044065475464 139 106 149 119
class 0.53902268409729 118 115 131 128
class 0.5404988527297974 100 124 111 136
class 0.6105762720108032 155 127 164 139
class 0.576518177986145 169 122 179 133
class 0.42155763506889343 52 147 64 161
class 0.5022473931312561 69 148 80 159
class 0.5467712879180908 124 142 134 156
class 0.5263096690177917 146 142 158 155
class 0.5407122373580933 15 160 24 171
class 0.4890703558921814 83 153 94 164
class 0.6313351988792419 130 154 140 167
class 0.30257469415664673 78 170 88 181
class 0.5299704074859619 166 171 175 183
class 0.4639272093772888 183 171 192 182
class 0.5273325443267822 19 180 29 192
class 0.6181554794311523 192 181 199 194
class 0.36763742566108704 196 183 199 192
class 0.43434324860572815 131 187 141 197
class 0.3948768973350525 190 188 198 198
