class 0.5988937616348267 25 3 35 13
class 0.47903168201446533 120 0 130 13
class 0.6709250807762146 133 0 144 8
class 0.7743892073631287 155 0 166 12
class 0.6817113161087036 168 0 178 9
class 0.6002230048179626 140 13 150 26
class 0.6300349831581116 183 7 192 19
class 0.3571474254131317 101 16 110 26
class 0.7526941299438477 66 44 77 58
class 0.5943573713302612 87 44 98 57
class 0.5150876045227051 164 44 173 54
class 0.6678858995437622 44 54 54 67
class 0.5655964612960815 48 48 58 60
class 0.6331028342247009 86 51 95 63
class 0.42559388279914856 129 53 137 66
class 0.5531572699546814 26 65 37 77
class 0.7785640954971313 0 70 8 82
class 0.5692729353904724 100 87 110 97
class 0.6157588362693787 111 90 122 103
class 0.37780171632766724 151 91 163 106
class 0.5046564936637878 47 107 58 119
class 0.6185770630836487 38 121 49 134
class 0.5840346217155457 65 123 75 135
class 0.520854651927948 111 132 121 143
class 0.4935150742530823 5 144 17 156
class 0.3170115351676941 43 160 55 172
class 0.5448506474494934 87 158 97 170
class 0.6695172190666199 153 153 164 167
class 0.3961395025253296 60 167 71 179
class 0.1350133717060089 86 163 96 174
class 0.6456212997436523 127 166 139 180
class 0.5830497145652771 192 170 199 181
class 0.7027881741523743 191 180 199 195
class 0.6072045564651489 18 190 29 199
class 0.610093355178833 110 188 119 199
class 0.6028358340263367 176 189 186 199
class 0.11550522595643997 177 191 183 198
