class 0.7380822896957397 2 0 11 6
class 0.7990930676460266 130 2 139 13
class 0.7105681896209717 155 2 165 15
class 0.772800624370575 174 1 186 14
class 0.5203302502632141 67 13 78 24
class 0.39186111092567444 132 6 143 18
class 0.4923155605792999 96 23 105 34
class 0.380922794342041 161 16 172 31
class 0.4761507213115692 165 28 173 38
class 0.5593029260635376 12 47 23 56
class 0.28479787707328796 18 46 29 56
class 0.44973137974739075 27 44 37 56
class 0.5501648187637329 87 58 100 72
class 0.34258654713630676 92 62 102 74
class 0.253412127494812 100 66 112 77
class 0.13578841090202332 4 77 11 88
class 0.49140170216560364 67 75 79 87
class 0.6164724826812744 108 72 119 84
class 0.5259544849395752 122 74 134 88
class 0.4873308539390564 4 83 11 95
class 0.36811238527297974 9 85 18 97
class 0.6114440560340881 156 84 167 96
class 0.6727399826049805 2 101 11 112
class 0.6521504521369934 87 109 98 120
class 0.43109938502311707 159 130 168 140
class 0.29846543073654175 25 138 36 152
class 0.5227203369140625 38 138 47 150
class 0.3925282657146454 51 136 60 147
class 0.3166347146034241 69 135 79 146
class 0.4417085647583008 95 132 106 144
class 0.5546384453773499 164 139 175 150
class 0.678062915802002 4 150 14 162
class 0.3061806559562683 110 149 119 161
class 0.42789652943611145 15 160 24 172
class 0.4521941542625427 96 169 105 181
class 0.4877345860004425 131 171 141 183
class 0.41775935888290405 49 182 61 194
class 0.5504221320152283 109 175 119 187
class 0.3441992402076721 37 187 45 197
class 0.6197660565376282 168 188 179 199
class 0.10128529369831085 166 192 176 198
