class 0.7567617297172546 76 0 86 10
class 0.7211270332336426 144 0 153 6
class 0.5664618015289307 55 5 66 18
class 0.6431939601898193 54 18 66 32
class 0.5054446458816528 132 18 142 29
class 0.3160235583782196 33 27 41 38
class 0.891939103603363 179 29 191 43
class 0.19810707867145538 183 33 189 40
class 0.4548257291316986 60 38 72 52
class 0.44649389386177063 77 42 89 57
class 0.6024856567382812 38 66 49 78
class 0.4744243919849396 129 61 139 72
class 0.6804539561271667 63 74 75 87
class 0.21105434000492096 56 72 72 88
class 0.5290751457214355 104 80 113 93
class 0.4263448417186737 114 87 125 99
class 0.6070991158485413 101 95 111 107
class 0.43846195936203003 67 99 77 112
class 0.47057685256004333 143 102 153 114
class 0.5247142910957336 42 117 52 130
class 0.5638917684555054 138 117 147 130
class 0.48302313685417175 164 111 173 123
class 0.6005557179450989 71 121 82 134
class 0.4671303927898407 98 128 109 139
class 0.6041736006736755 182 121 192 134
class 0.6080731749534607 43 132 52 144
class 0.49260151386260986 67 140 77 151
class 0.38032039999961853 110 132 122 144
class 0.3445657193660736 173 136 185 150
class 0.6704431176185608 0 153 6 164
class 0.5231882333755493 174 152 185 167
class 0.4755508601665497 141 165 151 177
class 0.3933604657649994 173 164 183 176
class 0.8159162998199463 2 179 12 190
class 0.47049346566200256 53 179 65 193
class 0.5512940287590027 96 179 106 190
class 0.45045167207717896 18 187 27 198
class 0.39551812410354614 33 186 43 197
