class 0.7591291666030884 42 0 52 12
class 0.5220459699630737 141 10 151 24
class 0.5201382637023926 161 5 170 18
class 0.6965919137001038 14 17 23 28
class 0.4397518038749695 122 27 132 39
class 0.5179824233055115 169 35 177 46
class 0.5370665788650513 19 39 29 51
class 0.5724427103996277 91 38 103 50
class 0.5701192617416382 133 42 145 55
class 0.5107276439666748 161 38 173 49
class 0.39122432470321655 7 47 16 60
class 0.41662225127220154 171 49 183 62
class 0.2750028669834137 182 50 193 62
class 0.7709143757820129 149 81 159 93
class 0.5706040859222412 180 83 189 92
class 0.5778236389160156 134 89 144 102
class 0.4461993873119354 60 100 69 111
class 0.585307776927948 73 108 84 119
class 0.5067958831787109 104 105 115 118
class 0.6424981355667114 14 112 24 125
class 0.23981595039367676 132 112 142 125
class 0.49780699610710144 15 123 25 135
class 0.4876421391963959 60 127 72 140
class 0.35362786054611206 69 126 79 139
class 0.31543686985969543 116 127 126 139
class 0.5604201555252075 157 128 166 139
class 0.7448128461837769 0 153 6 165
class 0.43698588013648987 122 154 132 168
class 0.5473430752754211 15 169 24 181
class 0.23163890838623047 99 163 109 175
class 0.4455578327178955 16 173 27 186
class 0.3963220417499542 78 179 89 191
class 0.5857102870941162 120 186 130 196
class 0.544582188129425 141 187 151 198
class 0.5348358154296875 163 187 172 196
