class 0.7939864993095398 3 1 12 12
class 0.8135100603103638 20 3 29 13
class 0.6975154280662537 119 1 128 13
class 0.8230876326560974 165 0 176 7
class 0.6270754337310791 22 11 32 23
class 0.565809428691864 62 12 72 24
class 0.7476500272750854 0 20 7 31
class 0.7208540439605713 0 31 6 44
class 0.5667872428894043 16 28 27 41
class 0.5301345586776733 41 37 50 50
class 0.6319929957389832 157 44 167 55
class 0.4838609993457794 74 49 85 62
class 0.49418359994888306 116 54 127 67
class 0.6609565019607544 39 58 48 71
class 0.5049686431884766 73 66 83 78
class 0.840411901473999 3 74 12 86
class 0.41150176525115967 18 69 28 82
class 0.4286085069179535 131 74 142 85
class 0.7870755791664124 0 81 8 93
class 0.5095332264900208 60 83 70 95
class 0.523920476436615 81 84 91 98
class 0.5455349683761597 122 86 133 99
class 0.4316251575946808 160 85 173 100
class 0.5407533049583435 165 106 175 118
class 0.4796970784664154 27 130 36 141
class 0.5398412942886353 76 123 86 135
class 0.19476787745952606 161 121 174 135
class 0.6397789120674133 69 131 80 144
class 0.3460855185985565 159 138 172 150
class 0.45773932337760925 181 139 192 153
class 0.482163667678833 50 142 60 155
class 0.5389726161956787 106 148 115 159
class 0.6399688124656677 118 150 127 160
class 0.43355172872543335 118 173 128 183
class 0.62461918592453 148 167 157 178
class 0.5519454479217529 123 186 135 198
class 0.5912555456161499 144 187 155 198
