class 0.6734232902526855 96 0 106 11
class 0.6903519630432129 191 0 199 9
class 0.6407083868980408 0 10 6 21
class 0.570961058139801 86 13 96 25
class 0.4506257176399231 42 22 51 33
class 0.450096070766449 101 17 110 28
class 0.21138998866081238 24 26 36 38
class 0.20826886594295502 33 27 45 42
class 0.25502803921699524 30 28 40 41
class 0.3234268128871918 39 34 48 47
class 0.5025186538696289 92 28 101 39
class 0.5524453520774841 181 33 191 45
class 0.6387628316879272 135 48 145 60
class 0.38663050532341003 74 66 84 77
class 0.7167023420333862 0 70 7 82
class 0.3990490436553955 72 72 82 84
class 0.5275853276252747 35 85 45 98
class 0.2977016568183899 90 87 100 98
class 0.42806127667427063 112 85 122 97
class 0.5951313376426697 147 85 158 96
class 0.4946439266204834 188 86 198 98
class 0.42416152358055115 13 90 23 102
class 0.43409907817840576 31 92 41 106
class 0.3432046175003052 121 96 132 109
class 0.5421440005302429 160 107 169 121
class 0.48674702644348145 186 105 196 117
class 0.5239863991737366 38 114 50 128
class 0.5175050497055054 108 110 119 123
class 0.20330341160297394 98 120 110 133
class 0.44437041878700256 132 122 143 135
class 0.7645004987716675 4 132 13 143
class 0.5814676880836487 11 132 22 143
class 0.612532377243042 28 138 39 150
class 0.6452804207801819 183 132 192 143
class 0.5321003794670105 109 144 119 155
class 0.5222237706184387 118 148 129 158
class 0.46459025144577026 58 165 67 176
class 0.6535849571228027 140 170 150 181
class 0.5960708260536194 158 168 168 180
