class 0.5158028602600098 80 3 90 13
class 0.7645020484924316 143 0 154 8
class 0.7285476326942444 171 0 182 8
class 0.5053871273994446 56 5 65 18
class 0.5989795923233032 93 12 104 26
class 0.5627207159996033 14 27 23 40
class 0.48435717821121216 49 27 58 38
class 0.4570530652999878 98 33 109 47
class 0.6919493079185486 3 43 12 54
class 0.37612444162368774 71 37 81 50
class 0.6477102637290955 0 53 6 65
class 0.5209887027740479 13 47 23 60
class 0.40597885847091675 57 52 67 64
class 0.5603176951408386 157 57 166 67
class 0.5573170185089111 145 60 156 72
class 0.22953182458877563 154 58 163 73
class 0.5058705806732178 176 64 185 75
class 0.5771456360816956 37 75 48 89
class 0.3615749180316925 67 69 79 85
class 0.44963338971138 101 87 112 99
class 0.4669594466686249 123 83 134 96
class 0.45150166749954224 57 90 67 102
class 0.42030423879623413 114 92 125 105
class 0.45688238739967346 146 90 157 101
class 0.6218857169151306 191 91 199 105
class 0.8081734776496887 0 126 6 139
class 0.5079275369644165 61 127 70 138
class 0.40712472796440125 160 123 169 134
class 0.31103429198265076 173 133 185 146
class 0.4969474971294403 21 142 32 155
class 0.3978918790817261 142 150 151 161
class 0.6102403402328491 56 153 66 167
class 0.38278427720069885 15 167 25 179
class 0.55450439453125 82 170 93 183
class 0.5346229076385498 184 168 193 180
class 0.1556534767150879 187 170 196 184
class 0.6185159683227539 51 175 63 188
class 0.5307929515838623 109 174 119 187
class 0.4607633948326111 113 177 124 189
class 0.5801730155944824 25 192 35 199
