class 0.7646852135658264 9 0 20 9
class 0.714026927947998 27 2 38 15
class 0.7352070212364197 50 0 59 6
class 0.83543461561203 112 1 121 12
class 0.709967851638794 0 11 8 23
class 0.7286074161529541 179 23 188 33
class 0.5926429629325867 93 34 103 46
class 0.7799243927001953 175 33 187 45
class 0.4857175946235657 59 43 70 54
class 0.566478967666626 14 50 25 62
class 0.48249948024749756 117 47 126 60
class 0.44898611307144165 33 58 42 71
class 0.3461051881313324 79 59 89 70
class 0.4765132963657379 95 67 104 77
class 0.6121240258216858 165 66 175 78
class 0.1614972949028015 104 69 114 80
class 0.5768179297447205 112 70 122 82
class 0.49896305799484253 111 86 120 98
class 0.38972827792167664 122 96 132 108
class 0.2268812656402588 165 89 179 105
class 0.3842847943305969 165 91 174 102
class 0.5871609449386597 55 108 68 120
class 0.6532002687454224 65 107 77 120
class 0.3958737552165985 168 104 176 114
class 0.38366013765335083 17 111 26 123
class 0.4282609522342682 119 110 131 123
class 0.9079781174659729 1 126 11 138
class 0.14101053774356842 7 121 16 134
class 0.5009331703186035 43 126 53 139
class 0.3402537405490875 69 134 78 146
class 0.5462428331375122 125 139 136 151
class 0.748972475528717 1 145 10 157
class 0.47828787565231323 88 143 98 155
class 0.4614606201648712 93 146 105 157
class 0.14776238799095154 124 144 133 154
class 0.5105486512184143 36 159 45 171
class 0.4542883634567261 96 160 106 171
class 0.5081365704536438 13 189 23 199
