class 0.7457430958747864 82 0 92 7
class 0.5810145139694214 104 13 116 26
class 0.6444200277328491 21 23 30 37
class 0.14590027928352356 101 16 111 27
class 0.4580174386501312 128 16 142 28
class 0.43143242597579956 66 33 77 48
class 0.4108697474002838 83 27 93 40
class 0.5244063138961792 112 28 121 39
class 0.5901448130607605 179 28 192 42
class 0.6753224730491638 19 37 32 51
class 0.4913620948791504 19 52 28 63
class 0.41462352871894836 35 54 45 69
class 0.4144129753112793 191 48 198 60
class 0.651813268661499 8 62 21 75
class 0.3370557725429535 53 65 63 78
class 0.31765130162239075 80 68 91 78
class 0.4888303577899933 102 71 113 84
class 0.23572693765163422 110 74 122 89
class 0.495672345161438 105 85 115 97
class 0.3857073485851288 153 81 163 93
class 0.5427048206329346 14 92 24 103
class 0.6037945747375488 144 97 154 109
class 0.5590084195137024 140 102 152 116
class 0.5347155332565308 7 122 19 134
class 0.5550534725189209 64 128 74 140
class 0.7186226844787598 116 121 129 134
class 0.1056448295712471 112 125 121 133
class 0.5034173727035522 51 141 61 151
class 0.5341687202453613 125 139 136 152
class 0.4498702585697174 34 143 45 154
class 0.37864524126052856 34 160 46 172
class 0.6215362548828125 51 154 63 167
class 0.4581964612007141 63 164 74 176
class 0.5634700655937195 121 167 130 178
class 0.5574268698692322 124 176 136 189
class 0.6269857287406921 24 185 33 198
