class 0.719015896320343 13 3 23 15
class 0.6770738363265991 28 0 38 7
class 0.5876237154006958 132 0 144 11
class 0.39072319865226746 123 7 133 20
class 0.5439537167549133 152 12 161 25
class 0.526964545249939 182 11 192 25
class 0.5350884795188904 30 16 40 29
class 0.6154844760894775 90 23 100 34
class 0.676172137260437 120 20 128 32
class 0.2624971270561218 121 18 131 29
class 0.1739376336336136 156 16 164 26
class 0.7287189364433289 18 34 27 45
class 0.592214822769165 34 28 47 44
class 0.5245425701141357 87 43 96 56
class 0.40749385952949524 129 42 138 55
class 0.5855532288551331 17 55 27 67
class 0.28397122025489807 45 52 57 66
class 0.5019352436065674 157 54 167 66
class 0.4447246789932251 59 63 69 74
class 0.5825638771057129 137 62 148 74
class 0.4186748266220093 114 74 126 88
class 0.5195000767707825 91 81 100 94
class 0.7728155255317688 0 98 11 109
class 0.5442808866500854 59 96 70 109
class 0.49790486693382263 190 91 198 103
class 0.29158562421798706 100 103 110 117
class 0.5704398155212402 14 112 24 124
class 0.5402696132659912 116 133 127 145
class 0.5207495093345642 140 139 153 152
class 0.39930087327957153 109 143 119 154
class 0.2622215449810028 184 150 193 163
class 0.48182767629623413 50 153 60 164
class 0.7160398364067078 79 157 88 167
class 0.6034194231033325 151 170 161 182
class 0.7074232697486877 40 176 53 193
