class 0.7057656049728394 112 0 122 10
class 0.6877025961875916 151 1 159 13
class 0.7461169362068176 170 0 179 6
class 0.4709952771663666 105 11 114 25
class 0.623315155506134 56 15 68 29
class 0.4820581078529358 61 16 73 27
class 0.28221234679222107 77 34 85 46
class 0.5038976073265076 141 33 152 46
class 0.5303506255149841 64 37 74 50
class 0.5605887770652771 87 42 96 54
class 0.44746050238609314 103 37 111 48
class 0.6916064620018005 147 38 160 51
class 0.1275998204946518 142 42 155 49
class 0.38125813007354736 140 47 151 59
class 0.5092164874076843 188 49 198 62
class 0.4557252824306488 102 58 111 70
class 0.2769012153148651 26 86 35 98
class 0.5174897313117981 29 84 40 96
class 0.5563342571258545 101 87 111 98
class 0.49354368448257446 169 86 180 99
class 0.5591372847557068 99 96 110 109
class 0.48417654633522034 191 103 199 115
class 0.5304687023162842 181 115 191 127
class 0.4980059862136841 50 125 58 137
class 0.40959176421165466 63 124 75 138
class 0.5568694472312927 62 125 70 136
class 0.5217421650886536 17 138 27 150
class 0.45486336946487427 34 140 43 151
class 0.6258758306503296 160 133 169 145
class 0.3627592623233795 16 148 27 162
class 0.43147706985473633 75 145 86 159
class 0.5316370129585266 106 146 116 159
class 0.5931536555290222 129 143 140 156
class 0.38299253582954407 37 153 48 164
class 0.4918993413448334 87 159 98 170
class 0.7963255047798157 1 165 11 177
class 0.6408946514129639 171 165 180 178
class 0.7023267149925232 2 177 11 190
class 0.8221086263656616 3 186 14 198
class 0.5455055832862854 22 185 31 194
class 0.5453928112983704 103 187 113 198
class 0.6025630831718445 146 191 157 199
