class 0.7816338539123535 0 0 6 5
class 0.7917692065238953 51 0 61 7
class 0.5175186395645142 97 0 107 4
class 0.7142963409423828 132 0 145 9
class 0.6293551921844482 172 0 181 12
class 0.3557627499103546 104 6 113 19
class 0.3989851772785187 151 11 162 23
class 0.4897487759590149 18 17 28 29
class 0.26666176319122314 62 24 72 36
class 0.4638731777667999 179 18 189 31
class 0.2768819332122803 186 17 195 30
class 0.7786540985107422 3 40 13 51
class 0.4669216275215149 63 57 73 69
class 0.749941885471344 0 69 8 81
class 0.598008930683136 25 72 36 86
class 0.33376288414001465 29 70 43 82
class 0.5061452984809875 51 80 62 94
class 0.5255914926528931 73 85 83 97
class 0.5551269054412842 90 85 100 98
class 0.4306119680404663 22 100 32 112
class 0.6016255021095276 38 105 49 118
class 0.6009877920150757 51 100 61 113
class 0.47914233803749084 78 102 88 114
class 0.5321658253669739 93 109 103 120
class 0.48020312190055847 184 108 193 119
class 0.7083356380462646 2 113 12 124
class 0.2917817533016205 184 113 196 126
class 0.7195861339569092 166 126 177 139
class 0.6174354553222656 133 132 144 144
class 0.6137859225273132 45 145 54 157
class 0.5001043677330017 51 147 62 160
class 0.7391934990882874 3 157 13 168
class 0.5814153552055359 136 171 148 183
class 0.5227832794189453 183 164 193 176
class 0.37316715717315674 36 181 46 193
class 0.6237370371818542 71 182 82 194
class 0.43856507539749146 118 181 129 193
class 0.5842484831809998 179 181 190 194
