class 0.44610506296157837 57 3 66 12
class 0.7241941094398499 2 12 13 24
class 0.5918722152709961 47 10 56 22
class 0.5695632100105286 65 8 76 20
class 0.5626338720321655 76 6 88 19
class 0.4628061354160309 92 21 101 32
class 0.5149534344673157 133 24 144 36
class 0.5871654152870178 186 18 196 29
class 0.4173891246318817 16 30 24 41
class 0.5491048693656921 148 35 157 45
class 0.5743038654327393 153 37 164 49
class 0.22021928429603577 177 45 187 57
class 0.4406464397907257 87 47 100 60
class 0.36662352085113525 176 50 185 61
class 0.6154625415802002 45 62 57 77
class 0.6528660655021667 173 63 185 77
class 0.26646581292152405 36 69 48 81
class 0.3729134202003479 27 79 37 93
class 0.40459907054901123 37 93 47 105
class 0.4826297461986542 165 93 174 105
class 0.40284982323646545 192 108 199 121
class 0.5243374109268188 104 110 115 122
class 0.5420312881469727 20 122 30 135
class 0.5060518383979797 181 129 192 142
class 0.7875629663467407 0 136 7 148
class 0.5354198813438416 55 134 65 145
class 0.656185507774353 4 143 13 155
class 0.3854045569896698 129 143 138 153
class 0.7162238955497742 0 157 6 171
class 0.39520832896232605 18 153 28 165
class 0.4653192162513733 57 160 67 171
class 0.4824010133743286 149 155 160 168
class 0.5901312232017517 61 163 73 175
class 0.4479382336139679 152 174 162 186
class 0.6763911843299866 192 177 199 189
class 0.5919581651687622 97 184 108 198
