class 0.8651873469352722 31 0 42 11
class 0.5219232439994812 38 0 49 8
class 0.6586878895759583 117 0 127 8
class 0.558179497718811 123 1 133 9
class 0.6573315858840942 75 12 84 25
class 0.5807702541351318 96 11 107 24
class 0.8607712984085083 1 18 10 30
class 0.45223960280418396 115 32 124 44
class 0.5390058159828186 161 32 172 45
class 0.41971656680107117 15 56 25 66
class 0.46535083651542664 134 48 145 61
class 0.5657486915588379 144 54 154 67
class 0.674586832523346 187 51 197 63
class 0.5993316769599915 19 59 30 70
class 0.5290718674659729 184 61 193 74
class 0.4978049099445343 112 70 121 82
class 0.47186464071273804 150 86 160 97
class 0.5519169569015503 164 81 174 93
class 0.5429560542106628 31 89 40 103
class 0.41956761479377747 76 94 86 106
class 0.5310243368148804 126 92 136 105
class 0.34374383091926575 133 92 142 106
class 0.4129277169704437 14 108 24 120
class 0.6573227047920227 139 101 149 113
class 0.4755808413028717 27 113 37 126
class 0.5604290962219238 11 124 21 137
class 0.6207492351531982 69 129 79 141
class 0.5175493955612183 86 124 97 136
class 0.7028690576553345 4 133 12 144
class 0.5195682644844055 24 137 35 150
class 0.3245120048522949 39 142 49 154
class 0.4502571225166321 141 159 151 171
class 0.4704309105873108 145 155 155 167
class 0.49714967608451843 31 164 42 176
class 0.5804980397224426 67 169 78 180
class 0.729350209236145 3 191 13 199
