class 0.7999191880226135 0 0 8 10
class 0.1007758229970932 0 9 4 22
class 0.7700103521347046 0 10 8 21
class 0.5295253992080688 66 9 75 20
class 0.4052007496356964 96 14 107 25
class 0.424592524766922 140 7 150 19
class 0.6197266578674316 4 24 12 36
class 0.3563051223754883 140 22 152 34
class 0.3921196758747101 109 34 120 46
class 0.5925363302230835 187 34 198 45
class 0.45012688636779785 59 46 68 57
class 0.5337486267089844 116 53 128 66
class 0.49078574776649475 187 51 197 64
class 0.5234642028808594 15 58 24 69
class 0.42079615592956543 184 65 196 78
class 0.5729653239250183 169 71 180 82
class 0.7094711065292358 2 80 11 92
class 0.4406064748764038 128 88 138 99
class 0.5259239673614502 169 84 180 97
class 0.6524248719215393 29 92 39 107
class 0.4813714325428009 81 89 91 101
class 0.4599483013153076 166 111 175 123
class 0.5784305334091187 51 129 61 139
class 0.6216276288032532 63 130 74 139
class 0.28787681460380554 56 132 68 145
class 0.12166483700275421 58 137 70 150
class 0.41398343443870544 101 132 111 144
class 0.4815789759159088 63 142 73 154
class 0.2900308072566986 110 149 119 160
class 0.4448166489601135 62 159 71 172
class 0.3824223577976227 145 160 156 172
class 0.5434421300888062 172 158 183 168
class 0.3607104420661926 177 157 187 167
class 0.5571953654289246 43 171 53 182
class 0.6639879941940308 182 166 192 179
class 0.33867642283439636 184 171 196 183
class 0.4793934226036072 54 187 64 198
class 0.5848228931427002 145 191 154 199
class 0.6102586388587952 162 187 171 197
