class 0.7931891083717346 32 1 42 12
class 0.7440714836120605 51 3 61 15
class 0.5035231113433838 162 2 171 13
class 0.5755559206008911 170 6 178 16
class 0.4917069971561432 119 19 130 34
class 0.31282562017440796 124 22 136 35
class 0.6102025508880615 16 30 24 41
class 0.5439195036888123 41 35 50 45
class 0.5266537070274353 74 29 86 41
class 0.5008121728897095 93 38 103 50
class 0.46123528480529785 118 50 127 62
class 0.5766415596008301 133 48 143 61
class 0.5629529356956482 82 57 93 71
class 0.5182991027832031 103 64 114 75
class 0.3897654712200165 122 69 132 80
class 0.5094966292381287 183 74 193 85
class 0.40607863664627075 77 85 89 98
class 0.4676744341850281 146 80 156 92
class 0.6155892014503479 75 95 84 107
class 0.38922062516212463 125 104 135 116
class 0.5014356970787048 132 105 142 117
class 0.42899608612060547 97 112 107 124
class 0.5577957630157471 145 114 155 126
class 0.6580815315246582 149 122 162 135
class 0.47602126002311707 61 140 70 152
class 0.479695588350296 107 139 119 151
class 0.5435237288475037 170 136 181 149
class 0.5707900524139404 127 157 137 170
class 0.501595675945282 10 168 19 179
class 0.35225293040275574 38 165 49 178
class 0.4733164310455322 78 179 88 190
class 0.37820377945899963 111 182 122 194
class 0.5289598107337952 142 181 151 192
class 0.5880053639411926 60 191 71 199
class 0.6115151047706604 169 190 180 199
