class 0.6287914514541626 79 0 90 7
class 0.7813076376914978 157 0 168 8
class 0.66994708776474 185 2 196 14
class 0.35083186626434326 18 10 27 22
class 0.666539192199707 4 23 14 34
class 0.5430211424827576 133 20 142 31
class 0.5182226300239563 147 25 156 35
class 0.4099586308002472 139 29 150 43
class 0.4736451208591461 38 46 49 57
class 0.44398653507232666 97 48 107 59
class 0.709947943687439 0 64 7 75
class 0.5403525233268738 190 59 199 71
class 0.5622138381004333 135 71 146 83
class 0.5646511316299438 135 84 146 98
class 0.6802030801773071 191 80 199 92
class 0.42127275466918945 95 91 106 104
class 0.5167989134788513 18 101 27 113
class 0.4907166063785553 104 107 114 120
class 0.5417541265487671 169 108 180 119
class 0.3279825448989868 33 121 41 132
class 0.5703542232513428 59 121 68 132
class 0.3624041676521301 97 122 107 134
class 0.4612325131893158 12 134 22 147
class 0.39241355657577515 47 132 58 145
class 0.23212683200836182 150 137 163 151
class 0.8355612754821777 0 147 7 158
class 0.5117666721343994 13 142 23 153
class 0.49464863538742065 43 151 52 161
class 0.22638948261737823 112 149 122 162
class 0.33654606342315674 163 146 174 158
class 0.5116040706634521 17 153 27 167
class 0.4811123311519623 78 159 88 170
class 0.5894562005996704 44 163 54 174
class 0.42985907196998596 72 170 81 183
class 0.4203817546367645 98 167 108 178
class 0.724757969379425 9 189 21 199
class 0.5296995043754578 84 185 95 198
class 0.44024020433425903 140 192 150 199
class 0.5167245864868164 177 187 186 197
class 0.5916042923927307 189 187 199 199
