class 0.7468480467796326 32 0 42 7
class 0.8048542141914368 52 0 63 8
class 0.6173406839370728 62 13 72 26
class 0.35098275542259216 117 5 124 16
class 0.581774115562439 138 13 148 25
class 0.7608404755592346 0 22 7 35
class 0.38893693685531616 99 32 109 45
class 0.6753813624382019 4 42 14 53
class 0.5716611742973328 18 41 30 53
class 0.5466510653495789 27 40 38 53
class 0.4561804234981537 58 45 69 57
class 0.5916732549667358 98 43 109 57
class 0.6710212826728821 191 39 199 51
class 0.5266782641410828 125 57 134 67
class 0.4461389482021332 41 59 51 72
class 0.23046356439590454 48 59 58 71
class 0.4759121537208557 107 63 119 75
class 0.6521117091178894 113 65 124 78
class 0.5673224925994873 140 59 152 72
class 0.5304526090621948 143 66 153 77
class 0.36651837825775146 60 70 70 81
class 0.5439877510070801 70 75 79 86
class 0.4908865690231323 26 80 37 91
class 0.5417143702507019 47 84 58 96
class 0.38427987694740295 111 78 121 92
class 0.5435845255851746 14 90 23 101
class 0.43149030208587646 132 95 142 107
class 0.3496241271495819 119 100 130 113
class 0.5943347811698914 154 107 164 120
class 0.6133962273597717 42 124 53 137
class 0.5205018520355225 72 123 81 135
class 0.4851781725883484 88 128 99 141
class 0.5502532720565796 17 138 28 151
class 0.43312883377075195 36 151 45 161
class 0.6791983842849731 45 154 54 164
class 0.5273299813270569 51 161 61 172
class 0.3348601460456848 68 160 78 171
class 0.4484224021434784 151 155 161 165
class 0.508618175983429 27 176 39 187
class 0.5678901672363281 67 192 77 199
