class 0.6378916501998901 193 0 199 9
class 0.48312094807624817 76 14 87 29
class 0.412626713514328 103 16 112 27
class 0.47172629833221436 28 46 38 57
class 0.4415789544582367 39 42 48 52
class 0.3364016115665436 119 37 131 51
class 0.5301705002784729 176 39 187 51
class 0.3594200909137726 85 49 95 62
class 0.1562795490026474 91 55 101 68
class 0.5350374579429626 159 51 169 60
class 0.13491939008235931 154 51 164 60
class 0.3305327296257019 164 51 174 63
class 0.3567931354045868 122 58 132 70
class 0.8206924200057983 0 75 5 87
class 0.44719985127449036 66 69 79 83
class 0.48425009846687317 189 69 199 83
class 0.4055478870868683 25 81 34 95
class 0.3216058611869812 70 80 78 92
class 0.4399295151233673 171 86 182 98
class 0.2811610996723175 184 81 192 93
class 0.4994931221008301 29 96 37 108
class 0.4792368412017822 143 97 153 109
class 0.7492014765739441 0 108 10 121
class 0.3863408863544464 169 107 179 119
class 0.28987517952919006 174 113 185 125
class 0.45396074652671814 17 121 26 133
class 0.46994340419769287 17 139 26 152
class 0.49103406071662903 129 133 138 145
class 0.8008009791374207 0 150 7 163
class 0.47535109519958496 115 151 125 162
class 0.415773868560791 162 147 171 158
class 0.5736359357833862 119 155 129 166
class 0.4617924392223358 16 169 24 181
class 0.3372230529785156 152 165 161 176
class 0.13802988827228546 166 163 176 174
class 0.7572046518325806 0 191 5 199
class 0.5029699206352234 11 183 22 198
class 0.5615895390510559 125 186 136 199
