class 0.7371887564659119 34 2 44 13
class 0.6970779299736023 100 0 112 8
class 0.749704122543335 4 13 13 24
class 0.38249292969703674 88 23 98 38
class 0.518584668636322 182 17 192 29
class 0.44332510232925415 150 27 162 39
class 0.3810594975948334 17 38 26 51
class 0.48940181732177734 91 44 101 55
class 0.46831846237182617 134 39 144 51
class 0.5237646102905273 157 37 166 49
class 0.34126636385917664 184 37 192 48
class 0.5511409640312195 190 37 199 50
class 0.7891587018966675 4 54 14 65
class 0.5017622709274292 101 50 112 62
class 0.814932644367218 3 77 12 88
class 0.5720952749252319 34 68 44 81
class 0.49098682403564453 56 76 67 90
class 0.5420697331428528 116 69 127 82
class 0.5897558331489563 124 83 134 96
class 0.49570438265800476 81 91 89 104
class 0.5821269750595093 96 93 105 105
class 0.4265211224555969 118 95 128 107
class 0.31077244877815247 7 102 17 115
class 0.654842734336853 48 107 58 119
class 0.4053407907485962 110 106 123 119
class 0.6778808832168579 177 107 189 120
class 0.4749361276626587 16 117 24 129
class 0.4755113124847412 61 110 71 122
class 0.4659654498100281 132 118 142 131
class 0.38038694858551025 20 129 27 141
class 0.5038807392120361 5 132 14 144
class 0.46241289377212524 118 145 127 156
class 0.30812767148017883 99 152 109 165
class 0.5269734859466553 168 162 179 172
class 0.43873897194862366 38 171 50 184
class 0.5067550539970398 110 164 119 176
class 0.40421062707901 99 177 108 188
class 0.5646311640739441 151 175 162 188
class 0.6347952485084534 39 189 49 199
