class 0.7612078785896301 16 0 27 7
class 0.6953179240226746 80 0 90 7
class 0.5327025055885315 141 2 150 13
class 0.36984437704086304 134 15 142 28
class 0.5515851378440857 7 32 18 43
class 0.5759931206703186 39 33 49 46
class 0.5153427124023438 147 27 155 39
class 0.4865703582763672 38 39 48 53
class 0.532996416091919 170 39 181 51
class 0.6841273307800293 35 65 45 78
class 0.5635533332824707 77 58 88 72
class 0.5011804699897766 146 63 155 74
class 0.49784359335899353 156 61 166 72
class 0.530895471572876 27 71 38 85
class 0.4761568009853363 149 85 159 98
class 0.23013393580913544 80 90 89 100
class 0.4573664963245392 11 101 22 113
class 0.41778215765953064 28 102 36 114
class 0.398705393075943 111 107 121 119
class 0.510114848613739 151 101 162 116
class 0.3504348695278168 159 99 171 113
class 0.7509577870368958 193 117 199 129
class 0.5238978266716003 14 134 24 144
class 0.5072115063667297 81 138 91 150
class 0.40147003531455994 97 134 107 144
class 0.3121517598628998 122 139 131 150
class 0.35916364192962646 160 134 169 146
class 0.37223944067955017 175 134 184 147
class 0.24040895700454712 141 143 151 156
class 0.44955185055732727 142 154 151 165
class 0.6930752992630005 145 158 156 170
class 0.47865864634513855 190 158 199 172
class 0.4139818549156189 26 171 34 182
class 0.5171926021575928 189 166 199 177
class 0.5214939117431641 86 175 96 187
class 0.3198586106300354 100 177 113 192
class 0.6189931035041809 19 184 29 198
class 0.6690298914909363 82 186 92 197
