class 0.4542113244533539 88 3 98 15
class 0.7370223999023438 165 2 175 14
class 0.6597140431404114 1 6 9 17
class 0.3547315001487732 194 15 199 25
class 0.47420892119407654 101 22 110 33
class 0.40867364406585693 151 22 162 36
class 0.15675540268421173 157 22 167 33
class 0.4720474183559418 164 17 174 27
class 0.5290839076042175 153 28 163 41
class 0.3193066418170929 5 38 13 48
class 0.46606090664863586 39 45 50 55
class 0.7660162448883057 0 56 9 67
class 0.3496027886867523 31 53 39 64
class 0.20194202661514282 16 57 26 72
class 0.526303768157959 0 69 8 81
class 0.5592881441116333 144 70 153 80
class 0.6243607401847839 183 70 192 81
class 0.6433117389678955 136 80 146 92
class 0.33747127652168274 143 83 152 95
class 0.5837329626083374 23 98 32 110
class 0.5224031209945679 129 92 141 107
class 0.39906254410743713 87 111 99 124
class 0.612419605255127 186 116 196 128
class 0.6636418700218201 93 128 103 140
class 0.4456161558628082 123 121 132 134
class 0.4274689555168152 151 122 163 136
class 0.7113041877746582 4 142 13 153
class 0.5290213823318481 43 143 52 155
class 0.5420700907707214 100 147 108 158
class 0.31875884532928467 150 148 161 161
class 0.5465429425239563 148 154 159 166
class 0.4479992389678955 177 159 186 172
class 0.6307474970817566 191 155 199 169
class 0.4878186583518982 113 165 124 178
class 0.5640665888786316 18 178 28 191
class 0.5416536927223206 110 180 119 192
class 0.522698700428009 154 186 165 197
