class 0.309762567281723 81 3 91 14
class 0.7791922092437744 116 1 125 13
class 0.5322296023368835 56 13 67 26
class 0.6052882075309753 130 8 140 21
class 0.7692082524299622 3 16 12 27
class 0.4102917015552521 39 16 47 27
class 0.611482560634613 65 15 78 30
class 0.43740347027778625 165 34 172 44
class 0.5938969254493713 56 38 67 51
class 0.59124755859375 12 53 22 65
class 0.48027294874191284 59 50 69 62
class 0.3825177252292633 170 55 180 65
class 0.5590056777000427 191 63 199 76
class 0.5883908867835999 25 71 36 84
class 0.5851972103118896 111 75 123 88
class 0.5362518429756165 181 69 190 80
class 0.5203191041946411 56 79 67 93
class 0.6134541034698486 66 83 78 97
class 0.4116375148296356 106 81 118 95
class 0.2801225483417511 25 90 36 102
class 0.3576434552669525 28 94 37 107
class 0.5031889081001282 50 93 62 108
class 0.4175759255886078 93 95 105 109
class 0.6056790947914124 114 97 124 110
class 0.3321464955806732 34 99 45 112
class 0.32957616448402405 78 102 89 116
class 0.67742520570755 180 107 192 120
class 0.4502607583999634 19 127 29 140
class 0.4665924906730652 101 132 110 144
class 0.5756862163543701 171 133 182 145
class 0.3980458080768585 33 145 42 157
class 0.3733857274055481 25 153 34 165
class 0.42207059264183044 43 160 54 172
class 0.5177342295646667 135 159 145 170
class 0.4734087288379669 25 172 35 183
class 0.3054361045360565 23 176 32 186
class 0.4272441565990448 101 174 113 186
class 0.40915217995643616 92 192 101 199
