class 0.6430585980415344 34 3 44 13
class 0.5968297719955444 130 0 140 7
class 0.5271050333976746 147 9 157 24
class 0.36563780903816223 185 7 192 18
class 0.3062615394592285 48 24 57 35
class 0.3322259187698364 143 21 152 34
class 0.5482487082481384 179 22 188 35
class 0.4620564877986908 192 19 199 32
class 0.383783757686615 93 35 102 45
class 0.5222800374031067 150 33 162 46
class 0.3342442214488983 60 42 70 56
class 0.6346319317817688 75 54 87 68
class 0.4556533396244049 118 55 129 69
class 0.36619898676872253 153 50 163 62
class 0.5784099102020264 9 64 20 76
class 0.524483859539032 120 61 131 77
class 0.4538302719593048 137 57 146 69
class 0.6077920198440552 164 65 175 76
class 0.1341366022825241 1 73 4 88
class 0.8592683672904968 1 74 9 86
class 0.5811388492584229 12 79 21 90
class 0.3526827394962311 27 78 36 91
class 0.5144271850585938 76 78 89 92
class 0.3925708532333374 164 80 173 91
class 0.6048593521118164 80 97 90 111
class 0.5978794693946838 11 103 23 115
class 0.5889384150505066 69 106 79 120
class 0.4854697585105896 190 104 199 116
class 0.7849652767181396 0 114 7 125
class 0.5462188124656677 62 141 71 151
class 0.7871270179748535 186 136 197 149
class 0.35221967101097107 38 143 48 155
class 0.5891233682632446 168 142 179 154
class 0.5428727269172668 87 155 97 166
class 0.5037755966186523 5 164 13 176
class 0.31146517395973206 22 165 30 176
class 0.5456647872924805 140 182 150 191
class 0.5245587229728699 101 187 113 198
class 0.6148653626441956 148 194 160 199
