class 0.4850755035877228 7 0 16 9
class 0.6299759745597839 70 0 81 9
class 0.788755476474762 0 8 7 20
class 0.6255289316177368 54 12 64 25
class 0.5487110614776611 159 13 170 26
class 0.5338221788406372 18 16 28 29
class 0.5489473342895508 13 27 21 38
class 0.5394774675369263 12 45 21 58
class 0.5901640057563782 138 42 147 54
class 0.5093989372253418 80 62 92 74
class 0.7679614424705505 3 74 13 85
class 0.26701217889785767 172 68 183 82
class 0.5033081769943237 183 76 193 88
class 0.4555399417877197 49 83 59 95
class 0.462456613779068 62 81 73 93
class 0.5386896729469299 138 86 147 97
class 0.5042411088943481 167 82 176 94
class 0.4412478804588318 166 103 175 114
class 0.49928945302963257 8 112 20 125
class 0.25481367111206055 184 114 193 128
class 0.5882136225700378 188 117 198 130
class 0.3590424358844757 59 130 70 141
class 0.5236251354217529 116 122 127 134
class 0.542118489742279 58 134 70 147
class 0.5087781548500061 123 132 132 144
class 0.41916605830192566 173 137 186 149
class 0.6997921466827393 4 150 14 161
class 0.5803742408752441 46 142 57 155
class 0.5249519944190979 126 149 135 160
class 0.4894025921821594 144 141 154 156
class 0.5519664883613586 173 148 182 160
class 0.5684789419174194 119 160 128 170
class 0.6673187613487244 161 160 171 171
class 0.5205569863319397 39 165 49 177
class 0.5181902647018433 128 163 137 175
class 0.5651847124099731 148 163 158 175
class 0.536203145980835 183 170 192 181
class 0.542617917060852 33 179 44 191
class 0.4765707552433014 93 176 105 188
