class 0.7643791437149048 4 0 13 9
class 0.5979602336883545 98 3 108 13
class 0.804358184337616 188 1 197 13
class 0.5091637372970581 45 17 56 31
class 0.4596497416496277 56 33 68 45
class 0.43660488724708557 122 28 132 39
class 0.5344977378845215 154 28 164 40
class 0.43869325518608093 8 37 17 48
class 0.47229239344596863 164 40 173 52
class 0.4479196071624756 149 50 158 62
class 0.6220503449440002 181 50 191 62
class 0.5119136571884155 45 58 57 72
class 0.3777923583984375 60 59 68 71
class 0.38223880529403687 90 58 100 72
class 0.49761882424354553 19 68 30 81
class 0.39725181460380554 97 84 107 96
class 0.5515369176864624 146 80 155 92
class 0.4721715450286865 97 114 106 126
class 0.5894913673400879 4 128 14 142
class 0.5942220687866211 28 127 38 138
class 0.4713238775730133 56 128 67 140
class 0.5651761889457703 123 122 132 135
class 0.4464121162891388 65 131 79 144
class 0.44019582867622375 109 132 120 146
class 0.4084148705005646 184 137 196 148
class 0.4478655457496643 131 146 140 157
class 0.6162129640579224 152 144 165 157
class 0.6786698698997498 192 147 199 161
class 0.27015766501426697 196 149 199 159
class 0.8056160807609558 0 160 10 173
class 0.6129039525985718 45 154 57 165
class 0.5994219183921814 68 155 78 166
class 0.382549524307251 146 160 157 172
class 0.44672849774360657 65 172 76 183
class 0.5845679640769958 8 181 18 193
class 0.5826330780982971 49 179 61 192
class 0.6729572415351868 93 188 104 199
class 0.15385861694812775 92 192 101 199
