class 0.7644529938697815 0 0 7 11
class 0.6174119710922241 184 1 193 11
class 0.34076476097106934 28 10 38 24
class 0.5731147527694702 46 12 56 25
class 0.5827650427818298 175 10 185 25
class 0.653410017490387 4 17 14 29
class 0.40504589676856995 88 23 98 37
class 0.6615387797355652 176 19 187 31
class 0.41985875368118286 53 32 62 45
class 0.5192863345146179 103 27 112 39
class 0.6484291553497314 158 45 168 56
class 0.5919739007949829 27 47 38 59
class 0.4742485582828522 45 48 58 63
class 0.5597259402275085 10 63 21 76
class 0.5488881468772888 28 65 37 77
class 0.48461243510246277 61 59 70 71
class 0.5541651248931885 77 65 88 79
class 0.47627541422843933 190 71 198 83
class 0.5307456254959106 119 87 130 99
class 0.49034857749938965 187 91 197 104
class 0.4675806760787964 88 102 98 115
class 0.47647473216056824 171 109 182 120
class 0.5179344415664673 55 111 68 123
class 0.12406516820192337 64 118 76 129
class 0.5727033019065857 60 122 71 135
class 0.4448201656341553 80 129 91 142
class 0.49075546860694885 111 138 121 151
class 0.22726032137870789 67 144 78 155
class 0.7739461064338684 115 158 126 171
class 0.4656088650226593 20 172 31 182
class 0.4551013708114624 47 172 56 183
class 0.4955461025238037 120 176 130 188
class 0.573918342590332 165 180 176 193
class 0.5417830348014832 19 189 29 199
class 0.4855424463748932 28 186 39 198
class 0.6843097805976868 147 189 157 199
