class 0.5976604223251343 28 3 38 16
class 0.47031211853027344 77 8 86 20
class 0.4903870224952698 85 6 95 19
class 0.7672165632247925 1 23 11 35
class 0.6286059021949768 40 27 49 39
class 0.6144888997077942 84 27 92 40
class 0.34338587522506714 48 37 58 50
class 0.335201233625412 67 43 78 55
class 0.2739728093147278 88 45 99 58
class 0.5038549900054932 115 37 124 51
class 0.41208016872406006 131 36 143 49
class 0.2809470593929291 109 47 120 60
class 0.6600367426872253 157 56 167 68
class 0.5174244046211243 82 65 92 79
class 0.6226460933685303 169 65 181 78
class 0.4273744821548462 71 77 82 90
class 0.5247100591659546 132 70 142 82
class 0.48040127754211426 15 100 24 113
class 0.47503748536109924 155 104 163 115
class 0.4312326908111572 68 128 79 140
class 0.5005038976669312 166 122 176 133
class 0.41022297739982605 170 138 184 151
class 0.47499746084213257 36 142 45 154
class 0.5830691456794739 120 144 128 155
class 0.49337947368621826 132 147 144 159
class 0.5775638222694397 180 144 192 154
class 0.4536881148815155 36 160 46 172
class 0.505729615688324 109 156 119 167
class 0.4244961142539978 116 156 130 168
class 0.4937625825405121 121 158 133 170
class 0.6049814820289612 147 164 159 177
class 0.6266620755195618 15 176 24 188
class 0.5604436993598938 70 180 83 194
class 0.4482877850532532 22 185 30 197
class 0.4958357512950897 97 190 107 199
