class 0.6592006087303162 18 3 27 14
class 0.5878041386604309 106 0 115 5
class 0.5373259782791138 115 5 125 18
class 0.4951918423175812 157 4 169 19
class 0.5158532857894897 59 17 68 28
class 0.37439343333244324 88 16 99 29
class 0.5210937261581421 96 18 107 29
class 0.17154011130332947 90 22 102 27
class 0.6127217411994934 38 33 48 45
class 0.5590029954910278 91 27 100 38
class 0.494940847158432 143 35 153 47
class 0.7620614767074585 0 38 8 50
class 0.4817439019680023 112 39 122 51
class 0.43768006563186646 132 43 143 56
class 0.6763825416564941 179 41 190 53
class 0.8587581515312195 0 55 8 68
class 0.20562104880809784 121 48 132 60
class 0.5926699042320251 14 64 25 78
class 0.5091791152954102 69 64 80 77
class 0.6304088830947876 133 62 144 74
class 0.522837221622467 151 64 162 77
class 0.4686755836009979 61 86 73 97
class 0.5297501087188721 101 87 112 98
class 0.7070436477661133 105 92 118 107
class 0.3171902298927307 117 91 130 101
class 0.33695974946022034 132 95 142 111
class 0.5404746532440186 147 94 157 108
class 0.6332852840423584 167 100 177 112
class 0.6928867697715759 4 112 14 124
class 0.5429850816726685 30 111 40 123
class 0.6160401105880737 122 111 133 125
class 0.4730292856693268 156 110 166 122
class 0.4788689911365509 6 132 17 144
class 0.5482949018478394 121 132 131 144
class 0.5450237393379211 35 150 46 162
class 0.409762978553772 96 151 106 163
class 0.3448355197906494 47 161 56 170
class 0.5285456776618958 170 188 179 198
