class 0.6250196099281311 15 3 24 13
class 0.7221617102622986 29 0 40 7
class 0.7983689904212952 168 1 178 10
class 0.27608686685562134 152 12 161 23
class 0.3697320222854614 21 22 29 34
class 0.4453977942466736 57 21 65 33
class 0.38068869709968567 39 27 48 41
class 0.37362438440322876 82 34 92 46
class 0.6051293611526489 1 46 11 58
class 0.514853298664093 101 41 111 54
class 0.5882615447044373 43 60 54 71
class 0.7553153038024902 4 70 14 82
class 0.4521605670452118 114 70 126 82
class 0.5097945928573608 137 76 148 88
class 0.545892596244812 101 85 112 99
class 0.7467643022537231 133 82 144 96
class 0.5526418685913086 11 91 22 104
class 0.7954587340354919 0 112 7 124
class 0.5247657299041748 188 119 197 130
class 0.5496823191642761 27 128 37 140
class 0.6772993206977844 45 125 57 140
class 0.45914313197135925 69 139 80 152
class 0.5759637355804443 145 137 158 150
class 0.4346034526824951 184 133 196 146
class 0.4415612518787384 52 147 63 159
class 0.7272323369979858 71 146 81 158
class 0.4270172417163849 130 160 141 172
class 0.14691723883152008 133 158 144 170
class 0.43289995193481445 148 159 159 172
class 0.6000955104827881 184 155 196 167
class 0.4829292595386505 24 166 33 180
class 0.3364202380180359 127 163 136 176
class 0.23559226095676422 173 165 185 179
class 0.7565170526504517 4 182 13 194
class 0.5333059430122375 191 175 199 187
class 0.3285822570323944 184 187 192 197
