class 0.45970597863197327 77 2 88 14
class 0.6026966571807861 80 0 91 9
class 0.5431399345397949 33 5 42 18
class 0.38491788506507874 98 11 110 23
class 0.5930102467536926 104 12 116 26
class 0.38297855854034424 59 18 68 29
class 0.5738000869750977 107 16 123 27
class 0.5550588369369507 134 22 144 35
class 0.7981951236724854 185 21 197 33
class 0.5732272863388062 108 32 120 45
class 0.7398476004600525 3 38 13 51
class 0.5066450834274292 102 55 112 69
class 0.4297688901424408 191 55 199 67
class 0.48860159516334534 40 66 51 78
class 0.5804560780525208 163 61 175 72
class 0.320197194814682 184 64 197 73
class 0.4548167884349823 30 76 40 88
class 0.5095375776290894 166 76 176 87
class 0.5051026940345764 184 75 193 85
class 0.41651907563209534 49 85 59 97
class 0.5305032134056091 70 86 80 99
class 0.5249522924423218 156 94 164 104
class 0.12000981718301773 13 110 22 120
class 0.30530139803886414 35 101 46 115
class 0.5575024485588074 60 107 70 119
class 0.7825230360031128 12 114 23 126
class 0.15488317608833313 16 118 26 130
class 0.562288761138916 35 109 46 124
class 0.5709910988807678 97 132 106 144
class 0.6632249355316162 177 131 187 144
class 0.3734546899795532 18 151 28 162
class 0.36269572377204895 44 148 54 160
class 0.450309693813324 165 143 175 157
class 0.40121468901634216 81 160 92 173
class 0.5508642196655273 183 159 193 171
class 0.30849549174308777 16 166 25 178
class 0.4602207839488983 169 168 180 180
class 0.6567429900169373 12 176 21 189
class 0.49886026978492737 117 174 127 185
class 0.5557978749275208 193 190 199 199
