class 0.6623952984809875 70 2 80 13
class 0.5577337145805359 84 0 96 8
class 0.7256122827529907 151 1 161 11
class 0.760314404964447 187 0 197 8
class 0.4201260209083557 18 9 28 22
class 0.528159499168396 79 7 92 19
class 0.6049387454986572 113 9 124 23
class 0.3289244472980499 184 6 195 18
class 0.3236883282661438 99 15 109 29
class 0.47687220573425293 143 24 153 35
class 0.4529224932193756 59 44 70 56
class 0.4631254971027374 90 37 100 48
class 0.5877974629402161 20 56 30 68
class 0.6097443103790283 155 47 165 59
class 0.5487886071205139 132 59 144 71
class 0.5027810335159302 187 58 196 71
class 0.3580400347709656 130 68 141 81
class 0.5403413772583008 21 80 31 93
class 0.5849782824516296 69 98 80 109
class 0.3864786922931671 110 97 120 108
class 0.5922815203666687 113 93 124 107
class 0.5380128026008606 38 100 48 111
class 0.5504995584487915 4 112 14 125
class 0.502349853515625 8 127 17 139
class 0.4020022749900818 62 129 71 142
class 0.497437059879303 106 128 116 140
class 0.5987758040428162 191 125 199 139
class 0.5311644077301025 80 132 91 144
class 0.3117828071117401 174 131 185 144
class 0.5642153024673462 31 147 42 160
class 0.4418167173862457 63 143 72 157
class 0.276436984539032 151 148 161 160
class 0.5759769678115845 11 160 21 173
class 0.49648401141166687 110 155 120 167
class 0.3869669735431671 146 154 156 166
class 0.35150545835494995 170 162 179 172
class 0.5635002255439758 93 169 103 182
class 0.3954448997974396 166 168 175 179
