class 0.735853374004364 85 2 95 12
class 0.4388992190361023 93 30 102 42
class 0.7046079039573669 113 33 124 46
class 0.5614022612571716 122 30 132 42
class 0.4262133836746216 170 28 180 40
class 0.1375185251235962 175 29 185 41
class 0.5950577855110168 186 34 195 45
class 0.6071205735206604 73 42 82 55
class 0.22606712579727173 80 37 89 50
class 0.3892332911491394 116 37 127 50
class 0.5251802206039429 33 58 43 70
class 0.42126402258872986 112 58 123 71
class 0.5043700337409973 123 59 132 71
class 0.5235241055488586 103 75 112 88
class 0.7646582722663879 0 80 6 91
class 0.4225025773048401 48 78 58 91
class 0.5997828245162964 176 80 186 91
class 0.33705127239227295 27 91 36 103
class 0.4268362820148468 44 90 54 103
class 0.46234995126724243 105 93 116 106
class 0.5816420316696167 31 107 40 118
class 0.36664679646492004 57 107 67 121
class 0.5146173238754272 83 103 93 115
class 0.5566532015800476 150 100 160 112
class 0.6629752516746521 128 116 138 128
class 0.7068450450897217 1 139 10 150
class 0.49782493710517883 15 133 23 145
class 0.486632376909256 28 133 37 144
class 0.45274949073791504 52 139 63 149
class 0.6161578893661499 34 147 45 160
class 0.5667605996131897 112 164 123 176
class 0.6713922023773193 18 182 26 193
class 0.6528373956680298 36 175 44 184
class 0.3925330340862274 143 182 155 194
class 0.463890016078949 185 190 192 199
class 0.6550669074058533 189 187 199 199
class 0.23918291926383972 187 191 198 197
