class 0.7678782939910889 10 1 20 10
class 0.7149438261985779 49 2 59 13
class 0.6689260005950928 129 2 139 14
class 0.6914856433868408 145 0 156 12
class 0.5638920068740845 35 11 45 23
class 0.6227298378944397 181 12 190 24
class 0.36553460359573364 59 16 68 27
class 0.49800175428390503 96 23 105 34
class 0.5350603461265564 12 33 23 45
class 0.5133146643638611 28 33 37 44
class 0.34679627418518066 90 31 100 44
class 0.4516032338142395 161 27 173 38
class 0.569247305393219 143 44 154 57
class 0.5388448238372803 166 37 177 49
class 0.5178927183151245 18 56 27 68
class 0.556282103061676 104 51 113 63
class 0.5545908212661743 135 50 145 62
class 0.30439385771751404 148 48 158 59
class 0.4306345582008362 163 50 174 62
class 0.534975528717041 28 71 37 83
class 0.5648835301399231 175 69 186 81
class 0.7353194952011108 3 81 12 93
class 0.5468707084655762 65 79 75 90
class 0.6128406524658203 103 88 112 99
class 0.5568642020225525 136 109 145 120
class 0.5429765582084656 193 101 199 113
class 0.5358894467353821 33 118 42 130
class 0.4659160077571869 61 113 71 125
class 0.4706535339355469 181 111 191 123
class 0.516005277633667 95 128 105 140
class 0.5711742043495178 144 132 154 143
class 0.5541844367980957 159 139 169 150
class 0.5053685307502747 16 143 24 154
class 0.4168972074985504 58 149 70 163
class 0.4077831208705902 190 143 199 154
class 0.5939093232154846 34 153 44 164
class 0.10544473677873611 0 169 5 183
class 0.8467205762863159 1 170 10 182
class 0.6353073716163635 64 170 76 183
