class 0.7615699768066406 14 1 24 13
class 0.6178258657455444 56 0 65 6
class 0.6333721876144409 129 3 138 15
class 0.6497950553894043 183 3 191 13
class 0.7759193778038025 188 0 198 10
class 0.3302658498287201 89 6 98 17
class 0.36986491084098816 184 8 192 19
class 0.502196729183197 28 17 37 32
class 0.3341900110244751 78 16 89 30
class 0.5605621337890625 155 17 164 27
class 0.5112898945808411 178 20 189 31
class 0.4835491180419922 8 32 18 44
class 0.41751205921173096 37 32 48 44
class 0.46512845158576965 72 34 80 45
class 0.24944886565208435 152 33 162 47
class 0.33431851863861084 93 43 103 55
class 0.2657032907009125 101 55 110 66
class 0.21284805238246918 50 66 59 78
class 0.41380107402801514 112 60 122 71
class 0.4649852216243744 123 59 133 71
class 0.1650475114583969 38 69 46 82
class 0.5306581854820251 115 69 125 83
class 0.22048185765743256 82 79 91 90
class 0.614070475101471 154 90 164 102
class 0.46368512511253357 184 96 193 109
class 0.5218600630760193 7 106 18 119
class 0.5351690053939819 46 100 57 113
class 0.5623026490211487 126 113 136 126
class 0.5301060080528259 11 127 21 140
class 0.6426444053649902 40 140 51 152
class 0.4607524275779724 87 133 99 146
class 0.47266754508018494 150 140 160 151
class 0.4998326599597931 19 141 30 155
class 0.47332194447517395 124 143 133 155
class 0.534099817276001 189 146 198 159
class 0.761936604976654 0 153 7 164
class 0.36501598358154297 47 160 56 172
class 0.37108057737350464 78 170 89 181
class 0.4778341054916382 152 177 162 188
class 0.3439561724662781 174 179 184 190
