class 0.6444036960601807 9 0 20 5
class 0.6970513463020325 180 0 191 4
class 0.6290531158447266 10 13 21 25
class 0.6452401280403137 21 11 32 24
class 0.6004446744918823 191 12 199 24
class 0.7242783308029175 0 16 7 29
class 0.7472174763679504 38 23 47 37
class 0.503383994102478 56 20 66 33
class 0.34812474250793457 154 24 163 34
class 0.4945404827594757 166 22 175 32
class 0.41858312487602234 16 31 24 42
class 0.22121739387512207 154 31 162 42
class 0.4561244249343872 166 36 174 45
class 0.5734745860099792 15 48 24 59
class 0.5127078294754028 57 54 67 68
class 0.33231306076049805 77 47 89 60
class 0.20926420390605927 144 59 153 68
class 0.36586499214172363 102 69 111 81
class 0.3892517387866974 190 74 197 88
class 0.674789309501648 83 86 94 98
class 0.13208261132240295 89 85 101 99
class 0.5758816599845886 41 96 51 108
class 0.3339955508708954 137 89 146 101
class 0.5166956782341003 6 113 19 128
class 0.5077022910118103 98 111 110 123
class 0.6818183660507202 125 119 135 130
class 0.44864383339881897 65 129 74 141
class 0.45607006549835205 137 121 147 133
class 0.7609213590621948 0 137 10 149
class 0.5297521948814392 81 137 90 148
class 0.5204594135284424 79 148 90 161
class 0.6932616829872131 67 158 78 169
class 0.43903279304504395 7 163 20 176
class 0.6117762923240662 36 167 45 178
class 0.5851407051086426 80 170 89 182
class 0.4623171389102936 132 179 143 191
class 0.529832661151886 166 181 176 194
