class 0.7100589871406555 22 4 32 14
class 0.7205926179885864 102 1 112 12
class 0.37721189856529236 131 8 140 22
class 0.4833773076534271 146 13 156 25
class 0.19732749462127686 109 16 120 28
class 0.5077880024909973 173 17 181 29
class 0.3584558963775635 87 27 99 41
class 0.5249406695365906 123 26 132 39
class 0.3021725118160248 150 25 164 40
class 0.7488695383071899 3 37 13 48
class 0.5022076964378357 49 38 59 50
class 0.37483343482017517 70 36 78 50
class 0.560472309589386 116 48 127 60
class 0.11563297361135483 121 50 132 62
class 0.5847347974777222 160 50 169 63
class 0.6445340514183044 178 55 191 68
class 0.5601826906204224 77 57 88 71
class 0.5623400807380676 122 65 134 78
class 0.6053625345230103 30 75 40 88
class 0.5343260169029236 112 76 123 89
class 0.6054282188415527 156 69 169 83
class 0.6012783646583557 182 69 192 80
class 0.6074120402336121 17 96 27 109
class 0.4822666645050049 102 95 112 109
class 0.5907652378082275 117 101 127 113
class 0.48302239179611206 143 101 153 112
class 0.5190123915672302 24 113 36 128
class 0.4557842016220093 11 122 21 134
class 0.4528365731239319 128 128 137 143
class 0.5369247198104858 38 136 47 149
class 0.55000239610672 97 134 107 146
class 0.571007251739502 104 146 113 160
class 0.5146704316139221 183 142 191 153
class 0.6523463726043701 19 157 27 169
class 0.4540788531303406 40 164 49 174
class 0.4751981496810913 26 186 34 195
class 0.5779096484184265 35 186 45 197
