class 0.38248494267463684 120 0 130 8
class 0.8275238871574402 137 0 148 8
class 0.7372667789459229 171 1 181 14
class 0.7594642043113708 178 1 191 12
class 0.5944017171859741 4 6 13 17
class 0.5199264883995056 75 12 85 24
class 0.8332338333129883 0 22 7 35
class 0.6341474056243896 112 23 122 35
class 0.5376730561256409 24 33 34 47
class 0.48621246218681335 119 26 131 38
class 0.11023116856813431 122 30 132 41
class 0.598688542842865 130 37 141 50
class 0.8602344989776611 0 55 10 68
class 0.4506053030490875 80 58 90 70
class 0.47563597559928894 106 58 116 69
class 0.49192050099372864 118 58 129 69
class 0.5395581722259521 16 72 25 83
class 0.48662087321281433 149 72 158 82
class 0.4960220754146576 161 73 172 86
class 0.6452465057373047 179 71 190 83
class 0.47453251481056213 118 85 128 97
class 0.5121487975120544 62 98 73 109
class 0.5282685160636902 159 97 168 109
class 0.37369799613952637 88 100 99 113
class 0.587629497051239 146 101 155 113
class 0.5167640447616577 9 116 20 127
class 0.522572934627533 36 113 46 127
class 0.452246755361557 52 135 61 147
class 0.544197142124176 83 160 93 172
class 0.3949574828147888 120 161 129 171
class 0.49354007840156555 145 159 156 172
class 0.5812972187995911 168 154 178 166
class 0.527145266532898 188 161 198 172
class 0.3058824837207794 16 169 24 179
class 0.28378114104270935 18 168 29 181
class 0.5770090222358704 29 166 38 179
class 0.3591592609882355 130 163 139 175
class 0.4655367136001587 65 180 75 193
class 0.4904491901397705 139 174 148 188
class 0.43788817524909973 130 191 141 199
class 0.37956342101097107 163 186 172 196
