class 0.5657320618629456 153 4 166 21
class 0.3678607642650604 157 8 165 18
class 0.6269641518592834 45 31 56 46
class 0.7692062854766846 2 44 11 55
class 0.29296836256980896 80 40 89 52
class 0.5203849673271179 147 46 156 57
class 0.5993863940238953 51 54 62 66
class 0.28010594844818115 116 54 127 66
class 0.33449119329452515 111 64 121 78
class 0.5956452488899231 95 69 105 80
class 0.12451278418302536 107 69 116 79
class 0.43942710757255554 143 76 152 86
class 0.7342467904090881 193 75 199 88
class 0.4468320310115814 158 80 167 91
class 0.5006284117698669 171 86 180 96
class 0.410205602645874 125 92 136 105
class 0.3924805819988251 133 94 142 106
class 0.5336635112762451 156 92 166 104
class 0.6177446246147156 183 91 192 102
class 0.3438655138015747 16 101 26 113
class 0.5093243718147278 71 108 82 120
class 0.4835396409034729 111 106 121 119
class 0.583020806312561 136 100 147 113
class 0.6695613265037537 45 119 55 130
class 0.5855783820152283 79 115 90 127
class 0.44033393263816833 125 110 134 122
class 0.5117615461349487 30 122 40 136
class 0.5350265502929688 144 125 152 137
class 0.3958985507488251 184 129 193 142
class 0.7597467303276062 127 144 137 158
class 0.4380738437175751 185 149 195 161
class 0.7245845794677734 103 154 114 165
class 0.6407731175422668 127 160 137 171
class 0.5868034958839417 93 164 103 177
class 0.733884871006012 109 168 120 182
class 0.4873233437538147 15 188 23 198
class 0.5727155208587646 54 189 64 199
class 0.35387498140335083 91 187 102 198
class 0.5104479193687439 162 187 171 197
