class 0.7731842398643494 113 2 123 15
class 0.4645199775695801 185 6 195 18
class 0.3607403337955475 104 34 113 45
class 0.3615867495536804 71 40 79 53
class 0.16455191373825073 87 35 100 50
class 0.46680745482444763 133 45 144 57
class 0.6955083012580872 55 50 66 63
class 0.3697636127471924 112 47 121 59
class 0.5076347589492798 122 65 131 78
class 0.5235274434089661 41 72 49 84
class 0.771122932434082 181 69 192 81
class 0.3410269618034363 54 78 64 91
class 0.2672039568424225 129 78 141 92
class 0.46035218238830566 153 86 163 100
class 0.6011456251144409 59 96 70 110
class 0.493075966835022 14 100 23 112
class 0.5250177383422852 122 100 132 113
class 0.5172652006149292 15 117 25 129
class 0.4126708209514618 164 127 173 139
class 0.6805503368377686 18 138 27 151
class 0.5341464877128601 116 140 126 152
class 0.6274542212486267 183 132 192 144
class 0.2158527374267578 17 149 29 162
class 0.24188153445720673 77 149 89 161
class 0.5433793067932129 108 150 119 161
class 0.6879415512084961 17 155 29 167
class 0.5362920761108398 130 160 140 172
class 0.44525039196014404 184 161 193 172
class 0.6176713705062866 74 164 85 175
class 0.43911540508270264 89 164 98 177
class 0.37450364232063293 95 171 105 183
class 0.39283934235572815 17 176 28 188
class 0.5603375434875488 64 175 74 187
class 0.30168575048446655 135 182 146 194
class 0.5930531024932861 15 187 24 196
class 0.10911891609430313 16 190 26 198
class 0.48394256830215454 143 186 154 199
