class 0.5278348922729492 12 7 21 18
class 0.374877005815506 28 12 39 26
class 0.4633876085281372 57 12 66 23
class 0.4812939465045929 141 11 150 22
class 0.537995457649231 83 24 92 36
class 0.5065045356750488 62 26 75 40
class 0.605617344379425 159 28 167 40
class 0.5455358624458313 59 44 70 56
class 0.5626758337020874 41 49 50 59
class 0.3415522575378418 56 48 68 61
class 0.37821173667907715 99 54 109 67
class 0.48704156279563904 8 63 19 76
class 0.3506666421890259 62 69 72 80
class 0.33482474088668823 78 72 89 86
class 0.4981786608695984 190 69 199 82
class 0.7398277521133423 2 85 11 95
class 0.3196898400783539 97 78 108 92
class 0.5914290547370911 28 90 38 102
class 0.5650643110275269 48 92 59 104
class 0.20065537095069885 89 89 98 101
class 0.5188920497894287 103 96 112 109
class 0.7212446928024292 193 96 199 109
class 0.4886094331741333 79 102 90 115
class 0.22787228226661682 172 102 184 115
class 0.4753510057926178 45 109 57 123
class 0.3259540796279907 185 118 196 130
class 0.6207354664802551 32 124 41 134
class 0.6295463442802429 75 124 85 136
class 0.4793646037578583 121 125 131 137
class 0.41348767280578613 79 137 89 150
class 0.6163343787193298 136 139 146 150
class 0.2217431217432022 142 144 150 156
class 0.31151264905929565 163 150 172 161
class 0.7162193059921265 191 154 199 167
class 0.4090070426464081 168 164 178 175
