class 0.7944778800010681 10 0 22 9
class 0.8207347989082336 124 1 136 13
class 0.7468287348747253 150 0 161 8
class 0.5240150690078735 153 7 164 18
class 0.6083152294158936 176 7 186 18
class 0.4802262485027313 113 18 121 28
class 0.428952693939209 8 33 19 44
class 0.6329346895217896 150 33 162 47
class 0.48002392053604126 38 39 51 51
class 0.4546058475971222 84 42 93 54
class 0.3186843693256378 109 37 120 49
class 0.2922397553920746 136 48 146 61
class 0.12496930360794067 142 51 153 64
class 0.4977666139602661 5 70 13 82
class 0.871846079826355 2 87 10 99
class 0.14122290909290314 6 84 16 99
class 0.3926858901977539 43 79 53 90
class 0.3640522360801697 67 85 77 97
class 0.3720508813858032 91 85 101 97
class 0.6239673495292664 150 81 163 94
class 0.563900887966156 171 82 181 96
class 0.11796426773071289 5 94 11 106
class 0.619967520236969 171 96 184 110
class 0.177588552236557 5 101 12 111
class 0.6412267088890076 49 108 58 121
class 0.35438480973243713 91 108 100 120
class 0.6717662811279297 178 103 189 115
class 0.4481734335422516 8 110 17 122
class 0.47898441553115845 95 121 105 135
class 0.54344642162323 143 121 153 133
class 0.5798607468605042 150 142 160 155
class 0.5156823396682739 165 158 176 169
class 0.7051893472671509 192 153 199 166
class 0.2880411148071289 88 170 99 181
class 0.557621419429779 12 181 22 192
class 0.47044914960861206 21 182 33 193
class 0.537979245185852 146 187 157 198
