class 0.7721393704414368 112 0 121 11
class 0.6255221962928772 133 0 143 8
class 0.3693791925907135 16 6 23 15
class 0.49695414304733276 84 18 93 30
class 0.46279317140579224 151 22 162 36
class 0.6728546023368835 185 17 197 28
class 0.48111045360565186 132 27 143 41
class 0.6479930281639099 148 44 161 58
class 0.558077871799469 122 54 134 67
class 0.4733615517616272 79 66 89 77
class 0.24409453570842743 118 66 132 78
class 0.45261359214782715 103 69 113 82
class 0.5557335615158081 137 72 147 84
class 0.5129705667495728 11 85 22 97
class 0.364969938993454 44 86 53 97
class 0.5314750671386719 111 86 121 99
class 0.4734708368778229 45 96 53 107
class 0.5641058087348938 156 94 166 106
class 0.3536379337310791 35 107 45 120
class 0.44407227635383606 150 106 159 118
class 0.36642956733703613 121 117 132 130
class 0.4260636270046234 9 122 19 133
class 0.73321533203125 23 126 36 141
class 0.8265791535377502 0 135 8 147
class 0.6118201017379761 176 134 187 148
class 0.5560805797576904 15 160 24 172
class 0.6272134184837341 194 160 199 171
class 0.33164381980895996 0 163 5 175
class 0.5397036075592041 42 163 51 175
class 0.3639533519744873 99 163 109 176
class 0.5174008011817932 15 184 23 192
class 0.5955337882041931 35 173 43 187
class 0.636405348777771 26 187 35 197
class 0.5404630899429321 54 188 65 199
class 0.5943692326545715 84 185 95 199
class 0.6049091219902039 180 188 189 198
