class 0.7072126269340515 28 2 38 15
class 0.792857825756073 51 1 61 12
class 0.7020809054374695 3 11 13 22
class 0.5560317635536194 20 9 28 24
class 0.7179769277572632 97 10 106 21
class 0.38142871856689453 128 18 137 28
class 0.3078276515007019 132 19 142 30
class 0.552585244178772 183 18 192 29
class 0.7333454489707947 0 32 7 44
class 0.4952481687068939 133 43 143 56
class 0.4968060553073883 165 43 174 53
class 0.34310150146484375 184 42 193 52
class 0.5707314014434814 80 56 89 67
class 0.6944172382354736 100 51 111 63
class 0.509934663772583 6 59 19 71
class 0.607191801071167 38 77 48 88
class 0.5774298310279846 90 78 100 93
class 0.5626846551895142 133 80 142 91
class 0.59027498960495 182 81 191 95
class 0.5961745977401733 27 94 37 107
class 0.5554472804069519 92 97 100 111
class 0.6009950637817383 137 107 147 120
class 0.4548836052417755 45 113 54 125
class 0.657479465007782 149 118 158 130
class 0.5359905958175659 166 111 176 123
class 0.7224873900413513 113 124 124 137
class 0.4861774146556854 92 139 103 151
class 0.44118890166282654 122 135 132 149
class 0.5033648610115051 23 150 33 163
class 0.27699077129364014 142 143 151 155
class 0.4138469994068146 114 158 124 171
class 0.5000200867652893 94 170 105 183
class 0.4082068204879761 99 174 109 185
class 0.5741494297981262 170 175 180 188
class 0.6076647639274597 143 190 155 199
