class 0.7454842925071716 43 1 53 12
class 0.29668980836868286 48 0 59 9
class 0.7879432439804077 84 3 94 15
class 0.6463395357131958 193 0 199 10
class 0.4932668209075928 186 16 196 28
class 0.33230721950531006 8 27 18 40
class 0.5445268750190735 13 35 22 50
class 0.17732195556163788 32 44 44 59
class 0.40614864230155945 45 41 57 55
class 0.5031309723854065 91 42 100 53
class 0.5193798542022705 105 38 115 48
class 0.6384730935096741 187 44 196 56
class 0.7581686973571777 3 48 13 60
class 0.24017643928527832 30 47 38 59
class 0.6257238984107971 95 52 111 67
class 0.25467848777770996 116 48 126 58
class 0.43907833099365234 186 54 196 66
class 0.6237883567810059 14 64 25 77
class 0.5213335156440735 82 59 93 72
class 0.4838818311691284 49 72 58 84
class 0.5889661312103271 97 74 106 87
class 0.6126444935798645 154 73 164 86
class 0.5600479245185852 10 96 21 109
class 0.5571708083152771 166 96 176 109
class 0.6023547649383545 21 107 33 120
class 0.5225598812103271 82 100 93 112
class 0.5539820194244385 81 119 91 129
class 0.6152995824813843 66 136 75 147
class 0.560535728931427 72 135 81 146
class 0.40596380829811096 81 133 89 145
class 0.5971968173980713 138 136 147 147
class 0.4087521731853485 160 135 169 146
class 0.44008949398994446 46 150 55 161
class 0.3357684016227722 128 152 138 161
class 0.5930320024490356 62 154 73 166
class 0.5031574368476868 128 157 138 168
class 0.5076819658279419 149 153 161 167
class 0.6218876838684082 183 168 193 180
class 0.4694455564022064 97 187 106 198
