class 0.5283434987068176 15 0 24 9
class 0.7790846228599548 85 1 96 9
class 0.7770118117332458 106 1 116 13
class 0.4826480746269226 176 7 185 19
class 0.4724045991897583 39 25 47 36
class 0.2620231509208679 80 27 89 38
class 0.675111711025238 21 40 32 50
class 0.5154837965965271 97 54 106 67
class 0.6641841530799866 193 53 199 66
class 0.32264193892478943 5 65 13 76
class 0.5717206001281738 30 66 39 77
class 0.6972054839134216 5 76 13 88
class 0.3585330843925476 31 74 40 86
class 0.4127616882324219 35 83 46 95
class 0.4836215674877167 51 88 63 99
class 0.46651268005371094 100 94 110 106
class 0.5835557579994202 166 109 177 120
class 0.5975663065910339 188 108 197 120
class 0.5063191056251526 92 119 104 130
class 0.42664438486099243 112 110 123 123
class 0.6225911974906921 138 112 148 124
class 0.2329375445842743 6 128 16 142
class 0.5796663761138916 48 122 58 134
class 0.4113271236419678 109 128 120 140
class 0.690168023109436 134 135 144 149
class 0.47146862745285034 15 145 25 156
class 0.4886245131492615 150 150 160 161
class 0.7189240455627441 169 147 180 160
class 0.10841277241706848 167 150 171 157
class 0.1127997413277626 166 146 175 161
class 0.4123019576072693 173 144 184 156
class 0.5436976552009583 40 153 49 164
class 0.5304384827613831 113 158 122 171
class 0.6829798817634583 123 164 135 176
class 0.3663460910320282 57 175 70 187
class 0.5234540104866028 102 174 115 187
class 0.5945003628730774 57 191 66 199
class 0.5639188289642334 115 191 126 199
