class 0.7433573603630066 11 0 23 9
class 0.46143096685409546 77 0 87 9
class 0.7116078734397888 128 0 140 8
class 0.40725940465927124 68 9 80 20
class 0.5489408373832703 107 8 117 20
class 0.6026850342750549 18 24 27 35
class 0.48191019892692566 34 15 47 28
class 0.5560107827186584 104 22 113 34
class 0.5169306993484497 129 21 140 33
class 0.5561752319335938 145 17 156 31
class 0.5206151604652405 172 22 181 35
class 0.5842923521995544 34 27 48 39
class 0.5418524146080017 48 27 58 40
class 0.5147735476493835 69 27 79 40
class 0.6065269112586975 27 37 38 50
class 0.35591092705726624 135 43 144 55
class 0.2044897973537445 172 43 183 54
class 0.6708458065986633 178 44 189 57
class 0.43959948420524597 98 59 110 72
class 0.45176008343696594 9 70 20 81
class 0.5183867812156677 50 70 60 83
class 0.5170396566390991 146 76 157 89
class 0.4773738980293274 157 69 167 82
class 0.5070187449455261 183 75 193 88
class 0.4805750250816345 81 96 90 108
class 0.7006761431694031 135 92 146 105
class 0.604996919631958 45 101 56 116
class 0.5212462544441223 70 100 79 112
class 0.4179322123527527 119 100 130 113
class 0.4454458951950073 153 105 164 118
class 0.49282997846603394 49 129 59 142
class 0.5191958546638489 90 130 100 142
class 0.6047963500022888 39 133 49 145
class 0.1341143697500229 53 131 64 144
class 0.4883531928062439 182 140 192 152
class 0.4908698499202728 151 160 161 172
class 0.367669939994812 108 171 118 183
class 0.5762707591056824 135 181 147 194
class 0.6094415187835693 12 192 23 199
