class 0.7719470858573914 10 0 19 6
class 0.32562151551246643 100 1 108 10
class 0.8083431124687195 116 1 125 11
class 0.7600380182266235 139 1 147 14
class 0.2523189187049866 143 0 154 8
class 0.5917688012123108 193 9 199 22
class 0.3769396245479584 112 27 121 39
class 0.6054419279098511 17 38 29 50
class 0.32106131315231323 101 42 110 55
class 0.4309311509132385 123 37 132 49
class 0.39466428756713867 160 37 169 50
class 0.5458882451057434 46 54 57 68
class 0.5158182382583618 150 52 160 63
class 0.49100834131240845 65 77 75 89
class 0.5511986017227173 38 87 48 99
class 0.6383896470069885 166 87 177 98
class 0.5746658444404602 85 97 96 110
class 0.5529129505157471 101 89 111 102
class 0.6542528867721558 193 96 199 108
class 0.4642581343650818 29 101 38 114
class 0.47535520792007446 98 106 110 119
class 0.6819120049476624 115 113 127 125
class 0.5569612383842468 150 111 162 126
class 0.7062934041023254 0 129 7 142
class 0.4224545657634735 143 128 152 142
class 0.4862332046031952 47 139 58 151
class 0.6223073601722717 72 141 82 151
class 0.5013712644577026 85 140 95 151
class 0.3538912534713745 109 137 120 148
class 0.30634909868240356 67 144 78 155
class 0.328869104385376 142 150 151 162
class 0.3846437335014343 96 161 106 172
class 0.393052339553833 172 160 184 172
class 0.568370521068573 54 164 63 175
class 0.5634492635726929 108 192 119 199
class 0.6066458821296692 172 189 181 198
class 0.14756998419761658 175 191 186 199
