class 0.7046457529067993 147 1 157 11
class 0.349355548620224 100 7 109 19
class 0.5569636225700378 157 12 166 23
class 0.40621596574783325 56 22 68 35
class 0.4553418755531311 108 32 116 44
class 0.7268462181091309 182 30 191 43
class 0.22498378157615662 184 33 195 46
class 0.5173986554145813 156 45 166 56
class 0.7782668471336365 0 48 6 59
class 0.4012784957885742 109 47 120 61
class 0.6177106499671936 160 53 171 66
class 0.24974261224269867 98 58 110 71
class 0.44486501812934875 113 67 122 78
class 0.49617907404899597 150 66 160 77
class 0.49986764788627625 90 69 101 82
class 0.7465208768844604 154 73 165 84
class 0.526586651802063 28 85 37 98
class 0.5702889561653137 143 80 154 93
class 0.5638182759284973 141 103 152 118
class 0.5727574229240417 28 115 40 129
class 0.5538336634635925 37 112 47 126
class 0.4263650178909302 121 111 132 125
class 0.7412738800048828 131 125 143 137
class 0.5814580321311951 167 132 177 143
class 0.44785580039024353 71 149 81 162
class 0.6247488856315613 119 154 129 165
class 0.5555232763290405 184 154 193 166
class 0.5044657588005066 11 168 22 178
class 0.4134753942489624 36 164 46 175
class 0.5182797908782959 179 170 190 182
class 0.648118257522583 155 176 166 190
class 0.3971530795097351 178 175 188 187
class 0.5855996608734131 22 186 31 199
class 0.5068050026893616 131 187 140 198
class 0.5021354556083679 158 185 167 197
class 0.6555359959602356 177 187 188 198
