class 0.6764572262763977 82 0 93 8
class 0.716997504234314 136 3 146 15
class 0.4051399528980255 74 9 84 23
class 0.15951228141784668 79 22 90 33
class 0.5151702761650085 158 16 170 30
class 0.6936833262443542 75 31 88 44
class 0.2656296491622925 161 31 174 42
class 0.7642011046409607 4 54 13 66
class 0.5421823263168335 86 49 96 62
class 0.4344807267189026 186 51 196 65
class 0.6541489958763123 148 60 157 72
class 0.5609865188598633 153 65 164 76
class 0.5803545117378235 58 68 70 81
class 0.18882684409618378 76 68 89 82
class 0.5037931203842163 53 80 63 94
class 0.534993052482605 69 80 80 93
class 0.6407576203346252 133 83 142 97
class 0.36017459630966187 119 97 130 109
class 0.5617289543151855 180 96 191 110
class 0.18698722124099731 111 100 123 112
class 0.6234056353569031 129 107 142 121
class 0.7513704895973206 0 137 7 150
class 0.5594579577445984 140 135 149 147
class 0.3970297574996948 27 145 38 158
class 0.3513125479221344 16 159 27 171
class 0.61585932970047 44 154 54 166
class 0.5352521538734436 51 158 62 169
class 0.41345974802970886 140 160 151 171
class 0.543213963508606 8 167 19 179
class 0.6058403849601746 43 171 54 182
class 0.45735132694244385 58 171 69 183
class 0.7048487067222595 93 169 104 182
class 0.3240364193916321 123 165 133 176
class 0.6111167073249817 34 175 44 186
class 0.12598448991775513 38 174 50 186
class 0.67762291431427 3 191 12 199
class 0.6083634495735168 73 192 83 199
