class 0.6420215368270874 42 13 53 26
class 0.48063531517982483 58 14 67 25
class 0.4734663963317871 148 10 158 24
class 0.4969974756240845 176 3 188 19
class 0.5629875063896179 182 5 190 17
class 0.42450180649757385 87 23 98 35
class 0.5287666916847229 155 24 165 36
class 0.37449002265930176 150 29 163 45
class 0.5946365594863892 31 39 43 51
class 0.49997496604919434 165 54 176 66
class 0.7565259337425232 183 53 193 64
class 0.4700066149234772 100 64 111 76
class 0.44893020391464233 28 70 37 81
class 0.48305466771125793 51 75 60 86
class 0.5380480289459229 193 77 199 88
class 0.3333718478679657 16 82 26 95
class 0.4246085286140442 60 79 69 91
class 0.2329900562763214 172 83 183 95
class 0.5614438056945801 180 82 190 94
class 0.14635953307151794 189 80 196 92
class 0.6569284200668335 1 94 10 106
class 0.5950993299484253 179 95 188 107
class 0.674066424369812 42 106 52 117
class 0.5815447568893433 55 101 67 113
class 0.5787865519523621 108 102 117 114
class 0.5654065012931824 192 117 199 130
class 0.5991729497909546 1 139 10 151
class 0.5464346408843994 79 138 90 150
class 0.5570538640022278 166 140 176 151
class 0.5899453163146973 107 141 118 157
class 0.5283048152923584 18 158 28 172
class 0.47310301661491394 46 154 56 164
class 0.5436881184577942 125 158 136 171
class 0.46437880396842957 184 156 193 167
class 0.4980095624923706 52 175 64 187
class 0.5355126261711121 70 180 82 192
class 0.4773981273174286 105 173 117 186
class 0.6280297636985779 125 178 135 191
class 0.48742735385894775 94 188 103 198
class 0.4980717599391937 171 190 181 198
