class 0.8272274732589722 32 0 42 10
class 0.44494912028312683 38 2 48 14
class 0.4535858929157257 66 0 77 8
class 0.5496416687965393 69 17 80 30
class 0.45418718457221985 143 23 152 33
class 0.5615266561508179 178 21 188 34
class 0.6121450662612915 189 24 198 36
class 0.48284563422203064 56 26 68 39
class 0.29642945528030396 77 28 90 43
class 0.4952878952026367 93 26 102 38
class 0.41064217686653137 8 43 20 56
class 0.508377194404602 113 44 122 55
class 0.7445321083068848 1 55 8 66
class 0.4340895116329193 15 57 24 70
class 0.6303250193595886 86 58 96 71
class 0.504021942615509 114 58 124 72
class 0.5290426015853882 130 59 141 72
class 0.6749058365821838 182 63 192 75
class 0.33347687125205994 27 69 37 81
class 0.5636613368988037 174 69 185 81
class 0.7756729125976562 3 80 12 92
class 0.5752778649330139 82 82 92 95
class 0.506000280380249 33 109 42 120
class 0.6146771907806396 45 116 57 127
class 0.489842027425766 14 127 25 140
class 0.5892762541770935 23 127 32 140
class 0.5579227805137634 143 129 152 140
class 0.57154381275177 176 123 186 134
class 0.5659589767456055 29 136 39 148
class 0.49093204736709595 169 135 179 146
class 0.47311705350875854 101 142 112 154
class 0.5151339173316956 147 143 156 155
class 0.6280879378318787 0 160 9 172
class 0.4471770226955414 18 160 29 173
class 0.39462465047836304 5 169 17 185
class 0.4827440679073334 66 173 76 183
class 0.5012763738632202 118 180 128 193
class 0.4429440200328827 157 183 169 193
class 0.7055485844612122 157 189 168 198
class 0.4308669865131378 173 192 183 199
