class 0.44362983107566833 164 2 173 13
class 0.7651773691177368 187 0 197 11
class 0.4591805636882782 172 12 182 25
class 0.5776807069778442 191 9 199 23
class 0.5148522853851318 73 15 82 27
class 0.46852871775627136 166 19 174 28
class 0.6082006692886353 65 38 75 51
class 0.47890448570251465 97 65 107 76
class 0.38689661026000977 90 74 101 87
class 0.48748186230659485 133 69 143 81
class 0.7766360640525818 0 79 9 91
class 0.533474326133728 15 85 25 97
class 0.5315184593200684 64 81 74 93
class 0.32931894063949585 74 87 83 99
class 0.5696144104003906 183 83 192 95
class 0.49846041202545166 122 95 132 108
class 0.6354234218597412 191 112 199 124
class 0.5101228952407837 10 121 21 133
class 0.3933868110179901 24 121 35 134
class 0.4913638234138489 34 122 45 135
class 0.49710938334465027 65 123 74 134
class 0.46808743476867676 166 122 176 132
class 0.5039660930633545 183 123 197 136
class 0.5545129179954529 17 132 27 144
class 0.4246792793273926 112 139 121 151
class 0.5390804409980774 184 135 192 147
class 0.49990203976631165 108 143 116 154
class 0.5209261775016785 19 157 30 170
class 0.40464073419570923 36 172 45 182
class 0.5375252962112427 54 164 64 177
class 0.21369075775146484 88 164 102 175
class 0.5334734916687012 112 167 123 180
class 0.5733632445335388 177 165 188 178
class 0.5733478665351868 52 180 62 194
class 0.46225863695144653 121 175 129 187
class 0.5834815502166748 133 174 145 187
class 0.6557744741439819 113 190 126 199
class 0.11126508563756943 114 192 121 199
class 0.6113824844360352 142 188 151 199
class 0.3855501711368561 168 184 178 196
