class 0.589525580406189 45 3 56 11
class 0.8301037549972534 167 2 177 16
class 0.6193823218345642 47 11 56 21
class 0.7860325574874878 0 21 6 31
class 0.5838320255279541 15 20 24 30
class 0.5308446288108826 114 17 124 28
class 0.7064222097396851 20 32 30 45
class 0.4543123245239258 86 33 97 45
class 0.5155500769615173 64 55 75 67
class 0.3841803967952728 6 65 17 75
class 0.5539922118186951 23 62 33 75
class 0.40845349431037903 5 76 18 88
class 0.4704833924770355 78 74 88 87
class 0.5973098278045654 153 76 163 89
class 0.2992072105407715 4 86 11 97
class 0.7001128196716309 71 84 81 98
class 0.6312502026557922 80 80 90 94
class 0.3938237428665161 4 90 12 101
class 0.4135769009590149 60 90 68 103
class 0.5702829360961914 108 93 118 106
class 0.5999817848205566 145 95 155 106
class 0.5798748135566711 160 93 170 103
class 0.2319004237651825 79 99 90 112
class 0.7625754475593567 0 112 6 125
class 0.39707151055336 50 111 59 122
class 0.4621237516403198 24 127 36 140
class 0.36813458800315857 59 123 68 134
class 0.489143431186676 24 137 36 151
class 0.5204917192459106 175 134 187 146
class 0.429482638835907 20 146 31 159
class 0.5479133725166321 105 144 114 156
class 0.5530971884727478 182 148 193 162
class 0.4305828809738159 34 182 46 192
class 0.5123538970947266 72 179 82 191
class 0.39699503779411316 143 173 155 186
class 0.3933364748954773 184 175 193 185
class 0.6487381458282471 72 190 84 199
