class 0.5674313306808472 6 0 17 8
class 0.5393253564834595 70 9 81 23
class 0.5708456039428711 170 10 180 24
class 0.45538657903671265 49 21 59 33
class 0.5252408385276794 94 19 102 30
class 0.5186874270439148 185 17 196 28
class 0.31931114196777344 84 29 91 41
class 0.5363028049468994 173 34 187 47
class 0.5664262771606445 123 41 132 53
class 0.32971063256263733 170 38 182 49
class 0.34125083684921265 69 48 79 59
class 0.5010495185852051 101 55 112 68
class 0.5577539801597595 157 54 166 66
class 0.5090338587760925 25 62 35 75
class 0.48812544345855713 93 68 103 82
class 0.48998257517814636 40 84 49 96
class 0.25124168395996094 151 77 162 93
class 0.3844798803329468 73 91 82 104
class 0.4362812936306 122 96 131 109
class 0.5005112886428833 23 101 35 112
class 0.5414718985557556 145 99 154 112
class 0.4668509066104889 133 119 142 130
class 0.5495816469192505 149 118 158 131
class 0.2807362973690033 9 130 23 142
class 0.611257016658783 81 122 91 134
class 0.40703120827674866 98 120 109 134
class 0.5021780133247375 128 122 138 136
class 0.608724057674408 10 136 21 146
class 0.5199631452560425 37 138 48 152
class 0.7258443832397461 10 146 22 160
class 0.4905218482017517 103 144 115 157
class 0.5659897923469543 129 149 140 162
class 0.4399240016937256 123 153 135 165
class 0.36999234557151794 172 153 182 165
class 0.4399486482143402 97 171 107 183
class 0.48008856177330017 74 176 84 188
class 0.5058520436286926 170 173 181 186
