class 0.7405597567558289 17 0 28 7
class 0.7365583777427673 126 1 137 13
class 0.6409589648246765 52 13 62 26
class 0.6514800190925598 64 5 75 17
class 0.5771878361701965 104 6 115 20
class 0.6203544735908508 76 17 84 30
class 0.5125370621681213 154 19 163 31
class 0.7079305648803711 0 38 7 48
class 0.46535471081733704 80 43 90 58
class 0.5331482291221619 136 45 145 55
class 0.3782551884651184 112 53 121 66
class 0.47044214606285095 126 50 135 61
class 0.565409243106842 185 52 196 65
class 0.6015529036521912 96 63 105 77
class 0.7999265193939209 0 74 7 85
class 0.5124265551567078 133 76 143 89
class 0.32540780305862427 56 89 67 102
class 0.5892154574394226 122 96 133 108
class 0.6862362027168274 164 91 174 103
class 0.49900785088539124 18 100 29 114
class 0.36314746737480164 46 102 57 116
class 0.5379260778427124 125 106 137 121
class 0.6167561411857605 160 107 169 118
class 0.6039832234382629 179 109 189 120
class 0.5242071747779846 39 114 47 124
class 0.38482174277305603 59 115 71 130
class 0.4928276538848877 42 129 50 139
class 0.5872732996940613 91 125 101 137
class 0.23284490406513214 100 128 111 142
class 0.39753252267837524 184 150 193 162
class 0.510442316532135 24 164 33 175
class 0.43229255080223083 93 171 104 183
class 0.45392414927482605 151 164 160 175
class 0.5164227485656738 75 174 85 187
class 0.5727766752243042 144 178 155 191
class 0.5898902416229248 22 186 32 197
