class 0.854394257068634 52 1 62 12
class 0.7170860171318054 64 0 76 8
class 0.8200740218162537 132 0 143 6
class 0.8089644908905029 169 0 179 10
class 0.5967158675193787 15 17 24 29
class 0.5106457471847534 133 37 143 49
class 0.4760001599788666 90 55 100 67
class 0.5757572650909424 106 48 118 61
class 0.5033865571022034 155 49 165 61
class 0.574941098690033 118 64 128 76
class 0.7084276080131531 4 73 13 84
class 0.6368135809898376 50 76 61 87
class 0.6271966099739075 63 72 73 84
class 0.514249861240387 83 69 94 81
class 0.777622640132904 1 86 9 98
class 0.635159432888031 179 80 189 93
class 0.27420467138290405 5 92 12 103
class 0.5262385606765747 102 95 114 108
class 0.3818323314189911 171 92 180 103
class 0.79167640209198 3 101 13 113
class 0.43846696615219116 44 108 53 119
class 0.6132108569145203 80 106 91 119
class 0.6635512709617615 80 125 90 139
class 0.5492857098579407 165 128 177 141
class 0.39188265800476074 183 127 194 138
class 0.5021458864212036 19 145 30 159
class 0.53061842918396 67 143 77 155
class 0.4747791290283203 120 148 129 159
class 0.5720089077949524 145 149 154 160
class 0.6607035398483276 88 152 97 166
class 0.6115960478782654 78 163 88 176
class 0.5280272364616394 85 167 97 179
class 0.4636346101760864 89 171 101 181
class 0.32357630133628845 122 163 133 174
class 0.7277670502662659 0 178 8 190
class 0.49996379017829895 14 191 23 199
class 0.3995327353477478 154 187 164 198
class 0.46529731154441833 184 186 193 195
