class 0.7437335848808289 11 1 20 11
class 0.676112711429596 56 1 65 11
class 0.5729156136512756 112 0 123 8
class 0.7255105972290039 0 7 6 19
class 0.4030230641365051 120 8 130 20
class 0.4930828809738159 184 9 192 19
class 0.48740822076797485 12 21 23 34
class 0.38284432888031006 5 31 13 41
class 0.12053439766168594 8 29 17 40
class 0.8062058091163635 1 41 8 52
class 0.5956575870513916 13 43 22 55
class 0.5439708232879639 35 40 47 55
class 0.4639644920825958 77 47 88 60
class 0.6098599433898926 97 53 107 66
class 0.6012638211250305 9 59 21 72
class 0.6487237811088562 91 59 101 70
class 0.5192205309867859 176 66 187 79
class 0.5373384952545166 82 74 94 88
class 0.7295032143592834 127 74 137 86
class 0.6348201632499695 132 71 143 82
class 0.40815800428390503 15 87 25 99
class 0.5506128668785095 29 87 39 99
class 0.47328701615333557 65 84 76 97
class 0.7409604787826538 111 82 122 97
class 0.565752387046814 182 84 192 96
class 0.35100340843200684 109 90 119 102
class 0.47560012340545654 4 128 13 140
class 0.5223223567008972 49 128 58 140
class 0.79802006483078 0 138 7 152
class 0.4458179175853729 149 149 158 161
class 0.460879921913147 59 156 71 170
class 0.38964343070983887 173 160 185 172
class 0.74700528383255 85 166 97 181
class 0.4268721342086792 9 176 19 186
class 0.5716118812561035 64 182 75 194
class 0.770818293094635 3 192 13 199
class 0.45102715492248535 33 192 43 199
class 0.41476601362228394 136 184 145 197
