class 0.6166422963142395 37 0 48 8
class 0.7363434433937073 80 0 92 7
class 0.3875855505466461 142 3 150 12
class 0.5028746724128723 82 16 91 27
class 0.5242036581039429 114 23 124 36
class 0.5269204378128052 191 19 199 31
class 0.3035358488559723 100 26 111 38
class 0.46873927116394043 32 38 43 50
class 0.43070822954177856 151 44 162 59
class 0.440705269575119 184 43 193 51
class 0.5163637399673462 21 55 31 65
class 0.5648972988128662 180 54 190 65
class 0.6116672158241272 16 61 25 72
class 0.6611614227294922 3 69 13 80
class 0.577102780342102 19 69 29 79
class 0.4709342122077942 42 82 52 96
class 0.40388908982276917 67 85 77 96
class 0.7191929221153259 0 93 7 104
class 0.5701736211776733 66 96 78 109
class 0.59034663438797 158 100 168 112
class 0.777111828327179 193 108 199 120
class 0.5369839668273926 113 116 125 127
class 0.5693837404251099 131 116 143 128
class 0.6062542796134949 41 128 50 139
class 0.5930218696594238 128 126 138 137
class 0.5562587976455688 39 138 48 151
class 0.5528624057769775 81 141 89 151
class 0.6824440956115723 167 135 177 146
class 0.6847479939460754 1 148 10 161
class 0.46912646293640137 22 148 33 161
class 0.4827231168746948 109 146 119 157
class 0.18196207284927368 100 161 109 172
class 0.30418699979782104 106 160 116 172
class 0.39399194717407227 109 160 123 172
class 0.4203019440174103 123 165 134 178
class 0.4001801013946533 25 180 36 192
class 0.32193824648857117 38 190 48 199
