class 0.6935983300209045 4 3 13 14
class 0.7935813665390015 93 2 103 13
class 0.5652655363082886 192 5 199 19
class 0.5748895406723022 91 24 100 37
class 0.45098981261253357 147 19 156 31
class 0.5676007866859436 8 33 17 45
class 0.5396833419799805 59 34 69 47
class 0.46715715527534485 102 34 111 45
class 0.490874320268631 138 34 147 45
class 0.586493194103241 181 28 190 38
class 0.47057798504829407 93 39 105 55
class 0.5750377178192139 67 47 78 63
class 0.6256385445594788 69 54 79 68
class 0.5906224846839905 53 64 64 75
class 0.41261351108551025 56 75 68 88
class 0.5797685980796814 70 77 79 87
class 0.5366473197937012 109 68 121 81
class 0.6267509460449219 192 71 199 83
class 0.8048944473266602 0 86 6 98
class 0.600721001625061 58 80 71 91
class 0.3658097982406616 79 79 90 92
class 0.5025862455368042 132 88 143 99
class 0.42173054814338684 23 93 33 105
class 0.5456449389457703 61 97 72 109
class 0.36523258686065674 110 89 121 103
class 0.4917081892490387 138 107 147 120
class 0.5056775212287903 34 111 44 122
class 0.5705092549324036 106 118 116 131
class 0.7280216217041016 1 122 12 134
class 0.5894275903701782 61 120 72 134
class 0.5381500124931335 103 139 113 152
class 0.5006445050239563 118 137 127 149
class 0.3913364112377167 66 152 75 162
class 0.6345741748809814 22 152 33 165
class 0.5375651717185974 45 160 55 172
class 0.6209892630577087 134 176 147 189
class 0.5548287034034729 92 189 102 199
class 0.5599756836891174 153 189 166 199
class 0.542801022529602 183 191 192 199
