class 0.7938435077667236 153 0 164 6
class 0.5457677245140076 9 11 18 23
class 0.2380797415971756 99 5 107 17
class 0.46443504095077515 46 16 56 30
class 0.29335296154022217 37 28 47 40
class 0.4510784149169922 70 32 80 44
class 0.3350473940372467 98 26 110 39
class 0.5990955829620361 181 31 191 46
class 0.36261186003685 125 37 134 48
class 0.3632233738899231 160 46 170 57
class 0.4845959544181824 31 47 40 59
class 0.5096431374549866 174 47 185 61
class 0.5944947600364685 191 53 199 66
class 0.6214534640312195 168 58 178 70
class 0.4821608066558838 82 74 94 86
class 0.45248812437057495 146 76 156 88
class 0.7136617302894592 0 81 7 93
class 0.41141051054000854 37 85 48 98
class 0.5918048024177551 60 80 70 93
class 0.4923083484172821 75 86 85 99
class 0.5787016749382019 171 86 183 97
class 0.4718663692474365 9 91 20 104
class 0.3374177813529968 79 101 89 114
class 0.6523696184158325 115 118 126 131
class 0.3906650245189667 15 151 25 162
class 0.48313793540000916 71 143 82 158
class 0.43453752994537354 141 149 151 160
class 0.4730660021305084 85 161 95 173
class 0.5654600262641907 181 157 192 168
class 0.49546918272972107 126 163 136 177
class 0.7170954346656799 1 177 9 188
class 0.3681536614894867 16 182 25 193
class 0.4421411156654358 77 175 86 187
class 0.474587619304657 119 178 129 188
class 0.292264848947525 55 192 69 199
class 0.640295684337616 61 191 73 199
class 0.5973719954490662 71 190 82 199
class 0.5613030195236206 183 191 192 199
