class 0.772451639175415 0 3 9 15
class 0.7690017819404602 82 0 90 5
class 0.11743465065956116 124 3 136 14
class 0.7518124580383301 134 0 143 12
class 0.11415068805217743 120 6 130 18
class 0.5533890128135681 27 20 37 33
class 0.34125012159347534 138 16 146 28
class 0.5789468288421631 168 21 178 33
class 0.49799367785453796 42 34 51 47
class 0.5055434703826904 137 26 145 39
class 0.47560378909111023 83 39 92 50
class 0.5161061882972717 94 48 103 60
class 0.5479583144187927 65 63 75 75
class 0.3898424506187439 31 69 40 82
class 0.3998401165008545 77 76 90 88
class 0.34810909628868103 130 68 141 82
class 0.3918928802013397 24 78 35 93
class 0.4825054407119751 170 98 180 109
class 0.4768590033054352 29 106 41 119
class 0.6177605390548706 94 101 105 115
class 0.7142510414123535 73 117 84 130
class 0.4301745295524597 158 111 167 122
class 0.32441312074661255 76 121 89 134
class 0.6013643741607666 92 126 103 140
class 0.8007420897483826 0 138 10 150
class 0.37554386258125305 17 134 27 143
class 0.5642526149749756 30 141 39 151
class 0.5678715109825134 76 137 88 150
class 0.4315190017223358 173 131 185 146
class 0.464620977640152 20 149 29 160
class 0.4983019232749939 33 144 42 153
class 0.4551607072353363 29 155 40 166
class 0.5140940546989441 117 160 127 171
class 0.5071282982826233 162 160 172 171
class 0.542192816734314 184 160 192 172
class 0.6819406747817993 172 168 182 179
class 0.2480747401714325 178 167 187 179
class 0.47495830059051514 187 163 198 177
class 0.5026049613952637 66 174 76 185
