class 0.6663920283317566 46 1 55 11
class 0.515327513217926 78 0 87 9
class 0.7969434261322021 82 1 93 11
class 0.806530773639679 167 2 177 14
class 0.6248005628585815 195 4 199 14
class 0.47008055448532104 64 3 74 20
class 0.4196162819862366 137 8 147 21
class 0.48192036151885986 69 23 79 34
class 0.3609335422515869 125 14 136 29
class 0.4892646372318268 61 27 70 38
class 0.3982056677341461 27 43 37 55
class 0.6574610471725464 86 48 100 62
class 0.4751795530319214 111 52 122 65
class 0.5505972504615784 143 55 153 66
class 0.49950873851776123 94 61 104 73
class 0.34508630633354187 121 59 132 74
class 0.5011911392211914 153 64 164 78
class 0.5644324421882629 28 74 38 86
class 0.5166783332824707 55 76 65 88
class 0.37125885486602783 173 70 185 85
class 0.7421979308128357 0 81 5 94
class 0.5325232148170471 38 79 48 94
class 0.512658953666687 10 96 21 109
class 0.5079079866409302 33 88 42 102
class 0.525048017501831 128 102 137 113
class 0.4253711402416229 192 100 199 112
class 0.6286869049072266 168 118 179 131
class 0.5005648136138916 91 133 100 145
class 0.5543105006217957 104 140 114 151
class 0.4028022587299347 164 138 173 151
class 0.5652875304222107 46 164 56 177
class 0.5410944223403931 73 171 85 183
class 0.20659412443637848 110 171 122 183
class 0.6329458355903625 5 176 14 187
class 0.6202747821807861 127 175 138 189
class 0.5749736428260803 184 174 192 186
