class 0.766574501991272 53 1 62 13
class 0.41432127356529236 132 0 142 4
class 0.6981588006019592 12 14 22 26
class 0.5604797005653381 35 6 46 19
class 0.4655314087867737 48 17 58 28
class 0.4280076026916504 101 19 110 31
class 0.490628182888031 166 18 175 29
class 0.706432044506073 3 35 13 47
class 0.3766472339630127 109 34 119 47
class 0.6085260510444641 126 45 134 55
class 0.8014779686927795 4 56 13 67
class 0.36209139227867126 22 50 31 63
class 0.6275347471237183 44 55 53 66
class 0.4936763346195221 176 50 186 63
class 0.5469748377799988 20 58 30 73
class 0.42714789509773254 48 58 58 70
class 0.3035317063331604 102 58 111 69
class 0.3494054973125458 122 60 131 72
class 0.4403475522994995 61 76 72 89
class 0.3404000699520111 120 70 130 83
class 0.4030907154083252 143 74 152 86
class 0.44102951884269714 168 73 177 85
class 0.4443735182285309 140 86 149 98
class 0.3500787317752838 170 81 180 93
class 0.7566691040992737 0 92 6 104
class 0.5187069177627563 98 89 110 102
class 0.5293947458267212 80 107 89 121
class 0.6813420057296753 124 107 134 119
class 0.676450788974762 111 128 122 139
class 0.33193090558052063 139 121 149 135
class 0.4647902548313141 140 132 149 146
class 0.3962993025779724 34 151 43 162
class 0.5054025053977966 66 142 76 153
class 0.4951782822608948 188 144 198 157
class 0.5385065674781799 108 169 119 181
class 0.5086670517921448 35 175 45 186
class 0.5544673204421997 64 187 74 199
class 0.5725474953651428 72 190 83 199
