class 0.725902259349823 0 0 6 10
class 0.7597840428352356 71 0 82 8
class 0.7740665674209595 135 0 146 7
class 0.7497818470001221 180 4 190 15
class 0.39241212606430054 52 13 62 26
class 0.5117079019546509 102 21 111 34
class 0.22580406069755554 158 24 168 37
class 0.43850424885749817 45 31 57 46
class 0.39638352394104004 171 31 182 46
class 0.22220222651958466 110 37 120 51
class 0.6659559011459351 116 42 128 55
class 0.13484452664852142 112 43 120 49
class 0.5177355408668518 69 49 79 61
class 0.5671351552009583 31 65 40 76
class 0.6384841799736023 56 58 66 71
class 0.4786319434642792 104 58 112 71
class 0.4775914251804352 190 59 197 71
class 0.4423931837081909 67 69 78 83
class 0.48912546038627625 112 70 122 83
class 0.7076069712638855 51 96 62 108
class 0.24101577699184418 100 93 111 106
class 0.6888105869293213 192 98 199 109
class 0.7702746391296387 0 106 7 120
class 0.3511989116668701 71 101 81 114
class 0.6002511382102966 41 115 52 126
class 0.32675835490226746 49 118 58 129
class 0.3277992606163025 14 130 23 141
class 0.4572223126888275 27 121 37 135
class 0.5139808058738708 54 127 66 140
class 0.6674119830131531 143 127 154 139
class 0.50723797082901 97 139 110 151
class 0.6066898703575134 112 140 122 151
class 0.3923998773097992 15 142 25 154
class 0.48516950011253357 51 150 60 162
class 0.6104425191879272 11 160 22 172
class 0.3909517228603363 61 160 74 172
class 0.5092052221298218 151 156 160 167
class 0.6517914533615112 109 165 119 178
class 0.5489156246185303 158 175 169 188
class 0.3879426419734955 174 188 183 199
