class 0.42235875129699707 79 14 87 25
class 0.66550213098526 85 14 96 25
class 0.23405972123146057 110 11 121 24
class 0.49524325132369995 157 13 169 24
class 0.44064944982528687 46 16 57 29
class 0.6546332240104675 164 22 174 34
class 0.40570151805877686 26 31 35 45
class 0.46580633521080017 143 45 152 57
class 0.45538175106048584 29 54 38 66
class 0.2864466607570648 88 55 100 67
class 0.40616801381111145 104 53 112 65
class 0.4058831036090851 115 55 124 67
class 0.5470834970474243 156 70 167 83
class 0.6302220225334167 187 75 197 87
class 0.6515380144119263 0 81 7 93
class 0.4278281331062317 38 80 48 93
class 0.45576348900794983 70 81 80 95
class 0.47557732462882996 150 83 161 97
class 0.3825483024120331 173 91 186 105
class 0.5065736770629883 80 111 89 123
class 0.4527990520000458 167 111 176 123
class 0.5756188631057739 183 112 193 124
class 0.4747622609138489 122 122 132 135
class 0.7271093130111694 4 139 13 151
class 0.6097207069396973 10 134 20 146
class 0.4283422827720642 35 150 46 162
class 0.5150975584983826 94 151 106 162
class 0.5646591782569885 113 148 123 159
class 0.5010536313056946 135 144 145 157
class 0.46649524569511414 155 149 166 161
class 0.3728126585483551 191 153 199 165
class 0.5330936908721924 85 170 95 183
class 0.6015942692756653 170 171 180 182
class 0.5785934925079346 185 166 196 178
class 0.6188215017318726 13 190 23 199
class 0.5177286267280579 38 190 49 199
class 0.6045185923576355 55 190 65 199
class 0.4836812913417816 141 191 151 199
