class 0.7794933915138245 39 2 47 14
class 0.4428611099720001 69 3 79 14
class 0.7805013060569763 124 2 133 15
class 0.6434309482574463 56 5 66 18
class 0.5682520270347595 80 6 92 20
class 0.7236732840538025 0 19 6 30
class 0.4439953565597534 79 23 89 34
class 0.5186970829963684 94 25 103 36
class 0.38682833313941956 179 23 190 37
class 0.5327591300010681 192 21 199 32
class 0.4932895302772522 118 28 127 40
class 0.5006710290908813 18 53 29 66
class 0.5353592038154602 28 65 38 78
class 0.5443623065948486 42 60 52 72
class 0.19140934944152832 48 61 58 73
class 0.5258132219314575 67 64 78 76
class 0.5715287923812866 184 72 193 83
class 0.6356620192527771 50 84 60 97
class 0.3235885798931122 185 87 192 98
class 0.5735116004943848 10 96 22 110
class 0.48532024025917053 168 92 179 104
class 0.4754849076271057 81 102 90 114
class 0.36689722537994385 183 117 193 129
class 0.701018750667572 4 128 14 139
class 0.4416911005973816 87 133 96 145
class 0.7409549355506897 107 136 116 148
class 0.1221587210893631 111 134 121 144
class 0.6188547015190125 132 132 143 143
class 0.5479300618171692 14 150 23 160
class 0.6524998545646667 180 144 191 156
class 0.2664678692817688 36 161 46 172
class 0.5525568723678589 53 155 63 168
class 0.6997272968292236 56 168 67 181
class 0.6543012261390686 63 170 74 183
class 0.49993228912353516 156 176 167 188
class 0.7266152501106262 45 187 55 197
class 0.5715025067329407 61 191 72 199
