class 0.36555805802345276 14 4 23 14
class 0.7620012760162354 170 1 180 13
class 0.6278372406959534 192 1 199 12
class 0.29155316948890686 29 12 38 26
class 0.43443140387535095 50 12 59 25
class 0.3697997033596039 84 5 94 17
class 0.4833299517631531 105 13 116 26
class 0.3940497040748596 145 6 155 18
class 0.29493948817253113 12 25 21 37
class 0.5839281678199768 80 31 90 43
class 0.545207142829895 116 59 126 71
class 0.46417564153671265 103 76 113 88
class 0.4603672921657562 13 78 23 91
class 0.5251237750053406 161 84 169 97
class 0.49898743629455566 165 80 175 91
class 0.5573582053184509 122 89 133 102
class 0.42358869314193726 0 107 6 121
class 0.46312496066093445 122 109 131 120
class 0.5555319786071777 154 105 164 117
class 0.6368462443351746 21 117 30 129
class 0.42228731513023376 34 115 47 129
class 0.6309698820114136 135 115 145 126
class 0.6174046397209167 154 111 164 124
class 0.6026132702827454 37 122 48 135
class 0.6382344961166382 192 121 199 134
class 0.4661071300506592 69 133 79 146
class 0.554838240146637 82 133 91 147
class 0.4717821180820465 52 144 62 157
class 0.5087527632713318 125 161 137 172
class 0.5791969299316406 75 164 85 176
class 0.4750482738018036 117 171 127 183
class 0.6744558215141296 3 181 14 192
class 0.4977746307849884 15 190 25 199
class 0.42974334955215454 48 187 60 199
class 0.7577320337295532 180 189 190 199
class 0.18679776787757874 178 194 183 198
class 0.3098912537097931 187 186 198 198
