class 0.6900402307510376 45 2 55 12
class 0.6108163595199585 61 0 71 6
class 0.7667572498321533 73 2 84 13
class 0.7209956049919128 96 1 107 16
class 0.6539957523345947 0 13 8 26
class 0.5861802697181702 62 12 73 24
class 0.6711909770965576 76 11 87 23
class 0.5674187541007996 130 10 140 22
class 0.2866729497909546 55 24 65 34
class 0.47508376836776733 55 30 67 44
class 0.48989537358283997 94 32 104 45
class 0.6640986204147339 150 52 161 67
class 0.4328358769416809 142 57 153 71
class 0.3609182834625244 85 69 95 81
class 0.4829983115196228 128 74 138 86
class 0.48367899656295776 46 82 57 95
class 0.42790982127189636 125 88 134 99
class 0.4324917197227478 63 90 73 104
class 0.46219366788864136 88 91 97 103
class 0.6878219842910767 181 97 192 110
class 0.745442807674408 3 106 14 117
class 0.44257891178131104 56 105 65 116
class 0.49622830748558044 99 100 109 113
class 0.5149754285812378 124 104 133 117
class 0.1609954535961151 177 100 188 112
class 0.7956967353820801 12 117 21 130
class 0.604004442691803 69 117 80 131
class 0.6781479716300964 90 119 101 131
class 0.503115713596344 183 129 193 142
class 0.5842058658599854 0 134 7 145
class 0.5942070484161377 71 181 83 193
class 0.4326832890510559 34 185 42 194
class 0.4717821776866913 47 187 56 198
class 0.6482093930244446 99 188 108 198
class 0.5029208064079285 102 187 113 199
class 0.6328498125076294 176 190 186 199
