class 0.3588823080062866 29 3 37 15
class 0.7016309499740601 53 3 64 14
class 0.8260027170181274 136 2 146 15
class 0.5617941617965698 161 0 171 8
class 0.566032350063324 43 10 54 24
class 0.3361334204673767 92 11 103 24
class 0.47630947828292847 28 18 37 31
class 0.4988681375980377 59 22 68 35
class 0.5280249714851379 81 23 93 34
class 0.44074636697769165 90 22 101 34
class 0.4069485068321228 151 15 163 28
class 0.4250887334346771 109 30 120 46
class 0.43062105774879456 101 40 111 52
class 0.5123751759529114 140 40 151 53
class 0.40196141600608826 112 48 121 61
class 0.4982192814350128 148 53 156 64
class 0.459163099527359 14 67 24 78
class 0.4213797152042389 57 85 67 97
class 0.5542190074920654 83 86 94 97
class 0.5445361733436584 128 82 138 94
class 0.40944597125053406 161 82 171 93
class 0.5908685922622681 146 101 156 112
class 0.496534138917923 118 118 129 131
class 0.3306397795677185 161 111 173 124
class 0.542038083076477 11 121 22 134
class 0.2620013952255249 60 120 68 133
class 0.2968708276748657 91 120 100 133
class 0.6121052503585815 155 126 164 139
class 0.43946847319602966 71 138 81 150
class 0.22720405459403992 60 142 70 156
class 0.3908764123916626 15 155 25 165
class 0.40778395533561707 99 161 109 171
class 0.7287440896034241 159 158 170 170
class 0.356801301240921 163 161 175 171
class 0.19868160784244537 47 172 57 183
class 0.5436658263206482 88 174 97 186
class 0.5655125975608826 149 190 159 199
class 0.5542983412742615 161 187 171 197
class 0.6598796844482422 192 186 199 198
