class 0.7711510062217712 3 0 13 8
class 0.13653703033924103 7 0 16 5
class 0.6116104125976562 83 12 92 24
class 0.43189537525177 144 7 152 17
class 0.4252507984638214 173 11 181 24
class 0.3137890696525574 45 21 57 38
class 0.6075261831283569 145 23 154 35
class 0.2966928482055664 159 14 171 29
class 0.7402544617652893 0 27 6 39
class 0.5840783715248108 39 27 49 39
class 0.4607137143611908 108 26 121 40
class 0.5419164896011353 5 45 14 58
class 0.5100898742675781 0 67 8 77
class 0.5278902053833008 16 65 24 76
class 0.6843261122703552 129 76 141 90
class 0.48304444551467896 174 79 185 93
class 0.5127947330474854 38 95 48 106
class 0.5753118395805359 64 89 75 102
class 0.48908329010009766 76 105 86 119
class 0.6202444434165955 118 99 130 113
class 0.497991681098938 146 100 156 111
class 0.5170877575874329 166 108 176 120
class 0.5888731479644775 48 110 60 123
class 0.4174925684928894 86 118 95 130
class 0.3891899585723877 14 127 24 137
class 0.5906122922897339 24 132 32 144
class 0.8059022426605225 40 131 50 143
class 0.5204289555549622 83 134 93 147
class 0.6691927909851074 193 132 199 144
class 0.3351602852344513 15 143 23 154
class 0.42622461915016174 48 144 59 159
class 0.2980881333351135 141 148 152 160
class 0.6807547807693481 4 157 13 168
class 0.39353832602500916 156 154 167 166
class 0.6958364844322205 193 158 199 170
class 0.28380903601646423 111 176 123 190
class 0.3767964541912079 172 181 182 195
class 0.5380074381828308 42 185 53 198
