class 0.5058014392852783 33 4 44 13
class 0.6896525025367737 106 3 116 14
class 0.5689210295677185 32 7 42 17
class 0.6858486533164978 34 22 46 36
class 0.6564230918884277 5 34 13 47
class 0.39555051922798157 65 27 76 41
class 0.6649433970451355 117 30 127 42
class 0.5410683751106262 151 26 163 39
class 0.6218931674957275 56 44 67 56
class 0.5699647665023804 129 42 138 54
class 0.5910614728927612 150 44 159 57
class 0.4488518536090851 10 54 20 65
class 0.5387036204338074 105 50 115 62
class 0.47742411494255066 81 63 92 77
class 0.6029113531112671 107 58 117 71
class 0.4336189925670624 63 71 73 84
class 0.525238037109375 133 75 143 89
class 0.564760684967041 60 80 70 93
class 0.6192041039466858 72 85 82 98
class 0.3515070378780365 6 100 16 113
class 0.4230102300643921 130 104 141 118
class 0.41390934586524963 135 107 146 119
class 0.34635230898857117 5 116 17 128
class 0.6147646307945251 92 111 102 122
class 0.6077807545661926 158 114 169 127
class 0.570525586605072 17 129 29 141
class 0.5569990873336792 54 121 63 133
class 0.5776408314704895 66 125 76 137
class 0.5043590664863586 43 146 55 160
class 0.330902636051178 88 143 103 154
class 0.5053087472915649 131 150 140 160
class 0.6985479593276978 192 149 199 161
class 0.3944726586341858 86 160 96 171
class 0.7228711843490601 0 171 9 182
class 0.5574389696121216 19 165 29 176
class 0.5644401907920837 56 164 66 176
class 0.5081408619880676 66 169 78 180
class 0.47216588258743286 187 165 198 177
