class 0.34475529193878174 57 10 66 23
class 0.5039234161376953 95 9 106 22
class 0.6254693269729614 108 20 120 33
class 0.48469480872154236 147 24 156 36
class 0.7180818319320679 185 19 195 33
class 0.4026133120059967 53 34 65 47
class 0.3940858244895935 77 32 87 45
class 0.4570753872394562 107 32 120 47
class 0.25665563344955444 67 43 77 58
class 0.1290329098701477 65 45 73 56
class 0.7445471882820129 0 49 6 60
class 0.5310305953025818 37 56 47 67
class 0.2880038619041443 65 53 76 67
class 0.3749510645866394 62 55 70 66
class 0.32693496346473694 80 60 89 71
class 0.6677921414375305 154 58 164 71
class 0.7238835096359253 4 77 14 89
class 0.7268856167793274 146 76 158 88
class 0.1270439624786377 153 76 164 87
class 0.4134039878845215 84 85 94 97
class 0.3647657632827759 149 79 163 93
class 0.4296899139881134 98 91 110 103
class 0.6975511312484741 153 91 163 104
class 0.4586600661277771 63 100 73 112
class 0.5400004386901855 94 108 104 119
class 0.5390596985816956 141 102 152 116
class 0.27441859245300293 131 117 141 131
class 0.5328088998794556 37 128 48 140
class 0.42840027809143066 67 121 79 134
class 0.5361678004264832 9 131 19 143
class 0.5877155065536499 167 138 177 150
class 0.4741096496582031 46 150 56 162
class 0.45951685309410095 98 154 107 164
class 0.5100661516189575 35 164 45 174
class 0.5390801429748535 171 177 180 189
class 0.6839480400085449 0 187 6 199
class 0.5286957621574402 22 186 32 197
class 0.27769336104393005 36 190 46 199
class 0.6993594765663147 40 190 52 199
class 0.4894475042819977 92 187 102 198
