class 0.7332003116607666 69 0 81 6
class 0.45447397232055664 143 1 153 11
class 0.22193334996700287 16 14 23 23
class 0.559451699256897 23 10 32 22
class 0.6704099178314209 51 9 62 21
class 0.6363108158111572 72 12 82 24
class 0.632465660572052 12 25 21 35
class 0.5973592400550842 48 29 58 43
class 0.540928304195404 158 35 167 46
class 0.4806383550167084 46 53 57 66
class 0.48394688963890076 75 61 84 72
class 0.6861783862113953 105 71 116 84
class 0.17825612425804138 101 74 110 82
class 0.36968594789505005 175 69 186 82
class 0.43065157532691956 188 72 196 84
class 0.4108107388019562 101 97 110 108
class 0.40104520320892334 164 94 174 106
class 0.5860938429832458 45 107 53 117
class 0.32778477668762207 56 100 68 112
class 0.5378870964050293 102 108 112 119
class 0.46122151613235474 125 100 135 112
class 0.6466513872146606 160 101 170 112
class 0.5619944334030151 31 112 41 124
class 0.422000527381897 15 128 25 140
class 0.4265584945678711 52 130 62 141
class 0.6166333556175232 73 126 83 137
class 0.6086598634719849 159 126 168 137
class 0.5988081693649292 177 121 187 133
class 0.5473710298538208 110 146 119 158
class 0.7775557637214661 0 160 7 172
class 0.6037329435348511 75 159 85 172
class 0.6207631826400757 88 158 98 171
class 0.556271493434906 176 164 186 173
class 0.2787480056285858 26 181 35 193
class 0.5791818499565125 77 192 87 199
class 0.45997971296310425 88 187 98 198
class 0.32499584555625916 142 191 151 199
