class 0.7070609927177429 3 1 11 11
class 0.7570813298225403 45 2 56 14
class 0.7187485694885254 95 1 107 11
class 0.6418030858039856 152 1 160 10
class 0.6643298864364624 2 6 10 17
class 0.523634672164917 67 13 77 25
class 0.21859626471996307 46 19 57 31
class 0.5361242890357971 151 19 162 33
class 0.6259777545928955 186 17 196 28
class 0.4903935492038727 8 37 17 48
class 0.391290545463562 55 36 67 49
class 0.5573802590370178 113 41 123 54
class 0.46344977617263794 22 49 32 61
class 0.498037725687027 176 50 186 64
class 0.5796315670013428 33 64 42 78
class 0.30647486448287964 170 58 179 69
class 0.6256814002990723 193 65 199 77
class 0.5352644920349121 124 68 134 80
class 0.5950744152069092 135 74 145 85
class 0.5447391271591187 44 86 53 99
class 0.5358142256736755 97 112 107 125
class 0.46862348914146423 67 127 78 141
class 0.5368741750717163 171 122 181 134
class 0.5291580557823181 115 139 124 151
class 0.7937241196632385 0 143 7 157
class 0.33625268936157227 89 142 98 155
class 0.3830372095108032 17 160 27 173
class 0.577306866645813 43 153 52 164
class 0.48937734961509705 57 154 66 166
class 0.5057464838027954 66 155 75 166
class 0.2692684233188629 76 160 87 171
class 0.6017382740974426 128 159 138 172
class 0.793556809425354 3 164 14 177
class 0.10711416602134705 8 163 18 176
class 0.48344385623931885 62 171 73 184
class 0.45744574069976807 106 181 118 194
class 0.3720415234565735 174 176 184 189
class 0.11713910847902298 0 186 5 199
class 0.7632454633712769 1 186 11 199
class 0.663027822971344 126 184 136 197
class 0.607342004776001 146 191 157 199
