class 0.8065624237060547 31 1 43 14
class 0.8883290886878967 40 2 49 16
class 0.6233079433441162 80 0 90 10
class 0.6477868556976318 13 6 22 18
class 0.20782437920570374 44 6 51 16
class 0.4895685315132141 91 17 101 31
class 0.5603728294372559 66 27 78 40
class 0.5536407232284546 74 29 86 40
class 0.585663914680481 94 29 105 41
class 0.5106874704360962 61 45 71 57
class 0.7153154015541077 180 41 189 53
class 0.5663173198699951 5 54 14 65
class 0.5774034857749939 38 55 48 66
class 0.5175625085830688 132 53 143 67
class 0.6420891880989075 145 47 154 59
class 0.2872975170612335 27 65 37 79
class 0.16535013914108276 32 69 44 81
class 0.4524812698364258 38 74 48 87
class 0.3162630498409271 79 74 89 87
class 0.5067645907402039 13 84 23 96
class 0.7681346535682678 0 91 7 103
class 0.5342329740524292 39 95 49 105
class 0.5430980920791626 50 93 59 103
class 0.4021764397621155 100 94 111 107
class 0.4972657561302185 41 102 55 113
class 0.6719508767127991 55 105 66 116
class 0.45244985818862915 24 117 33 130
class 0.3291362524032593 58 118 69 130
class 0.44901105761528015 137 116 147 127
class 0.4156653881072998 7 123 18 135
class 0.4297102391719818 158 129 168 140
class 0.432846337556839 64 131 74 145
class 0.4291359782218933 86 138 96 151
class 0.6306596398353577 0 172 7 183
class 0.37868019938468933 97 173 108 183
class 0.5481311678886414 130 170 140 181
class 0.39274153113365173 183 171 194 183
class 0.43315958976745605 84 185 92 195
class 0.5154718160629272 172 190 181 199
