class 0.2836988568305969 49 0 58 9
class 0.38766390085220337 36 6 45 18
class 0.43751630187034607 131 8 140 19
class 0.7194391489028931 0 19 8 30
class 0.42286014556884766 111 23 121 36
class 0.5762470364570618 97 32 106 43
class 0.5064570903778076 184 27 195 40
class 0.5670003294944763 45 43 58 57
class 0.5255668759346008 47 38 58 50
class 0.41066664457321167 118 45 126 57
class 0.5075568556785583 33 53 42 65
class 0.5193549394607544 104 64 114 77
class 0.32645535469055176 98 71 110 84
class 0.6563125252723694 107 74 119 87
class 0.5740237236022949 52 90 62 102
class 0.4516749680042267 164 97 174 109
class 0.4224924147129059 101 100 111 112
class 0.42308858036994934 157 100 167 112
class 0.4512331187725067 83 115 93 127
class 0.4797822833061218 145 118 156 131
class 0.6018081307411194 39 126 49 138
class 0.5235258340835571 15 140 24 150
class 0.4896647036075592 45 131 58 143
class 0.6476121544837952 80 132 91 144
class 0.3225794732570648 172 138 183 151
class 0.6800193786621094 191 138 199 151
class 0.5743193626403809 56 142 65 156
class 0.25451555848121643 61 142 72 155
class 0.6395872831344604 67 159 77 171
class 0.5565285086631775 57 165 66 178
class 0.5866870880126953 116 171 126 184
class 0.6674726605415344 129 163 140 176
class 0.4102417230606079 142 163 154 176
class 0.31084829568862915 141 179 152 192
class 0.5685677528381348 189 176 197 186
class 0.47772976756095886 79 188 88 198
class 0.4727727174758911 100 185 109 197
