class 0.5148784518241882 143 7 153 20
class 0.7317360639572144 0 21 6 33
class 0.5124826431274414 112 22 121 33
class 0.44594359397888184 158 15 170 30
class 0.4490761160850525 157 17 165 27
class 0.646243691444397 50 27 62 40
class 0.38617900013923645 79 32 89 46
class 0.5213056802749634 98 35 109 47
class 0.6359224319458008 184 40 192 51
class 0.22116531431674957 184 42 197 55
class 0.4263189136981964 122 55 132 66
class 0.5522607564926147 183 53 192 64
class 0.5144423246383667 70 60 80 72
class 0.4732031524181366 74 68 85 81
class 0.43132445216178894 119 69 131 81
class 0.4035530090332031 81 79 91 93
class 0.5188678503036499 133 86 143 98
class 0.47021982073783875 11 96 22 108
class 0.3591209352016449 88 96 99 109
class 0.7560024261474609 0 102 6 114
class 0.35890698432922363 96 108 106 120
class 0.46919676661491394 153 113 163 125
class 0.7071102857589722 193 109 199 124
class 0.40800780057907104 196 111 199 121
class 0.5743030905723572 34 121 47 135
class 0.5630841255187988 70 123 80 136
class 0.5653344988822937 166 126 177 139
class 0.40805622935295105 69 132 80 143
class 0.3355694115161896 87 139 100 151
class 0.6217125058174133 93 139 105 151
class 0.4909704625606537 169 152 179 162
class 0.4799328148365021 15 158 25 168
class 0.4995085895061493 36 159 45 171
class 0.6236737370491028 93 160 103 171
class 0.3357955515384674 54 172 64 183
class 0.41680675745010376 7 181 17 193
class 0.46110451221466064 68 176 77 188
class 0.4814912974834442 141 176 150 186
class 0.6523670554161072 192 180 199 192
