class 0.619222104549408 4 1 13 11
class 0.7471116185188293 6 3 17 14
class 0.8745248317718506 41 0 50 11
class 0.6427732706069946 78 1 86 12
class 0.7088980674743652 22 17 32 28
class 0.471920371055603 44 15 55 29
class 0.5397785305976868 97 22 108 34
class 0.459433913230896 165 17 175 28
class 0.6457700729370117 190 22 198 34
class 0.47805318236351013 27 38 37 50
class 0.4061955213546753 177 37 185 48
class 0.5718874335289001 34 53 42 65
class 0.39083749055862427 119 68 131 81
class 0.4974905252456665 171 71 180 83
class 0.5579733848571777 182 76 192 88
class 0.5679733157157898 91 95 101 107
class 0.14338688552379608 0 101 2 116
class 0.8665638566017151 0 102 6 115
class 0.314444363117218 147 103 156 116
class 0.42728203535079956 166 105 177 116
class 0.28329694271087646 184 99 193 112
class 0.5689522624015808 17 118 28 130
class 0.47871410846710205 98 117 108 129
class 0.4222664535045624 145 116 155 128
class 0.37958627939224243 138 129 147 140
class 0.18458852171897888 150 125 162 140
class 0.11042531579732895 147 127 156 139
class 0.5279484391212463 69 138 79 149
class 0.3235735297203064 174 140 185 151
class 0.6906907558441162 53 147 63 159
class 0.16517795622348785 50 149 56 159
class 0.10810039937496185 58 143 69 156
class 0.3589194416999817 79 148 87 159
class 0.35279929637908936 119 151 128 163
class 0.5661759972572327 173 144 182 157
class 0.7839425802230835 0 153 6 164
class 0.48968300223350525 25 159 35 171
class 0.5890575051307678 100 154 109 165
class 0.5019368529319763 147 158 157 171
class 0.5031196475028992 110 171 119 182
class 0.11419624090194702 113 169 125 182
class 0.5594989657402039 122 166 133 179
class 0.3625405430793762 78 182 88 194
