class 0.6851527094841003 56 2 66 15
class 0.7850548624992371 146 3 156 15
class 0.469826340675354 7 16 19 29
class 0.5927600860595703 60 24 69 36
class 0.5720889568328857 184 17 197 28
class 0.4146908223628998 161 31 172 43
class 0.5618486404418945 11 45 21 56
class 0.21185319125652313 24 43 34 58
class 0.3509022891521454 28 39 36 50
class 0.4529646933078766 46 42 58 55
class 0.5072808861732483 18 49 28 63
class 0.3946573734283447 90 54 101 65
class 0.42028144001960754 129 54 140 69
class 0.5282965898513794 186 53 197 65
class 0.17558473348617554 130 68 141 82
class 0.4684150218963623 137 74 148 88
class 0.4113648533821106 191 74 198 87
class 0.5197852849960327 54 86 64 99
class 0.490689754486084 95 90 105 102
class 0.5071094036102295 35 107 48 120
class 0.117792509496212 39 106 53 122
class 0.48826199769973755 48 107 59 119
class 0.4364987313747406 111 106 121 118
class 0.6680114269256592 95 114 105 126
class 0.3769493103027344 101 116 111 130
class 0.3655322790145874 132 116 142 129
class 0.629142165184021 4 133 14 145
class 0.5687487125396729 21 133 30 144
class 0.40986016392707825 164 139 173 149
class 0.49418577551841736 110 143 119 153
class 0.3515497148036957 116 143 127 152
class 0.6462858319282532 21 152 31 166
class 0.5150684118270874 86 152 96 164
class 0.4960276782512665 45 168 56 179
class 0.34043192863464355 68 162 80 177
class 0.5097113847732544 145 170 154 182
class 0.5224566459655762 110 174 120 187
class 0.4539112448692322 160 175 169 184
class 0.5167597532272339 78 190 88 199
