class 0.722510576248169 3 1 12 13
class 0.7250354290008545 123 0 134 6
class 0.31867730617523193 68 13 77 24
class 0.13513408601284027 77 19 89 31
class 0.6104617714881897 151 23 161 36
class 0.606600284576416 87 29 99 44
class 0.6561293601989746 151 31 161 47
class 0.7371363639831543 189 32 198 44
class 0.599370539188385 123 43 135 56
class 0.5246627926826477 8 55 18 67
class 0.5634088516235352 33 52 42 65
class 0.48115164041519165 28 69 37 82
class 0.42904138565063477 175 74 186 86
class 0.5574164986610413 187 72 196 83
class 0.4084489643573761 57 80 67 95
class 0.423864483833313 132 84 142 95
class 0.41975119709968567 177 87 189 100
class 0.4943091869354248 35 90 46 104
class 0.39374563097953796 92 91 101 104
class 0.16320474445819855 120 90 131 101
class 0.694489061832428 2 107 11 119
class 0.5232094526290894 38 108 47 120
class 0.5105414986610413 60 100 69 113
class 0.48665374517440796 98 100 109 112
class 0.5352020263671875 107 129 117 140
class 0.4894877076148987 110 126 121 137
class 0.5557348132133484 149 125 158 136
class 0.2930135726928711 25 132 35 146
class 0.5120788216590881 38 138 49 149
class 0.146042600274086 103 132 116 143
class 0.5841338038444519 122 134 133 147
class 0.6272873878479004 165 137 175 150
class 0.47898921370506287 147 143 158 155
class 0.2857208251953125 56 172 67 183
class 0.4624294340610504 72 169 83 183
class 0.47703078389167786 47 180 55 191
class 0.5339691638946533 118 190 129 199
class 0.404168039560318 157 186 165 196
