class 0.4666864573955536 48 11 58 26
class 0.4636794626712799 78 12 88 24
class 0.5751802325248718 138 10 148 23
class 0.4074219763278961 98 25 108 39
class 0.4113556742668152 124 28 133 38
class 0.6875672340393066 174 32 185 44
class 0.39511367678642273 23 45 32 56
class 0.3544774651527405 91 46 100 57
class 0.45293229818344116 140 44 149 55
class 0.6605275869369507 156 44 166 57
class 0.33900123834609985 34 48 48 63
class 0.18091097474098206 35 51 43 61
class 0.36676889657974243 37 64 48 78
class 0.5473817586898804 50 58 60 69
class 0.45547401905059814 87 58 96 71
class 0.4758557379245758 11 70 22 82
class 0.4749975800514221 164 70 174 79
class 0.37637221813201904 15 94 25 106
class 0.4325423240661621 36 90 46 105
class 0.6174543499946594 63 92 73 104
class 0.34294721484184265 141 105 152 120
class 0.5764397978782654 183 108 193 120
class 0.487405002117157 30 112 40 125
class 0.4428044259548187 166 118 176 131
class 0.49620503187179565 7 123 17 134
class 0.4142321050167084 119 120 131 134
class 0.5008980631828308 131 123 143 135
class 0.3898220658302307 171 120 182 136
class 0.6295909881591797 122 138 133 150
class 0.30858248472213745 149 140 158 150
class 0.5495781898498535 189 131 198 144
class 0.4941757619380951 99 145 108 156
class 0.2954792082309723 163 144 172 156
class 0.11544583737850189 12 162 20 171
class 0.16684174537658691 15 162 23 172
class 0.46282538771629333 170 154 180 165
class 0.6441893577575684 11 168 21 182
class 0.5128297209739685 105 166 116 179
class 0.24040840566158295 110 165 122 177
class 0.3199094235897064 13 174 22 185
class 0.4258619248867035 132 176 140 188
class 0.6761434078216553 164 178 175 190
