class 0.10620465874671936 15 2 29 7
class 0.7495328783988953 17 2 27 11
class 0.8287426829338074 180 1 191 12
class 0.43800169229507446 14 8 24 20
class 0.535304605960846 97 7 107 21
class 0.3750285804271698 121 8 132 20
class 0.3683570623397827 185 14 194 24
class 0.49559786915779114 21 21 30 35
class 0.48905321955680847 46 23 54 36
class 0.4921461343765259 125 17 137 29
class 0.37314459681510925 189 22 196 32
class 0.7380306124687195 0 31 7 43
class 0.4276992082595825 88 27 100 43
class 0.5329118967056274 9 45 18 57
class 0.5420376658439636 59 37 69 49
class 0.5039663314819336 94 45 103 57
class 0.506481945514679 78 65 88 78
class 0.5770387649536133 183 65 192 77
class 0.5327155590057373 102 81 111 94
class 0.5279759168624878 138 79 147 93
class 0.5444293022155762 158 95 168 106
class 0.41417592763900757 88 99 100 112
class 0.45391443371772766 144 106 153 119
class 0.486420214176178 56 118 67 131
class 0.49822595715522766 74 122 83 134
class 0.5059629082679749 28 134 38 146
class 0.5375005602836609 144 135 155 146
class 0.46868738532066345 11 144 21 155
class 0.3227587938308716 145 141 156 154
class 0.27393367886543274 167 141 178 155
class 0.2839944362640381 183 149 193 163
class 0.6390207409858704 189 149 199 161
class 0.4559984803199768 161 159 171 171
class 0.37394654750823975 17 167 26 179
class 0.410749226808548 100 164 111 175
class 0.4894945025444031 179 168 189 181
class 0.4676913917064667 106 183 118 193
class 0.5472731590270996 123 173 135 187
class 0.6625115275382996 99 191 108 198
class 0.20513808727264404 106 188 117 198
class 0.5659828186035156 193 190 199 199
