class 0.5264697670936584 120 0 129 6
class 0.5165244936943054 41 5 50 17
class 0.4903545379638672 89 6 101 18
class 0.6011236310005188 193 11 199 25
class 0.39057591557502747 90 24 100 35
class 0.3620392084121704 116 16 124 28
class 0.4022773206233978 144 23 153 35
class 0.5165868997573853 158 27 165 38
class 0.540847659111023 5 37 13 48
class 0.47694677114486694 71 44 81 55
class 0.6342670321464539 176 49 186 61
class 0.3865848481655121 51 59 62 70
class 0.46241867542266846 124 63 134 75
class 0.463449627161026 53 68 64 82
class 0.6735461354255676 75 73 86 86
class 0.5497298836708069 5 87 17 99
class 0.2661672830581665 43 79 53 90
class 0.410754531621933 186 81 197 94
class 0.4330332577228546 35 97 45 110
class 0.4800790548324585 146 97 156 109
class 0.6261246204376221 192 92 199 105
class 0.612368106842041 128 105 139 118
class 0.6156190633773804 22 113 34 124
class 0.42848268151283264 27 111 37 122
class 0.6704323887825012 133 115 143 128
class 0.609384298324585 76 127 85 138
class 0.43134161829948425 108 122 121 137
class 0.6067891120910645 154 132 164 144
class 0.45361652970314026 15 150 25 162
class 0.29323622584342957 102 143 111 155
class 0.20565561950206757 159 151 169 162
class 0.40535810589790344 161 154 172 165
class 0.5702826380729675 165 159 177 171
class 0.4818190634250641 17 169 29 183
class 0.5701428055763245 61 163 71 175
class 0.4930424690246582 77 170 89 182
class 0.2495538741350174 173 171 181 182
class 0.4908599555492401 179 175 191 190
class 0.5481840372085571 191 181 199 193
