class 0.7250702977180481 21 1 30 12
class 0.7305492162704468 76 0 87 11
class 0.6978613138198853 154 0 165 10
class 0.6651642918586731 183 0 192 7
class 0.7460101842880249 188 0 199 9
class 0.3577747046947479 109 13 120 24
class 0.6536031365394592 116 13 129 25
class 0.4743483066558838 43 18 52 29
class 0.47655585408210754 57 20 69 31
class 0.5335078835487366 104 19 115 30
class 0.5641865730285645 30 34 40 46
class 0.6035188436508179 63 33 77 46
class 0.5016290545463562 62 42 70 53
class 0.3034590184688568 90 45 99 57
class 0.4620826542377472 135 49 145 60
class 0.4175843298435211 149 55 161 68
class 0.5099014639854431 133 65 145 78
class 0.4773850739002228 143 58 154 70
class 0.5403077006340027 161 65 173 79
class 0.5849936008453369 20 75 31 87
class 0.4956730902194977 125 70 134 83
class 0.16776014864444733 23 86 35 100
class 0.47056078910827637 37 87 48 99
class 0.607783317565918 155 85 166 98
class 0.4081427752971649 27 102 36 114
class 0.5244452357292175 136 103 145 115
class 0.48191550374031067 140 110 153 124
class 0.3120577335357666 38 122 47 132
class 0.557091474533081 126 123 136 136
class 0.32574549317359924 45 137 57 150
class 0.5034617185592651 100 133 112 146
class 0.40363532304763794 23 159 33 171
class 0.4557875096797943 73 161 82 172
class 0.5886773467063904 137 160 148 172
class 0.6308765411376953 0 164 7 177
class 0.5688902735710144 13 168 21 183
class 0.4546125829219818 55 165 65 177
class 0.4260247051715851 66 175 75 188
