class 0.4750271141529083 68 3 77 14
class 0.8165761828422546 92 2 102 14
class 0.6301021575927734 5 14 13 25
class 0.21082791686058044 163 7 172 17
class 0.3538018763065338 162 9 175 22
class 0.611488401889801 190 7 198 18
class 0.56931471824646 39 22 47 33
class 0.39376014471054077 90 23 99 34
class 0.32427141070365906 164 16 174 27
class 0.8224629759788513 0 44 6 55
class 0.4879598319530487 16 37 24 48
class 0.47217684984207153 45 41 54 53
class 0.3982991576194763 66 36 77 49
class 0.6468219757080078 145 40 156 54
class 0.6410752534866333 189 42 197 53
class 0.3511662483215332 112 49 122 61
class 0.24498572945594788 51 67 60 79
class 0.4294176995754242 67 63 78 75
class 0.28171610832214355 99 65 110 78
class 0.5194166898727417 160 57 172 72
class 0.4089668095111847 153 69 163 81
class 0.5023160576820374 193 83 199 98
class 0.5525014400482178 30 97 41 110
class 0.44827964901924133 183 90 192 101
class 0.43924784660339355 85 106 95 119
class 0.43997281789779663 111 100 121 111
class 0.42805686593055725 153 115 164 128
class 0.43630436062812805 35 122 45 136
class 0.5186384916305542 44 124 54 136
class 0.5336655974388123 95 122 105 134
class 0.411159873008728 167 121 175 132
class 0.40828269720077515 56 136 68 149
class 0.4167541563510895 11 151 21 163
class 0.553357720375061 113 161 123 173
class 0.538588285446167 30 167 41 180
class 0.43431606888771057 103 163 113 176
class 0.5335360169410706 160 165 170 176
class 0.34053292870521545 4 175 13 186
class 0.6883321404457092 11 174 22 186
class 0.489950567483902 71 186 81 196
