class 0.1311742216348648 3 2 11 12
class 0.8360555768013 85 0 95 12
class 0.13491478562355042 90 0 101 7
class 0.6933876872062683 112 0 122 7
class 0.2842557728290558 5 6 12 17
class 0.6395338773727417 78 8 87 19
class 0.7236029505729675 4 23 13 35
class 0.5857686400413513 81 22 90 33
class 0.4315226972103119 137 14 146 29
class 0.5604516267776489 155 22 164 32
class 0.4432632029056549 119 27 131 40
class 0.43031570315361023 77 38 89 51
class 0.4876406490802765 93 37 103 48
class 0.4721128046512604 110 43 120 58
class 0.373485267162323 137 35 147 50
class 0.45717594027519226 168 37 178 49
class 0.36502161622047424 143 50 152 63
class 0.6080586314201355 14 74 24 87
class 0.8318841457366943 0 85 6 98
class 0.40322697162628174 27 91 36 103
class 0.23758137226104736 24 107 37 120
class 0.41095244884490967 68 106 79 119
class 0.5729389190673828 115 101 125 112
class 0.5706273317337036 124 103 135 116
class 0.45723044872283936 145 108 157 121
class 0.5026860237121582 164 109 175 120
class 0.6631618738174438 18 116 29 129
class 0.6064584255218506 134 117 146 129
class 0.4088345468044281 56 122 68 138
class 0.6234592199325562 93 126 104 138
class 0.5543139576911926 110 122 123 135
class 0.3553043305873871 62 131 72 144
class 0.5701903700828552 82 136 92 150
class 0.42652711272239685 147 139 157 150
class 0.4801976978778839 44 144 54 155
class 0.43324655294418335 61 143 73 159
class 0.4876440167427063 186 150 197 163
class 0.43752521276474 79 168 88 179
class 0.8048145771026611 3 185 15 197
class 0.43248772621154785 28 190 39 199
