class 0.6022740006446838 153 1 164 12
class 0.6593030691146851 194 13 199 24
class 0.3252350986003876 35 15 46 28
class 0.6209176182746887 179 20 190 33
class 0.521539032459259 45 26 56 40
class 0.5497703552246094 186 41 198 53
class 0.45691144466400146 57 55 67 67
class 0.5315179824829102 97 55 106 66
class 0.5411556959152222 147 50 156 62
class 0.4342494010925293 153 55 164 68
class 0.6938538551330566 192 49 199 60
class 0.5602776408195496 41 60 51 73
class 0.40657472610473633 164 75 173 88
class 0.30233311653137207 26 86 35 100
class 0.4360485374927521 59 84 69 96
class 0.5561055541038513 52 97 62 110
class 0.530724823474884 65 88 78 103
class 0.2995261549949646 120 97 131 110
class 0.3850606381893158 135 109 145 120
class 0.5362687110900879 185 103 195 118
class 0.43276527523994446 120 125 130 137
class 0.4719610810279846 153 129 163 142
class 0.7332488894462585 194 126 199 139
class 0.661415696144104 0 133 7 145
class 0.3863539695739746 54 137 64 148
class 0.5324471592903137 182 138 192 150
class 0.387726366519928 6 147 17 160
class 0.47979936003685 20 149 31 161
class 0.5069676637649536 46 151 55 160
class 0.5079540610313416 95 151 105 162
class 0.37238627672195435 155 149 165 162
class 0.6788408756256104 1 161 10 173
class 0.39498844742774963 36 154 46 166
class 0.4927981495857239 68 154 77 165
class 0.10348419845104218 70 157 79 168
class 0.6739904880523682 98 158 108 170
class 0.5909349322319031 71 164 81 176
class 0.5194964408874512 188 165 197 176
class 0.5191033482551575 60 187 70 197
class 0.3895362913608551 163 186 172 196
