class 0.4766855239868164 154 4 164 11
class 0.4261648654937744 28 17 36 26
class 0.4801052212715149 56 21 67 34
class 0.3850155472755432 158 22 169 35
class 0.6213195323944092 61 34 73 46
class 0.5117160081863403 117 42 126 53
class 0.5393775701522827 172 51 181 62
class 0.33129021525382996 64 57 74 71
class 0.5510449409484863 49 76 58 87
class 0.4260825514793396 70 72 79 84
class 0.5762791037559509 28 86 38 99
class 0.4384312033653259 38 82 48 94
class 0.6773451566696167 192 85 199 97
class 0.4216318130493164 38 90 47 102
class 0.3824175000190735 33 101 42 113
class 0.30042266845703125 172 101 183 113
class 0.10525545477867126 1 112 4 127
class 0.8459958434104919 3 113 11 126
class 0.18887671828269958 5 118 16 130
class 0.4404034912586212 67 110 78 123
class 0.5618112087249756 39 122 48 134
class 0.5560587048530579 116 121 126 133
class 0.42097190022468567 133 129 143 141
class 0.520001232624054 135 137 144 150
class 0.4461742639541626 23 144 33 156
class 0.40820547938346863 57 144 66 156
class 0.6131724715232849 62 146 74 159
class 0.47887298464775085 134 142 145 155
class 0.7902662754058838 0 159 8 174
class 0.6172548532485962 152 153 162 164
class 0.43201589584350586 183 158 194 170
class 0.6439710259437561 15 169 25 181
class 0.5418720841407776 33 164 42 176
class 0.4923364222049713 92 171 102 184
class 0.5682424902915955 188 165 199 181
class 0.3694407641887665 193 167 199 179
class 0.5527808666229248 36 180 46 191
class 0.45578569173812866 42 178 54 191
class 0.4443418085575104 65 181 76 195
class 0.5758383274078369 45 186 55 196
