class 0.24811334908008575 24 1 34 10
class 0.7272557616233826 29 1 41 12
class 0.45220112800598145 20 9 29 21
class 0.5306811332702637 104 10 115 24
class 0.6076756715774536 152 5 166 19
class 0.4253963232040405 156 7 164 17
class 0.37636423110961914 10 18 20 29
class 0.521030604839325 17 22 27 35
class 0.2280827909708023 47 20 58 32
class 0.4624185860157013 80 16 90 27
class 0.44285863637924194 108 22 120 35
class 0.4271330237388611 130 22 142 36
class 0.3450169861316681 118 26 132 42
class 0.3039403259754181 119 28 126 40
class 0.3627128303050995 153 29 163 40
class 0.4181648790836334 16 46 24 56
class 0.3219602704048157 120 42 130 55
class 0.5298922657966614 29 51 38 63
class 0.4157693386077881 132 49 142 62
class 0.5953038334846497 181 55 192 67
class 0.4994886517524719 62 60 71 72
class 0.4024677276611328 88 97 98 110
class 0.399103581905365 114 94 125 107
class 0.7038259506225586 192 97 199 108
class 0.51092529296875 20 103 31 115
class 0.5584813356399536 44 107 53 118
class 0.4554804861545563 160 100 173 114
class 0.41118323802948 187 113 196 125
class 0.5974376201629639 25 124 35 137
class 0.5862506628036499 94 126 103 138
class 0.5082529783248901 61 132 71 145
class 0.5626262426376343 164 133 175 145
class 0.7436402440071106 0 149 6 162
class 0.5059433579444885 44 147 53 158
class 0.672248899936676 170 157 180 169
class 0.3764971196651459 36 165 45 175
class 0.5077874660491943 140 166 150 177
class 0.27086731791496277 6 175 18 187
class 0.5586506128311157 26 179 35 189
class 0.266960084438324 48 182 56 192
class 0.20419736206531525 46 179 59 189
class 0.687295138835907 40 189 50 198
