class 0.7635595202445984 3 0 11 10
class 0.6690735816955566 60 0 71 9
class 0.6867435574531555 76 0 86 5
class 0.8358686566352844 177 2 187 14
class 0.6053759455680847 66 6 76 18
class 0.5389620661735535 188 9 199 20
class 0.4456900954246521 31 21 40 33
class 0.39663800597190857 49 17 58 29
class 0.5460602641105652 113 26 123 39
class 0.5512385964393616 127 32 137 45
class 0.506887674331665 41 40 51 53
class 0.5909056067466736 143 54 153 66
class 0.5935836434364319 15 64 24 76
class 0.6584922671318054 115 75 126 88
class 0.7557492852210999 3 85 13 99
class 0.6404774188995361 92 87 104 99
class 0.5061009526252747 182 87 193 100
class 0.7445191144943237 6 96 18 112
class 0.43739405274391174 57 96 69 108
class 0.4395348131656647 129 95 139 108
class 0.5853254795074463 64 106 77 118
class 0.5547152161598206 79 103 90 118
class 0.49229615926742554 28 115 39 129
class 0.4142215847969055 97 110 106 123
class 0.4428560733795166 188 112 197 126
class 0.5684385299682617 17 139 27 152
class 0.6192280650138855 67 144 77 155
class 0.6924761533737183 88 147 97 158
class 0.5163148045539856 182 150 192 163
class 0.4889664351940155 141 156 150 167
class 0.3704792559146881 151 160 161 172
class 0.255475252866745 184 170 195 184
class 0.38594797253608704 5 175 18 187
class 0.6162174344062805 106 174 117 188
class 0.528184175491333 24 192 35 199
class 0.5589251518249512 189 186 199 198
