class 0.6587581038475037 66 0 77 8
class 0.5440703630447388 173 1 182 9
class 0.4084262549877167 48 6 59 18
class 0.5453535318374634 185 12 196 26
class 0.38134536147117615 132 22 142 32
class 0.5483745336532593 168 21 177 32
class 0.5291401147842407 23 39 36 52
class 0.3336034417152405 44 45 52 56
class 0.2967917025089264 119 36 130 51
class 0.3820933401584625 15 50 24 63
class 0.261537104845047 22 48 36 59
class 0.3600408136844635 123 48 130 61
class 0.28169625997543335 140 48 148 62
class 0.43480074405670166 15 59 24 70
class 0.7185534834861755 0 77 6 88
class 0.5573451519012451 103 74 112 85
class 0.46840900182724 117 76 129 88
class 0.26670536398887634 119 84 131 99
class 0.6182850003242493 180 79 190 92
class 0.4357183575630188 113 90 123 102
class 0.563296377658844 27 108 36 119
class 0.6324953436851501 28 116 37 127
class 0.48201984167099 76 137 85 148
class 0.548301637172699 153 133 164 147
class 0.6887856125831604 3 151 12 162
class 0.4041847586631775 101 151 114 162
class 0.5653731822967529 83 156 92 168
class 0.5721917152404785 109 157 119 167
class 0.2603924572467804 109 160 123 170
class 0.5443766117095947 139 153 150 165
class 0.5270058512687683 158 160 169 172
class 0.6763253808021545 0 169 7 181
class 0.49426159262657166 48 168 61 181
class 0.44440340995788574 152 171 161 182
class 0.2711261510848999 172 162 181 175
class 0.34518998861312866 183 164 196 177
class 0.49503591656684875 24 176 33 188
class 0.48225030303001404 88 182 97 192
class 0.4824554920196533 71 185 83 199
class 0.5627263784408569 153 187 161 197
