class 0.620617687702179 4 3 13 14
class 0.28699204325675964 91 4 100 13
class 0.7477617859840393 178 3 188 15
class 0.20988549292087555 165 20 172 33
class 0.7655967473983765 85 31 97 43
class 0.36273106932640076 138 27 147 38
class 0.5553451180458069 180 28 190 39
class 0.558416485786438 15 44 25 56
class 0.6489198207855225 86 44 98 56
class 0.5968876481056213 16 54 24 66
class 0.4325310289859772 59 46 69 60
class 0.4606877267360687 135 56 144 67
class 0.5943523049354553 165 55 174 66
class 0.5457218885421753 41 59 51 71
class 0.5386337637901306 120 65 130 77
class 0.3002792000770569 35 87 45 100
class 0.3188723027706146 99 88 108 99
class 0.622305691242218 98 94 110 109
class 0.39627882838249207 121 96 131 109
class 0.48505935072898865 146 91 155 103
class 0.5655105710029602 168 92 177 102
class 0.5400500893592834 56 101 67 113
class 0.40221962332725525 138 102 148 115
class 0.4830218255519867 168 105 177 117
class 0.8023480176925659 0 116 11 130
class 0.42994335293769836 22 121 32 134
class 0.48788344860076904 65 128 74 141
class 0.5649230480194092 9 131 19 144
class 0.48752447962760925 135 133 145 143
class 0.5995701551437378 155 138 164 150
class 0.30528461933135986 29 150 39 163
class 0.6296907067298889 193 150 199 162
class 0.3170706033706665 153 154 161 165
class 0.5759140253067017 64 165 74 177
class 0.7267061471939087 0 178 11 190
class 0.37725576758384705 131 173 143 186
