class 0.33880311250686646 101 1 112 8
class 0.625102698802948 20 8 31 21
class 0.6081364750862122 34 6 45 19
class 0.6169885396957397 104 9 118 20
class 0.505609929561615 114 11 123 24
class 0.38890206813812256 77 16 89 29
class 0.49315935373306274 37 34 47 47
class 0.3827509582042694 56 32 67 45
class 0.6263965964317322 102 33 113 45
class 0.610022246837616 140 32 148 45
class 0.7163563370704651 185 27 196 38
class 0.16294275224208832 66 35 77 50
class 0.4284946024417877 45 51 57 66
class 0.43284496665000916 137 48 145 62
class 0.621078610420227 23 60 34 72
class 0.2669624984264374 41 59 52 73
class 0.6015896797180176 42 69 52 80
class 0.5774741768836975 103 68 114 82
class 0.5381389260292053 164 76 174 87
class 0.5608359575271606 101 85 111 98
class 0.5039494633674622 112 95 122 109
class 0.5198299288749695 136 106 145 116
class 0.6986325979232788 147 106 155 118
class 0.1351184844970703 153 102 163 115
class 0.4950021505355835 93 117 104 130
class 0.4549608528614044 175 117 185 132
class 0.4022010862827301 77 138 89 151
class 0.7646004557609558 83 134 93 147
class 0.5635902285575867 169 137 178 150
class 0.5065270066261292 88 144 99 155
class 0.47225695848464966 120 150 129 161
class 0.7216382026672363 1 166 9 177
class 0.2915557622909546 50 172 61 184
class 0.457803875207901 67 172 77 183
class 0.6011486649513245 115 164 125 178
class 0.3336421847343445 178 183 191 194
