class 0.7376553416252136 8 0 18 7
class 0.40577077865600586 40 14 50 26
class 0.5598531365394592 82 6 92 20
class 0.7071455717086792 3 16 11 29
class 0.1680736243724823 21 23 31 37
class 0.32431262731552124 43 16 55 29
class 0.602713942527771 66 18 77 31
class 0.5457364916801453 80 23 89 36
class 0.5654072761535645 15 34 23 45
class 0.47254401445388794 24 39 37 51
class 0.32958802580833435 119 46 132 60
class 0.49529749155044556 66 58 77 72
class 0.4082964062690735 189 60 198 73
class 0.7434799671173096 2 76 12 87
class 0.5666933655738831 77 68 88 81
class 0.431661993265152 84 86 94 99
class 0.5935717821121216 131 96 143 108
class 0.6840395927429199 149 92 160 104
class 0.7390390634536743 4 104 14 115
class 0.48720937967300415 65 101 75 114
class 0.6799472570419312 4 130 12 140
class 0.5190404057502747 158 122 167 135
class 0.49707311391830444 11 132 19 145
class 0.6236414313316345 0 142 6 153
class 0.24826720356941223 16 146 24 159
class 0.4885720908641815 71 150 80 162
class 0.41899949312210083 172 151 181 162
class 0.5290135145187378 88 155 98 166
class 0.425281286239624 103 160 112 171
class 0.2497040182352066 140 170 152 184
class 0.30449262261390686 174 170 184 184
class 0.6912797093391418 4 178 12 189
class 0.6527244448661804 44 175 54 186
class 0.42160114645957947 108 180 117 192
class 0.6046454310417175 150 177 161 188
class 0.4580560326576233 80 187 91 198
class 0.5099911689758301 124 188 134 199
class 0.6890543103218079 155 186 165 196
class 0.5787699222564697 180 185 190 197
