class 0.7783467173576355 42 2 53 15
class 0.5924043655395508 78 3 88 14
class 0.6043853759765625 153 0 164 11
class 0.8339741230010986 189 2 199 15
class 0.44846853613853455 26 12 35 22
class 0.3192879557609558 48 44 58 56
class 0.7088101506233215 4 49 14 61
class 0.5676755905151367 56 47 68 60
class 0.6380568742752075 3 66 12 79
class 0.47399792075157166 11 60 21 73
class 0.6165030598640442 64 58 74 71
class 0.5715718865394592 85 70 96 84
class 0.4978976845741272 109 76 120 88
class 0.6496487855911255 180 87 191 99
class 0.3612024784088135 88 91 100 105
class 0.3564196228981018 112 91 120 104
class 0.8085021376609802 0 102 8 114
class 0.35987183451652527 38 100 47 111
class 0.50669926404953 72 102 81 114
class 0.5298017263412476 173 100 185 114
class 0.5671324133872986 47 118 59 131
class 0.47847336530685425 65 117 76 129
class 0.5179052352905273 71 114 80 127
class 0.32676225900650024 120 118 131 130
class 0.541218101978302 69 123 79 134
class 0.3675435781478882 108 129 121 142
class 0.5506618022918701 166 124 177 136
class 0.441697895526886 31 133 40 144
class 0.5373548865318298 165 135 176 147
class 0.5363408327102661 181 151 193 163
class 0.4806356430053711 137 154 148 167
class 0.626522421836853 11 181 22 192
class 0.3997621536254883 151 180 161 191
class 0.5662728548049927 18 186 28 198
class 0.6108591556549072 64 191 74 199
class 0.21441888809204102 81 191 90 198
class 0.6496747732162476 82 189 93 199
class 0.5698699951171875 105 186 116 197
class 0.5174176096916199 136 184 146 197
class 0.46915608644485474 176 183 188 196
