class 0.6470363736152649 13 0 25 7
class 0.7993159294128418 49 0 60 8
class 0.7938258647918701 82 2 92 15
class 0.7319021821022034 1 14 8 25
class 0.7060652375221252 23 10 33 25
class 0.3870764672756195 192 12 199 25
class 0.6909804344177246 95 22 104 36
class 0.39028793573379517 192 23 199 34
class 0.4589756727218628 90 26 102 39
class 0.4845117926597595 128 45 137 57
class 0.5624842047691345 167 37 177 48
class 0.41048088669776917 36 47 46 61
class 0.5020978450775146 144 53 154 65
class 0.6105801463127136 55 59 67 72
class 0.5242376923561096 154 65 163 77
class 0.5321359038352966 168 60 177 70
class 0.5871055722236633 88 72 96 84
class 0.5169152617454529 139 71 148 83
class 0.3297004699707031 88 89 99 102
class 0.5476981997489929 84 108 92 119
class 0.5293661952018738 167 119 177 131
class 0.3144025206565857 25 122 36 136
class 0.5239878296852112 29 126 38 138
class 0.6085788607597351 92 129 101 141
class 0.5792756080627441 123 123 132 136
class 0.5464527606964111 52 142 63 155
class 0.4944443702697754 89 150 98 160
class 0.7249169945716858 192 145 199 158
class 0.6969625353813171 3 160 13 172
class 0.41703420877456665 110 171 120 183
class 0.4546964466571808 141 171 151 183
class 0.5601645112037659 191 171 199 183
class 0.5674613118171692 81 179 93 193
class 0.4861992299556732 169 175 180 187
class 0.5729604959487915 41 190 51 199
class 0.1872791051864624 84 189 94 198
class 0.2956526279449463 133 191 143 199
