class 0.6863785982131958 46 3 55 14
class 0.8023552298545837 137 1 147 14
class 0.8089076280593872 186 1 196 12
class 0.5100693702697754 72 10 81 24
class 0.3130163252353668 152 6 164 19
class 0.5137292742729187 22 23 31 36
class 0.36204683780670166 71 23 80 34
class 0.3543461561203003 130 22 142 36
class 0.4327388405799866 45 31 53 43
class 0.5349183678627014 153 34 163 45
class 0.32446733117103577 119 38 131 52
class 0.465295672416687 52 47 65 61
class 0.5495977997779846 77 54 88 69
class 0.4418284296989441 48 58 58 71
class 0.6279465556144714 15 69 24 80
class 0.5758748054504395 73 68 84 82
class 0.5624139308929443 107 73 117 86
class 0.6075475215911865 124 75 135 87
class 0.5928645730018616 134 73 145 85
class 0.4872349500656128 189 68 198 82
class 0.575481116771698 14 86 23 98
class 0.6354735493659973 75 81 87 94
class 0.44659745693206787 135 88 145 99
class 0.5960655808448792 61 90 71 103
class 0.8265057802200317 1 119 10 130
class 0.4821101129055023 14 118 25 130
class 0.5660876631736755 82 121 91 133
class 0.35351788997650146 167 130 176 141
class 0.4194463789463043 35 138 46 151
class 0.6119401454925537 61 141 72 151
class 0.564078688621521 101 140 111 151
class 0.4474172294139862 116 150 126 162
class 0.6277716755867004 180 158 190 170
class 0.49343621730804443 16 165 24 175
class 0.5487202405929565 54 171 64 182
class 0.5596977472305298 77 163 87 176
class 0.4432448148727417 128 168 139 179
class 0.525774359703064 127 181 138 192
class 0.532008707523346 173 174 182 185
class 0.4328991770744324 91 190 101 199
