class 0.8353736996650696 161 2 170 12
class 0.6122614741325378 178 4 188 13
class 0.5160435438156128 12 9 22 20
class 0.13820020854473114 173 8 182 19
class 0.31160667538642883 59 18 68 30
class 0.5229544639587402 93 24 103 35
class 0.4627307057380676 123 23 133 35
class 0.2101292461156845 171 20 182 32
class 0.3866193890571594 47 34 56 46
class 0.3284445106983185 184 27 192 37
class 0.6031242609024048 45 42 57 56
class 0.4519326686859131 114 43 124 55
class 0.39195549488067627 24 64 35 78
class 0.4451538026332855 70 59 84 72
class 0.38179314136505127 142 64 152 75
class 0.37377238273620605 39 77 47 88
class 0.5158969163894653 100 74 111 85
class 0.5077114105224609 75 84 85 98
class 0.5374530553817749 90 94 101 106
class 0.6633124351501465 179 96 189 108
class 0.5857478976249695 17 105 26 116
class 0.4700820744037628 98 107 110 120
class 0.5577218532562256 134 101 144 113
class 0.7430809736251831 15 115 24 126
class 0.58763587474823 49 110 60 123
class 0.665659487247467 135 118 146 131
class 0.5801921486854553 186 128 196 142
class 0.801080584526062 1 133 12 147
class 0.6128953695297241 65 132 75 144
class 0.5811688899993896 8 159 18 171
class 0.6125659942626953 88 154 97 166
class 0.6577014327049255 57 165 67 178
class 0.49263492226600647 133 163 144 177
class 0.5356059670448303 148 167 158 179
class 0.5171324014663696 184 165 193 175
class 0.2926871180534363 7 182 16 194
class 0.5374953150749207 84 175 95 189
