class 0.6351319551467896 81 1 91 9
class 0.45604032278060913 81 8 92 20
class 0.48576489090919495 185 13 192 24
class 0.5723254084587097 161 23 172 34
class 0.3948887884616852 188 28 196 38
class 0.4124208390712738 37 43 47 55
class 0.40844982862472534 123 45 133 56
class 0.4785476326942444 162 44 173 55
class 0.5228146910667419 17 52 27 65
class 0.4624897837638855 48 53 59 66
class 0.32669734954833984 120 50 130 62
class 0.6069498658180237 129 51 139 64
class 0.451208233833313 142 47 152 60
class 0.6191057562828064 30 61 40 73
class 0.4427730143070221 69 61 79 72
class 0.5252341628074646 166 67 175 78
class 0.4274498224258423 63 77 74 89
class 0.44754892587661743 90 69 101 82
class 0.5658267736434937 163 81 175 93
class 0.48066261410713196 30 92 39 105
class 0.3380522131919861 162 95 173 107
class 0.4833322763442993 9 106 21 121
class 0.4911048710346222 18 100 27 113
class 0.6102539300918579 42 107 52 120
class 0.5998252034187317 183 100 193 112
class 0.4212420880794525 109 124 120 137
class 0.5536165833473206 93 139 105 151
class 0.5041267275810242 111 143 122 157
class 0.524559736251831 15 153 25 165
class 0.24826480448246002 99 160 109 171
class 0.5304907560348511 141 153 151 166
class 0.5724097490310669 47 164 57 176
class 0.5806368589401245 147 165 157 179
class 0.590445339679718 176 181 188 193
class 0.2572271525859833 15 194 24 199
class 0.14273248612880707 19 193 28 199
class 0.6767308115959167 34 191 43 199
class 0.6211454272270203 61 190 71 199
