class 0.793728768825531 0 1 9 12
class 0.7537599205970764 38 2 50 13
class 0.7758762836456299 147 3 157 16
class 0.6957408785820007 0 6 7 17
class 0.6062856316566467 45 22 56 35
class 0.4608106315135956 122 24 131 36
class 0.5711241364479065 83 30 92 42
class 0.5206818580627441 95 28 104 41
class 0.7646952271461487 177 27 189 41
class 0.509160041809082 136 38 145 51
class 0.5630035400390625 10 53 20 65
class 0.5050873756408691 114 49 124 60
class 0.4132283329963684 189 56 199 68
class 0.4320366084575653 90 65 100 77
class 0.4881144165992737 114 77 124 87
class 0.49800217151641846 176 87 186 99
class 0.5742548704147339 49 97 59 109
class 0.6577369570732117 62 97 72 109
class 0.4038999378681183 187 92 197 103
class 0.35553017258644104 102 106 113 120
class 0.18752197921276093 123 100 132 111
class 0.32844921946525574 140 101 152 114
class 0.6067262291908264 49 114 58 128
class 0.5390833616256714 91 118 101 129
class 0.2519010603427887 168 112 177 123
class 0.5231393575668335 37 128 48 143
class 0.5421263575553894 62 123 72 137
class 0.7760072350502014 4 132 13 145
class 0.4656851887702942 58 135 68 150
class 0.5381463170051575 125 139 135 151
class 0.5070092678070068 69 146 80 159
class 0.6759086847305298 109 149 119 162
class 0.6228504180908203 98 153 107 164
class 0.10196810960769653 104 155 115 164
class 0.5674066543579102 167 170 177 182
class 0.6261924505233765 49 189 59 199
class 0.22101327776908875 78 186 86 194
class 0.5804838538169861 170 189 179 199
