class 0.6823853850364685 183 0 192 7
class 0.6127840876579285 75 5 86 19
class 0.4168989062309265 152 12 161 24
class 0.54147869348526 52 20 61 32
class 0.6435675024986267 72 22 83 35
class 0.580038845539093 98 16 110 30
class 0.4267372190952301 145 22 152 34
class 0.2801077663898468 172 17 183 28
class 0.47937607765197754 180 33 189 44
class 0.39220839738845825 44 38 53 50
class 0.45655328035354614 60 39 71 53
class 0.3516054153442383 109 38 120 51
class 0.10176431387662888 1 56 6 66
class 0.5349670648574829 27 51 37 64
class 0.4248295724391937 187 46 198 62
class 0.8352625370025635 1 60 9 73
class 0.42200767993927 67 65 77 78
class 0.47560495138168335 38 69 49 82
class 0.285015344619751 58 70 70 82
class 0.595457911491394 124 68 134 81
class 0.7385579347610474 193 75 199 87
class 0.512194037437439 50 87 61 98
class 0.4565449059009552 51 93 62 103
class 0.6345494389533997 65 95 77 107
class 0.44731640815734863 136 98 145 110
class 0.695304274559021 165 98 175 108
class 0.588231086730957 104 100 115 112
class 0.5480747222900391 139 105 148 116
class 0.6267697215080261 40 130 50 141
class 0.7354611754417419 2 134 12 147
class 0.3337566554546356 71 151 81 163
class 0.562218189239502 93 159 102 171
class 0.5883222818374634 168 154 178 165
class 0.4950142204761505 64 176 75 188
class 0.4346575140953064 164 181 176 193
class 0.7276080250740051 193 178 199 191
class 0.7659561038017273 0 186 8 199
class 0.4832555949687958 25 187 35 198
