class 0.7691448330879211 81 1 91 14
class 0.4924001693725586 26 13 35 24
class 0.6211436986923218 65 11 75 23
class 0.5827877521514893 96 12 106 26
class 0.3500320315361023 11 25 20 36
class 0.4396594762802124 72 18 81 29
class 0.533720850944519 139 30 147 43
class 0.6249169707298279 166 32 174 43
class 0.68032306432724 0 37 6 49
class 0.4952397644519806 119 43 131 57
class 0.5314207673072815 80 48 91 62
class 0.43720167875289917 1 67 7 77
class 0.4442751705646515 27 67 39 78
class 0.5628567934036255 90 63 101 77
class 0.7934995889663696 3 69 11 80
class 0.42700695991516113 7 69 18 81
class 0.5306505560874939 34 80 46 94
class 0.5037277936935425 151 85 162 97
class 0.5748143196105957 167 78 178 91
class 0.5806756615638733 108 91 117 104
class 0.5820382237434387 186 95 196 108
class 0.3382158875465393 35 99 46 112
class 0.6408606171607971 143 111 154 123
class 0.747072160243988 174 112 185 128
class 0.37925517559051514 35 129 46 139
class 0.47984182834625244 45 124 56 135
class 0.5053060054779053 138 129 147 141
class 0.5091263651847839 24 133 35 144
class 0.5137864351272583 80 132 90 145
class 0.5096685886383057 165 133 175 147
class 0.545163631439209 33 146 44 158
class 0.7564618587493896 3 168 11 180
class 0.511843204498291 36 173 46 182
class 0.6363697648048401 134 171 144 183
class 0.4577416479587555 181 164 190 175
class 0.37910205125808716 5 175 17 187
class 0.5247125029563904 31 174 40 186
class 0.49161115288734436 117 187 127 195
class 0.6075522899627686 125 193 133 199
