class 0.7496170401573181 21 1 30 12
class 0.650829017162323 56 0 65 12
class 0.7927347421646118 106 2 117 14
class 0.692815363407135 114 0 125 11
class 0.5114088654518127 40 23 49 35
class 0.4979686439037323 62 17 70 29
class 0.5888486504554749 83 23 93 35
class 0.5513145923614502 104 16 115 28
class 0.45945796370506287 27 27 37 39
class 0.6044620275497437 96 29 104 40
class 0.5713685750961304 39 45 48 56
class 0.5215485095977783 123 44 132 55
class 0.5060603618621826 118 47 128 62
class 0.33568906784057617 145 54 155 66
class 0.5441625118255615 168 55 178 66
class 0.5509181618690491 110 60 122 73
class 0.22287966310977936 156 67 166 77
class 0.4568268060684204 102 71 111 85
class 0.5705051422119141 165 76 175 89
class 0.5713642835617065 129 84 138 97
class 0.5123152136802673 16 95 27 107
class 0.4347757399082184 171 89 183 103
class 0.8246069550514221 0 104 8 116
class 0.29182687401771545 120 102 131 118
class 0.6078586578369141 70 118 80 130
class 0.7711976170539856 0 126 8 138
class 0.46992042660713196 44 127 53 139
class 0.49153220653533936 137 140 146 151
class 0.45216554403305054 25 149 35 161
class 0.6018068194389343 130 143 140 154
class 0.43597227334976196 14 161 25 171
class 0.47643178701400757 143 152 156 165
class 0.446830153465271 29 164 38 176
class 0.4648932218551636 43 183 54 194
class 0.43625685572624207 86 181 97 193
class 0.3266742527484894 100 181 112 192
class 0.5477772951126099 175 182 186 193
class 0.5639734268188477 98 194 108 199
