class 0.5508683323860168 94 6 104 18
class 0.47151273488998413 152 13 160 24
class 0.5767139792442322 25 15 35 28
class 0.6615796089172363 50 21 61 34
class 0.37726137042045593 136 16 144 29
class 0.5738536715507507 106 34 115 46
class 0.2869010269641876 115 26 125 38
class 0.5702866911888123 144 32 153 44
class 0.5787098407745361 27 45 37 57
class 0.5959795117378235 83 49 94 62
class 0.4842780828475952 99 52 109 66
class 0.5614088177680969 61 66 72 78
class 0.6131826639175415 179 61 189 72
class 0.4520099461078644 109 69 120 83
class 0.43319839239120483 29 79 37 90
class 0.34126344323158264 88 85 98 98
class 0.5332030653953552 133 87 142 98
class 0.507053017616272 80 89 90 102
class 0.4779486060142517 111 103 121 117
class 0.5003831386566162 38 117 48 131
class 0.47389981150627136 53 118 63 129
class 0.6170977354049683 154 117 166 129
class 0.38892805576324463 52 125 62 136
class 0.4277690052986145 133 124 144 137
class 0.7895879149436951 2 139 12 151
class 0.5912817716598511 24 132 32 145
class 0.49477654695510864 103 132 113 143
class 0.6125500202178955 137 132 148 144
class 0.5092970132827759 183 137 193 148
class 0.5103334784507751 19 147 28 161
class 0.46571436524391174 52 142 61 156
class 0.3870770335197449 5 157 17 175
class 0.6106100678443909 72 166 83 178
class 0.5677992701530457 23 179 34 191
class 0.4216097295284271 28 177 41 190
class 0.5448609590530396 74 176 86 189
class 0.4602457582950592 159 176 169 189
class 0.5323897004127502 185 187 196 199
