class 0.6697063446044922 120 1 129 10
class 0.6590659022331238 11 14 20 26
class 0.5920667052268982 166 12 178 26
class 0.5917648673057556 96 16 105 27
class 0.4034878611564636 111 17 122 31
class 0.5705210566520691 70 29 80 42
class 0.7059048414230347 112 28 124 38
class 0.3685400187969208 0 46 5 56
class 0.6404592394828796 181 39 191 52
class 0.40379634499549866 25 50 35 64
class 0.487309992313385 144 55 153 67
class 0.51484614610672 23 68 36 82
class 0.527455747127533 77 76 88 89
class 0.3692065477371216 133 75 143 88
class 0.39891937375068665 143 86 153 100
class 0.7245988845825195 180 85 190 97
class 0.3954530954360962 42 97 52 108
class 0.2148677408695221 144 93 152 104
class 0.5133336186408997 81 106 91 118
class 0.4058774411678314 91 107 102 118
class 0.4845440089702606 143 102 152 113
class 0.20228751003742218 105 118 113 129
class 0.34342896938323975 58 150 70 163
class 0.5564765930175781 112 145 123 159
class 0.547825038433075 188 142 197 155
class 0.7346873879432678 45 158 55 171
class 0.5057764649391174 51 154 60 167
class 0.47697240114212036 80 157 92 170
class 0.6751911044120789 3 166 13 177
class 0.44233065843582153 64 171 75 184
class 0.45527273416519165 88 163 97 175
class 0.596753716468811 152 163 161 176
class 0.6148115992546082 30 178 40 190
class 0.6299117207527161 58 185 71 198
class 0.41707369685173035 131 193 141 199
class 0.2505011558532715 136 191 147 199
class 0.6974309086799622 145 190 156 199
class 0.7642872333526611 167 190 178 199
class 0.1727505326271057 166 193 173 198
