class 0.11103925108909607 151 1 161 9
class 0.813871443271637 154 1 166 12
class 0.4807240068912506 16 9 24 19
class 0.6059173941612244 151 7 161 19
class 0.6539030075073242 45 38 57 50
class 0.5998943448066711 93 37 104 48
class 0.679421067237854 185 43 197 56
class 0.4891793131828308 181 53 191 64
class 0.11748897284269333 188 47 196 60
class 0.46228528022766113 34 70 42 81
class 0.3864384591579437 171 73 181 83
class 0.3677232563495636 157 81 166 93
class 0.49642467498779297 91 90 101 103
class 0.4251405596733093 110 97 121 109
class 0.616640567779541 48 107 58 119
class 0.6140428781509399 190 102 198 115
class 0.4848158359527588 15 111 24 123
class 0.4850189983844757 185 114 197 128
class 0.6189991235733032 42 125 52 138
class 0.47697725892066956 98 128 109 140
class 0.4980394244194031 109 125 120 137
class 0.7101813554763794 166 138 178 149
class 0.5333649516105652 191 140 199 152
class 0.7790104150772095 1 146 11 158
class 0.3221540153026581 28 151 39 163
class 0.2653924822807312 55 141 65 154
class 0.2560603618621826 99 151 107 162
class 0.1539822220802307 190 144 198 155
class 0.5215345621109009 15 159 24 170
class 0.35543254017829895 65 160 74 171
class 0.5128095149993896 116 153 126 166
class 0.3544410765171051 153 153 161 167
class 0.5503360629081726 189 158 199 170
class 0.5180395245552063 126 167 137 180
class 0.667721152305603 44 175 55 186
class 0.5199853777885437 134 174 145 186
class 0.743293821811676 3 185 13 196
