class 0.39181599020957947 124 4 133 13
class 0.11490912735462189 149 4 158 12
class 0.3994165360927582 91 7 103 20
class 0.5528669357299805 148 7 157 18
class 0.5114551782608032 49 21 58 32
class 0.5061722993850708 151 21 161 35
class 0.47294747829437256 108 32 120 46
class 0.24241459369659424 140 27 152 40
class 0.620170533657074 159 27 167 39
class 0.7536377906799316 193 32 199 46
class 0.10455339401960373 196 35 199 44
class 0.527446448802948 23 38 35 51
class 0.6178625822067261 113 41 127 55
class 0.40350472927093506 44 49 53 60
class 0.21458694338798523 59 55 68 66
class 0.563299834728241 102 50 111 63
class 0.2753237187862396 71 63 80 75
class 0.4040547013282776 105 58 115 70
class 0.46410149335861206 167 59 176 69
class 0.4406627118587494 191 65 199 77
class 0.6363123655319214 191 72 199 83
class 0.6570568084716797 33 96 42 108
class 0.4589943587779999 91 90 102 103
class 0.3919079899787903 120 106 131 119
class 0.5903470516204834 80 125 89 137
class 0.594545841217041 112 123 122 136
class 0.3534335792064667 132 130 142 140
class 0.28259673714637756 106 142 116 154
class 0.39467641711235046 141 143 149 156
class 0.7094665169715881 192 149 199 162
class 0.6586905717849731 98 157 108 168
class 0.488042414188385 103 155 114 167
class 0.534088671207428 145 159 154 171
class 0.6145334839820862 162 153 172 167
class 0.6058854460716248 109 169 120 180
class 0.41955065727233887 69 174 77 187
class 0.5011237859725952 169 180 180 192
class 0.6191391348838806 191 176 199 188
class 0.5150832533836365 36 190 45 198
class 0.5389958620071411 54 185 64 197
class 0.4546302258968353 152 186 162 197
