class 0.4738729000091553 95 5 104 16
class 0.5393571257591248 154 24 162 33
class 0.4892699122428894 191 18 199 28
class 0.4354586899280548 132 34 142 46
class 0.7036762237548828 4 39 14 50
class 0.2872488796710968 88 39 99 52
class 0.486022412776947 154 55 164 66
class 0.5331912040710449 35 58 46 72
class 0.3153335154056549 108 66 119 78
class 0.5294060111045837 135 69 144 80
class 0.32692328095436096 150 75 161 89
class 0.6310481429100037 175 87 186 99
class 0.487865686416626 38 94 49 107
class 0.5505248308181763 92 91 103 103
class 0.3309496343135834 130 97 141 108
class 0.3260516822338104 158 94 166 106
class 0.3332206904888153 6 105 17 119
class 0.6254921555519104 92 101 102 113
class 0.5365769267082214 181 100 191 112
class 0.5450130105018616 51 110 63 122
class 0.5359678268432617 61 128 71 141
class 0.5418415665626526 114 129 125 140
class 0.37737154960632324 130 126 142 137
class 0.5222783088684082 145 122 155 133
class 0.5269977450370789 122 139 133 151
class 0.3907068967819214 161 138 172 149
class 0.4875746965408325 188 137 198 149
class 0.5958977937698364 21 153 31 167
class 0.2874016761779785 121 156 130 166
class 0.5728841423988342 88 167 98 178
class 0.6116951704025269 120 165 130 177
class 0.5184053778648376 174 169 185 183
class 0.43196386098861694 132 174 145 186
class 0.6427021026611328 126 192 138 199
class 0.38823577761650085 162 187 173 198
