class 0.576163649559021 133 3 142 14
class 0.6001191735267639 46 14 56 25
class 0.5514219403266907 147 7 159 21
class 0.5165963172912598 25 34 35 46
class 0.4804703891277313 115 35 125 47
class 0.5749584436416626 38 45 47 57
class 0.4953118562698364 133 37 142 51
class 0.660381555557251 143 52 153 65
class 0.49847063422203064 29 70 37 82
class 0.4884616434574127 101 75 111 88
class 0.37105685472488403 132 68 142 82
class 0.3413754105567932 5 87 13 100
class 0.748731255531311 62 80 72 91
class 0.5027839541435242 96 80 106 92
class 0.4373401403427124 32 95 40 108
class 0.6642462015151978 91 95 102 106
class 0.5538904666900635 146 90 155 102
class 0.7583082318305969 3 107 12 119
class 0.6242243051528931 99 106 109 117
class 0.5426705479621887 113 100 123 113
class 0.5369622707366943 153 114 162 126
class 0.7019817233085632 0 123 6 135
class 0.4388621747493744 16 123 27 136
class 0.2776809334754944 120 120 130 134
class 0.4705365300178528 128 132 137 145
class 0.46303340792655945 139 133 150 146
class 0.36514022946357727 38 148 48 160
class 0.5391536355018616 85 142 95 153
class 0.4086696207523346 120 150 129 160
class 0.2894049286842346 153 153 164 166
class 0.49941638112068176 46 164 56 176
class 0.35421934723854065 55 163 66 175
class 0.6011456847190857 113 168 122 181
class 0.5204181671142578 158 169 167 180
class 0.601367712020874 28 179 41 191
class 0.6501942276954651 65 180 75 193
class 0.40588322281837463 153 180 163 192
class 0.5339725017547607 108 191 118 199
