class 0.6975486278533936 36 1 44 11
class 0.7701990604400635 41 0 53 10
class 0.77692049741745 178 2 190 15
class 0.5759218335151672 42 11 53 26
class 0.5755774974822998 170 9 180 20
class 0.4309271574020386 166 22 176 33
class 0.5556080937385559 12 34 22 47
class 0.6043670773506165 84 27 96 40
class 0.4662988781929016 160 34 169 45
class 0.6642782092094421 55 40 67 54
class 0.4649087190628052 112 46 120 57
class 0.393685907125473 151 50 159 62
class 0.4915631413459778 101 65 112 78
class 0.5292699337005615 151 65 162 77
class 0.36631399393081665 70 91 79 103
class 0.5957255363464355 13 107 25 118
class 0.5931287407875061 119 119 130 130
class 0.6582017540931702 168 118 179 129
class 0.16161222755908966 175 117 184 128
class 0.3150300979614258 38 124 47 138
class 0.37999269366264343 172 124 183 136
class 0.2955626845359802 35 138 42 149
class 0.35115188360214233 50 132 59 145
class 0.42676234245300293 159 140 170 151
class 0.40473446249961853 184 131 192 144
class 0.4725300669670105 9 146 21 159
class 0.48444825410842896 56 143 66 156
class 0.43107181787490845 188 145 198 157
class 0.46073535084724426 117 162 126 172
class 0.14723831415176392 15 164 24 174
class 0.5840384364128113 21 165 31 176
class 0.203512504696846 101 165 112 178
class 0.30577462911605835 120 169 135 186
class 0.37872689962387085 132 169 143 182
class 0.5875158309936523 170 169 182 182
class 0.11776085197925568 176 170 187 183
class 0.46433836221694946 187 170 198 182
class 0.5280014872550964 151 192 162 199
