class 0.622955858707428 38 0 48 5
class 0.629851222038269 109 1 119 11
class 0.6314272880554199 172 1 182 12
class 0.5567234754562378 127 13 137 25
class 0.2611168324947357 142 6 153 19
class 0.546289324760437 189 7 198 19
class 0.6701803207397461 28 18 38 28
class 0.5376570224761963 55 22 64 33
class 0.2906448543071747 119 16 131 29
class 0.434073269367218 81 26 94 38
class 0.2777962386608124 143 44 152 54
class 0.6004495620727539 179 40 190 50
class 0.3256832957267761 109 46 121 61
class 0.5508062243461609 182 54 193 65
class 0.5117698907852173 9 75 18 88
class 0.5655559301376343 25 70 35 85
class 0.5833547115325928 128 76 138 87
class 0.4133667051792145 48 83 58 96
class 0.17965884506702423 120 80 131 93
class 0.6408509016036987 122 85 135 98
class 0.49911269545555115 134 79 145 91
class 0.36549466848373413 14 98 24 110
class 0.48623010516166687 149 101 159 113
class 0.4969371557235718 166 108 176 119
class 0.5640307664871216 30 112 40 125
class 0.5441516041755676 183 111 191 122
class 0.6977172493934631 192 114 199 128
class 0.37991437315940857 109 127 121 142
class 0.46466612815856934 56 131 68 145
class 0.5626213550567627 145 133 155 145
class 0.602604866027832 154 137 165 151
class 0.4858901798725128 189 140 198 152
class 0.5030012726783752 18 145 27 159
class 0.25183936953544617 47 143 56 155
class 0.4886157512664795 141 149 151 161
class 0.511410653591156 83 171 95 183
class 0.5599731802940369 29 174 40 186
class 0.47012844681739807 125 186 133 195
