class 0.5251264572143555 54 10 65 24
class 0.5176941752433777 152 4 168 20
class 0.5205703973770142 105 19 117 32
class 0.4726524353027344 148 16 158 30
class 0.31153935194015503 27 27 36 41
class 0.5888956785202026 185 35 195 45
class 0.6206942200660706 85 44 96 57
class 0.4004209637641907 141 45 151 56
class 0.6517720818519592 189 42 199 55
class 0.5004608035087585 53 54 63 66
class 0.5037086606025696 154 47 163 59
class 0.3573891520500183 188 51 198 63
class 0.512322187423706 4 76 14 88
class 0.5750376582145691 56 68 67 81
class 0.48456916213035583 118 75 128 87
class 0.593687117099762 155 75 165 88
class 0.590499997138977 101 105 111 116
class 0.5169689655303955 156 107 166 119
class 0.655708909034729 180 108 191 119
class 0.4765112102031708 111 119 122 130
class 0.2836458384990692 176 115 187 127
class 0.5825345516204834 9 124 20 135
class 0.47547993063926697 44 128 53 140
class 0.48192691802978516 87 139 96 150
class 0.5353489518165588 123 134 134 148
class 0.4729107916355133 189 131 197 144
class 0.42934754490852356 19 142 30 153
class 0.4079979360103607 40 146 49 160
class 0.4578346610069275 54 144 64 157
class 0.17285458743572235 67 143 77 155
class 0.27570369839668274 151 142 161 153
class 0.4028424322605133 57 180 66 190
class 0.43144166469573975 159 175 170 185
class 0.27937138080596924 55 191 65 199
class 0.3506512939929962 58 193 66 198
class 0.6483746767044067 104 188 115 199
class 0.576982855796814 112 189 123 199
class 0.5755020380020142 149 189 159 199
