class 0.567520797252655 36 1 45 11
class 0.46682560443878174 110 6 119 18
class 0.4040895104408264 105 22 114 34
class 0.404156893491745 174 17 185 28
class 0.524499237537384 38 35 47 47
class 0.6638460755348206 114 42 125 54
class 0.7008596658706665 3 51 13 63
class 0.6433851718902588 191 48 199 61
class 0.38225090503692627 9 65 19 77
class 0.43467655777931213 38 66 49 79
class 0.4538150727748871 132 64 143 77
class 0.394922137260437 172 64 184 78
class 0.4749913513660431 12 70 24 81
class 0.5254700183868408 86 75 96 87
class 0.5279481410980225 31 86 41 97
class 0.4483407735824585 157 80 167 92
class 0.45827728509902954 186 85 195 97
class 0.4894442856311798 97 90 107 102
class 0.5407646298408508 44 113 53 125
class 0.6711757183074951 14 125 24 137
class 0.5304017066955566 65 124 75 136
class 0.478687584400177 111 133 122 144
class 0.12412184476852417 126 140 138 152
class 0.5962532758712769 168 138 179 150
class 0.6725530028343201 130 146 140 158
class 0.5691180229187012 133 145 145 158
class 0.547681987285614 53 158 64 170
class 0.3631194531917572 4 165 17 178
class 0.4292452335357666 53 171 64 183
class 0.5649831891059875 77 164 88 176
class 0.3874950408935547 88 165 98 174
class 0.4488216042518616 186 169 196 182
class 0.4639446437358856 79 182 87 192
class 0.4242823123931885 85 182 96 193
class 0.7911183834075928 3 186 14 198
class 0.46775761246681213 79 189 88 198
class 0.3603708744049072 82 188 93 198
class 0.25990697741508484 174 186 185 196
class 0.5500001311302185 189 193 197 199
