class 0.7198233008384705 60 3 68 15
class 0.43997451663017273 5 13 13 24
class 0.37334561347961426 63 7 72 17
class 0.39768528938293457 71 12 81 26
class 0.3808119297027588 101 24 111 36
class 0.489824116230011 149 16 160 27
class 0.27384835481643677 77 33 87 48
class 0.596363365650177 121 34 132 47
class 0.6275027394294739 104 38 113 51
class 0.5488758087158203 165 42 177 57
class 0.8131874203681946 0 50 7 62
class 0.4741838574409485 62 54 71 67
class 0.67472243309021 96 50 106 60
class 0.5691800117492676 108 48 120 59
class 0.49991241097450256 183 55 194 67
class 0.4210370182991028 112 59 120 70
class 0.5760664343833923 14 70 25 83
class 0.6579842567443848 91 75 102 88
class 0.1630045622587204 128 68 138 81
class 0.11873266845941544 151 70 162 82
class 0.6688144207000732 158 74 170 87
class 0.5225065350532532 107 86 117 98
class 0.6669339537620544 0 100 5 111
class 0.534788966178894 42 106 52 118
class 0.5005278587341309 127 107 137 120
class 0.4068477749824524 144 111 155 123
class 0.4695354402065277 80 123 89 135
class 0.49876418709754944 146 126 155 139
class 0.7473047971725464 180 125 192 138
class 0.4533168077468872 45 132 58 144
class 0.5332162380218506 161 132 172 145
class 0.7451360821723938 1 149 10 161
class 0.3547923266887665 36 155 46 166
class 0.47012561559677124 189 155 197 167
class 0.656150221824646 3 176 12 188
class 0.5826547741889954 113 175 125 186
