class 0.7180010676383972 4 2 12 14
class 0.7361890077590942 83 0 93 9
class 0.4667882025241852 76 6 87 20
class 0.48575347661972046 178 5 189 18
class 0.4755041301250458 182 7 191 16
class 0.5455965995788574 38 24 47 36
class 0.5067464113235474 97 18 107 32
class 0.5088420510292053 77 31 85 43
class 0.48578009009361267 11 45 22 58
class 0.5655673146247864 24 37 36 51
class 0.4583248794078827 103 38 113 49
class 0.30059510469436646 162 40 171 50
class 0.8508042097091675 0 63 6 75
class 0.3593587875366211 36 57 47 72
class 0.4537650942802429 38 76 47 87
class 0.5390056371688843 109 77 120 88
class 0.4972097873687744 143 77 152 88
class 0.4837733805179596 183 69 193 82
class 0.5655613541603088 91 81 103 93
class 0.3612809479236603 184 85 196 97
class 0.710300087928772 80 93 91 105
class 0.567125141620636 72 108 82 119
class 0.46677055954933167 90 107 103 121
class 0.535018801689148 115 101 125 113
class 0.6407868266105652 124 108 133 120
class 0.24467253684997559 94 113 105 123
class 0.4500376284122467 27 125 36 139
class 0.5835872292518616 112 128 122 142
class 0.39623671770095825 149 121 159 132
class 0.21772949397563934 108 133 122 148
class 0.4962320029735565 28 147 40 161
class 0.48721203207969666 147 143 157 157
class 0.6337019801139832 186 141 199 156
class 0.5166559219360352 146 158 156 170
class 0.3985222578048706 182 164 197 178
class 0.577109694480896 4 178 14 191
class 0.14872820675373077 7 175 16 186
class 0.47451215982437134 76 177 85 189
class 0.527135968208313 2 185 11 197
class 0.5499657392501831 166 190 177 199
