class 0.8340939879417419 1 0 11 9
class 0.7484778165817261 25 1 34 12
class 0.6618779301643372 109 0 119 8
class 0.47808411717414856 152 13 166 26
class 0.5444532036781311 91 24 101 36
class 0.6485247015953064 5 32 13 44
class 0.5765202641487122 48 33 58 45
class 0.38176077604293823 5 42 16 55
class 0.4962231516838074 45 37 58 50
class 0.515701413154602 132 56 143 66
class 0.5528540015220642 144 55 154 66
class 0.3588086664676666 122 59 131 72
class 0.5475504994392395 17 69 27 80
class 0.36790981888771057 128 76 137 89
class 0.48500508069992065 28 86 37 99
class 0.5437169671058655 189 80 198 93
class 0.5299461483955383 133 90 144 102
class 0.500959575176239 150 92 163 105
class 0.4966988265514374 156 97 167 108
class 0.5423247814178467 29 107 38 119
class 0.4743390679359436 132 108 143 121
class 0.5759451985359192 150 104 159 115
class 0.5740835666656494 165 104 176 117
class 0.49985381960868835 35 112 47 126
class 0.5386302471160889 7 126 18 140
class 0.44401711225509644 54 129 64 141
class 0.5613344311714172 179 122 189 133
class 0.5692280530929565 102 139 112 150
class 0.38175681233406067 47 149 55 159
class 0.3592430055141449 109 143 118 153
class 0.763976514339447 0 159 10 172
class 0.44206440448760986 130 160 141 172
class 0.5188255906105042 41 168 52 180
class 0.4608922004699707 152 167 162 178
class 0.5233898162841797 167 165 178 177
class 0.5572627782821655 44 180 55 192
class 0.3955081105232239 91 182 101 193
class 0.5327848792076111 19 185 29 196
class 0.5540743470191956 120 187 129 197
