class 0.6592192053794861 35 1 46 10
class 0.7078363299369812 163 0 176 8
class 0.12497442960739136 1 11 5 25
class 0.813187301158905 3 12 10 24
class 0.14106115698814392 5 13 17 24
class 0.36931830644607544 138 12 149 25
class 0.5492796301841736 102 23 112 34
class 0.30271080136299133 162 23 172 34
class 0.58004230260849 185 22 195 36
class 0.2712356150150299 109 32 121 48
class 0.43317916989326477 147 34 156 46
class 0.19647367298603058 183 28 192 39
class 0.6886475682258606 13 63 23 74
class 0.6280807256698608 17 63 28 75
class 0.5784782767295837 52 64 62 75
class 0.6501493453979492 176 65 186 77
class 0.5105381011962891 69 70 79 82
class 0.5262933969497681 90 69 100 80
class 0.5743566751480103 111 85 122 98
class 0.49957287311553955 165 87 174 99
class 0.579571545124054 182 88 193 99
class 0.5085592269897461 75 91 85 106
class 0.5744415521621704 51 101 61 113
class 0.5118089914321899 28 112 36 123
class 0.5870453715324402 179 118 190 130
class 0.7183427214622498 0 122 9 135
class 0.38785913586616516 35 120 46 135
class 0.4982911944389343 80 127 88 140
class 0.5038948059082031 91 140 100 151
class 0.7175654172897339 140 134 152 148
class 0.5816805362701416 156 139 167 151
class 0.23450635373592377 111 142 119 153
class 0.38966742157936096 28 155 39 167
class 0.3946285843849182 99 154 107 165
class 0.45033878087997437 19 166 28 179
class 0.4983733296394348 4 187 14 198
