class 0.5335673689842224 173 0 182 5
class 0.8063002228736877 189 1 198 11
class 0.6119882464408875 68 8 77 19
class 0.5472428202629089 190 17 199 27
class 0.48831525444984436 111 33 121 44
class 0.5621525645256042 176 35 186 46
class 0.4933628737926483 21 38 32 51
class 0.42881205677986145 45 36 58 51
class 0.5357116460800171 48 44 58 54
class 0.5156870484352112 133 44 143 55
class 0.7502755522727966 0 62 6 73
class 0.5329796075820923 34 58 43 73
class 0.5836129784584045 101 59 111 71
class 0.5165886878967285 74 75 84 88
class 0.4921184480190277 80 71 90 83
class 0.6686219573020935 114 68 125 81
class 0.5829310417175293 180 70 191 82
class 0.372584730386734 186 70 197 84
class 0.7519192695617676 3 82 13 94
class 0.39940083026885986 27 79 37 92
class 0.49088335037231445 102 78 111 91
class 0.5467395782470703 45 93 54 105
class 0.5011001825332642 76 106 86 118
class 0.2744855582714081 96 108 106 121
class 0.6109920740127563 76 133 86 148
class 0.5564324259757996 135 138 147 150
class 0.6044667363166809 180 132 190 145
class 0.5221065878868103 94 150 106 162
class 0.27933886647224426 173 143 183 155
class 0.5473859310150146 54 153 65 165
class 0.5416325330734253 75 153 86 165
class 0.21236902475357056 99 156 108 167
class 0.5592620968818665 107 157 119 171
class 0.2454419732093811 111 154 121 168
class 0.40936699509620667 129 159 140 172
class 0.4346091151237488 138 158 151 171
class 0.48082494735717773 64 164 75 177
