class 0.450663685798645 76 4 84 17
class 0.4747762680053711 143 9 150 20
class 0.7436419725418091 0 21 7 34
class 0.5117027759552002 106 20 118 34
class 0.4201955497264862 127 19 137 31
class 0.5383276343345642 59 35 68 47
class 0.594740629196167 28 45 38 56
class 0.3802102506160736 100 36 110 50
class 0.5910376310348511 14 48 25 59
class 0.4336223900318146 151 50 162 61
class 0.16400246322155 158 51 167 63
class 0.45651277899742126 164 55 176 68
class 0.5323078632354736 103 63 113 76
class 0.11060488224029541 170 59 179 70
class 0.7256109118461609 182 61 192 73
class 0.8061916828155518 0 70 8 82
class 0.3975386321544647 28 74 39 88
class 0.5799243450164795 170 70 180 82
class 0.5569022297859192 149 84 158 95
class 0.5774476528167725 161 84 170 95
class 0.4395010471343994 24 94 36 107
class 0.31733444333076477 28 108 38 121
class 0.48215001821517944 69 106 81 120
class 0.5845988392829895 62 115 72 127
class 0.3525446057319641 161 117 170 129
class 0.5828889012336731 167 117 178 130
class 0.6647409200668335 14 128 25 140
class 0.4507852792739868 109 128 120 142
class 0.589327871799469 177 128 188 140
class 0.12298045307397842 10 132 19 143
class 0.629730224609375 70 135 80 147
class 0.6431241631507874 1 143 9 155
class 0.5661496520042419 62 142 71 155
class 0.5127663016319275 189 148 198 161
class 0.4822092056274414 4 166 14 177
class 0.5453133583068848 120 164 131 177
class 0.4908592998981476 167 164 177 176
class 0.4356141686439514 106 181 118 194
class 0.41415542364120483 8 188 17 197
