class 0.3859279453754425 27 3 38 15
class 0.5725061297416687 67 1 75 12
class 0.5048126578330994 190 3 199 15
class 0.23770307004451752 79 7 90 17
class 0.45528218150138855 142 9 151 20
class 0.4750783443450928 11 17 20 28
class 0.3997344970703125 92 25 102 36
class 0.30197569727897644 164 21 173 32
class 0.6279613375663757 192 23 199 35
class 0.7700412273406982 4 29 12 42
class 0.3120938539505005 34 34 45 47
class 0.5247257947921753 62 38 71 50
class 0.5009176731109619 98 38 109 53
class 0.6640754342079163 15 49 25 61
class 0.3637922406196594 90 48 101 62
class 0.6129709482192993 18 59 26 70
class 0.5719509124755859 176 65 186 78
class 0.4225337505340576 17 74 26 88
class 0.5787215828895569 75 75 86 87
class 0.527324378490448 102 70 111 82
class 0.45638999342918396 15 91 25 103
class 0.4425772726535797 37 95 48 108
class 0.45343706011772156 64 106 75 118
class 0.5739119052886963 164 100 175 113
class 0.6048336625099182 95 118 105 130
class 0.6434342861175537 191 112 199 124
class 0.5431563258171082 7 127 16 139
class 0.527039110660553 54 127 64 139
class 0.4537980258464813 150 128 160 142
class 0.48428282141685486 41 132 50 144
class 0.4533308148384094 91 146 102 159
class 0.5882328748703003 135 142 145 155
class 0.5936979055404663 169 143 180 155
class 0.7239649891853333 2 154 11 165
class 0.43318137526512146 36 183 46 193
class 0.3905114233493805 52 181 62 193
class 0.39905673265457153 61 181 71 193
