class 0.7175696492195129 92 3 101 15
class 0.5236673951148987 172 23 182 35
class 0.41545701026916504 80 29 88 43
class 0.5439819097518921 125 28 134 40
class 0.5641839504241943 92 43 102 56
class 0.5352983474731445 133 52 143 65
class 0.512147068977356 27 58 36 70
class 0.5002672672271729 70 63 80 77
class 0.3913611173629761 6 76 18 88
class 0.3411456346511841 28 80 37 92
class 0.4707486629486084 114 81 125 92
class 0.5721408128738403 34 91 43 102
class 0.3276922106742859 133 92 143 104
class 0.5054308176040649 139 100 151 114
class 0.34860166907310486 87 110 98 123
class 0.23974229395389557 97 113 108 124
class 0.7861224412918091 174 111 187 123
class 0.4653089642524719 10 122 20 136
class 0.4196803569793701 28 139 38 151
class 0.48194780945777893 42 138 50 149
class 0.3956916034221649 56 139 67 152
class 0.4303867220878601 102 133 111 145
class 0.4121719300746918 140 132 149 143
class 0.42708179354667664 172 145 182 157
class 0.41701051592826843 6 152 17 165
class 0.5762642025947571 141 153 151 166
class 0.5923072695732117 43 171 53 182
class 0.34155911207199097 68 171 78 183
class 0.5503690242767334 96 166 106 178
class 0.5433217883110046 135 169 144 182
class 0.6002920269966125 156 163 167 176
class 0.226363867521286 173 171 186 183
class 0.41165491938591003 88 181 98 193
class 0.5169402956962585 96 175 107 189
class 0.5390938520431519 138 181 149 194
class 0.679326057434082 183 175 192 187
class 0.5292662382125854 0 185 8 197
class 0.6668034195899963 90 185 102 197
