class 0.6799659132957458 109 2 118 13
class 0.7491621375083923 124 1 133 13
class 0.76835697889328 0 7 7 19
class 0.5307967662811279 50 6 60 19
class 0.4706544280052185 107 10 116 21
class 0.49196457862854004 15 24 25 36
class 0.40771719813346863 113 17 121 28
class 0.5739583373069763 155 25 164 35
class 0.5717930793762207 30 31 40 44
class 0.5012365579605103 49 29 59 40
class 0.2799137234687805 140 26 151 39
class 0.38775017857551575 25 43 36 55
class 0.4018123149871826 45 43 58 57
class 0.4783705174922943 122 44 132 57
class 0.4224527180194855 164 40 174 54
class 0.6482101082801819 193 36 199 49
class 0.1555476188659668 196 38 199 46
class 0.7224881052970886 20 63 34 75
class 0.5085196495056152 164 66 175 78
class 0.14740800857543945 23 69 36 81
class 0.5798749923706055 28 76 39 87
class 0.46322914958000183 153 73 163 87
class 0.4462830126285553 19 92 29 102
class 0.4650835394859314 33 102 41 114
class 0.5544531941413879 40 115 49 128
class 0.3426508903503418 59 113 68 126
class 0.6336309909820557 73 114 82 127
class 0.744097888469696 0 123 8 135
class 0.6829296350479126 192 134 199 147
class 0.6636527180671692 97 158 107 171
class 0.33649078011512756 99 154 113 166
class 0.530585765838623 145 158 155 170
class 0.6682019233703613 180 155 192 168
class 0.4758021831512451 54 165 64 177
class 0.5533663034439087 97 174 105 188
class 0.45401206612586975 183 181 193 193
class 0.38437849283218384 188 182 198 194
class 0.5719995498657227 73 186 84 198
class 0.4362145960330963 112 185 123 197
