class 0.6529695987701416 3 3 12 15
class 0.3952391445636749 83 23 93 35
class 0.6232017874717712 178 18 187 29
class 0.2596704363822937 67 31 74 43
class 0.41296789050102234 91 33 101 47
class 0.6840569972991943 155 35 165 46
class 0.8212777972221375 0 43 7 55
class 0.5786339640617371 149 39 163 51
class 0.37418943643569946 28 58 37 70
class 0.5042990446090698 136 59 146 72
class 0.6777337789535522 167 59 177 70
class 0.6351996660232544 4 71 13 83
class 0.2603019177913666 87 69 99 81
class 0.47317028045654297 92 71 103 83
class 0.6322433352470398 102 75 114 88
class 0.5154163837432861 141 79 152 93
class 0.6122615933418274 165 85 177 98
class 0.6449683308601379 156 96 167 109
class 0.5259081125259399 59 108 69 119
class 0.6259074807167053 182 108 193 120
class 0.4703335464000702 24 128 35 142
class 0.5474935173988342 35 132 43 143
class 0.4040887951850891 57 151 66 162
class 0.38008132576942444 63 141 72 156
class 0.6095443367958069 99 143 109 156
class 0.49810516834259033 185 141 196 155
class 0.459844708442688 29 153 38 164
class 0.48008304834365845 84 156 94 167
class 0.5441887378692627 110 160 124 171
class 0.44216209650039673 127 160 136 172
class 0.5314054489135742 94 169 104 183
class 0.6440843939781189 109 172 118 183
class 0.2510238289833069 146 163 155 176
class 0.45847928524017334 57 176 66 187
class 0.522989809513092 147 176 158 190
class 0.4947567880153656 12 184 21 197
class 0.63065105676651 52 191 63 199
class 0.14888623356819153 50 192 57 199
class 0.31279659271240234 62 191 71 199
