class 0.17252789437770844 67 0 77 9
class 0.6179344654083252 71 0 84 10
class 0.7453070282936096 84 1 94 13
class 0.6138052344322205 132 1 143 13
class 0.8339250087738037 185 2 196 15
class 0.4790724813938141 51 7 61 19
class 0.302263468503952 88 5 99 17
class 0.5311254858970642 117 11 127 26
class 0.17940065264701843 183 5 192 17
class 0.36644190549850464 56 21 67 34
class 0.6072764992713928 7 33 19 44
class 0.46523892879486084 28 35 38 47
class 0.4917679727077484 85 42 95 55
class 0.34546786546707153 112 44 120 55
class 0.5827924609184265 167 43 177 54
class 0.2648822069168091 45 48 55 60
class 0.487080842256546 87 55 95 66
class 0.5731716752052307 119 64 128 74
class 0.5420641303062439 72 68 82 81
class 0.34188807010650635 87 69 98 80
class 0.5829763412475586 58 80 69 92
class 0.5846441984176636 166 80 175 91
class 0.7198835015296936 30 92 40 105
class 0.21255260705947876 37 89 48 104
class 0.5807011127471924 97 95 107 108
class 0.4231037199497223 173 90 185 104
class 0.6225692629814148 138 105 148 118
class 0.5126135349273682 103 110 113 123
class 0.47975414991378784 119 117 130 130
class 0.41676241159439087 17 127 26 141
class 0.48986348509788513 144 130 154 141
class 0.3903177082538605 45 138 58 151
class 0.35856911540031433 66 138 79 152
class 0.4779026508331299 113 147 122 160
class 0.44109877943992615 128 149 139 161
class 0.7378947734832764 0 153 10 165
class 0.6625232100486755 192 153 199 166
class 0.18532797694206238 176 163 185 174
class 0.6027034521102905 102 190 113 199
class 0.4902530610561371 125 186 134 195
