class 0.704671323299408 46 0 54 10
class 0.5621492266654968 66 3 76 14
class 0.6997502446174622 188 2 197 12
class 0.5500245094299316 66 8 77 18
class 0.43838566541671753 135 6 144 18
class 0.3829958736896515 189 6 198 18
class 0.4646323323249817 194 7 199 17
class 0.6476258635520935 61 34 72 47
class 0.3625679016113281 45 36 58 50
class 0.4054759442806244 112 37 121 48
class 0.43121713399887085 12 49 22 61
class 0.3920503258705139 133 53 144 64
class 0.31435903906822205 151 51 163 65
class 0.5568097829818726 165 57 174 67
class 0.5988000631332397 67 65 78 78
class 0.353547066450119 128 65 139 78
class 0.47398805618286133 139 64 150 77
class 0.5039021968841553 47 68 58 81
class 0.5280800461769104 118 76 128 87
class 0.6527056097984314 23 87 33 99
class 0.453714519739151 144 87 155 99
class 0.4873245060443878 103 96 113 110
class 0.4141136705875397 146 93 156 105
class 0.5062182545661926 171 93 180 106
class 0.5641955137252808 0 100 6 111
class 0.4131041169166565 174 107 185 122
class 0.5748788714408875 8 117 16 129
class 0.5325972437858582 154 112 163 124
class 0.5529699325561523 41 128 50 139
class 0.5261959433555603 80 129 90 141
class 0.5793512463569641 104 133 114 144
class 0.5895564556121826 24 150 34 162
class 0.27041852474212646 29 150 37 162
class 0.44694530963897705 179 149 190 162
class 0.4168029725551605 134 160 145 173
class 0.40574708580970764 190 157 199 171
class 0.49276459217071533 120 168 129 178
class 0.4389764070510864 4 192 14 199
class 0.4459037482738495 192 192 199 199
