class 0.6936612725257874 13 0 24 8
class 0.6914530396461487 183 0 193 7
class 0.8019379377365112 187 0 198 10
class 0.7038351893424988 4 13 13 22
class 0.5279135704040527 26 13 34 25
class 0.4325686991214752 52 17 60 28
class 0.2399863600730896 69 24 79 36
class 0.6103405356407166 8 35 18 47
class 0.5807163715362549 136 38 146 50
class 0.4353068172931671 143 38 152 50
class 0.5217677354812622 24 55 35 69
class 0.6914692521095276 29 52 40 65
class 0.7252388000488281 44 51 54 64
class 0.1903233826160431 38 53 48 60
class 0.49010169506073 79 54 89 66
class 0.6376552581787109 177 65 188 78
class 0.4560987055301666 80 69 89 83
class 0.5640272498130798 62 80 72 93
class 0.49245932698249817 95 81 105 93
class 0.5108563303947449 151 86 162 99
class 0.6411117911338806 155 83 165 96
class 0.527675986289978 166 93 176 106
class 0.5740578770637512 188 89 196 102
class 0.41112229228019714 56 101 68 114
class 0.5272188186645508 80 107 91 121
class 0.6214192509651184 125 106 136 118
class 0.4770393371582031 93 125 103 137
class 0.653719961643219 183 126 193 138
class 0.6174179911613464 18 138 27 151
class 0.4609541893005371 38 133 48 146
class 0.3911305367946625 152 148 161 160
class 0.4085988402366638 152 160 161 171
class 0.5651900172233582 10 169 19 180
class 0.6020256280899048 19 170 29 182
class 0.5104659199714661 135 163 146 176
class 0.5340983271598816 171 166 181 177
class 0.5711135864257812 190 176 199 187
class 0.49338942766189575 89 190 98 199
