class 0.7939853072166443 8 3 17 13
class 0.601643443107605 140 2 149 14
class 0.3781251311302185 154 2 163 13
class 0.5416907072067261 43 6 54 19
class 0.5928137898445129 56 21 67 35
class 0.30877599120140076 144 16 153 27
class 0.5502123832702637 170 19 181 32
class 0.11086450517177582 174 22 184 34
class 0.2361799031496048 90 27 100 40
class 0.5616878867149353 40 36 51 50
class 0.435924768447876 76 39 85 51
class 0.3607916533946991 139 38 149 49
class 0.4979347586631775 170 38 180 48
class 0.6052584052085876 27 53 37 65
class 0.7393819689750671 3 64 14 75
class 0.3308355510234833 115 57 125 69
class 0.4207552373409271 130 60 141 75
class 0.5855441689491272 190 59 198 70
class 0.6432962417602539 24 74 33 85
class 0.38954824209213257 109 80 120 92
class 0.5729540586471558 42 97 52 109
class 0.5912579298019409 154 91 164 104
class 0.5054936408996582 114 105 124 118
class 0.5815160870552063 54 128 64 139
class 0.3339172303676605 146 131 155 141
class 0.5264245271682739 40 138 50 150
class 0.42191994190216064 87 137 99 151
class 0.38997170329093933 93 132 104 144
class 0.5498020648956299 108 138 120 150
class 0.2726478576660156 110 146 119 160
class 0.5571258664131165 190 154 198 165
class 0.7370998859405518 1 166 10 178
class 0.2331724464893341 16 171 24 181
class 0.3866124153137207 156 170 165 183
class 0.6368747353553772 26 175 34 186
class 0.5710852146148682 71 181 81 194
class 0.5295639038085938 163 175 176 189
class 0.3780273199081421 49 185 59 196
