class 0.8281570672988892 41 3 52 14
class 0.7500376105308533 53 0 64 9
class 0.6328975558280945 128 1 139 12
class 0.4240630865097046 134 1 145 9
class 0.5635853409767151 136 7 146 19
class 0.5592240691184998 18 23 28 37
class 0.38251134753227234 80 18 90 28
class 0.5134878158569336 103 33 113 45
class 0.48487788438796997 116 28 125 40
class 0.8453943133354187 193 41 199 54
class 0.15109381079673767 25 47 35 61
class 0.5514311790466309 30 53 42 67
class 0.5467694401741028 70 47 80 60
class 0.5493646860122681 119 53 127 67
class 0.4826502203941345 156 51 165 64
class 0.5531759262084961 59 63 69 76
class 0.6375752687454224 177 75 188 89
class 0.5212659239768982 40 85 51 97
class 0.5532675981521606 59 88 68 99
class 0.5567021369934082 113 79 123 92
class 0.26452407240867615 89 91 100 105
class 0.5610712170600891 182 97 192 109
class 0.6244273781776428 3 101 13 113
class 0.5534957647323608 108 107 117 121
class 0.7809877395629883 0 115 7 127
class 0.5203179121017456 164 119 173 130
class 0.48068690299987793 73 130 82 142
class 0.5124682188034058 16 136 28 151
class 0.5411028265953064 51 132 61 143
class 0.3283691108226776 110 142 123 154
class 0.6219903826713562 46 154 55 164
class 0.32373884320259094 49 154 61 165
class 0.4673175811767578 106 161 116 171
class 0.7396131753921509 0 170 9 183
class 0.6497215032577515 130 171 140 183
class 0.5315315127372742 156 164 166 177
class 0.7765012979507446 191 180 199 193
class 0.6474719643592834 74 189 84 199
