class 0.7531564831733704 105 3 116 15
class 0.809342622756958 126 1 137 15
class 0.6044312715530396 194 1 199 12
class 0.4772128760814667 46 13 55 24
class 0.4871959090232849 55 14 66 25
class 0.6526256799697876 119 13 130 26
class 0.4080483019351959 172 7 181 21
class 0.39378806948661804 54 19 62 30
class 0.5123343467712402 25 29 35 43
class 0.5714817643165588 179 35 189 46
class 0.6619684100151062 1 37 9 48
class 0.4291636049747467 31 52 40 64
class 0.29527321457862854 121 59 131 71
class 0.2548949420452118 143 67 151 78
class 0.42132002115249634 76 84 86 96
class 0.2801305949687958 132 86 142 99
class 0.45484474301338196 156 80 166 92
class 0.5862722992897034 175 84 185 94
class 0.1896190196275711 177 85 181 90
class 0.7599716782569885 180 90 191 102
class 0.16959607601165771 186 91 195 102
class 0.3621780276298523 81 100 92 112
class 0.3863004148006439 151 99 162 114
class 0.5588169097900391 164 103 174 114
class 0.39763331413269043 16 123 24 135
class 0.4421389698982239 72 120 83 132
class 0.34511202573776245 155 121 164 132
class 0.5923141837120056 113 137 123 147
class 0.57295161485672 124 135 135 147
class 0.47091761231422424 164 139 174 151
class 0.6283677220344543 191 132 199 145
class 0.3971964418888092 102 149 112 162
class 0.47254613041877747 86 156 96 168
class 0.5555256009101868 57 171 66 182
class 0.48588743805885315 54 175 65 185
class 0.6893863081932068 65 177 77 189
class 0.16893897950649261 70 175 82 186
class 0.5121312141418457 109 189 118 198
class 0.5166517496109009 173 187 182 196
