class 0.6839080452919006 3 2 12 13
class 0.2831197679042816 55 4 65 14
class 0.11170753091573715 0 10 3 23
class 0.7510359287261963 0 10 6 22
class 0.319535493850708 31 14 43 29
class 0.6336755752563477 171 15 182 28
class 0.4019588828086853 60 28 68 40
class 0.5467565655708313 10 43 22 53
class 0.6022076606750488 76 39 87 51
class 0.4148220717906952 35 46 46 60
class 0.6269427537918091 76 53 89 67
class 0.4756975471973419 114 83 124 95
class 0.46699610352516174 11 91 22 104
class 0.5378326773643494 23 97 34 109
class 0.16931816935539246 36 96 48 110
class 0.36146292090415955 96 90 106 101
class 0.1746428906917572 151 96 162 110
class 0.6402990221977234 155 91 164 103
class 0.5870190262794495 146 103 157 115
class 0.4423319697380066 17 111 27 124
class 0.5629347562789917 137 116 147 129
class 0.7925052046775818 0 128 10 141
class 0.35052797198295593 70 139 78 152
class 0.13375523686408997 111 133 121 145
class 0.37125077843666077 27 142 37 154
class 0.44144344329833984 122 143 135 157
class 0.272015780210495 152 142 162 154
class 0.6479729413986206 177 142 187 154
class 0.17067041993141174 79 161 90 172
class 0.5763089060783386 83 166 92 178
class 0.5481927990913391 110 165 120 178
class 0.5421738624572754 162 163 171 174
class 0.7018700242042542 84 179 95 191
class 0.5422238707542419 43 189 52 199
class 0.16274325549602509 84 187 93 197
class 0.5623367428779602 127 185 138 196
class 0.5911396145820618 140 190 151 199
class 0.4681260883808136 184 188 193 198
