class 0.7634272575378418 20 2 31 15
class 0.6782709360122681 149 16 159 30
class 0.5445983409881592 168 18 178 29
class 0.4288175106048584 193 23 199 33
class 0.3246440589427948 125 34 134 48
class 0.7797505855560303 0 39 10 50
class 0.560914933681488 21 37 30 48
class 0.5148493051528931 40 46 50 57
class 0.3169201612472534 109 44 120 58
class 0.5970831513404846 125 41 134 56
class 0.28434523940086365 183 45 197 55
class 0.5596024394035339 54 51 66 65
class 0.12335077673196793 127 47 139 59
class 0.5643404126167297 183 53 199 66
class 0.5281804203987122 7 60 18 72
class 0.4624749720096588 37 70 47 83
class 0.5481730699539185 72 74 82 86
class 0.4755910336971283 163 72 174 86
class 0.4183099567890167 186 72 196 85
class 0.7468388080596924 3 96 13 107
class 0.4369245171546936 27 96 37 109
class 0.6437252163887024 54 92 64 104
class 0.35379454493522644 79 95 90 109
class 0.5226693749427795 156 93 166 106
class 0.5085695385932922 54 100 64 112
class 0.5146760940551758 100 100 111 113
class 0.4940382242202759 89 111 101 124
class 0.5656324625015259 154 117 164 130
class 0.7976111173629761 2 122 10 134
class 0.2732602655887604 173 127 183 141
class 0.6928228139877319 177 123 189 137
class 0.5656436085700989 15 142 24 153
class 0.6757701635360718 4 160 13 171
class 0.6924868822097778 183 153 193 165
class 0.5012290477752686 113 164 123 175
class 0.5015297532081604 145 169 155 182
class 0.6031313538551331 18 180 30 194
class 0.4587688148021698 155 180 166 191
class 0.7201089859008789 3 186 13 197
class 0.46911224722862244 123 188 133 199
