class 0.5807255506515503 15 0 25 8
class 0.7794306874275208 165 0 175 11
class 0.5041773915290833 88 7 99 19
class 0.4851599931716919 14 16 22 29
class 0.5016135573387146 46 22 54 33
class 0.45277711749076843 111 15 121 29
class 0.5106849670410156 15 28 23 40
class 0.4674598276615143 83 34 93 46
class 0.45537513494491577 98 25 109 40
class 0.44940394163131714 104 33 112 45
class 0.45030924677848816 172 33 181 46
class 0.5943087935447693 25 40 33 52
class 0.6615169048309326 61 40 72 55
class 0.4544743597507477 124 36 134 48
class 0.7760242223739624 0 47 9 59
class 0.5333677530288696 15 50 23 62
class 0.5579008460044861 84 49 94 62
class 0.7135102152824402 52 62 62 75
class 0.24287766218185425 58 59 69 72
class 0.693154513835907 118 64 128 77
class 0.5589091181755066 166 65 178 76
class 0.31969979405403137 174 65 185 76
class 0.5681326985359192 195 86 199 98
class 0.155827134847641 197 88 199 97
class 0.6318813562393188 48 98 58 109
class 0.46711981296539307 34 102 45 114
class 0.6038841605186462 50 104 63 116
class 0.6053447127342224 83 108 93 120
class 0.4191519618034363 188 112 197 125
class 0.7242107391357422 2 128 11 139
class 0.4724975526332855 161 128 173 141
class 0.34031423926353455 17 148 27 163
class 0.5013373494148254 146 149 155 163
class 0.5380428433418274 169 150 179 162
class 0.6054397821426392 4 156 14 167
class 0.5441743731498718 188 156 197 169
class 0.5722622275352478 60 165 70 178
class 0.3607126772403717 130 164 140 175
class 0.41808146238327026 43 175 53 186
