class 0.3009975850582123 47 1 55 9
class 0.4876929819583893 75 1 85 11
class 0.3012244999408722 99 0 108 5
class 0.6492666006088257 151 2 160 13
class 0.1517305076122284 69 6 81 21
class 0.4497649371623993 173 9 183 24
class 0.4031353294849396 151 16 162 28
class 0.6055136322975159 38 35 47 47
class 0.6865898370742798 126 27 138 40
class 0.477152019739151 6 45 18 55
class 0.4868162274360657 52 51 61 63
class 0.5165908336639404 27 60 37 74
class 0.41934677958488464 42 67 52 78
class 0.5929893255233765 143 59 153 69
class 0.6962149739265442 192 61 199 73
class 0.5832133293151855 65 70 75 84
class 0.583673357963562 85 69 96 82
class 0.39485618472099304 119 75 130 87
class 0.6144018769264221 92 85 104 98
class 0.4991621673107147 110 84 122 97
class 0.3674616515636444 129 79 142 93
class 0.5543283820152283 5 90 13 100
class 0.5603415369987488 12 90 22 101
class 0.5214923620223999 129 94 140 106
class 0.6051706075668335 142 104 153 116
class 0.6605117917060852 159 102 169 114
class 0.6895306706428528 4 113 14 124
class 0.4587936997413635 28 111 39 125
class 0.5082042217254639 97 111 108 124
class 0.5261316895484924 117 118 128 131
class 0.7562121152877808 0 150 9 163
class 0.5513652563095093 106 142 116 154
class 0.2753516137599945 62 159 72 170
class 0.6635321378707886 0 168 8 181
class 0.4395361840724945 32 164 43 178
class 0.44766876101493835 57 165 66 175
class 0.6172734498977661 64 169 74 182
class 0.748314380645752 4 174 13 185
class 0.5090487599372864 157 175 167 187
