class 0.6432007551193237 88 2 97 12
class 0.4091365337371826 36 7 45 18
class 0.5286462903022766 149 4 159 19
class 0.4068101942539215 84 17 94 30
class 0.24866211414337158 38 27 47 40
class 0.5057319402694702 27 39 36 51
class 0.33169469237327576 103 36 113 49
class 0.8058881163597107 0 53 7 66
class 0.6360490322113037 85 53 96 66
class 0.2595599591732025 80 52 90 64
class 0.10855334252119064 89 52 101 65
class 0.5891638994216919 125 48 135 60
class 0.4055432081222534 16 60 25 72
class 0.11010628938674927 81 57 92 72
class 0.4455518424510956 118 65 127 77
class 0.3823116719722748 158 61 170 73
class 0.6338339447975159 191 58 199 71
class 0.39344775676727295 174 75 185 86
class 0.6142798662185669 4 98 13 109
class 0.39689651131629944 111 97 121 110
class 0.46442344784736633 170 96 180 108
class 0.48682931065559387 181 101 190 113
class 0.5532963275909424 125 116 136 128
class 0.6072829365730286 181 119 191 130
class 0.5356774926185608 29 123 38 136
class 0.4450191259384155 66 129 78 142
class 0.5600100159645081 92 129 103 141
class 0.4835115671157837 132 122 142 134
class 0.3565087616443634 185 121 195 133
class 0.8391749858856201 0 133 6 144
class 0.11408185213804245 88 132 99 144
class 0.5384247899055481 20 149 31 161
class 0.3709586262702942 59 149 68 162
class 0.4909839630126953 41 160 53 172
class 0.2750144898891449 158 157 170 169
class 0.6572853922843933 109 163 119 177
class 0.4258846640586853 174 168 189 182
class 0.540747880935669 83 180 95 194
class 0.4654980003833771 121 179 129 192
class 0.711234986782074 32 186 43 199
