class 0.6218447089195251 98 0 108 8
class 0.7718958258628845 103 0 115 9
class 0.8200474977493286 126 1 137 14
class 0.45395490527153015 16 14 24 24
class 0.31737011671066284 124 6 134 19
class 0.48064693808555603 188 12 197 24
class 0.43150460720062256 188 27 198 40
class 0.5670633316040039 147 48 157 60
class 0.5299464464187622 88 66 99 78
class 0.4591382145881653 21 69 32 81
class 0.5349510312080383 44 72 53 83
class 0.5739161968231201 54 72 65 84
class 0.4364865720272064 165 72 174 84
class 0.444959819316864 70 90 78 103
class 0.5427665114402771 38 100 47 113
class 0.5359941720962524 179 108 191 120
class 0.12076694518327713 188 108 196 119
class 0.7349817156791687 45 117 56 131
class 0.4173640012741089 67 110 78 124
class 0.5573476552963257 58 126 68 140
class 0.32116448879241943 25 137 36 152
class 0.5778443217277527 119 139 131 152
class 0.519184947013855 71 143 81 158
class 0.46670088171958923 89 146 102 158
class 0.497602641582489 180 149 190 162
class 0.5400853753089905 109 159 119 172
class 0.30672168731689453 152 156 162 168
class 0.640091598033905 188 159 199 172
class 0.3278662860393524 193 160 199 171
class 0.6831433773040771 0 172 9 184
class 0.5735340118408203 88 168 99 181
class 0.5865485072135925 130 164 140 176
class 0.5572168231010437 21 178 31 191
class 0.5448676347732544 188 179 199 192
class 0.5334987044334412 166 191 177 199
class 0.2920619249343872 193 188 199 199
