class 0.722930908203125 0 0 6 7
class 0.6258533000946045 111 0 122 6
class 0.5812095403671265 150 0 159 7
class 0.8347805738449097 176 0 190 7
class 0.3905602991580963 99 8 109 18
class 0.47038352489471436 159 7 169 18
class 0.30206039547920227 80 17 89 31
class 0.5110999941825867 103 23 112 35
class 0.7574094533920288 0 34 7 46
class 0.5709165334701538 39 29 50 43
class 0.3500581681728363 90 27 99 38
class 0.7211835980415344 126 32 137 45
class 0.11423608660697937 122 34 131 41
class 0.4416866600513458 108 36 120 50
class 0.7089036703109741 193 43 199 55
class 0.6235055923461914 105 48 115 62
class 0.6383376717567444 66 62 75 74
class 0.4890230894088745 143 59 152 70
class 0.41569578647613525 46 74 57 87
class 0.5723288059234619 107 75 117 88
class 0.5172908902168274 91 85 101 99
class 0.5717332363128662 121 85 133 97
class 0.5843138694763184 189 86 198 98
class 0.43283161520957947 104 91 114 105
class 0.5772097706794739 13 114 23 124
class 0.5680097937583923 18 117 26 130
class 0.5658709406852722 93 131 103 143
class 0.5388374328613281 189 134 199 147
class 0.591817319393158 31 144 42 157
class 0.5305904150009155 13 158 25 168
class 0.5058034062385559 106 154 117 167
class 0.6110504865646362 85 167 96 179
class 0.5615293979644775 127 164 138 176
class 0.36840733885765076 167 164 176 175
class 0.4280124306678772 27 175 40 188
class 0.6252260208129883 181 175 191 186
class 0.5829058885574341 54 184 66 198
