class 0.7852139472961426 127 2 136 13
class 0.10799966752529144 132 3 143 11
class 0.6743772625923157 164 0 174 9
class 0.4507513642311096 23 12 32 25
class 0.5723769068717957 166 22 176 35
class 0.4290488660335541 173 28 185 39
class 0.541843056678772 29 40 41 52
class 0.6594190001487732 167 45 177 55
class 0.5899919271469116 90 62 100 74
class 0.746289849281311 0 69 6 80
class 0.5856620073318481 39 76 51 87
class 0.5624315738677979 69 86 80 99
class 0.48947152495384216 91 88 100 99
class 0.5358575582504272 81 102 92 114
class 0.5616461634635925 132 107 143 119
class 0.3502902388572693 172 107 184 120
class 0.5542755126953125 100 111 112 123
class 0.7194855213165283 193 114 199 127
class 0.48476293683052063 129 121 142 135
class 0.6689239740371704 18 138 28 148
class 0.4267600476741791 34 133 42 144
class 0.44571271538734436 40 139 49 149
class 0.559297502040863 171 133 181 145
class 0.5678355097770691 15 143 24 153
class 0.25502732396125793 22 145 31 157
class 0.39596813917160034 28 149 38 163
class 0.553798258304596 67 142 76 153
class 0.6748924851417542 0 155 7 167
class 0.47252923250198364 109 159 120 169
class 0.3914474546909332 154 161 166 173
class 0.5469109416007996 186 160 197 172
class 0.6259998083114624 46 165 56 178
class 0.32909446954727173 178 171 186 183
class 0.6927019953727722 0 175 6 186
class 0.5580238699913025 54 186 65 198
class 0.4653388559818268 192 191 199 199
