class 0.7373343110084534 14 3 23 13
class 0.6409146189689636 100 2 111 13
class 0.319133996963501 159 3 170 13
class 0.6146236658096313 191 3 199 15
class 0.28327614068984985 195 8 199 17
class 0.4253269135951996 49 19 59 30
class 0.1444593369960785 24 37 36 49
class 0.5144727826118469 34 36 46 50
class 0.39303386211395264 21 49 31 62
class 0.5073424577713013 160 48 173 60
class 0.4845987558364868 129 58 139 72
class 0.538590669631958 187 58 196 71
class 0.44217151403427124 161 69 172 82
class 0.5808783769607544 41 79 51 91
class 0.48197007179260254 115 88 126 99
class 0.6143072843551636 133 81 145 93
class 0.3114643096923828 143 87 152 99
class 0.6303773522377014 23 94 33 107
class 0.6028909087181091 38 97 48 109
class 0.6005482077598572 31 106 41 117
class 0.34659868478775024 15 111 27 123
class 0.5396420359611511 85 111 96 123
class 0.5527352690696716 67 128 78 141
class 0.47649699449539185 171 122 181 134
class 0.4771209955215454 9 140 17 151
class 0.6378531455993652 22 139 31 151
class 0.4353874921798706 27 139 37 151
class 0.45068949460983276 53 133 62 142
class 0.600016176700592 85 139 95 151
class 0.40189167857170105 92 142 102 155
class 0.6011605262756348 32 159 44 172
class 0.6070414781570435 66 164 76 175
class 0.4751870930194855 72 165 84 176
class 0.5865498781204224 95 167 105 179
class 0.25948652625083923 122 174 133 187
class 0.5786570906639099 28 184 40 198
class 0.5893612504005432 130 191 140 199
class 0.5581638813018799 171 188 181 199
