class 0.8069289922714233 0 2 7 12
class 0.8090124726295471 65 1 76 14
class 0.785831868648529 84 0 94 9
class 0.7902430295944214 118 0 129 7
class 0.6004963517189026 115 11 125 25
class 0.6128705739974976 19 17 29 30
class 0.4658500552177429 30 18 39 30
class 0.598629355430603 39 20 47 32
class 0.45974305272102356 67 21 78 34
class 0.6759161353111267 138 31 147 45
class 0.5517797470092773 38 45 48 56
class 0.6122076511383057 72 54 82 65
class 0.5546286106109619 151 53 162 66
class 0.5288905501365662 161 50 172 61
class 0.665031909942627 1 58 10 70
class 0.538012683391571 67 63 78 78
class 0.5343009233474731 70 83 78 95
class 0.6217474937438965 184 97 193 109
class 0.38783639669418335 123 109 132 121
class 0.5243277549743652 8 117 18 129
class 0.42914777994155884 171 118 182 130
class 0.43606698513031006 35 124 46 139
class 0.6744139194488525 62 122 72 134
class 0.5006548762321472 69 122 79 135
class 0.5282217860221863 181 126 190 139
class 0.5247765183448792 192 128 199 140
class 0.610432505607605 83 136 95 148
class 0.4631933569908142 15 143 24 156
class 0.45857831835746765 77 152 86 162
class 0.5382702946662903 171 142 181 153
class 0.5721321105957031 15 156 25 166
class 0.3182925581932068 142 153 153 167
class 0.6351643204689026 159 163 170 175
class 0.6325187683105469 18 174 28 185
class 0.6782960891723633 154 189 166 199
class 0.16910339891910553 184 192 193 199
class 0.5966338515281677 188 190 199 199
