class 0.7239534854888916 43 2 53 13
class 0.46887555718421936 189 9 198 19
class 0.4855373203754425 150 16 161 29
class 0.47282254695892334 171 16 182 27
class 0.6032456755638123 180 23 192 36
class 0.6181292533874512 25 32 35 45
class 0.43758338689804077 52 34 61 46
class 0.27891474962234497 66 36 78 49
class 0.2493683099746704 87 37 96 50
class 0.5120152831077576 102 38 112 51
class 0.49833083152770996 156 53 166 65
class 0.3794025778770447 5 60 13 70
class 0.46035969257354736 36 66 46 79
class 0.552726686000824 70 60 79 73
class 0.4271622896194458 186 66 196 79
class 0.5545054078102112 9 69 20 80
class 0.5154048800468445 101 75 111 88
class 0.48253133893013 114 69 124 82
class 0.47675374150276184 124 87 133 100
class 0.5191156268119812 27 103 37 116
class 0.5509722232818604 43 117 53 130
class 0.5525676608085632 134 118 143 131
class 0.5289497971534729 7 121 18 134
class 0.3989447057247162 90 126 100 139
class 0.7725396156311035 161 125 169 136
class 0.4323391318321228 132 135 142 148
class 0.5016269087791443 148 135 156 148
class 0.40759509801864624 49 153 60 164
class 0.6225430369377136 77 159 86 172
class 0.4197903275489807 82 155 92 167
class 0.8374339938163757 1 168 10 181
class 0.6158912777900696 47 164 56 176
class 0.14297418296337128 71 163 81 176
class 0.6815264225006104 133 170 145 183
class 0.17599037289619446 1 174 6 186
class 0.6922799944877625 92 187 104 197
class 0.13010086119174957 92 191 101 196
class 0.4912700951099396 154 186 165 196
