class 0.7361500263214111 66 0 76 8
class 0.4562707543373108 130 3 139 14
class 0.511688232421875 133 2 143 12
class 0.371593177318573 41 16 50 27
class 0.47454917430877686 155 21 163 32
class 0.7250584959983826 3 35 11 46
class 0.5379835367202759 56 44 67 58
class 0.4690577983856201 136 44 146 56
class 0.3523724377155304 162 41 173 55
class 0.8040512204170227 2 63 12 74
class 0.5037264823913574 86 58 95 69
class 0.6561612486839294 193 58 199 69
class 0.5231982469558716 136 69 146 81
class 0.5262947082519531 166 72 178 83
class 0.7728524804115295 0 84 7 96
class 0.5007348656654358 48 83 58 95
class 0.5114119052886963 19 93 30 107
class 0.5556239485740662 65 106 75 119
class 0.5037250518798828 149 105 158 117
class 0.774683952331543 2 115 13 127
class 0.3585036098957062 9 110 19 124
class 0.5123298764228821 17 132 26 143
class 0.5112683176994324 35 137 43 149
class 0.5182757377624512 154 131 164 144
class 0.8082931637763977 1 159 11 170
class 0.38775634765625 40 153 49 164
class 0.4728211462497711 69 157 79 169
class 0.48733142018318176 166 158 177 172
class 0.5632503628730774 182 152 191 166
class 0.4404321610927582 30 164 41 176
class 0.6090931296348572 110 167 120 178
class 0.2291277050971985 1 183 8 192
class 0.40866899490356445 24 181 34 193
class 0.4916778802871704 110 177 119 187
class 0.1701136976480484 108 176 125 192
class 0.17161808907985687 114 180 125 189
class 0.5207874178886414 121 175 134 187
class 0.499071329832077 186 175 196 186
class 0.6911764144897461 2 185 12 196
class 0.48999157547950745 6 184 16 198
class 0.6007698178291321 113 187 124 197
