class 0.7360402941703796 83 0 93 13
class 0.8346896171569824 174 0 187 11
class 0.5345035195350647 97 7 107 20
class 0.49272269010543823 119 12 131 25
class 0.5289427638053894 123 17 133 27
class 0.39260366559028625 164 22 174 37
class 0.5688364505767822 11 33 21 45
class 0.4355752468109131 87 33 98 46
class 0.5959869027137756 144 33 154 46
class 0.3770061731338501 163 31 175 45
class 0.47877034544944763 154 38 166 51
class 0.4890216290950775 164 39 174 50
class 0.782539427280426 2 47 12 59
class 0.6087930202484131 48 56 59 67
class 0.600190281867981 71 47 82 60
class 0.5340284109115601 176 53 188 66
class 0.7438415288925171 3 63 12 76
class 0.5293661952018738 91 66 101 78
class 0.466298907995224 126 68 136 81
class 0.5551509261131287 157 73 167 84
class 0.680865466594696 192 70 199 83
class 0.5586735010147095 137 81 148 95
class 0.5193114280700684 6 107 18 119
class 0.5571311712265015 18 103 27 114
class 0.3691069185733795 16 111 27 126
class 0.26452916860580444 15 121 24 133
class 0.25200551748275757 22 127 34 143
class 0.5917466282844543 42 121 52 134
class 0.7057572603225708 0 136 7 148
class 0.4022325575351715 52 139 64 152
class 0.4871464967727661 64 131 75 146
class 0.3393537700176239 108 132 121 147
class 0.35594412684440613 185 137 197 153
class 0.5143412947654724 152 143 161 156
class 0.3828745186328888 88 160 99 173
class 0.40170416235923767 187 157 198 172
class 0.34580397605895996 142 163 151 174
class 0.46631598472595215 28 187 37 196
class 0.4693320691585541 60 191 69 199
