class 0.43213871121406555 88 1 98 8
class 0.7853972315788269 137 1 146 12
class 0.47947707772254944 151 3 160 14
class 0.4636041224002838 120 12 130 22
class 0.5887354016304016 20 17 30 29
class 0.34341201186180115 143 20 151 31
class 0.3427174985408783 70 27 79 39
class 0.4967397451400757 165 34 173 46
class 0.42795640230178833 146 45 155 57
class 0.5975808501243591 178 38 191 49
class 0.458782821893692 118 47 127 60
class 0.49423113465309143 134 54 143 65
class 0.3794073164463043 95 60 105 73
class 0.2509611248970032 131 70 143 83
class 0.3301585018634796 104 81 114 95
class 0.6121739149093628 180 80 191 91
class 0.5412403345108032 183 97 193 109
class 0.5625559687614441 143 101 154 113
class 0.5644733905792236 115 113 127 125
class 0.5202531218528748 122 116 133 129
class 0.5192874670028687 136 111 147 125
class 0.3227525055408478 14 121 22 132
class 0.6500487327575684 61 128 71 140
class 0.6481502056121826 87 122 97 134
class 0.6041967272758484 107 122 117 136
class 0.4156481623649597 159 136 168 147
class 0.3656690716743469 51 150 62 161
class 0.5125972628593445 22 160 32 172
class 0.4195783734321594 40 160 49 171
class 0.5541353225708008 129 153 139 166
class 0.5277185440063477 171 160 183 172
class 0.7538550496101379 0 170 8 182
class 0.47028592228889465 107 163 117 174
class 0.7420852780342102 29 174 39 187
class 0.4290255606174469 133 179 145 194
class 0.4344203770160675 149 182 160 193
class 0.5636652708053589 170 181 180 193
class 0.64899080991745 12 186 22 198
class 0.5830755233764648 41 187 53 198
