class 0.7736795544624329 145 0 154 5
class 0.7571191191673279 189 1 198 12
class 0.5010993480682373 16 10 24 21
class 0.29552602767944336 39 5 49 17
class 0.5409377217292786 182 8 191 19
class 0.3230656385421753 98 16 109 29
class 0.2385169118642807 111 16 121 28
class 0.5789648294448853 23 27 34 41
class 0.41766491532325745 83 29 92 41
class 0.4271669089794159 46 41 54 53
class 0.479233056306839 82 44 91 56
class 0.1720186173915863 17 50 25 62
class 0.5058358907699585 30 56 39 67
class 0.36488279700279236 8 64 20 77
class 0.5253896713256836 18 59 26 71
class 0.5082811117172241 49 65 58 77
class 0.47163400053977966 29 80 38 92
class 0.3422994017601013 88 81 99 96
class 0.497021347284317 122 86 132 98
class 0.4267333149909973 164 86 173 98
class 0.5409960746765137 188 79 196 92
class 0.6085785627365112 172 103 183 119
class 0.6000844240188599 81 114 92 128
class 0.7796705365180969 3 124 14 135
class 0.5337418913841248 24 129 35 141
class 0.42214930057525635 142 122 153 134
class 0.5267705321311951 176 128 186 141
class 0.5521559119224548 10 139 19 151
class 0.6892807483673096 84 132 94 145
class 0.4699184000492096 115 132 126 143
class 0.48519033193588257 117 145 127 159
class 0.47191569209098816 157 142 166 153
class 0.3763282895088196 56 161 67 173
class 0.47578367590904236 128 159 139 171
class 0.48643064498901367 41 170 53 181
class 0.6119518876075745 74 171 85 183
class 0.5989289879798889 88 172 98 183
class 0.5805529952049255 32 181 42 194
class 0.5394721031188965 11 189 22 199
