class 0.7756214141845703 28 0 38 10
class 0.7583619952201843 110 2 119 13
class 0.4501144289970398 191 3 198 15
class 0.5282163023948669 55 12 67 25
class 0.43545615673065186 61 12 73 24
class 0.589224100112915 127 5 138 18
class 0.5184668898582458 157 11 166 24
class 0.5673932433128357 38 30 48 44
class 0.48663681745529175 55 36 66 50
class 0.4727654755115509 115 37 123 48
class 0.21168166399002075 154 46 163 56
class 0.558434009552002 166 43 175 52
class 0.6887537240982056 91 55 101 67
class 0.555576741695404 49 58 58 71
class 0.5548530220985413 50 79 59 90
class 0.4755781292915344 135 85 145 97
class 0.5577684640884399 20 91 30 100
class 0.6001948714256287 34 91 46 103
class 0.31186628341674805 66 90 78 103
class 0.4538189768791199 76 94 87 106
class 0.5034828186035156 96 93 106 104
class 0.360198438167572 127 97 138 110
class 0.37406644225120544 171 91 181 102
class 0.5340755581855774 19 106 28 118
class 0.332729309797287 48 99 58 112
class 0.5034703016281128 60 118 72 130
class 0.38507699966430664 142 114 153 127
class 0.4540536403656006 0 129 7 142
class 0.5816006660461426 124 122 134 135
class 0.6411728262901306 101 137 111 148
class 0.6528984308242798 126 140 136 151
class 0.3542436957359314 92 142 101 154
class 0.5777851939201355 28 174 39 187
class 0.4841364920139313 176 177 187 191
class 0.5005311369895935 15 187 24 197
class 0.5256654620170593 95 186 106 198
class 0.5889008641242981 191 192 199 199
