class 0.7987171411514282 92 2 101 14
class 0.45991432666778564 173 6 181 19
class 0.5994495749473572 116 19 127 32
class 0.33709028363227844 140 16 153 31
class 0.1931581050157547 161 19 174 31
class 0.6788130402565002 135 28 144 42
class 0.3333078920841217 161 30 173 41
class 0.23369666934013367 173 33 185 44
class 0.34446844458580017 37 38 47 50
class 0.545902669429779 115 41 124 53
class 0.3036317825317383 140 37 153 48
class 0.7016465067863464 0 54 6 65
class 0.47008830308914185 124 46 134 61
class 0.765747606754303 1 64 9 75
class 0.5851608514785767 3 75 11 87
class 0.4314880669116974 188 74 198 87
class 0.6849380731582642 0 84 9 96
class 0.3318294286727905 59 87 68 99
class 0.5881236791610718 181 86 191 98
class 0.5527055263519287 189 83 199 96
class 0.3926798701286316 0 91 5 103
class 0.5660746097564697 117 90 126 103
class 0.48651981353759766 28 104 38 118
class 0.537747859954834 164 111 174 121
class 0.49979621171951294 85 121 95 133
class 0.5914939641952515 60 133 71 146
class 0.6257011890411377 128 138 137 150
class 0.5197193026542664 19 143 28 154
class 0.32158344984054565 135 142 144 154
class 0.39986172318458557 106 153 117 167
class 0.6018270254135132 132 155 143 167
class 0.48269546031951904 169 160 180 171
class 0.448333740234375 60 171 74 184
class 0.5722212195396423 109 165 119 178
class 0.23883990943431854 162 165 173 177
class 0.5559518337249756 47 179 56 191
class 0.38568127155303955 78 180 88 192
class 0.5266991853713989 110 176 120 188
class 0.4751538932323456 149 191 159 199
