class 0.6952521204948425 4 1 12 11
class 0.6847100853919983 89 0 97 12
class 0.7383905649185181 108 0 118 9
class 0.7267396450042725 161 0 170 6
class 0.3329232335090637 67 4 74 17
class 0.5489808917045593 127 5 138 20
class 0.559673011302948 123 16 133 30
class 0.5468376278877258 112 31 122 44
class 0.5439648628234863 171 28 181 40
class 0.45584025979042053 179 30 192 43
class 0.11509888619184494 185 32 196 44
class 0.4743596315383911 112 48 121 61
class 0.4473104178905487 45 64 53 75
class 0.2723087668418884 78 64 89 77
class 0.45266973972320557 164 66 173 77
class 0.6109740138053894 184 60 193 72
class 0.2851145267486572 118 76 131 88
class 0.544118344783783 188 76 198 89
class 0.5423672795295715 17 96 29 109
class 0.6108176708221436 54 94 65 106
class 0.34579092264175415 106 92 115 103
class 0.34145450592041016 122 90 131 103
class 0.6479573845863342 183 97 192 110
class 0.5344216823577881 44 107 53 118
class 0.4913454055786133 7 111 18 123
class 0.46755075454711914 21 127 31 141
class 0.5126232504844666 47 123 57 136
class 0.7386406064033508 85 125 96 136
class 0.6030916571617126 98 133 107 144
class 0.5788459181785583 128 137 141 151
class 0.34876126050949097 68 150 78 163
class 0.684667706489563 12 155 23 165
class 0.34304893016815186 38 160 50 171
class 0.36412519216537476 60 171 71 183
class 0.44841018319129944 173 168 185 181
class 0.5382276177406311 99 174 108 186
class 0.3845081925392151 103 176 114 187
class 0.5976349115371704 155 176 166 187
class 0.5277562737464905 193 186 199 198
