class 0.5001835227012634 51 12 61 25
class 0.5217038989067078 109 13 119 26
class 0.2323230654001236 150 13 167 24
class 0.44533559679985046 27 16 38 29
class 0.4464229345321655 85 18 97 30
class 0.4709450304508209 90 22 100 33
class 0.35100889205932617 159 19 173 30
class 0.20263652503490448 162 21 169 31
class 0.2373824119567871 162 23 175 33
class 0.6217104196548462 22 32 32 44
class 0.2627413272857666 27 28 37 41
class 0.4724721312522888 148 26 160 39
class 0.7136030793190002 3 38 12 49
class 0.47491124272346497 17 43 28 56
class 0.48510757088661194 78 44 88 57
class 0.6421736478805542 82 38 93 51
class 0.4877378046512604 107 38 116 50
class 0.5792935490608215 70 74 82 86
class 0.5748730897903442 97 70 106 82
class 0.7079174518585205 137 76 146 87
class 0.7663272023200989 0 86 5 97
class 0.5974406599998474 48 96 59 108
class 0.40387552976608276 24 106 35 120
class 0.5696826577186584 93 105 103 117
class 0.5941684246063232 135 107 145 119
class 0.6868518590927124 192 100 199 113
class 0.26180142164230347 6 117 18 130
class 0.4507257044315338 87 111 97 123
class 0.5622337460517883 44 121 54 134
class 0.4282253086566925 171 133 182 145
class 0.4208153486251831 64 143 72 154
class 0.4820406138896942 68 148 81 161
class 0.4871084988117218 100 142 113 155
class 0.495788037776947 189 147 197 161
class 0.54561448097229 22 159 32 171
class 0.5285201668739319 69 170 79 184
class 0.47347280383110046 112 163 124 176
class 0.4808855950832367 68 186 80 199
class 0.37555500864982605 191 189 199 198
