class 0.5771486163139343 194 22 199 36
class 0.442665159702301 111 32 121 43
class 0.5297250747680664 154 35 165 46
class 0.5360063314437866 15 45 24 57
class 0.3069305419921875 101 38 110 51
class 0.4974905848503113 184 45 193 57
class 0.5130765438079834 65 51 74 62
class 0.4584805965423584 161 52 174 66
class 0.31565189361572266 15 67 24 78
class 0.5374659895896912 45 60 54 71
class 0.5414265990257263 103 62 114 74
class 0.5486605167388916 80 69 89 81
class 0.48827871680259705 100 68 112 83
class 0.5590550303459167 6 80 11 94
class 0.3582557737827301 132 85 142 98
class 0.30119532346725464 161 78 173 91
class 0.5320690870285034 177 87 186 99
class 0.49441421031951904 6 97 18 108
class 0.4579593241214752 24 98 35 109
class 0.17806468904018402 29 94 42 108
class 0.508423924446106 38 91 47 102
class 0.5301389694213867 12 107 21 117
class 0.5774876475334167 41 108 50 119
class 0.5640903115272522 101 101 111 112
class 0.5057190656661987 16 116 28 129
class 0.461357980966568 144 118 153 130
class 0.38000380992889404 127 123 136 134
class 0.3024234175682068 155 140 165 152
class 0.5391088724136353 76 144 86 156
class 0.4824858009815216 97 144 106 156
class 0.4153641164302826 123 149 133 160
class 0.5848994851112366 160 146 170 158
class 0.5615273118019104 52 153 63 164
class 0.46600306034088135 62 163 72 174
class 0.3165028691291809 26 183 35 193
class 0.3515114188194275 150 181 160 195
class 0.5939408540725708 194 182 199 194
