class 0.5517436265945435 15 2 24 11
class 0.7653775811195374 34 0 44 13
class 0.7667034864425659 76 0 86 8
class 0.5589026808738708 123 0 133 5
class 0.6769871115684509 88 10 98 24
class 0.5251056551933289 110 7 120 20
class 0.5102662444114685 145 6 156 19
class 0.4002612233161926 163 12 174 23
class 0.5634030103683472 17 17 29 31
class 0.49804627895355225 70 28 80 40
class 0.4873977601528168 145 32 153 43
class 0.4038466215133667 161 33 172 44
class 0.5083917379379272 173 25 185 42
class 0.5646083950996399 70 37 80 49
class 0.34182387590408325 188 45 198 58
class 0.623329222202301 92 58 103 71
class 0.6706860065460205 191 63 199 76
class 0.8040758371353149 0 68 9 80
class 0.600732147693634 19 78 29 90
class 0.4827083349227905 111 97 121 108
class 0.4879987835884094 19 108 29 120
class 0.524861216545105 59 101 69 114
class 0.5633174180984497 153 108 164 119
class 0.22016043961048126 48 130 58 141
class 0.4335460662841797 109 129 120 140
class 0.18638239800930023 50 132 61 143
class 0.5022420883178711 58 133 70 145
class 0.5362226366996765 81 132 92 145
class 0.5408175587654114 125 132 136 144
class 0.36432379484176636 121 145 132 158
class 0.20865777134895325 1 153 5 166
class 0.8877555131912231 3 153 12 166
class 0.279949426651001 7 153 16 165
class 0.6710055470466614 44 158 55 171
class 0.43576160073280334 22 173 32 183
class 0.19173331558704376 48 163 58 175
class 0.11742829531431198 26 175 34 186
class 0.5325626134872437 25 178 39 192
class 0.5145254731178284 64 180 75 194
class 0.6435155868530273 193 176 199 188
class 0.5562583208084106 126 185 137 198
