class 0.44307321310043335 17 3 26 13
class 0.7616581320762634 159 2 169 14
class 0.54486083984375 93 7 102 21
class 0.6299187541007996 185 22 196 34
class 0.6021387577056885 40 34 50 46
class 0.5210499167442322 97 26 108 40
class 0.4504922926425934 182 33 191 43
class 0.48124563694000244 136 38 145 50
class 0.31338539719581604 188 45 199 58
class 0.11414027214050293 194 47 199 56
class 0.5037099719047546 28 48 37 60
class 0.16272737085819244 178 47 186 60
class 0.25506770610809326 183 48 189 59
class 0.3176673948764801 79 58 89 70
class 0.2970913350582123 143 63 153 76
class 0.2923160195350647 183 58 196 70
class 0.49205487966537476 42 69 52 82
class 0.47396746277809143 102 70 110 82
class 0.5128738284111023 176 75 186 87
class 0.5150008201599121 82 79 92 91
class 0.5021658539772034 105 80 114 92
class 0.5039911270141602 36 96 46 110
class 0.4821494221687317 172 92 181 104
class 0.5918487906455994 127 102 136 114
class 0.2381361424922943 132 107 142 120
class 0.2933753430843353 74 118 84 130
class 0.23067976534366608 117 111 126 123
class 0.5675133466720581 164 118 174 130
class 0.2901622951030731 91 129 99 142
class 0.1142437607049942 107 125 119 139
class 0.23942069709300995 105 124 113 137
class 0.4301866590976715 119 125 131 139
class 0.53810054063797 51 133 61 145
class 0.5108657479286194 139 134 148 146
class 0.4526384472846985 133 147 143 159
class 0.5614957809448242 78 153 87 164
class 0.4075976610183716 98 162 108 173
class 0.658193826675415 130 154 140 165
class 0.4188656508922577 189 160 198 174
class 0.5280404686927795 39 168 48 180
class 0.47193434834480286 105 177 117 191
class 0.5187960267066956 85 186 96 198
class 0.5313905477523804 97 191 106 199
