class 0.7733893990516663 19 1 28 14
class 0.4272570013999939 36 0 45 9
class 0.5870800614356995 97 0 108 6
class 0.5631452202796936 122 3 133 15
class 0.748451292514801 169 0 180 6
class 0.804583728313446 2 13 10 25
class 0.33763518929481506 46 7 56 18
class 0.40611469745635986 79 12 90 23
class 0.36981016397476196 40 16 49 28
class 0.49589475989341736 123 43 132 54
class 0.5612978935241699 184 37 197 50
class 0.5804341435432434 190 54 199 68
class 0.4719966948032379 14 65 25 76
class 0.5307467579841614 51 58 62 70
class 0.5197193622589111 167 61 177 73
class 0.32944056391716003 37 68 48 82
class 0.5726913809776306 91 75 101 88
class 0.6119826436042786 104 68 114 79
class 0.5058311223983765 26 80 37 92
class 0.4171268939971924 145 80 154 91
class 0.5002191066741943 48 97 58 109
class 0.35276558995246887 134 89 143 103
class 0.6674363613128662 135 106 146 117
class 0.1073128879070282 143 108 153 119
class 0.5364482998847961 46 110 57 124
class 0.48202595114707947 143 113 153 126
class 0.5154048800468445 118 130 127 141
class 0.6957806944847107 192 125 199 138
class 0.5644140839576721 31 147 40 160
class 0.46817681193351746 166 143 176 154
class 0.5074110627174377 100 156 109 167
class 0.44945037364959717 15 164 24 175
class 0.49448251724243164 121 167 130 178
class 0.6076306700706482 140 167 150 179
class 0.6161379218101501 177 167 188 179
class 0.43030697107315063 6 178 17 191
class 0.3407725691795349 90 174 97 185
class 0.39028608798980713 92 192 101 199
class 0.6127728819847107 120 188 129 199
