class 0.5037738680839539 151 3 160 13
class 0.7289459109306335 155 2 166 15
class 0.6510298252105713 194 0 199 7
class 0.3998979926109314 121 6 130 18
class 0.46586647629737854 137 34 147 45
class 0.5630097389221191 179 28 188 39
class 0.2739030420780182 69 37 79 50
class 0.2947271466255188 96 37 106 48
class 0.7209506034851074 12 55 22 67
class 0.46537086367607117 54 49 64 60
class 0.3657749891281128 107 58 117 71
class 0.44264745712280273 132 64 142 75
class 0.5396161079406738 186 64 196 78
class 0.418239027261734 69 70 79 83
class 0.4232224225997925 95 70 105 83
class 0.46480071544647217 89 84 100 96
class 0.45151621103286743 124 79 134 91
class 0.4214633107185364 16 95 27 109
class 0.4048614501953125 65 92 74 104
class 0.29371458292007446 103 94 113 107
class 0.6266953945159912 154 90 163 102
class 0.525814414024353 155 107 164 118
class 0.475732684135437 171 113 184 125
class 0.6667054295539856 91 123 101 136
class 0.4544048607349396 37 140 48 152
class 0.6108434796333313 62 133 73 147
class 0.5973347425460815 90 133 100 145
class 0.6448988914489746 108 138 120 150
class 0.407470166683197 157 132 166 143
class 0.5664567351341248 71 142 82 154
class 0.6087889075279236 88 142 97 155
class 0.400291383266449 146 143 154 156
class 0.5343038439750671 12 153 23 165
class 0.44141799211502075 32 160 43 172
class 0.4953083097934723 110 152 119 165
class 0.5888606309890747 57 170 67 182
class 0.46241989731788635 114 170 124 183
class 0.6053631901741028 74 185 85 198
class 0.4762457311153412 93 186 103 198
