class 0.6402290463447571 24 3 33 14
class 0.5052697062492371 58 2 69 14
class 0.8153546452522278 81 1 91 13
class 0.5793433785438538 180 4 190 15
class 0.527931272983551 76 21 87 34
class 0.675996720790863 162 34 171 46
class 0.5814662575721741 35 38 46 51
class 0.35170692205429077 7 66 17 77
class 0.4659000337123871 49 65 57 77
class 0.5312721133232117 63 64 73 75
class 0.4842120110988617 189 62 199 76
class 0.4663376212120056 126 77 136 89
class 0.22130002081394196 190 73 199 84
class 0.4394453763961792 59 81 69 93
class 0.6182262301445007 190 85 199 98
class 0.5543369650840759 28 97 37 109
class 0.5612003207206726 144 92 153 105
class 0.5056915879249573 184 93 193 105
class 0.4477402865886688 49 101 59 115
class 0.5694484710693359 132 106 143 119
class 0.601608395576477 166 103 177 116
class 0.8251535892486572 0 114 7 126
class 0.5527744293212891 111 118 121 131
class 0.6185135841369629 4 128 12 143
class 0.5489311814308167 112 136 121 149
class 0.48000696301460266 84 141 95 154
class 0.3894808888435364 167 151 177 161
class 0.5973193645477295 65 153 75 164
class 0.4493846297264099 102 158 113 172
class 0.5923740267753601 173 153 186 166
class 0.4960293769836426 32 167 41 177
class 0.49417299032211304 168 163 180 175
class 0.5661923885345459 181 181 191 192
class 0.47471487522125244 12 187 22 198
class 0.56107097864151 117 186 127 198
