class 0.7655051946640015 28 2 38 14
class 0.7721375226974487 71 1 81 10
class 0.7908139228820801 158 2 170 13
class 0.28628653287887573 98 13 109 26
class 0.4369752109050751 160 12 171 25
class 0.6027489304542542 188 13 196 25
class 0.4695156514644623 167 20 177 32
class 0.4792340099811554 103 32 112 43
class 0.6268996596336365 179 54 190 67
class 0.5992357730865479 33 64 42 77
class 0.5730404257774353 94 61 103 72
class 0.4934687316417694 14 77 24 89
class 0.3887714445590973 68 74 78 87
class 0.44652512669563293 82 69 92 82
class 0.6140955090522766 35 92 46 109
class 0.43436917662620544 17 102 26 115
class 0.45938169956207275 107 108 118 121
class 0.5335609912872314 137 100 147 111
class 0.5432509779930115 18 110 27 123
class 0.5048528909683228 96 117 106 128
class 0.6029984354972839 76 128 85 140
class 0.4945420026779175 143 127 152 138
class 0.5673076510429382 183 128 193 140
class 0.7943019866943359 3 133 14 145
class 0.45295271277427673 183 137 198 149
class 0.5286017656326294 23 146 33 160
class 0.552312970161438 183 142 192 155
class 0.36408883333206177 40 153 51 165
class 0.5581898093223572 6 169 18 183
class 0.2594697177410126 25 172 33 183
class 0.47402137517929077 50 170 59 182
class 0.5185917019844055 159 171 170 184
class 0.477581650018692 169 166 179 176
class 0.5094747543334961 191 164 199 174
class 0.6811975836753845 1 175 9 189
class 0.47823408246040344 16 175 30 187
class 0.6182875037193298 4 190 15 199
