class 0.21479396522045135 68 0 77 8
class 0.6578826904296875 70 1 81 14
class 0.64776611328125 91 2 101 16
class 0.7518474459648132 115 2 125 15
class 0.7131214737892151 160 0 171 8
class 0.25979381799697876 76 4 87 18
class 0.46205952763557434 125 12 136 26
class 0.7579770088195801 181 8 191 19
class 0.41288599371910095 144 24 153 37
class 0.6666117906570435 11 35 21 46
class 0.35105136036872864 88 26 99 42
class 0.5739537477493286 187 53 198 66
class 0.5019815564155579 102 67 111 78
class 0.5657005906105042 183 63 193 74
class 0.7539914846420288 2 70 12 82
class 0.5408797264099121 59 76 69 88
class 0.48486635088920593 133 69 145 82
class 0.4580276608467102 103 87 112 99
class 0.5608959197998047 190 92 198 104
class 0.42155224084854126 67 101 78 114
class 0.2859802842140198 172 107 184 118
class 0.5559936761856079 31 111 40 122
class 0.5074771046638489 140 117 149 128
class 0.5138999819755554 155 119 167 130
class 0.692894697189331 192 111 199 123
class 0.6751013994216919 64 122 75 134
class 0.6748866438865662 85 122 96 132
class 0.6115933656692505 90 122 100 134
class 0.5534610152244568 110 126 122 140
class 0.40495792031288147 184 133 196 147
class 0.6636167168617249 63 160 72 172
class 0.5193725228309631 150 161 160 172
class 0.47288742661476135 36 164 46 175
class 0.39052125811576843 68 171 77 181
class 0.4986489415168762 37 182 45 193
class 0.484735906124115 68 176 77 187
class 0.4854930341243744 84 179 95 191
class 0.4617311954498291 54 185 64 196
class 0.5883578658103943 170 186 181 198
