class 0.4902024269104004 126 5 135 17
class 0.6916307806968689 52 23 61 35
class 0.4910975694656372 69 20 79 35
class 0.5151196718215942 93 23 103 36
class 0.5468989610671997 71 30 83 44
class 0.44330543279647827 80 33 91 46
class 0.5205373764038086 59 42 69 56
class 0.5325654745101929 8 55 19 67
class 0.32804474234580994 67 54 77 67
class 0.4595102369785309 161 48 173 60
class 0.717360258102417 192 60 199 74
class 0.755433976650238 3 77 12 87
class 0.4395001530647278 22 75 33 88
class 0.4875824749469757 70 76 79 87
class 0.4021313786506653 101 70 111 84
class 0.47023987770080566 133 70 143 83
class 0.44322076439857483 3 84 12 99
class 0.45726555585861206 79 80 90 93
class 0.4626789093017578 125 87 135 99
class 0.5550296902656555 180 80 191 92
class 0.20681416988372803 5 90 11 100
class 0.3683420717716217 110 97 120 108
class 0.39612239599227905 143 89 153 102
class 0.4167097806930542 186 97 196 110
class 0.508815586566925 73 99 84 112
class 0.5040420889854431 90 103 100 116
class 0.3476208746433258 118 100 132 114
class 0.5065734386444092 108 111 118 123
class 0.5691887140274048 154 111 164 122
class 0.3177435100078583 82 120 92 133
class 0.586936891078949 182 122 192 135
class 0.6067404747009277 4 144 15 156
class 0.5281068682670593 86 149 96 160
class 0.5483217835426331 134 142 144 154
class 0.4795088469982147 188 143 196 155
class 0.33174410462379456 160 162 170 172
class 0.6064635515213013 50 190 60 199
class 0.61258465051651 112 188 123 199
