class 0.7683003544807434 33 0 44 8
class 0.7878905534744263 171 0 181 14
class 0.44201475381851196 161 8 172 21
class 0.6891115307807922 155 32 164 44
class 0.483022540807724 27 38 37 49
class 0.4630296230316162 60 43 70 54
class 0.2858838140964508 103 44 115 55
class 0.6114612221717834 150 37 162 50
class 0.7387334108352661 193 42 199 55
class 0.25026196241378784 101 53 111 64
class 0.5182967782020569 171 54 181 67
class 0.7303946018218994 4 63 14 74
class 0.6400794386863708 126 60 139 74
class 0.4869210720062256 136 64 147 76
class 0.49292752146720886 77 69 87 83
class 0.4835245907306671 133 76 146 88
class 0.4537173807621002 17 86 27 99
class 0.35589054226875305 77 84 89 98
class 0.4136052429676056 91 87 100 100
class 0.7566616535186768 136 83 147 96
class 0.13858674466609955 133 84 142 95
class 0.5251138210296631 171 79 180 91
class 0.3898569345474243 33 91 42 103
class 0.636111855506897 177 97 187 109
class 0.43462198972702026 101 107 110 121
class 0.3317044973373413 35 109 47 126
class 0.5248410701751709 4 122 14 133
class 0.6049394607543945 38 129 48 140
class 0.3868977129459381 69 149 80 161
class 0.5514478087425232 186 148 196 162
class 0.5478016138076782 36 161 45 172
class 0.6143207550048828 138 167 148 178
class 0.5559148192405701 158 165 168 177
class 0.5142210125923157 11 186 22 197
class 0.536998450756073 69 190 81 199
class 0.5327338576316833 109 189 119 199
class 0.38699179887771606 116 187 125 197
class 0.6765799522399902 128 190 137 199
class 0.5260710716247559 180 186 190 197
