class 0.1937911957502365 9 0 22 5
class 0.8771196007728577 10 1 22 10
class 0.7791609168052673 116 1 126 13
class 0.522803783416748 67 13 77 24
class 0.5619585514068604 20 24 30 37
class 0.32743412256240845 131 16 141 29
class 0.4736281633377075 119 44 128 56
class 0.56828773021698 70 47 80 59
class 0.5256877541542053 105 48 114 60
class 0.5530045032501221 175 54 187 68
class 0.7110748291015625 4 58 13 70
class 0.6027523279190063 10 59 21 70
class 0.5316832065582275 77 65 88 79
class 0.5016587376594543 118 58 128 71
class 0.5471823811531067 117 69 128 82
class 0.5724679231643677 138 72 148 85
class 0.4664970934391022 183 68 193 81
class 0.7160779237747192 50 85 61 98
class 0.5724616646766663 137 81 147 94
class 0.46940794587135315 105 96 114 107
class 0.6754776239395142 192 94 199 106
class 0.4954618215560913 59 107 70 119
class 0.4778686761856079 28 111 37 123
class 0.5134304165840149 55 119 64 130
class 0.47974786162376404 108 117 120 130
class 0.5551177859306335 154 118 165 130
class 0.5689671635627747 177 131 187 143
class 0.21041688323020935 57 141 71 155
class 0.42635154724121094 92 149 101 161
class 0.4501536786556244 136 148 146 160
class 0.507554829120636 15 154 25 165
class 0.5762233734130859 180 154 191 165
class 0.5829586982727051 53 166 63 178
class 0.5953826308250427 63 169 73 181
class 0.5385547876358032 110 168 119 181
class 0.5987557172775269 61 179 72 193
class 0.4464782476425171 101 178 113 192
class 0.5241817831993103 164 190 176 199
