class 0.5535866022109985 11 11 20 24
class 0.36940184235572815 75 9 85 24
class 0.5019091963768005 99 5 108 18
class 0.5059726238250732 162 7 172 18
class 0.37893396615982056 90 21 101 34
class 0.6029103398323059 24 33 34 46
class 0.650192141532898 67 28 79 42
class 0.5302280783653259 140 31 148 43
class 0.7771258354187012 194 34 199 46
class 0.6927773952484131 69 42 80 55
class 0.4571530222892761 137 47 147 60
class 0.5311891436576843 181 60 191 70
class 0.3771946132183075 67 68 78 82
class 0.4352587163448334 132 69 142 81
class 0.3692488968372345 44 97 54 108
class 0.49764400720596313 72 92 81 103
class 0.42858031392097473 80 95 89 107
class 0.5431022047996521 145 91 155 104
class 0.37658655643463135 119 100 131 112
class 0.8036420941352844 0 116 8 129
class 0.5024856328964233 103 118 114 130
class 0.5095763802528381 132 111 143 123
class 0.4875319004058838 21 134 31 145
class 0.30565181374549866 26 133 37 145
class 0.4729338586330414 16 143 24 154
class 0.43619075417518616 69 143 80 155
class 0.5476253628730774 173 146 185 160
class 0.5142371654510498 79 153 91 167
class 0.5618446469306946 125 160 137 171
class 0.6716587543487549 0 171 6 183
class 0.533021867275238 29 163 39 176
class 0.5019457936286926 190 165 198 178
class 0.5812311768531799 15 176 24 187
class 0.5109946131706238 102 181 115 194
class 0.4900156557559967 189 179 198 191
class 0.3903678357601166 49 192 59 199
class 0.6295837759971619 75 186 85 199
class 0.5387248992919922 177 190 186 199
