class 0.788183867931366 125 0 135 9
class 0.8259331583976746 167 0 178 9
class 0.33026787638664246 172 7 184 19
class 0.5042688846588135 10 17 21 31
class 0.5637660622596741 54 20 67 35
class 0.33296772837638855 87 23 98 37
class 0.23891840875148773 84 28 94 40
class 0.5152789950370789 123 27 133 38
class 0.5015646815299988 165 27 174 38
class 0.4867668151855469 19 38 29 50
class 0.5587957501411438 79 37 90 48
class 0.35618260502815247 91 54 101 67
class 0.3456582725048065 129 65 138 77
class 0.4422101080417633 88 69 99 82
class 0.4224942624568939 151 69 163 84
class 0.46173739433288574 56 78 68 91
class 0.4352932870388031 96 80 106 93
class 0.4631493389606476 113 78 122 91
class 0.43484747409820557 163 84 174 96
class 0.6238532066345215 27 96 38 111
class 0.32384762167930603 132 96 142 109
class 0.5698303580284119 181 97 191 110
class 0.527890682220459 187 91 196 105
class 0.2896213233470917 89 102 99 114
class 0.6081974506378174 31 129 41 141
class 0.469526469707489 38 129 47 141
class 0.6119329333305359 122 122 132 135
class 0.45160922408103943 138 130 148 141
class 0.5374113321304321 60 145 71 160
class 0.5122404098510742 95 150 106 162
class 0.555417537689209 120 143 129 155
class 0.4451313614845276 155 142 166 155
class 0.4789749085903168 76 159 87 170
class 0.33702173829078674 127 159 137 170
class 0.38903936743736267 111 164 121 178
class 0.62151700258255 192 165 199 177
class 0.6297547817230225 3 175 11 189
class 0.7844120860099792 0 188 6 199
class 0.3969728350639343 173 193 182 199
