class 0.8082556128501892 177 2 188 11
class 0.6457405686378479 99 10 109 21
class 0.520723819732666 77 17 88 30
class 0.36691606044769287 130 23 141 37
class 0.3413026034832001 183 24 192 37
class 0.3492244780063629 109 31 120 44
class 0.6016057729721069 166 30 175 41
class 0.5643173456192017 39 39 49 50
class 0.6916460394859314 56 40 68 53
class 0.3847024738788605 172 43 186 55
class 0.6863989233970642 0 48 5 60
class 0.5597692728042603 56 51 67 64
class 0.5284367799758911 155 48 165 60
class 0.3717435598373413 80 64 89 76
class 0.364156574010849 105 66 114 78
class 0.500677227973938 165 59 176 69
class 0.23691552877426147 119 70 131 84
class 0.42999267578125 143 69 153 81
class 0.5495739579200745 39 82 49 95
class 0.4404752850532532 90 87 100 99
class 0.47134310007095337 150 85 162 97
class 0.5666823387145996 179 88 191 100
class 0.37734055519104004 111 101 120 113
class 0.35393229126930237 150 100 161 113
class 0.5900121927261353 191 102 199 115
class 0.44169071316719055 17 113 26 125
class 0.5516383647918701 104 116 115 127
class 0.4388830363750458 121 118 131 132
class 0.34468936920166016 184 116 193 129
class 0.5256614685058594 143 139 153 150
class 0.5003862977027893 170 140 181 151
class 0.5550848841667175 36 146 46 157
class 0.625895619392395 19 158 29 171
class 0.46471869945526123 174 155 184 167
class 0.2733117938041687 120 170 131 180
class 0.39752426743507385 49 186 59 197
class 0.4791112244129181 163 186 172 196
