class 0.4566146731376648 4 3 13 15
class 0.741318941116333 18 0 29 7
class 0.7707462310791016 137 2 147 13
class 0.5030549168586731 66 15 78 28
class 0.5569726228713989 36 27 46 41
class 0.4539673626422882 70 28 78 39
class 0.4292791783809662 113 28 122 39
class 0.5652706027030945 59 44 69 56
class 0.5252820253372192 189 44 198 54
class 0.42669540643692017 50 47 59 61
class 0.26089510321617126 132 48 142 60
class 0.6521944403648376 154 55 164 68
class 0.5114890336990356 35 64 45 78
class 0.47838473320007324 59 66 69 78
class 0.4450942575931549 82 56 93 71
class 0.5226767659187317 81 75 91 88
class 0.5896711945533752 183 76 192 87
class 0.5769062638282776 98 86 109 98
class 0.542833685874939 65 91 75 106
class 0.7283601760864258 1 102 10 114
class 0.17092370986938477 35 107 45 121
class 0.5606651902198792 99 100 109 112
class 0.6475671529769897 30 114 40 127
class 0.525155246257782 65 111 74 125
class 0.5132116079330444 154 129 163 141
class 0.5398173928260803 30 148 40 160
class 0.5550273656845093 40 142 50 155
class 0.532982587814331 78 149 88 159
class 0.5493873357772827 134 148 144 162
class 0.47343966364860535 152 142 165 156
class 0.5605486035346985 192 145 199 156
class 0.5441976189613342 190 158 199 171
class 0.5476886034011841 150 163 158 175
class 0.5265627503395081 188 170 199 183
class 0.6089208722114563 126 177 138 190
class 0.7315959930419922 55 188 66 199
class 0.5811778903007507 61 191 70 199
class 0.5064835548400879 79 188 87 199
class 0.576889157295227 146 185 156 195
