class 0.6190086603164673 48 0 59 9
class 0.7145313024520874 161 1 171 11
class 0.4708000421524048 57 9 67 22
class 0.4276321530342102 120 6 129 16
class 0.3737752437591553 36 18 46 32
class 0.6123940944671631 19 33 29 45
class 0.5537872314453125 75 40 85 51
class 0.5050370693206787 15 56 24 67
class 0.3430126905441284 43 49 52 62
class 0.6242818832397461 107 56 116 67
class 0.30898305773735046 89 60 101 75
class 0.6884790062904358 182 81 192 94
class 0.5299999713897705 123 90 132 102
class 0.361270010471344 71 102 82 114
class 0.5032250881195068 80 105 90 117
class 0.4641849100589752 133 101 143 112
class 0.6636590361595154 166 100 176 112
class 0.5212239623069763 59 114 69 126
class 0.699870765209198 166 117 176 130
class 0.5688542723655701 46 122 57 135
class 0.5351443886756897 144 132 154 144
class 0.5054203867912292 18 145 27 158
class 0.6113003492355347 55 150 64 161
class 0.5444742441177368 77 143 86 154
class 0.2365248203277588 102 143 112 155
class 0.5358383059501648 120 146 127 156
class 0.5854515433311462 155 146 166 159
class 0.7299448847770691 182 145 193 159
class 0.5946444272994995 45 155 55 167
class 0.536807119846344 64 155 75 168
class 0.27488288283348083 121 154 129 165
class 0.4038684368133545 89 168 99 181
class 0.7889766097068787 0 176 7 187
class 0.595714271068573 33 180 43 191
class 0.5930037498474121 186 175 196 186
class 0.5736238360404968 39 188 49 198
class 0.5449700951576233 54 192 65 199
class 0.5497092604637146 145 190 155 199
