class 0.2759976089000702 162 2 171 10
class 0.841676652431488 166 0 176 11
class 0.5536420345306396 15 14 24 24
class 0.39524319767951965 22 9 32 21
class 0.16911117732524872 27 8 37 18
class 0.4676228165626526 106 13 116 26
class 0.45516011118888855 15 27 24 38
class 0.17726576328277588 17 26 32 39
class 0.5085932612419128 82 27 92 40
class 0.3206687867641449 132 33 142 44
class 0.47648510336875916 25 42 36 55
class 0.46591630578041077 69 43 79 56
class 0.3235079348087311 143 37 152 48
class 0.7168038487434387 192 38 199 51
class 0.38638320565223694 120 54 130 68
class 0.5111402869224548 163 54 174 66
class 0.520556628704071 119 65 127 76
class 0.4707931876182556 39 79 48 91
class 0.6247996091842651 182 84 192 97
class 0.5653094053268433 80 100 91 112
class 0.5317046642303467 91 100 101 113
class 0.43483471870422363 120 101 131 113
class 0.49260789155960083 176 106 186 119
class 0.5013992190361023 97 117 106 129
class 0.5301041603088379 150 117 159 129
class 0.46537643671035767 12 125 23 138
class 0.4106702506542206 59 133 68 145
class 0.5641679167747498 187 133 196 146
class 0.5700865387916565 32 159 42 172
class 0.2493227869272232 185 161 196 172
class 0.4526655077934265 89 170 98 182
class 0.4623388946056366 180 163 190 176
class 0.5857861638069153 185 167 197 179
class 0.6504603028297424 57 181 65 192
class 0.40038353204727173 60 175 70 186
class 0.5810176134109497 134 181 145 193
class 0.5821577310562134 33 190 44 199
class 0.6335770487785339 53 190 63 199
class 0.634867787361145 191 187 199 198
