class 0.20077946782112122 17 4 27 12
class 0.8321509957313538 179 2 189 13
class 0.650444507598877 25 10 34 22
class 0.5093852877616882 17 27 26 38
class 0.4337185025215149 77 37 89 51
class 0.46947789192199707 104 56 114 68
class 0.5155801773071289 154 60 163 72
class 0.5006677508354187 21 84 31 94
class 0.4383013844490051 38 79 48 90
class 0.5166420936584473 91 87 100 100
class 0.5326595902442932 154 79 163 92
class 0.4630674123764038 80 100 89 114
class 0.5281215906143188 108 106 117 119
class 0.5624159574508667 144 107 153 120
class 0.4458940327167511 50 111 60 123
class 0.49954599142074585 59 117 70 128
class 0.5396074056625366 11 121 22 133
class 0.498693585395813 34 130 43 141
class 0.47990304231643677 59 127 69 139
class 0.5111892819404602 83 124 94 137
class 0.40110987424850464 172 123 183 135
class 0.6132088899612427 173 127 185 139
class 0.5039084553718567 118 134 128 147
class 0.4353446662425995 147 141 158 154
class 0.535038948059082 160 150 170 161
class 0.5582029819488525 43 152 53 165
class 0.5890163779258728 128 153 139 165
class 0.4967881143093109 135 154 146 167
class 0.5549513101577759 65 170 75 182
class 0.4521096646785736 81 163 90 174
class 0.5625559687614441 140 171 150 183
class 0.5913892984390259 34 176 44 187
class 0.45003190636634827 46 181 56 191
class 0.49198609590530396 160 174 170 187
class 0.5068448185920715 39 188 49 198
class 0.6908200979232788 64 185 75 197
class 0.5642167925834656 83 184 94 196
class 0.5275029540061951 105 184 115 197
