class 0.6437827348709106 44 0 54 10
class 0.6101534962654114 60 1 69 12
class 0.8072080612182617 73 2 84 17
class 0.5003047585487366 102 16 113 29
class 0.5988439321517944 8 34 19 47
class 0.4904140830039978 21 27 30 39
class 0.6160975694656372 147 30 158 44
class 0.3913569748401642 41 52 52 64
class 0.6840479969978333 116 50 127 62
class 0.4841212332248688 9 59 19 72
class 0.5039746761322021 52 62 62 75
class 0.468852162361145 69 59 80 72
class 0.6860740184783936 147 64 156 76
class 0.5901789665222168 156 67 165 78
class 0.720333993434906 0 74 6 86
class 0.468678742647171 15 75 25 86
class 0.5264974236488342 112 67 122 81
class 0.4304228127002716 15 81 25 93
class 0.4875304698944092 34 96 47 112
class 0.7463703751564026 3 107 13 119
class 0.721804141998291 192 107 199 120
class 0.4670979380607605 23 112 33 124
class 0.4594445526599884 129 112 139 125
class 0.3669908344745636 5 139 17 151
class 0.6073871850967407 53 136 62 148
class 0.4833002984523773 104 132 114 144
class 0.7512924671173096 2 149 10 161
class 0.4988669455051422 141 142 151 156
class 0.6470242738723755 22 160 34 173
class 0.5238491892814636 126 160 138 173
class 0.5229148864746094 161 160 171 171
class 0.5231603384017944 62 166 72 178
class 0.4722975790500641 109 163 119 177
class 0.4217382073402405 76 173 86 186
class 0.36659812927246094 99 175 109 188
class 0.4534953534603119 79 185 89 197
class 0.5951460599899292 106 191 118 199
class 0.5709658861160278 159 188 170 198
