class 0.8156630396842957 0 0 10 8
class 0.7878975868225098 31 0 42 10
class 0.6927531361579895 45 1 56 10
class 0.6706134080886841 77 0 87 8
class 0.7354705333709717 4 12 12 25
class 0.5162961483001709 103 11 112 26
class 0.5019608736038208 176 12 188 26
class 0.5457203388214111 182 15 190 25
class 0.47327837347984314 193 13 199 23
class 0.49329760670661926 85 18 96 30
class 0.5741408467292786 97 16 108 28
class 0.3704737424850464 69 32 79 44
class 0.628267765045166 112 30 121 42
class 0.7782540321350098 0 44 8 56
class 0.19499193131923676 175 44 183 57
class 0.49540072679519653 35 55 44 68
class 0.6400875449180603 135 55 145 66
class 0.2815501391887665 84 58 93 70
class 0.36113280057907104 102 65 111 77
class 0.522602915763855 37 84 49 98
class 0.4967007339000702 47 96 58 110
class 0.4632812440395355 92 109 102 120
class 0.2727334499359131 144 106 153 118
class 0.3135099709033966 113 110 121 122
class 0.5722655057907104 146 139 155 150
class 0.44917362928390503 88 145 98 154
class 0.4059826135635376 100 150 113 161
class 0.6847426295280457 137 146 148 157
class 0.21534954011440277 142 149 154 162
class 0.37765195965766907 78 161 88 171
class 0.5157181620597839 91 159 105 175
class 0.5789867043495178 97 162 105 172
class 0.550139307975769 128 153 138 166
class 0.45144495368003845 146 171 157 185
class 0.5664670467376709 114 174 124 186
class 0.5838741660118103 165 173 175 186
class 0.6473644375801086 189 182 197 193
class 0.616608202457428 39 189 49 199
class 0.5703918933868408 164 192 175 199
