class 0.3834484815597534 140 3 150 15
class 0.6987624764442444 120 13 129 25
class 0.6178466081619263 52 21 62 35
class 0.49309852719306946 59 16 69 27
class 0.49333274364471436 122 20 131 31
class 0.40680861473083496 154 18 162 30
class 0.6257970333099365 187 26 198 41
class 0.6169664263725281 34 38 43 50
class 0.4483102262020111 124 41 132 53
class 0.6181780099868774 155 44 165 56
class 0.5694826245307922 30 53 40 66
class 0.3978191614151001 91 50 101 63
class 0.4204103648662567 104 52 113 64
class 0.6531897783279419 192 56 199 68
class 0.4755200445652008 133 59 142 70
class 0.43594294786453247 67 81 78 94
class 0.5237090587615967 90 85 102 98
class 0.5350651144981384 137 87 147 99
class 0.60723477602005 83 96 94 108
class 0.5230115652084351 72 100 81 114
class 0.5621573328971863 102 105 114 118
class 0.6222242712974548 160 105 169 117
class 0.455035001039505 16 111 27 123
class 0.5535237789154053 41 110 51 122
class 0.5952510237693787 85 111 96 125
class 0.39439719915390015 99 125 108 137
class 0.5612524747848511 107 122 118 135
class 0.5351824760437012 143 129 152 142
class 0.5002869963645935 70 134 81 146
class 0.5849774479866028 180 135 189 147
class 0.3794848322868347 68 150 77 161
class 0.398234099149704 16 155 25 166
class 0.5273329019546509 100 156 109 167
class 0.5554481744766235 170 154 180 167
class 0.6855678558349609 193 170 199 183
class 0.540847659111023 37 175 46 186
class 0.6352213621139526 104 181 116 193
class 0.527722179889679 154 178 166 191
class 0.5517398715019226 65 190 75 199
