class 0.47703972458839417 49 11 59 23
class 0.5035765767097473 98 16 109 29
class 0.6160867810249329 192 19 199 27
class 0.4402500092983246 118 28 127 41
class 0.5054300427436829 179 28 191 42
class 0.3650171160697937 48 44 58 55
class 0.4933270812034607 83 40 92 52
class 0.4047701060771942 107 44 117 57
class 0.4221886992454529 150 44 159 56
class 0.33366963267326355 182 39 194 50
class 0.6454918384552002 17 54 28 67
class 0.27560415863990784 172 49 183 60
class 0.44174113869667053 190 54 199 66
class 0.35833418369293213 79 71 89 84
class 0.4322677254676819 119 70 130 83
class 0.4311152994632721 129 75 141 88
class 0.5322542786598206 158 72 168 85
class 0.5052886605262756 24 85 35 99
class 0.6357316374778748 74 89 85 103
class 0.6119474768638611 12 101 21 113
class 0.5384804010391235 19 101 29 114
class 0.5680152177810669 94 107 104 120
class 0.5818297266960144 167 105 177 116
class 0.4669494330883026 90 114 100 128
class 0.4320959448814392 118 128 128 140
class 0.5332682728767395 164 128 173 139
class 0.77721107006073 2 139 12 151
class 0.4523582458496094 20 143 30 155
class 0.5031806826591492 172 150 182 161
class 0.7751363515853882 0 161 9 172
class 0.25727468729019165 34 161 44 172
class 0.27616867423057556 57 163 67 174
class 0.5743638277053833 84 163 94 175
class 0.27618423104286194 172 171 183 183
class 0.6127068400382996 180 178 193 192
class 0.6146592497825623 21 190 32 199
class 0.3765481412410736 169 187 179 198
