class 0.5061557292938232 98 14 107 25
class 0.3473236858844757 128 11 139 24
class 0.5193182229995728 170 5 181 20
class 0.4842420816421509 80 20 89 32
class 0.41708338260650635 136 17 150 33
class 0.4215174913406372 125 49 133 59
class 0.7721172571182251 2 66 12 78
class 0.25963425636291504 188 66 197 79
class 0.3568539023399353 130 70 141 84
class 0.5462618470191956 148 70 158 81
class 0.4546803832054138 9 80 18 92
class 0.546013355255127 97 81 106 92
class 0.4831025302410126 8 96 21 108
class 0.5312191247940063 33 97 42 108
class 0.5873783230781555 85 95 96 106
class 0.29799914360046387 15 101 25 111
class 0.5228316187858582 71 109 83 120
class 0.526934027671814 92 100 102 111
class 0.5970206260681152 4 120 13 130
class 0.2811882495880127 9 119 21 130
class 0.4316304624080658 18 118 26 130
class 0.2208116352558136 46 116 57 129
class 0.4735696613788605 95 118 106 130
class 0.5664181709289551 139 112 148 124
class 0.497720867395401 17 138 26 152
class 0.2979739308357239 90 138 99 151
class 0.4830058217048645 171 134 181 146
class 0.50898277759552 173 149 184 163
class 0.5593519806861877 22 161 32 172
class 0.4611324071884155 73 158 84 170
class 0.6706392168998718 140 154 151 166
class 0.15772247314453125 142 158 153 172
class 0.3823641538619995 184 153 196 166
class 0.40855732560157776 142 166 151 178
class 0.4732223153114319 65 174 75 185
class 0.5433823466300964 104 176 115 188
class 0.6207854747772217 126 176 137 188
class 0.4345739483833313 155 175 166 188
class 0.471426784992218 146 186 155 196
