class 0.7551572918891907 29 0 38 7
class 0.5278639197349548 68 7 77 19
class 0.5002871155738831 93 13 103 25
class 0.5778995156288147 147 8 157 22
class 0.6508617401123047 66 16 77 30
class 0.5011917948722839 90 16 101 29
class 0.5581327676773071 46 33 57 48
class 0.23862490057945251 54 28 66 41
class 0.2861924171447754 51 30 61 42
class 0.5792071223258972 61 29 71 41
class 0.5799654722213745 151 33 161 46
class 0.5920736193656921 189 42 198 56
class 0.8204994201660156 0 48 7 59
class 0.5465677380561829 71 48 81 59
class 0.6122211217880249 161 51 171 65
class 0.7742449641227722 0 65 5 76
class 0.5061957240104675 24 62 33 74
class 0.5679781436920166 165 59 175 71
class 0.7437860369682312 3 76 10 88
class 0.3621037006378174 24 80 37 95
class 0.47179773449897766 153 86 162 100
class 0.5347366333007812 27 92 36 102
class 0.3427125811576843 192 96 199 107
class 0.4626483917236328 188 104 198 116
class 0.49340716004371643 167 112 177 124
class 0.5816760063171387 186 124 196 136
class 0.7961853742599487 4 147 14 157
class 0.37246978282928467 10 142 20 154
class 0.531512439250946 20 154 30 167
class 0.4903457760810852 84 163 95 176
class 0.6099260449409485 106 170 117 183
class 0.5537338852882385 113 163 123 177
class 0.3179900348186493 184 164 193 178
class 0.13193954527378082 187 166 196 179
class 0.5438121557235718 81 177 93 188
class 0.4806170165538788 124 181 134 193
class 0.4621262848377228 139 174 149 186
class 0.3877650499343872 159 182 169 193
class 0.48217135667800903 193 175 199 186
class 0.6971510648727417 2 192 13 199
class 0.5722084641456604 74 190 85 199
class 0.5470800399780273 148 190 159 199
