class 0.7882544994354248 74 1 82 10
class 0.5881202816963196 84 0 93 7
class 0.5531325936317444 85 19 95 29
class 0.3435980975627899 89 22 101 35
class 0.6138432621955872 182 17 192 29
class 0.7933881282806396 4 27 13 39
class 0.43861353397369385 21 33 30 45
class 0.4177468717098236 45 33 56 49
class 0.5185741782188416 80 32 90 44
class 0.14941416680812836 24 43 36 58
class 0.7212371826171875 193 44 199 56
class 0.30991363525390625 60 53 69 66
class 0.6073246598243713 147 49 157 61
class 0.42566102743148804 29 65 38 78
class 0.36806589365005493 90 57 101 70
class 0.6802722215652466 1 69 10 81
class 0.5556873679161072 101 73 111 87
class 0.39149463176727295 179 70 189 80
class 0.47259804606437683 186 74 196 86
class 0.4836263656616211 36 79 46 90
class 0.5156485438346863 143 81 153 94
class 0.35918593406677246 120 90 130 103
class 0.5387429594993591 157 100 167 113
class 0.4639480710029602 172 101 183 115
class 0.6631909012794495 4 118 13 130
class 0.6650547385215759 50 128 61 140
class 0.6082141995429993 176 125 186 139
class 0.5866314768791199 10 140 20 151
class 0.2938241958618164 58 148 67 160
class 0.6656138300895691 71 149 84 162
class 0.601096510887146 109 149 119 161
class 0.6738826036453247 183 143 192 156
class 0.49023082852363586 23 160 33 172
class 0.463742196559906 33 153 44 164
class 0.4957863986492157 131 160 141 172
class 0.45876792073249817 162 153 172 165
class 0.5468626022338867 167 156 178 169
