class 0.7774770259857178 168 2 179 14
class 0.4945151209831238 97 11 108 24
class 0.3867380917072296 108 13 118 25
class 0.2570454478263855 119 19 131 32
class 0.6091470718383789 155 24 163 35
class 0.4597240388393402 9 46 19 57
class 0.22937047481536865 12 50 20 63
class 0.6602006554603577 90 48 101 59
class 0.13503478467464447 91 51 99 57
class 0.5788437128067017 15 58 24 69
class 0.7623333930969238 127 64 136 76
class 0.3385769724845886 132 60 143 71
class 0.39665618538856506 25 86 36 99
class 0.17986547946929932 173 81 183 94
class 0.7162938714027405 178 84 188 97
class 0.626550555229187 4 93 14 104
class 0.5176790952682495 28 91 37 102
class 0.40969640016555786 107 95 117 108
class 0.5250018239021301 136 94 147 107
class 0.5237956047058105 122 106 131 119
class 0.5148133039474487 155 107 166 120
class 0.5097132325172424 102 110 111 123
class 0.8716058731079102 0 127 11 140
class 0.4898873567581177 100 128 111 140
class 0.5290018320083618 165 122 175 135
class 0.6573575139045715 23 132 34 145
class 0.5980201363563538 50 140 61 151
class 0.43531137704849243 87 134 100 150
class 0.5052940845489502 112 133 122 146
class 0.4545910656452179 164 133 174 145
class 0.37709280848503113 184 131 196 145
class 0.39856064319610596 6 148 16 164
class 0.4687226414680481 46 172 55 182
class 0.5191354751586914 65 164 76 178
class 0.23506298661231995 72 171 81 184
class 0.26970452070236206 174 166 182 177
class 0.5508185029029846 89 175 98 187
class 0.4824587404727936 132 174 145 188
class 0.4724154472351074 156 186 166 196
