class 0.7414252161979675 41 0 51 7
class 0.8060550689697266 175 1 187 15
class 0.5255293846130371 4 5 12 16
class 0.267013818025589 28 7 38 21
class 0.38258206844329834 60 6 71 18
class 0.5426375269889832 156 24 164 35
class 0.37882500886917114 166 23 174 33
class 0.48621559143066406 7 28 17 40
class 0.5009439587593079 119 34 132 47
class 0.10603383928537369 161 28 173 41
class 0.5282866358757019 167 34 175 44
class 0.8328733444213867 138 51 149 67
class 0.16714975237846375 134 55 141 62
class 0.48568809032440186 91 71 100 84
class 0.5406007170677185 76 95 89 111
class 0.44589635729789734 79 91 89 104
class 0.5950564742088318 1 108 9 118
class 0.4240545928478241 8 108 17 120
class 0.7070504426956177 0 115 7 126
class 0.4152670204639435 23 114 33 127
class 0.6334172487258911 114 117 124 130
class 0.47407713532447815 115 130 123 142
class 0.6863982081413269 135 128 146 141
class 0.6936749815940857 0 133 6 144
class 0.6306101679801941 86 132 95 144
class 0.4474864900112152 189 137 198 148
class 0.49081045389175415 56 143 66 154
class 0.4166639745235443 58 146 70 159
class 0.45560726523399353 89 144 99 156
class 0.41897711157798767 103 150 111 161
class 0.2389025241136551 173 145 183 158
class 0.5197525024414062 36 153 46 166
class 0.4660947024822235 172 153 182 165
class 0.5656991600990295 30 171 39 182
class 0.4129623770713806 141 165 152 177
class 0.4628940224647522 78 174 87 186
class 0.3801670968532562 111 178 123 192
class 0.6141135692596436 159 173 169 188
class 0.5465459823608398 14 192 23 199
class 0.35795164108276367 146 185 157 196
