class 0.792354941368103 41 2 52 16
class 0.4360269606113434 127 12 137 25
class 0.48380792140960693 19 17 29 27
class 0.32553234696388245 77 24 88 35
class 0.2831295132637024 123 24 133 35
class 0.12495303899049759 134 24 144 35
class 0.5109720230102539 144 21 152 33
class 0.5743940472602844 22 29 34 40
class 0.1933574378490448 28 33 38 45
class 0.36571651697158813 55 28 67 42
class 0.5250487923622131 115 34 125 45
class 0.3502357304096222 133 29 143 43
class 0.6994746923446655 31 38 41 50
class 0.5242390632629395 137 37 148 50
class 0.4198034703731537 70 47 79 60
class 0.319903701543808 78 65 89 79
class 0.4213099479675293 92 69 101 81
class 0.49135836958885193 112 69 122 82
class 0.12190563976764679 3 98 8 108
class 0.5935519933700562 181 91 192 103
class 0.8458371758460999 2 101 10 113
class 0.12139756977558136 8 100 16 112
class 0.5160626173019409 87 117 99 130
class 0.5712782144546509 164 122 174 133
class 0.357427179813385 6 139 19 152
class 0.423015832901001 48 137 59 149
class 0.4623867869377136 11 148 23 158
class 0.646889328956604 60 142 72 155
class 0.3627890944480896 80 142 92 155
class 0.24144168198108673 153 142 165 155
class 0.5665504932403564 75 153 85 166
class 0.4848054051399231 97 161 108 173
class 0.43852707743644714 131 154 141 166
class 0.6117337346076965 51 169 61 182
class 0.535598635673523 113 164 124 177
class 0.518551766872406 170 179 180 191
class 0.6922005414962769 52 192 63 199
class 0.5914520621299744 92 188 104 198
