class 0.7274490594863892 77 0 87 10
class 0.7601799964904785 103 2 112 14
class 0.3412002623081207 26 13 35 25
class 0.4984869956970215 13 23 22 34
class 0.22255225479602814 52 16 59 26
class 0.5791131854057312 69 22 80 35
class 0.3185586631298065 40 28 48 42
class 0.7196632027626038 180 33 191 49
class 0.28139790892601013 184 36 191 46
class 0.6228438019752502 156 43 167 55
class 0.558266818523407 28 48 38 60
class 0.4405023157596588 58 52 70 66
class 0.5010010004043579 70 48 80 59
class 0.5791322588920593 165 51 175 63
class 0.5566867589950562 46 64 59 78
class 0.6134791374206543 118 66 128 78
class 0.5529448390007019 7 73 18 87
class 0.5776642560958862 26 68 39 81
class 0.588645339012146 66 69 78 82
class 0.6082527041435242 149 76 158 87
class 0.4393433928489685 89 81 98 94
class 0.577816367149353 104 93 114 106
class 0.6745490431785583 179 98 190 110
class 0.4605383276939392 183 120 193 134
class 0.5454548001289368 45 137 57 150
class 0.5706567764282227 67 134 78 148
class 0.5869025588035583 55 150 66 161
class 0.3476305305957794 58 145 70 158
class 0.4264647960662842 123 142 134 157
class 0.577985405921936 156 144 165 156
class 0.7536135911941528 193 145 199 158
class 0.5882356762886047 129 154 141 168
class 0.5936686396598816 148 158 159 170
class 0.48750007152557373 35 172 44 183
class 0.44987237453460693 109 166 120 178
class 0.6535085439682007 138 169 149 183
class 0.4074641764163971 89 174 98 186
class 0.48051634430885315 15 190 24 199
class 0.4614812135696411 141 191 152 199
class 0.5914796590805054 179 187 190 198
