class 0.5553326606750488 56 0 66 8
class 0.13793931901454926 61 2 72 11
class 0.7364181280136108 71 3 79 14
class 0.4255062937736511 101 18 110 30
class 0.2003912478685379 108 29 121 42
class 0.18556366860866547 114 31 124 44
class 0.49705737829208374 171 26 182 40
class 0.3050195574760437 21 46 32 57
class 0.4307548403739929 113 38 123 51
class 0.49129846692085266 53 56 61 68
class 0.4716365933418274 155 55 165 67
class 0.5256909728050232 172 46 183 61
class 0.4460487365722656 25 64 36 78
class 0.5716553926467896 71 67 81 77
class 0.5438150763511658 145 67 155 78
class 0.3813510835170746 90 69 100 80
class 0.6241225004196167 152 74 165 87
class 0.6053214073181152 176 73 186 88
class 0.6175466775894165 193 70 199 84
class 0.6145734190940857 49 80 59 93
class 0.43115150928497314 45 94 56 109
class 0.7217410802841187 85 107 95 119
class 0.49866655468940735 117 109 127 120
class 0.4763685464859009 12 113 23 125
class 0.4666673243045807 19 118 30 131
class 0.35922718048095703 29 111 39 124
class 0.6663143038749695 125 114 136 127
class 0.6221768260002136 128 123 138 136
class 0.6903133988380432 94 133 104 145
class 0.5906438827514648 134 138 143 150
class 0.5762841105461121 145 137 156 150
class 0.5280339121818542 175 132 186 144
class 0.3394286036491394 57 149 66 159
class 0.4672202169895172 101 142 112 154
class 0.5394713878631592 11 153 23 164
class 0.6158468127250671 44 169 54 180
class 0.6397514939308167 43 175 53 186
class 0.6090051531791687 9 187 20 197
class 0.599574089050293 54 188 65 199
class 0.5583478212356567 169 187 179 199
