class 0.4184427261352539 91 0 100 7
class 0.690034031867981 155 3 167 16
class 0.4456670880317688 87 6 97 19
class 0.6230641007423401 180 6 189 19
class 0.318952739238739 95 18 103 27
class 0.31463485956192017 26 28 37 39
class 0.6234419345855713 105 28 114 37
class 0.3638648986816406 134 31 144 44
class 0.5282536149024963 16 43 27 55
class 0.45653751492500305 41 38 50 51
class 0.41016820073127747 76 48 86 60
class 0.5209038853645325 49 62 59 75
class 0.3220462203025818 150 66 162 79
class 0.6313489675521851 160 65 172 78
class 0.3542621433734894 170 66 183 79
class 0.339007705450058 119 68 129 82
class 0.683988094329834 33 83 46 97
class 0.46726885437965393 38 81 48 93
class 0.3048563599586487 69 82 79 96
class 0.3226589858531952 59 96 69 110
class 0.270169734954834 122 90 131 103
class 0.3684365451335907 36 104 47 117
class 0.48751556873321533 76 108 89 120
class 0.477863073348999 166 101 175 111
class 0.6282116770744324 181 101 191 112
class 0.34384140372276306 80 115 90 127
class 0.5098768472671509 65 127 75 140
class 0.48804154992103577 80 125 89 138
class 0.4123991131782532 93 127 102 140
class 0.6172146201133728 60 144 72 157
class 0.6413171291351318 78 149 87 161
class 0.6224688291549683 67 154 77 166
class 0.5578176975250244 114 157 125 170
class 0.4172476828098297 147 154 157 165
class 0.5492815375328064 91 163 103 177
class 0.4477503299713135 78 180 88 193
class 0.5186753869056702 159 176 169 188
class 0.6289114952087402 176 174 186 185
class 0.28421857953071594 28 186 37 195
