class 0.10348030924797058 4 0 11 10
class 0.5848113894462585 7 2 17 13
class 0.7557067275047302 85 4 95 14
class 0.47109755873680115 20 6 32 19
class 0.799886167049408 2 19 13 31
class 0.4681524336338043 112 18 121 29
class 0.7521869540214539 54 43 66 57
class 0.4726219177246094 86 45 97 58
class 0.4255483150482178 136 37 145 51
class 0.520855188369751 153 37 164 50
class 0.5081273317337036 9 54 21 65
class 0.5081849694252014 97 46 109 60
class 0.3809405267238617 125 55 135 67
class 0.549587070941925 167 54 177 68
class 0.44932419061660767 8 66 18 78
class 0.4323357045650482 88 65 99 78
class 0.4984380304813385 164 62 175 75
class 0.4565207362174988 80 72 91 86
class 0.562653124332428 182 70 191 81
class 0.39609330892562866 48 81 58 94
class 0.6126708388328552 59 85 70 98
class 0.30622556805610657 180 83 189 97
class 0.4530152976512909 187 80 195 92
class 0.7490903735160828 4 93 13 104
class 0.32231488823890686 89 96 101 109
class 0.5507182478904724 70 104 80 117
class 0.35112255811691284 119 106 131 119
class 0.5332170724868774 174 107 184 121
class 0.546960175037384 86 137 95 148
class 0.4576190710067749 136 138 145 150
class 0.4454158842563629 153 139 163 151
class 0.37811723351478577 134 155 144 167
class 0.333557665348053 132 167 144 180
class 0.5703935027122498 146 181 158 194
class 0.49924540519714355 92 188 102 197
class 0.5308424830436707 165 187 176 198
