class 0.4977055490016937 141 0 150 11
class 0.8060274720191956 181 3 191 15
class 0.7911507487297058 189 0 199 9
class 0.46741223335266113 82 8 92 20
class 0.4953215420246124 150 7 158 17
class 0.4293592572212219 17 23 26 36
class 0.37185290455818176 28 44 36 57
class 0.25867658853530884 173 38 183 53
class 0.4043739438056946 56 54 66 67
class 0.4786134660243988 103 65 114 77
class 0.4584719240665436 168 59 181 73
class 0.5990013480186462 17 69 28 80
class 0.5865446925163269 18 87 28 99
class 0.47028401494026184 69 79 79 91
class 0.5433299541473389 178 84 189 98
class 0.5586287379264832 189 94 199 106
class 0.48425987362861633 40 103 50 115
class 0.5286101698875427 166 107 178 121
class 0.4344080090522766 77 117 89 130
class 0.5214304327964783 104 118 114 130
class 0.44157224893569946 149 110 159 123
class 0.645152747631073 193 117 199 130
class 0.5411525964736938 35 121 46 135
class 0.5471411347389221 127 125 137 137
class 0.6350079774856567 179 127 190 141
class 0.48096874356269836 94 146 107 159
class 0.664534866809845 43 160 53 172
class 0.5716754794120789 53 152 64 165
class 0.45755553245544434 11 165 21 177
class 0.44502049684524536 82 178 92 191
class 0.38866546750068665 93 179 104 192
class 0.7082444429397583 181 178 190 191
class 0.45416104793548584 188 175 198 186
class 0.6392052173614502 12 186 22 198
