class 0.7332128286361694 112 0 122 12
class 0.7551829218864441 160 2 169 14
class 0.7457448840141296 1 13 8 24
class 0.3402850925922394 120 5 130 19
class 0.43804043531417847 141 11 152 25
class 0.5110812187194824 186 11 196 23
class 0.4564073383808136 32 28 40 39
class 0.37568747997283936 51 27 61 39
class 0.4320094585418701 101 32 112 44
class 0.30247965455055237 71 38 81 51
class 0.5217370390892029 83 45 93 57
class 0.5671356916427612 184 41 193 51
class 0.5041625499725342 188 41 198 52
class 0.7497491836547852 0 49 6 60
class 0.4373406171798706 35 58 47 72
class 0.45746272802352905 140 63 152 75
class 0.37659528851509094 67 76 78 88
class 0.5446848273277283 145 77 155 88
class 0.6138162612915039 170 79 180 93
class 0.5633982419967651 48 90 58 103
class 0.45469722151756287 67 96 78 108
class 0.542464017868042 82 97 92 109
class 0.5198267698287964 119 101 130 114
class 0.4865705072879791 165 102 176 114
class 0.4919501841068268 70 117 78 130
class 0.5127751231193542 12 126 21 137
class 0.7754351496696472 87 150 95 161
class 0.3664608597755432 89 144 102 155
class 0.5764263272285461 182 158 191 168
class 0.5023760795593262 71 165 81 178
class 0.5808598399162292 110 171 119 182
class 0.500436544418335 174 166 186 177
class 0.48469945788383484 38 175 50 188
class 0.5744680762290955 81 180 93 194
class 0.5625432133674622 104 178 113 191
class 0.7799246907234192 0 187 7 198
class 0.39024707674980164 134 192 143 199
