class 0.5449448823928833 100 0 111 7
class 0.5071710348129272 183 0 193 6
class 0.3032796084880829 186 1 196 9
class 0.6507131457328796 107 12 117 27
class 0.6998189687728882 129 9 140 23
class 0.761756181716919 188 10 198 20
class 0.4328121840953827 43 22 52 34
class 0.33829572796821594 129 16 142 27
class 0.5127084255218506 9 32 19 45
class 0.49076133966445923 59 31 68 44
class 0.5591694712638855 156 50 165 63
class 0.639315664768219 177 53 187 65
class 0.6936618089675903 40 63 51 75
class 0.6846597790718079 50 62 59 74
class 0.48799458146095276 90 65 101 77
class 0.4969123899936676 144 67 153 78
class 0.7656154632568359 50 75 61 86
class 0.6798401474952698 39 86 50 99
class 0.487161248922348 72 78 82 90
class 0.6719748377799988 28 98 38 110
class 0.5786625742912292 49 91 58 103
class 0.45425930619239807 123 91 134 104
class 0.504994809627533 164 96 173 108
class 0.6081386208534241 156 117 166 129
class 0.5506500601768494 117 122 127 134
class 0.39998382329940796 143 123 152 137
class 0.38226819038391113 108 131 120 145
class 0.42351338267326355 4 158 17 169
class 0.3137718439102173 48 157 60 169
class 0.5860298871994019 71 155 81 168
class 0.4710102379322052 187 158 196 171
class 0.7468401193618774 35 169 45 182
class 0.14248384535312653 37 165 47 177
class 0.4992755949497223 95 170 106 182
class 0.7020511627197266 3 189 14 199
class 0.6554655432701111 115 190 127 199
class 0.556734025478363 183 193 192 199
