class 0.7211472392082214 24 2 34 13
class 0.7044031023979187 96 1 107 14
class 0.536923885345459 109 13 118 25
class 0.688371479511261 174 11 185 24
class 0.49994656443595886 14 22 23 33
class 0.4827018678188324 70 18 79 30
class 0.48414134979248047 144 18 152 31
class 0.4693716764450073 148 27 156 40
class 0.3192351758480072 63 36 73 49
class 0.8030654788017273 0 53 7 64
class 0.547870397567749 49 53 58 65
class 0.47141802310943604 70 54 81 67
class 0.5739266276359558 80 54 90 66
class 0.44697386026382446 172 49 183 62
class 0.5198137164115906 35 59 47 71
class 0.7773694396018982 1 76 10 87
class 0.3770616948604584 6 85 17 100
class 0.8255000710487366 1 98 11 109
class 0.15827545523643494 11 93 23 113
class 0.3560112714767456 16 97 23 109
class 0.602720320224762 93 119 102 130
class 0.5320006608963013 123 112 132 125
class 0.6172981262207031 140 116 152 129
class 0.5896076560020447 19 130 29 140
class 0.4554623067378998 37 126 48 138
class 0.48930996656417847 60 121 70 134
class 0.6325250267982483 72 128 82 142
class 0.6006647348403931 176 125 186 137
class 0.5377233624458313 2 141 12 150
class 0.4598214030265808 5 135 16 148
class 0.4353819787502289 27 131 37 145
class 0.500813901424408 137 140 147 152
class 0.7137041091918945 0 156 8 168
class 0.5274669528007507 133 170 145 182
class 0.43648189306259155 168 163 177 174
class 0.5266855955123901 43 177 54 190
class 0.37307050824165344 55 175 66 186
class 0.6668490767478943 137 178 148 191
class 0.44135618209838867 120 191 129 199
