class 0.7683848738670349 31 1 41 13
class 0.7514762282371521 45 1 55 13
class 0.2858116030693054 5 12 17 24
class 0.5545107126235962 180 7 188 17
class 0.46118250489234924 4 24 11 36
class 0.3850669264793396 16 21 27 36
class 0.477812796831131 91 18 100 31
class 0.6192347407341003 49 35 59 46
class 0.5800917744636536 73 34 83 45
class 0.5303484797477722 168 28 177 39
class 0.5356668829917908 61 40 72 52
class 0.5213529467582703 112 56 122 67
class 0.6108118295669556 82 61 94 74
class 0.6336301565170288 104 68 115 82
class 0.6080304980278015 176 72 188 85
class 0.4420244097709656 84 86 95 99
class 0.6052549481391907 176 86 187 98
class 0.5156152248382568 37 97 47 110
class 0.579268753528595 114 95 125 108
class 0.45174622535705566 91 101 101 113
class 0.418387770652771 25 118 36 130
class 0.5050320029258728 38 118 47 130
class 0.37133848667144775 84 117 93 129
class 0.47119519114494324 107 115 116 128
class 0.5409224629402161 24 127 36 142
class 0.5870803594589233 165 122 176 134
class 0.7616358995437622 0 132 8 144
class 0.5409466624259949 15 132 23 142
class 0.5492711663246155 92 148 103 160
class 0.50739586353302 117 157 126 169
class 0.38857826590538025 100 163 111 179
class 0.5677966475486755 165 169 176 180
class 0.4478610157966614 26 182 35 192
class 0.6242042779922485 31 178 40 189
class 0.5213050842285156 63 176 73 189
class 0.48933151364326477 77 174 87 186
class 0.7062855958938599 0 187 10 199
class 0.6832224130630493 28 188 39 197
class 0.5200392603874207 104 186 115 198
