class 0.7531796097755432 171 0 180 6
class 0.48418673872947693 99 12 108 24
class 0.4313773810863495 191 12 199 24
class 0.5937217473983765 38 17 48 28
class 0.5648007392883301 102 24 111 36
class 0.6156105995178223 192 28 199 40
class 0.513163685798645 57 44 67 57
class 0.43829941749572754 121 37 131 48
class 0.5136992335319519 56 58 68 72
class 0.45974108576774597 13 70 23 81
class 0.4609695076942444 59 86 68 98
class 0.4923943281173706 142 87 152 99
class 0.30535709857940674 163 80 174 91
class 0.5003235340118408 19 93 30 105
class 0.6058169603347778 51 92 60 103
class 0.4347006678581238 17 104 28 116
class 0.5931810736656189 122 102 130 115
class 0.5354936718940735 148 106 157 118
class 0.21595200896263123 153 102 163 114
class 0.6168740391731262 21 111 31 123
class 0.10854637622833252 145 111 156 124
class 0.5122304558753967 123 127 132 140
class 0.39634352922439575 41 140 50 152
class 0.6520617008209229 191 133 199 144
class 0.6164057850837708 25 145 35 156
class 0.42059439420700073 58 150 66 160
class 0.1621888130903244 71 142 80 153
class 0.3559871017932892 171 147 183 157
class 0.7113692164421082 174 142 185 155
class 0.5727717280387878 6 152 17 165
class 0.48416846990585327 66 159 75 168
class 0.6892334222793579 160 156 171 170
class 0.21524961292743683 165 153 176 165
class 0.7796660661697388 22 180 33 193
class 0.11033101379871368 20 181 26 190
class 0.5388449430465698 84 173 95 186
class 0.47502952814102173 123 179 135 194
class 0.6319741606712341 49 188 60 199
class 0.5402201414108276 137 192 147 199
