class 0.6313612461090088 3 0 13 8
class 0.1987968385219574 7 0 16 7
class 0.5476456880569458 108 0 119 6
class 0.8035643100738525 117 2 127 13
class 0.3016226589679718 141 5 152 17
class 0.5615964531898499 180 8 189 18
class 0.32653626799583435 120 23 131 34
class 0.5519736409187317 11 32 21 44
class 0.5069724321365356 80 34 89 45
class 0.5862029790878296 92 34 100 46
class 0.42223963141441345 103 37 110 47
class 0.40613025426864624 191 38 199 49
class 0.569084882736206 49 54 59 67
class 0.5912488698959351 61 54 71 66
class 0.7156479358673096 192 50 199 62
class 0.5817238092422485 156 59 166 71
class 0.5504587888717651 103 76 113 87
class 0.6393755674362183 3 88 12 99
class 0.5447927713394165 114 86 124 97
class 0.6288697719573975 80 95 89 107
class 0.7125212550163269 2 108 6 119
class 0.4714515507221222 13 108 20 119
class 0.3661354184150696 25 101 35 115
class 0.5840052962303162 157 107 167 118
class 0.4314122498035431 189 115 198 128
class 0.8105782270431519 2 127 11 139
class 0.36990582942962646 15 120 23 134
class 0.5029747486114502 40 122 49 134
class 0.5261560082435608 91 129 102 141
class 0.36051201820373535 101 128 110 141
class 0.4325576722621918 46 146 54 158
class 0.6499356627464294 3 170 14 180
class 0.5595809817314148 117 177 127 189
class 0.546928346157074 151 180 162 192
class 0.633040726184845 167 175 178 187
class 0.6378113031387329 189 182 197 194
class 0.687242329120636 26 190 35 199
class 0.5930220484733582 169 189 179 199
