class 0.8389828205108643 105 0 115 9
class 0.4755781590938568 5 14 13 24
class 0.5094799399375916 153 12 165 23
class 0.5806223750114441 117 23 127 35
class 0.3856087625026703 186 16 196 27
class 0.4870028793811798 16 27 24 39
class 0.6476986408233643 177 29 190 42
class 0.4354453980922699 15 46 23 56
class 0.29314714670181274 33 43 41 54
class 0.585482120513916 54 41 64 56
class 0.43750423192977905 172 38 183 50
class 0.7633568644523621 3 54 12 65
class 0.6085770726203918 28 76 39 88
class 0.5463376641273499 86 70 96 82
class 0.5623156428337097 14 80 23 91
class 0.5960472226142883 63 80 73 93
class 0.5633972883224487 168 79 178 91
class 0.5194116234779358 44 98 54 110
class 0.5541478395462036 97 96 107 107
class 0.48474425077438354 101 97 112 108
class 0.46397683024406433 144 112 152 122
class 0.2045077234506607 69 129 78 142
class 0.50794517993927 114 129 123 141
class 0.37706276774406433 122 121 131 133
class 0.4685726463794708 9 132 20 145
class 0.613572895526886 143 142 154 155
class 0.5230008363723755 165 146 175 157
class 0.5397214293479919 120 155 130 166
class 0.6424669623374939 86 170 96 182
class 0.3523092567920685 163 165 172 177
class 0.5237745642662048 49 179 61 192
class 0.49894264340400696 140 174 149 186
class 0.5608532428741455 105 185 115 197
class 0.5344822406768799 127 187 137 199
