class 0.7631286978721619 94 2 104 14
class 0.6555103659629822 164 1 175 8
class 0.3384702205657959 37 8 45 23
class 0.5759181380271912 46 12 55 24
class 0.4382993280887604 120 5 130 18
class 0.48868528008461 169 12 178 23
class 0.2965672016143799 35 16 46 28
class 0.4296403229236603 130 22 142 34
class 0.4911806285381317 17 29 27 41
class 0.48214295506477356 193 33 199 47
class 0.5974535346031189 28 39 38 50
class 0.40584197640419006 46 42 57 56
class 0.44764047861099243 170 45 179 54
class 0.6929762959480286 0 49 7 60
class 0.654382586479187 31 74 41 85
class 0.32117149233818054 37 70 48 82
class 0.4698330760002136 93 76 104 89
class 0.4380548298358917 34 83 46 97
class 0.7618510127067566 95 83 107 97
class 0.5711575746536255 133 80 143 93
class 0.5916247963905334 133 90 142 103
class 0.6000241041183472 13 101 24 112
class 0.48157164454460144 17 108 28 119
class 0.2863987982273102 98 99 110 112
class 0.5519983768463135 132 102 142 114
class 0.36409106850624084 161 105 174 117
class 0.3325086534023285 23 124 33 137
class 0.705250084400177 2 139 13 152
class 0.7087700963020325 31 137 42 149
class 0.5082559585571289 37 135 48 148
class 0.5926137566566467 14 141 23 154
class 0.3249119520187378 47 143 61 156
class 0.4284040033817291 64 171 74 183
class 0.3589625656604767 141 165 151 177
class 0.4516772925853729 184 163 193 175
class 0.660568118095398 0 182 8 194
class 0.57737135887146 29 176 40 187
class 0.792057991027832 0 188 9 199
