class 0.7410468459129333 14 1 23 8
class 0.7421198487281799 138 1 148 9
class 0.1334613412618637 185 2 198 12
class 0.7044752240180969 0 8 5 21
class 0.4669775664806366 67 8 76 19
class 0.7210454940795898 178 7 190 17
class 0.1538415104150772 185 8 194 17
class 0.2541370689868927 58 22 69 36
class 0.390324205160141 144 23 152 34
class 0.22020000219345093 16 26 26 39
class 0.5917441844940186 66 33 79 48
class 0.4736774265766144 125 33 134 45
class 0.36139363050460815 140 31 151 46
class 0.6599730849266052 0 42 8 53
class 0.4621632993221283 39 38 48 50
class 0.3703186810016632 176 46 186 57
class 0.45228978991508484 77 47 89 62
class 0.4554777443408966 101 54 111 66
class 0.5566750168800354 127 47 138 61
class 0.18681445717811584 6 58 17 72
class 0.40716463327407837 77 62 89 75
class 0.5694504976272583 45 75 57 87
class 0.7376084327697754 0 80 6 93
class 0.4964205324649811 93 87 104 99
class 0.4496825337409973 153 80 163 92
class 0.42283865809440613 132 90 142 102
class 0.42320168018341064 56 100 68 114
class 0.6640787124633789 180 116 191 128
class 0.3732852041721344 100 127 110 139
class 0.4002789258956909 71 137 81 149
class 0.47278892993927 190 131 197 145
class 0.7166485786437988 3 153 11 165
class 0.5849465727806091 108 159 118 172
class 0.6206267476081848 170 157 181 168
class 0.38722023367881775 174 153 184 165
class 0.5410966873168945 88 170 98 182
class 0.41249343752861023 92 167 103 181
class 0.4659475088119507 139 171 150 182
class 0.5541201233863831 34 174 43 184
class 0.6595271825790405 167 189 178 199
