class 0.6870390176773071 33 0 44 8
class 0.5248964428901672 59 1 69 9
class 0.5788225531578064 155 6 165 21
class 0.6571753621101379 187 11 197 24
class 0.49974092841148376 38 21 48 33
class 0.5002543926239014 58 20 69 30
class 0.5369725227355957 165 20 174 33
class 0.853972852230072 0 34 9 47
class 0.5357604622840881 137 35 146 47
class 0.5728501677513123 98 44 109 58
class 0.7572782039642334 192 44 199 56
class 0.5627685189247131 28 50 38 61
class 0.644415020942688 92 48 102 60
class 0.5734261274337769 151 52 162 66
class 0.16204512119293213 0 59 5 73
class 0.8899120688438416 1 60 11 73
class 0.4840189516544342 31 63 41 75
class 0.42112693190574646 38 59 47 71
class 0.4739144444465637 44 74 54 86
class 0.5301429033279419 71 77 82 88
class 0.36685097217559814 79 80 90 94
class 0.43545156717300415 108 86 120 101
class 0.45928582549095154 65 90 75 102
class 0.4689061641693115 133 109 142 120
class 0.42425692081451416 162 107 173 120
class 0.47034361958503723 42 112 52 124
class 0.42200469970703125 64 112 74 124
class 0.7077232003211975 4 129 13 141
class 0.5679956674575806 139 132 149 145
class 0.5584271550178528 181 138 191 150
class 0.41884830594062805 127 143 137 154
class 0.35330474376678467 149 148 160 162
class 0.5168063640594482 59 164 70 177
class 0.4318346381187439 47 180 59 191
class 0.4436051845550537 75 182 85 194
class 0.5713984370231628 150 178 160 191
class 0.5892289876937866 41 188 51 197
