class 0.6605144143104553 151 2 159 12
class 0.7913153171539307 2 13 12 25
class 0.46434250473976135 21 28 32 42
class 0.5933067202568054 103 26 113 38
class 0.2150629162788391 177 35 190 46
class 0.3880552351474762 74 37 84 49
class 0.4801609218120575 144 37 153 49
class 0.43824318051338196 161 38 173 51
class 0.8453246355056763 181 38 192 53
class 0.7063936591148376 82 52 92 63
class 0.13479086756706238 82 53 88 60
class 0.5706190466880798 96 53 107 65
class 0.38645315170288086 131 56 141 67
class 0.5843946933746338 158 50 167 62
class 0.5507451891899109 17 64 27 78
class 0.2817316949367523 72 57 82 70
class 0.5416826009750366 143 65 152 78
class 0.17883411049842834 143 74 152 86
class 0.4424186646938324 59 85 69 98
class 0.4532846510410309 141 84 151 97
class 0.6099761724472046 176 86 186 97
class 0.3260263502597809 102 92 111 104
class 0.6074888110160828 148 93 156 104
class 0.6223622560501099 31 108 40 119
class 0.40195298194885254 74 108 84 119
class 0.5448428392410278 149 101 159 113
class 0.3414914608001709 109 118 121 130
class 0.4920484125614166 123 119 134 131
class 0.43370968103408813 63 120 73 133
class 0.4756180942058563 90 123 100 136
class 0.4455278515815735 171 133 182 146
class 0.5185829401016235 179 140 190 151
class 0.36349233984947205 127 152 136 162
class 0.4748556315898895 182 145 192 156
class 0.5098075270652771 12 154 23 167
class 0.5747588872909546 64 187 74 198
class 0.5375939607620239 80 189 91 199
class 0.6186828017234802 128 186 139 199
