class 0.6709917187690735 16 0 27 8
class 0.8387898802757263 157 2 167 15
class 0.8081839084625244 187 1 197 12
class 0.6341971158981323 80 24 90 36
class 0.5545827746391296 179 24 189 36
class 0.7370637059211731 0 26 7 38
class 0.4065859019756317 17 26 27 38
class 0.5888404250144958 72 27 82 38
class 0.5867675542831421 109 30 117 42
class 0.5758088827133179 18 55 29 68
class 0.5681324005126953 135 49 145 61
class 0.6739018559455872 171 62 183 76
class 0.3794936537742615 7 74 18 88
class 0.27009493112564087 164 69 174 81
class 0.4164007008075714 47 85 59 98
class 0.5047024488449097 119 86 130 99
class 0.46724534034729004 167 87 179 99
class 0.22738884389400482 173 86 186 98
class 0.5779521465301514 38 93 48 105
class 0.3486393690109253 121 91 132 103
class 0.7198753952980042 1 100 9 112
class 0.5155481696128845 38 103 48 117
class 0.5470468997955322 72 108 82 120
class 0.5274035334587097 175 104 186 116
class 0.4699198305606842 41 141 50 152
class 0.47656920552253723 128 135 137 145
class 0.6482492685317993 194 138 199 150
class 0.3494787812232971 110 144 122 158
class 0.49180278182029724 127 148 139 160
class 0.5266686081886292 140 147 149 158
class 0.5136181116104126 151 153 161 164
class 0.43521565198898315 158 164 168 176
class 0.5143784284591675 15 177 25 187
class 0.609336256980896 66 177 75 188
class 0.25819721817970276 49 192 60 199
class 0.43228116631507874 63 189 74 199
class 0.5996688008308411 75 188 85 198
