class 0.41873759031295776 152 3 160 13
class 0.501000702381134 44 12 54 25
class 0.562493085861206 85 8 95 19
class 0.2854680120944977 130 16 142 30
class 0.6305193901062012 18 33 28 45
class 0.4342218041419983 71 55 80 67
class 0.5413272380828857 39 58 48 70
class 0.37145572900772095 141 65 151 78
class 0.6112401485443115 145 66 156 77
class 0.5597530603408813 50 70 60 82
class 0.3875855803489685 90 69 100 82
class 0.6520252227783203 134 76 144 88
class 0.5492945909500122 150 95 159 106
class 0.4601074159145355 145 106 155 118
class 0.8086865544319153 0 115 6 128
class 0.5461133718490601 82 118 93 130
class 0.5087641477584839 15 126 24 138
class 0.25852257013320923 18 126 32 138
class 0.2855764925479889 148 129 157 140
class 0.6750413775444031 193 126 199 137
class 0.37526580691337585 15 139 23 148
class 0.6279365420341492 81 138 92 150
class 0.5220417976379395 125 133 135 143
class 0.4120062291622162 165 133 174 143
class 0.5421091914176941 30 145 40 157
class 0.39533334970474243 74 149 83 160
class 0.5950297117233276 134 142 144 155
class 0.5634865164756775 162 147 171 159
class 0.5025320649147034 151 155 161 167
class 0.5215637683868408 53 169 66 184
class 0.4083278477191925 88 164 99 177
class 0.34566161036491394 174 163 185 178
class 0.6660746932029724 20 191 30 199
class 0.6573611497879028 35 187 46 198
class 0.49166953563690186 124 192 134 199
