class 0.774918794631958 33 0 44 8
class 0.5471524000167847 101 2 111 10
class 0.7884714603424072 139 2 149 11
class 0.6033876538276672 83 6 94 20
class 0.3673945367336273 108 9 118 21
class 0.219095841050148 141 5 151 17
class 0.6223111152648926 168 14 178 25
class 0.2994328439235687 88 16 100 29
class 0.19279377162456512 122 19 132 31
class 0.22853173315525055 5 35 13 46
class 0.725896418094635 11 31 21 45
class 0.32068976759910583 17 25 26 40
class 0.3857954144477844 191 26 198 39
class 0.24589720368385315 107 45 116 56
class 0.458575576543808 82 47 91 59
class 0.32539084553718567 164 51 174 64
class 0.550017237663269 14 61 23 72
class 0.44350406527519226 164 59 174 72
class 0.5408874750137329 135 76 145 87
class 0.27598753571510315 186 75 195 90
class 0.5295860171318054 126 80 135 94
class 0.594649076461792 67 102 78 116
class 0.29546573758125305 71 101 83 113
class 0.4142107665538788 28 117 37 129
class 0.4894673526287079 15 123 25 136
class 0.4256931245326996 48 124 58 138
class 0.43891504406929016 18 133 28 144
class 0.615896463394165 183 138 193 151
class 0.4795583486557007 15 148 24 157
class 0.49212074279785156 73 150 82 162
class 0.7250156402587891 0 153 8 166
class 0.40531080961227417 152 157 161 168
class 0.5725634098052979 152 170 161 180
class 0.45235127210617065 31 176 42 188
class 0.6232670545578003 168 179 180 192
class 0.5736536979675293 57 192 67 199
class 0.7409332990646362 65 189 76 199
class 0.19039562344551086 61 193 69 198
class 0.48715445399284363 71 187 82 198
