class 0.5369959473609924 16 6 23 16
class 0.49605339765548706 35 7 43 18
class 0.4527500867843628 54 6 64 17
class 0.4034309387207031 121 11 132 25
class 0.6526991724967957 1 18 9 29
class 0.6491574645042419 193 18 199 28
class 0.6669148802757263 73 35 83 45
class 0.22976310551166534 81 34 91 46
class 0.6094808578491211 85 37 99 50
class 0.27034667134284973 180 46 190 57
class 0.5107059478759766 186 45 196 56
class 0.41884899139404297 15 55 28 67
class 0.36199086904525757 7 58 18 72
class 0.6048355102539062 184 61 192 72
class 0.4804401397705078 101 69 112 82
class 0.5237759947776794 165 87 175 99
class 0.5004248023033142 10 103 20 113
class 0.5119708180427551 112 99 122 112
class 0.4344646632671356 128 100 138 113
class 0.5144824385643005 176 105 187 117
class 0.43486759066581726 158 116 168 127
class 0.4367617964744568 188 114 197 126
class 0.47338470816612244 109 122 120 135
class 0.3878543972969055 130 122 141 135
class 0.558497965335846 92 132 102 144
class 0.3554062843322754 57 142 66 153
class 0.5337980389595032 187 143 196 156
class 0.6092501878738403 8 155 21 169
class 0.45923441648483276 55 169 65 180
class 0.6053977012634277 82 170 93 184
class 0.49137455224990845 160 164 171 176
class 0.47343510389328003 172 169 183 181
class 0.7423241138458252 2 182 11 193
class 0.35312703251838684 7 176 17 198
class 0.47363704442977905 12 181 20 193
class 0.5978289842605591 61 181 71 195
class 0.6138681769371033 172 192 182 199
class 0.5675377249717712 179 186 190 197
