class 0.7103097438812256 39 0 50 7
class 0.4805877208709717 121 0 132 9
class 0.6546884179115295 12 11 22 24
class 0.5846659541130066 30 5 40 20
class 0.6590843796730042 114 12 123 27
class 0.45088890194892883 192 7 199 18
class 0.4136243760585785 37 17 47 29
class 0.5801568627357483 115 31 124 42
class 0.6553833484649658 4 55 14 66
class 0.5652074217796326 33 50 43 62
class 0.6392966508865356 51 47 61 59
class 0.7290604710578918 192 47 199 60
class 0.5331997871398926 148 66 156 78
class 0.6589959263801575 38 76 47 89
class 0.4594896137714386 95 75 105 87
class 0.5835704803466797 111 85 121 98
class 0.6455625891685486 133 81 143 95
class 0.5616089701652527 147 80 155 93
class 0.6337602734565735 179 80 190 91
class 0.32431086897850037 113 90 124 102
class 0.467094749212265 105 107 115 118
class 0.47254836559295654 143 108 152 120
class 0.40231847763061523 88 119 98 130
class 0.5343773365020752 122 118 132 130
class 0.56443190574646 164 117 175 128
class 0.44426292181015015 97 120 108 136
class 0.3979088366031647 120 132 130 145
class 0.40244945883750916 31 150 41 163
class 0.4923805296421051 46 142 55 154
class 0.38921141624450684 151 151 161 162
class 0.2550945580005646 46 153 60 165
class 0.41550251841545105 83 161 93 173
class 0.403672456741333 121 160 130 170
class 0.4981529116630554 41 170 50 181
class 0.10091586410999298 131 173 140 182
class 0.5720324516296387 127 177 138 189
class 0.5324174165725708 137 177 149 189
class 0.655299961566925 32 192 43 199
class 0.5981212258338928 49 188 61 199
class 0.5038156509399414 77 192 88 199
