class 0.6893375515937805 3 0 14 7
class 0.8276928067207336 19 0 29 8
class 0.776352047920227 41 1 51 15
class 0.45410510897636414 59 4 68 14
class 0.5177954435348511 152 1 160 13
class 0.3878523111343384 57 8 70 21
class 0.46310773491859436 31 18 40 31
class 0.5284598469734192 54 38 64 49
class 0.3459392189979553 109 37 121 49
class 0.5556321144104004 151 43 159 55
class 0.5719841718673706 40 55 51 66
class 0.5236527919769287 112 53 120 65
class 0.4065191149711609 5 58 17 71
class 0.5840139985084534 45 64 58 79
class 0.43717071413993835 112 63 121 75
class 0.41672617197036743 15 87 25 97
class 0.46169576048851013 9 93 20 106
class 0.5557923316955566 19 96 30 108
class 0.4406362473964691 37 92 48 105
class 0.6922014355659485 0 113 6 125
class 0.5005035400390625 112 110 121 122
class 0.5997731685638428 130 117 141 129
class 0.7008410692214966 140 121 151 135
class 0.5101814270019531 17 133 28 148
class 0.5493940711021423 98 138 109 150
class 0.47061195969581604 131 134 141 146
class 0.6592392921447754 149 133 158 146
class 0.7082952857017517 181 146 192 157
class 0.5011006593704224 46 152 55 165
class 0.5084360241889954 66 158 75 170
class 0.5349674820899963 162 158 172 169
class 0.5045177936553955 167 161 178 171
class 0.5100843906402588 25 164 34 175
class 0.3603169620037079 37 171 50 184
class 0.6357485055923462 92 167 100 179
class 0.3649982511997223 120 171 130 183
class 0.5944764614105225 45 176 55 187
