class 0.6533899903297424 14 3 24 13
class 0.7310342192649841 38 1 48 12
class 0.5652380585670471 69 0 80 9
class 0.13067574799060822 120 1 129 9
class 0.6855319142341614 124 0 134 11
class 0.6609577536582947 134 0 143 6
class 0.5502641201019287 96 9 106 21
class 0.33213794231414795 38 17 48 30
class 0.5589490532875061 188 22 199 34
class 0.7636143565177917 3 33 13 44
class 0.5540122389793396 102 35 110 46
class 0.45083001255989075 187 36 198 50
class 0.5389081239700317 34 54 45 67
class 0.4676462411880493 45 48 57 60
class 0.5504523515701294 189 49 199 63
class 0.579807698726654 160 62 169 74
class 0.5291581153869629 17 76 27 88
class 0.49703454971313477 117 70 128 82
class 0.5247745513916016 190 76 198 89
class 0.5615028142929077 20 85 31 94
class 0.4643508791923523 101 86 111 98
class 0.48412853479385376 126 80 134 92
class 0.5268795490264893 29 90 39 101
class 0.480657160282135 135 90 145 103
class 0.4267714321613312 10 105 22 117
class 0.5115934014320374 48 108 58 121
class 0.49660584330558777 115 100 125 112
class 0.5071495771408081 109 110 119 123
class 0.5753706097602844 148 114 159 126
class 0.813771665096283 192 112 199 125
class 0.42219409346580505 141 125 153 138
class 0.6432405710220337 165 127 176 139
class 0.5561133623123169 124 139 135 150
class 0.6254198551177979 89 142 98 154
class 0.35911381244659424 6 158 16 170
class 0.6355616450309753 109 164 120 177
class 0.20183657109737396 156 173 167 183
class 0.6772503852844238 157 177 168 188
class 0.663880467414856 39 189 51 199
class 0.4799744784832001 97 185 107 197
