class 0.7466858625411987 33 0 43 9
class 0.7547020316123962 43 0 53 9
class 0.4370879530906677 85 11 95 25
class 0.5825498700141907 119 11 128 22
class 0.15844301879405975 122 8 132 18
class 0.5253353118896484 20 16 28 27
class 0.3956111967563629 59 22 68 36
class 0.5418729782104492 124 45 133 56
class 0.1836216300725937 170 46 183 56
class 0.7121608853340149 177 40 187 53
class 0.4709317982196808 189 37 199 50
class 0.39714568853378296 166 49 176 61
class 0.5440078377723694 62 65 71 77
class 0.5026183128356934 104 58 113 70
class 0.3837238848209381 63 68 74 81
class 0.4661368131637573 159 70 168 82
class 0.3374271094799042 161 85 174 98
class 0.38825640082359314 35 102 47 116
class 0.5208422541618347 48 106 58 118
class 0.10655966401100159 99 99 109 112
class 0.34505224227905273 118 107 127 119
class 0.5268319249153137 17 117 28 129
class 0.42622336745262146 6 122 17 134
class 0.4189418852329254 102 120 111 134
class 0.4108642041683197 132 138 142 150
class 0.5733875036239624 164 133 175 144
class 0.39654263854026794 76 151 87 162
class 0.6250348091125488 73 153 84 165
class 0.5859937071800232 119 157 129 169
class 0.4004514515399933 186 160 196 172
class 0.5066559314727783 19 167 27 180
class 0.5088198184967041 42 174 50 186
class 0.594041645526886 120 175 130 187
class 0.3481174409389496 146 176 159 188
class 0.6468233466148376 157 178 167 191
class 0.44778940081596375 172 181 183 193
class 0.5770836472511292 68 190 77 199
class 0.49539780616760254 85 186 95 198
