class 0.6588519215583801 17 0 27 9
class 0.7129267454147339 72 2 83 14
class 0.45630961656570435 100 0 111 8
class 0.734794557094574 134 3 143 14
class 0.3250180780887604 46 12 55 25
class 0.3099086582660675 76 5 86 20
class 0.5707036852836609 193 12 199 26
class 0.2608909606933594 65 17 74 30
class 0.5372481346130371 107 34 116 45
class 0.5236061215400696 15 37 24 49
class 0.5786280035972595 54 45 64 55
class 0.5727930068969727 132 43 143 55
class 0.4610896706581116 139 52 153 67
class 0.48219385743141174 35 58 47 71
class 0.513831377029419 64 58 74 71
class 0.5083792805671692 182 58 191 69
class 0.471214234828949 104 71 112 85
class 0.427386075258255 119 76 130 89
class 0.5807835459709167 48 96 59 107
class 0.43823137879371643 86 90 95 102
class 0.28577813506126404 107 97 117 110
class 0.722073495388031 2 100 12 113
class 0.40900999307632446 111 105 120 117
class 0.6389275193214417 38 116 48 128
class 0.41804108023643494 15 129 24 139
class 0.6213802099227905 18 134 31 147
class 0.5705884695053101 189 140 198 152
class 0.48084184527397156 57 144 67 156
class 0.41094347834587097 99 151 107 160
class 0.4397595524787903 130 150 140 161
class 0.5172535181045532 173 148 185 160
class 0.5937392115592957 109 155 119 166
class 0.5518628358840942 6 168 18 185
class 0.6384705901145935 21 167 30 180
class 0.5726732015609741 93 167 103 181
class 0.6053685545921326 105 181 115 196
class 0.31526002287864685 29 188 38 199
