class 0.663020133972168 8 1 17 11
class 0.7668169736862183 30 0 40 14
class 0.7703531980514526 51 0 63 9
class 0.5883134603500366 79 0 90 11
class 0.744140625 138 1 148 9
class 0.42177578806877136 22 5 31 19
class 0.6343616843223572 42 13 50 25
class 0.40055930614471436 61 6 71 19
class 0.5202669501304626 80 23 90 34
class 0.34859973192214966 123 25 134 36
class 0.4585110545158386 147 34 157 47
class 0.8222198486328125 174 35 188 46
class 0.1343543827533722 179 37 186 44
class 0.5827956795692444 61 37 71 49
class 0.4343855082988739 77 43 88 57
class 0.5741037726402283 126 39 136 52
class 0.5805903077125549 161 44 173 55
class 0.47369852662086487 34 85 47 100
class 0.4123924672603607 34 87 42 97
class 0.3740333616733551 56 91 65 104
class 0.5034211874008179 113 97 125 110
class 0.4153323769569397 97 103 107 114
class 0.4191185534000397 11 111 22 123
class 0.4443639814853668 140 110 152 123
class 0.5298165678977966 49 129 60 141
class 0.5215257406234741 183 126 193 139
class 0.4566606283187866 189 130 199 140
class 0.6165274977684021 63 139 75 151
class 0.6379905939102173 187 137 198 149
class 0.316600501537323 79 149 90 162
class 0.5166631937026978 114 149 124 161
class 0.42152246832847595 174 142 185 154
class 0.5034464597702026 151 158 161 170
class 0.5138070583343506 105 168 117 181
class 0.4221329092979431 173 173 185 186
class 0.39699164032936096 192 183 199 194
class 0.40120354294776917 50 186 59 195
