class 0.8136381506919861 41 0 53 9
class 0.7345866560935974 73 2 83 15
class 0.6987931132316589 81 0 91 7
class 0.834109365940094 164 1 175 12
class 0.4054061472415924 49 5 59 18
class 0.5424066781997681 11 16 21 29
class 0.509575605392456 31 21 40 33
class 0.5328348278999329 90 44 100 55
class 0.8139930963516235 0 52 8 63
class 0.43870922923088074 142 53 152 64
class 0.7398751378059387 188 48 199 62
class 0.43861818313598633 48 60 58 72
class 0.7862978577613831 0 76 6 88
class 0.6671591997146606 193 76 199 89
class 0.465116411447525 142 81 153 94
class 0.44482654333114624 161 91 173 103
class 0.3932044506072998 26 107 37 119
class 0.4106464385986328 67 102 78 116
class 0.13884642720222473 72 104 83 115
class 0.30952563881874084 79 102 90 115
class 0.39045798778533936 131 106 142 120
class 0.6610317230224609 0 117 4 130
class 0.5638161897659302 11 114 21 127
class 0.6474211812019348 36 117 49 130
class 0.4086455702781677 54 119 65 130
class 0.3169533610343933 118 115 127 126
class 0.5821962952613831 151 127 163 140
class 0.5374300479888916 124 133 133 145
class 0.35888275504112244 56 151 66 162
class 0.3895196318626404 82 149 92 162
class 0.45228269696235657 133 147 142 160
class 0.47590547800064087 67 159 78 169
class 0.5083082318305969 146 155 157 168
class 0.5969464778900146 81 167 94 180
class 0.38733887672424316 192 163 199 175
class 0.49156150221824646 22 178 32 189
class 0.5769989490509033 106 173 117 186
class 0.5143972039222717 127 173 139 187
class 0.5051515698432922 15 191 25 199
class 0.5235064029693604 168 185 178 197
