class 0.7784358263015747 29 0 39 10
class 0.3043726086616516 108 9 123 22
class 0.5127843618392944 184 7 191 18
class 0.44647520780563354 189 7 198 18
class 0.4190897047519684 194 8 199 18
class 0.7353864312171936 4 18 13 30
class 0.5214609503746033 17 21 26 35
class 0.29234039783477783 109 16 120 28
class 0.47488605976104736 28 27 36 38
class 0.38882383704185486 122 33 131 45
class 0.5190673470497131 57 42 68 56
class 0.46792346239089966 133 45 143 57
class 0.7981892228126526 0 50 7 62
class 0.5926324129104614 15 53 24 68
class 0.43503352999687195 80 49 90 62
class 0.43636542558670044 167 48 176 58
class 0.520816445350647 113 66 123 78
class 0.718832790851593 0 69 6 81
class 0.38891956210136414 86 76 96 89
class 0.518065869808197 103 69 113 81
class 0.20552074909210205 112 90 121 103
class 0.5029882192611694 22 108 33 120
class 0.42766597867012024 159 101 170 112
class 0.6405640840530396 167 106 176 116
class 0.6973859071731567 154 118 164 130
class 0.519943356513977 171 116 183 129
class 0.41930148005485535 24 126 36 140
class 0.5763942003250122 85 128 95 139
class 0.6728253364562988 146 126 156 138
class 0.3788951635360718 15 132 23 143
class 0.47131842374801636 107 147 118 162
class 0.40260839462280273 165 160 176 172
class 0.6121072769165039 191 160 199 172
class 0.47528699040412903 147 165 158 179
class 0.4746204614639282 15 189 24 199
class 0.4986861050128937 45 188 55 197
class 0.3220592141151428 57 190 66 199
class 0.4728510081768036 85 185 96 197
class 0.46006494760513306 98 190 109 199
class 0.6028801202774048 143 185 154 197
