class 0.6731546521186829 66 2 76 12
class 0.5940520167350769 12 14 22 26
class 0.4755587875843048 149 15 160 28
class 0.4957800507545471 29 27 38 40
class 0.3903815448284149 67 26 78 39
class 0.41920921206474304 159 29 168 41
class 0.4965555965900421 162 41 173 54
class 0.6054434180259705 187 43 196 54
class 0.7056114673614502 2 50 12 62
class 0.5683369636535645 34 54 47 69
class 0.5261272192001343 81 47 91 59
class 0.5362130999565125 115 52 125 65
class 0.4583394527435303 24 63 32 74
class 0.401172012090683 121 75 132 88
class 0.43725115060806274 88 81 99 93
class 0.5639169812202454 160 86 170 97
class 0.5349364280700684 46 96 56 110
class 0.5261536836624146 50 92 59 104
class 0.8614704012870789 0 101 10 114
class 0.5950204133987427 54 101 63 112
class 0.5899959802627563 93 107 104 119
class 0.5315979719161987 101 107 114 120
class 0.5648201107978821 126 101 136 114
class 0.5448644161224365 18 117 30 131
class 0.7469423413276672 0 129 9 142
class 0.5382058620452881 76 127 86 139
class 0.47830936312675476 79 122 90 133
class 0.568484902381897 187 128 197 141
class 0.4828670620918274 154 138 162 148
class 0.5801827311515808 167 137 178 148
class 0.46020787954330444 156 149 165 162
class 0.5710887908935547 35 161 46 172
class 0.6136189103126526 84 160 94 172
class 0.5300469398498535 170 171 179 182
class 0.5513454079627991 32 174 42 186
class 0.2858451008796692 47 185 56 195
class 0.6090815663337708 171 185 181 197
