class 0.7789952754974365 11 2 20 12
class 0.5434004068374634 98 1 108 10
class 0.7177891135215759 105 3 115 14
class 0.3056386411190033 185 14 195 26
class 0.5606260895729065 32 30 42 44
class 0.4303319752216339 72 33 82 45
class 0.4776543378829956 130 31 140 45
class 0.5436940789222717 69 39 79 53
class 0.5630384683609009 70 52 79 64
class 0.215007483959198 173 49 183 64
class 0.5822688937187195 179 51 191 63
class 0.3046335279941559 186 51 196 64
class 0.5034320950508118 20 73 30 84
class 0.4896847903728485 28 75 38 88
class 0.4477792978286743 80 70 90 82
class 0.35540780425071716 98 69 111 82
class 0.45740002393722534 151 73 163 87
class 0.2909497618675232 174 67 184 84
class 0.6929976940155029 2 81 11 93
class 0.4786566197872162 49 87 61 99
class 0.26143088936805725 58 86 69 99
class 0.34631282091140747 191 79 199 92
class 0.4248845875263214 162 95 172 108
class 0.4566324055194855 190 91 198 103
class 0.46742963790893555 36 100 46 112
class 0.5471519231796265 59 116 69 128
class 0.6327492594718933 99 128 109 141
class 0.7866030931472778 0 137 8 148
class 0.4504576027393341 173 132 185 146
class 0.39249083399772644 15 150 25 162
class 0.49942001700401306 100 142 111 155
class 0.3115326762199402 47 154 56 166
class 0.35457292199134827 51 157 62 170
class 0.4626973867416382 74 155 83 167
class 0.43894442915916443 85 159 96 172
class 0.30763694643974304 130 159 141 171
class 0.30447709560394287 34 171 45 181
class 0.5869943499565125 127 173 138 186
class 0.639431893825531 30 191 39 199
class 0.5591129660606384 104 185 114 197
