class 0.822351336479187 0 1 7 12
class 0.7927685976028442 95 0 105 9
class 0.6526971459388733 174 4 186 15
class 0.5982494950294495 22 10 32 24
class 0.5581327676773071 189 17 197 28
class 0.44367220997810364 16 44 26 56
class 0.5785720944404602 157 47 166 56
class 0.5214281678199768 27 54 38 66
class 0.5783379673957825 65 54 74 65
class 0.7629141807556152 2 62 12 73
class 0.44559502601623535 24 60 32 72
class 0.5587027668952942 48 60 59 73
class 0.3010820746421814 104 58 115 69
class 0.36276277899742126 171 69 183 82
class 0.4695778489112854 182 70 192 82
class 0.3279312252998352 77 82 87 94
class 0.24652202427387238 130 87 141 98
class 0.7668526768684387 2 92 9 104
class 0.5846885442733765 13 96 21 108
class 0.7271533608436584 2 101 11 113
class 0.6308364868164062 102 101 112 112
class 0.4728323817253113 116 101 126 111
class 0.6249715685844421 145 114 156 126
class 0.6060699224472046 170 113 181 125
class 0.4969928562641144 52 122 62 134
class 0.7489469051361084 1 137 13 150
class 0.7340782284736633 50 141 60 151
class 0.5120265483856201 82 132 92 144
class 0.10141701996326447 54 142 63 153
class 0.23448103666305542 99 144 113 156
class 0.4426381587982178 130 149 139 160
class 0.569977343082428 97 161 107 172
class 0.43784379959106445 159 161 169 172
class 0.618050217628479 54 171 64 183
class 0.5513156652450562 85 163 96 175
class 0.5249000787734985 15 178 25 190
class 0.65498286485672 22 177 34 189
class 0.5232713222503662 46 192 56 199
