class 0.40475571155548096 56 23 66 34
class 0.49827444553375244 103 25 112 36
class 0.4453712999820709 133 18 142 30
class 0.5857966542243958 40 32 51 46
class 0.5015999674797058 55 31 68 44
class 0.7245954275131226 179 31 192 44
class 0.4997512996196747 136 45 145 56
class 0.3522678017616272 184 40 195 54
class 0.5081297755241394 109 49 118 62
class 0.33659428358078003 39 66 48 78
class 0.5075889229774475 86 65 95 77
class 0.7201737761497498 37 73 48 85
class 0.4466020166873932 59 69 68 80
class 0.4466371536254883 130 70 141 82
class 0.5318833589553833 164 77 174 88
class 0.8109102845191956 1 86 10 99
class 0.5686348080635071 155 84 163 96
class 0.2972486913204193 0 90 6 101
class 0.39756837487220764 42 98 51 109
class 0.47116532921791077 183 91 193 104
class 0.45257413387298584 70 101 79 113
class 0.5727782845497131 133 104 144 117
class 0.4961957037448883 104 113 114 125
class 0.4732862710952759 119 118 129 130
class 0.5931827425956726 176 118 187 131
class 0.5312747359275818 45 133 54 145
class 0.47048988938331604 69 133 79 143
class 0.8032596111297607 1 150 11 162
class 0.4641890823841095 140 145 152 157
class 0.6810869574546814 56 155 65 166
class 0.4792710244655609 73 155 82 165
class 0.6201362013816833 127 156 139 168
class 0.563170850276947 148 155 160 168
class 0.3001314103603363 16 164 24 174
class 0.5825777053833008 99 174 108 186
class 0.6225391626358032 140 189 151 199
class 0.10119934380054474 144 192 155 199
class 0.49427276849746704 173 187 183 198
