class 0.47049808502197266 93 17 102 29
class 0.44205814599990845 139 24 150 36
class 0.6237399578094482 171 17 180 31
class 0.43702632188796997 75 29 83 43
class 0.2644168436527252 104 26 112 37
class 0.4299509823322296 143 33 152 44
class 0.6453365683555603 23 55 33 67
class 0.4593707025051117 54 48 63 60
class 0.25638556480407715 70 53 79 67
class 0.44730156660079956 106 55 115 67
class 0.20691503584384918 161 47 173 59
class 0.3801202178001404 39 73 49 86
class 0.6370206475257874 146 77 157 87
class 0.6680994629859924 132 85 143 98
class 0.2730541527271271 68 91 78 103
class 0.5175544023513794 130 91 142 105
class 0.45554491877555847 21 107 31 119
class 0.5794709920883179 105 104 115 117
class 0.29821065068244934 121 100 132 115
class 0.29730740189552307 47 116 58 129
class 0.5359979867935181 42 129 51 140
class 0.3584013879299164 109 121 121 135
class 0.4898720979690552 147 133 156 144
class 0.44882234930992126 4 150 14 162
class 0.4589609205722809 43 149 52 161
class 0.3736836016178131 124 150 133 162
class 0.524757444858551 155 144 163 156
class 0.6232045292854309 188 148 197 160
class 0.6185099482536316 125 159 134 171
class 0.5114465355873108 15 164 24 174
class 0.6702306270599365 52 166 63 177
class 0.6559657454490662 95 167 106 179
class 0.6894258856773376 169 178 178 190
class 0.5273746848106384 89 190 99 199
class 0.7303726077079773 93 189 106 199
class 0.6073196530342102 141 186 151 198
class 0.5312727093696594 181 187 192 198
