class 0.5371781587600708 4 0 12 10
class 0.5793132185935974 6 3 16 11
class 0.6892977356910706 45 0 55 5
class 0.803110659122467 82 1 92 12
class 0.5028040409088135 151 0 161 7
class 0.49850279092788696 9 22 18 34
class 0.45295441150665283 14 27 23 39
class 0.5285274386405945 67 37 78 50
class 0.5757434368133545 113 41 122 53
class 0.48854517936706543 128 45 137 57
class 0.5823690891265869 156 44 165 56
class 0.7682715654373169 191 40 199 54
class 0.5755072832107544 23 54 35 68
class 0.3304949998855591 5 58 12 70
class 0.5064857602119446 24 59 33 72
class 0.5540083646774292 160 65 169 77
class 0.5207505226135254 177 73 188 85
class 0.5205107927322388 124 85 134 97
class 0.3034673035144806 172 83 184 98
class 0.7255610823631287 2 92 11 102
class 0.5743363499641418 166 107 176 119
class 0.5311040282249451 17 111 26 122
class 0.5510967373847961 71 116 81 129
class 0.42075058817863464 100 117 111 130
class 0.580786406993866 29 123 38 135
class 0.5270412564277649 38 121 48 134
class 0.5048810243606567 94 126 102 139
class 0.5373674035072327 112 127 123 139
class 0.45330971479415894 0 133 7 146
class 0.4820905327796936 20 131 29 145
class 0.7276675701141357 4 145 13 156
class 0.5053775906562805 118 148 128 160
class 0.5214755535125732 189 145 198 160
class 0.5219061970710754 36 166 45 177
class 0.5405052304267883 108 180 117 192
class 0.6237199902534485 29 187 40 197
class 0.512589693069458 63 190 73 199
class 0.5917406678199768 169 188 179 198
