class 0.6478058099746704 185 2 196 14
class 0.5900102257728577 45 8 54 20
class 0.6269750595092773 62 6 73 19
class 0.2995218336582184 78 12 88 24
class 0.5838989615440369 148 7 157 20
class 0.5175279974937439 171 8 181 20
class 0.519636332988739 140 30 148 41
class 0.5246413350105286 178 40 188 50
class 0.36360183358192444 27 49 36 62
class 0.4453337788581848 54 48 64 61
class 0.6222444176673889 74 50 84 61
class 0.4949776530265808 125 49 134 61
class 0.5538288354873657 154 51 166 66
class 0.4902636408805847 163 48 175 61
class 0.5164323449134827 36 61 46 75
class 0.5145522952079773 127 64 136 77
class 0.5317947864532471 8 74 18 86
class 0.5639679431915283 101 86 111 98
class 0.49299517273902893 165 96 176 108
class 0.35724061727523804 91 107 101 121
class 0.5809805989265442 159 105 170 118
class 0.5584560632705688 144 117 156 129
class 0.3810833990573883 111 120 122 135
class 0.6075677275657654 191 124 199 135
class 0.6390208601951599 70 137 80 150
class 0.6134128570556641 122 133 133 146
class 0.6026037931442261 174 135 185 149
class 0.5686674118041992 188 135 198 147
class 0.6249530911445618 139 148 150 161
class 0.7433128356933594 1 158 10 169
class 0.5228583216667175 73 155 83 168
class 0.47200220823287964 110 154 120 165
class 0.43774861097335815 96 163 107 176
class 0.3778769373893738 68 180 77 190
class 0.45074746012687683 60 187 70 198
class 0.37032821774482727 186 191 195 199
