class 0.7573674321174622 81 3 91 15
class 0.5509228706359863 88 8 97 17
class 0.5650365352630615 92 7 103 18
class 0.32304829359054565 56 24 66 36
class 0.5909523963928223 160 22 170 35
class 0.37484487891197205 35 41 46 55
class 0.4569794535636902 102 37 111 49
class 0.6552109122276306 189 41 198 54
class 0.379708856344223 23 50 33 62
class 0.46512970328330994 142 51 153 64
class 0.2631992995738983 66 73 77 86
class 0.20307707786560059 68 69 80 82
class 0.21304860711097717 61 78 71 91
class 0.4614570438861847 112 90 122 102
class 0.48650577664375305 87 103 96 115
class 0.37018388509750366 129 106 138 117
class 0.6936027407646179 142 116 154 127
class 0.4531099498271942 10 122 21 136
class 0.5276875495910645 40 122 48 134
class 0.43778419494628906 80 123 90 136
class 0.5287206768989563 186 121 196 134
class 0.5339939594268799 44 131 54 144
class 0.626454770565033 64 138 74 149
class 0.4957410991191864 70 136 79 147
class 0.3468945324420929 98 141 107 154
class 0.2980887293815613 120 144 130 155
class 0.5279844403266907 137 145 147 158
class 0.5377369523048401 11 160 22 171
class 0.3512151837348938 36 159 46 171
class 0.47419556975364685 53 160 64 173
class 0.497661292552948 114 153 125 166
class 0.4630085527896881 13 165 22 177
class 0.579674482345581 92 171 103 183
class 0.4802064597606659 139 172 150 183
class 0.5131165385246277 151 164 161 178
class 0.5069966912269592 183 171 192 182
class 0.45062631368637085 77 179 88 191
class 0.5913358926773071 53 192 63 199
class 0.5865601301193237 85 188 96 197
