class 0.7080142498016357 28 0 38 6
class 0.8102779388427734 94 3 104 15
class 0.5884758830070496 138 10 148 24
class 0.26526448130607605 54 23 63 34
class 0.4592493772506714 96 22 108 35
class 0.5412200689315796 154 22 162 34
class 0.326603502035141 192 25 199 35
class 0.42369982600212097 60 33 68 45
class 0.46237996220588684 133 26 143 40
class 0.5797418355941772 23 43 32 55
class 0.3546748757362366 111 45 121 57
class 0.597402811050415 146 40 157 53
class 0.19819104671478271 173 52 183 65
class 0.516115665435791 95 60 105 74
class 0.2777981758117676 173 63 183 75
class 0.45955976843833923 188 66 198 78
class 0.47950825095176697 7 74 17 86
class 0.5746222138404846 51 69 61 81
class 0.4395768940448761 74 79 86 91
class 0.48267611861228943 48 90 58 102
class 0.6212935447692871 112 96 124 109
class 0.5616050362586975 121 94 132 108
class 0.5562241077423096 135 96 146 109
class 0.6701908707618713 192 95 199 106
class 0.41078904271125793 15 107 25 119
class 0.5956583023071289 154 107 164 118
class 0.46440696716308594 185 107 197 120
class 0.4924459159374237 43 111 52 123
class 0.4166630208492279 88 111 100 124
class 0.4834568202495575 24 121 35 134
class 0.25863486528396606 78 145 87 157
class 0.2732473313808441 29 154 39 164
class 0.7025843262672424 76 156 86 167
class 0.5791732668876648 82 154 93 166
class 0.530092179775238 142 158 151 167
class 0.2446574717760086 18 164 26 174
class 0.5393743515014648 108 163 118 176
class 0.4441424310207367 129 164 138 176
class 0.5795206427574158 130 175 140 188
class 0.5207265019416809 162 174 172 186
