class 0.5969172120094299 67 0 77 9
class 0.6858659386634827 124 0 134 9
class 0.19126439094543457 150 3 159 14
class 0.7000048160552979 11 13 20 25
class 0.411448210477829 78 12 87 26
class 0.16220828890800476 102 8 112 22
class 0.5240384936332703 183 17 191 28
class 0.2740355432033539 130 34 140 47
class 0.571326732635498 155 45 164 57
class 0.4804651141166687 104 47 115 60
class 0.504205048084259 34 57 46 71
class 0.4230719804763794 45 64 56 78
class 0.308871328830719 43 65 51 75
class 0.4648865759372711 92 67 102 78
class 0.6336759924888611 123 58 133 72
class 0.6428091526031494 133 66 144 79
class 0.627650797367096 192 58 199 70
class 0.5500849485397339 75 76 85 89
class 0.45568743348121643 15 79 23 90
class 0.48425301909446716 80 81 90 95
class 0.5142724514007568 152 87 162 99
class 0.7180584669113159 83 95 95 108
class 0.519252598285675 119 92 131 105
class 0.7316662073135376 129 96 139 108
class 0.5314145088195801 34 101 47 114
class 0.4405496120452881 16 116 26 129
class 0.5051468014717102 60 112 69 124
class 0.6146196722984314 132 121 143 136
class 0.6002784967422485 28 132 38 143
class 0.7868571877479553 0 148 8 160
class 0.39925968647003174 47 143 56 156
class 0.5435044169425964 147 155 158 167
class 0.5438416600227356 30 164 42 176
class 0.8018714785575867 66 166 75 180
class 0.8120819926261902 0 179 8 192
class 0.603095531463623 20 180 30 193
class 0.4231525659561157 100 186 108 197
