class 0.6070078611373901 15 2 24 12
class 0.7517833709716797 42 0 53 10
class 0.3379274904727936 6 10 14 19
class 0.6096745133399963 35 20 46 33
class 0.46061062812805176 98 14 109 29
class 0.58738112449646 176 21 185 32
class 0.35815685987472534 35 26 46 39
class 0.4102686047554016 66 44 77 57
class 0.5938010811805725 92 44 103 56
class 0.5318256616592407 168 43 178 54
class 0.5284211039543152 37 54 48 66
class 0.48878490924835205 140 49 150 61
class 0.5695438385009766 15 64 24 77
class 0.609708845615387 46 68 56 83
class 0.5709270238876343 74 68 85 81
class 0.478200763463974 20 80 30 93
class 0.5486191511154175 118 86 127 98
class 0.4512081742286682 90 94 101 108
class 0.3574104905128479 106 91 117 102
class 0.5664964914321899 191 97 199 109
class 0.5884941816329956 53 105 63 117
class 0.5314774513244629 144 101 154 113
class 0.27706030011177063 177 100 185 111
class 0.2985227108001709 192 102 199 113
class 0.5132021903991699 11 128 21 141
class 0.543597936630249 112 125 123 138
class 0.6012800335884094 101 138 112 151
class 0.5865377187728882 58 145 67 157
class 0.5419995784759521 63 159 73 171
class 0.518483579158783 168 155 179 167
class 0.4225510060787201 25 171 35 183
class 0.49747174978256226 50 164 59 177
class 0.815960705280304 3 174 13 186
class 0.6656121015548706 136 178 147 190
class 0.532733678817749 169 183 181 194
class 0.5117095708847046 183 175 193 187
class 0.555388867855072 43 190 54 199
class 0.17400552332401276 167 186 176 195
