class 0.6370847225189209 66 4 75 14
class 0.5498530268669128 130 28 141 42
class 0.5594969391822815 77 43 88 57
class 0.39769095182418823 70 48 80 60
class 0.5239515900611877 98 51 107 63
class 0.3879854083061218 122 49 131 62
class 0.6166793704032898 176 59 185 70
class 0.6071179509162903 177 75 186 88
class 0.4163503050804138 24 78 36 93
class 0.5783406496047974 114 86 125 98
class 0.5782246589660645 143 83 153 95
class 0.4735254943370819 15 90 25 103
class 0.525697648525238 100 96 111 109
class 0.44026196002960205 20 105 29 118
class 0.3755878508090973 143 100 152 111
class 0.3412420451641083 183 107 193 117
class 0.49006301164627075 5 112 12 124
class 0.3021925985813141 7 113 17 127
class 0.3485848903656006 183 116 196 131
class 0.5271974802017212 122 125 131 138
class 0.589163601398468 135 122 146 136
class 0.5681514143943787 20 138 29 149
class 0.2786339819431305 27 138 37 151
class 0.40755733847618103 87 140 99 152
class 0.5093246102333069 112 133 121 144
class 0.47375214099884033 4 151 13 161
class 0.3684253692626953 54 144 64 156
class 0.29601699113845825 121 150 129 161
class 0.7880174517631531 1 154 9 167
class 0.4689951241016388 35 160 47 172
class 0.44440793991088867 84 167 94 180
class 0.4771856963634491 175 170 188 184
class 0.5271435379981995 148 177 158 189
class 0.5143995881080627 188 180 199 191
class 0.8070108294487 3 188 13 199
class 0.1341751515865326 12 190 21 199
class 0.4489360451698303 17 186 27 197
