class 0.7150693535804749 129 0 139 8
class 0.5673642158508301 151 3 159 15
class 0.36869990825653076 25 13 35 25
class 0.3567975163459778 158 8 169 20
class 0.4773182272911072 27 17 37 29
class 0.5040664076805115 158 18 168 29
class 0.7384143471717834 0 44 8 55
class 0.7157447338104248 126 41 138 54
class 0.4401392340660095 30 50 39 63
class 0.5724151134490967 186 50 196 64
class 0.38019001483917236 36 60 47 73
class 0.5231539011001587 122 64 133 77
class 0.39131197333335876 151 61 160 74
class 0.5133388638496399 23 86 33 99
class 0.7202023267745972 60 86 72 99
class 0.4964075982570648 147 78 156 91
class 0.2562055289745331 160 80 174 91
class 0.5651534795761108 169 80 181 91
class 0.7464826107025146 1 90 10 102
class 0.11512661725282669 65 90 76 100
class 0.510278046131134 161 103 173 117
class 0.4633392095565796 19 112 30 124
class 0.47512003779411316 114 111 124 123
class 0.6342491507530212 132 118 144 130
class 0.594059944152832 134 136 144 150
class 0.35780826210975647 94 151 105 162
class 0.4919694662094116 125 148 135 162
class 0.5307223200798035 4 160 14 171
class 0.4951844811439514 97 156 106 168
class 0.6726510524749756 1 164 9 176
class 0.3386250436306 47 171 58 184
class 0.5809300541877747 89 170 99 182
class 0.6114953756332397 92 166 103 179
class 0.6501762866973877 124 167 134 181
class 0.5188266038894653 144 163 156 176
class 0.6060804724693298 191 164 199 176
class 0.5439167022705078 36 174 45 185
class 0.21419167518615723 41 174 51 186
class 0.6092951893806458 15 190 24 199
class 0.2920670211315155 62 186 71 196
