class 0.8246069550514221 136 0 146 9
class 0.5851765275001526 43 7 52 19
class 0.4954957067966461 49 45 59 57
class 0.6513996720314026 55 52 68 66
class 0.5507249236106873 17 62 26 74
class 0.4806775450706482 101 61 112 73
class 0.5387083888053894 160 65 173 77
class 0.24022075533866882 172 62 183 77
class 0.48264768719673157 65 70 76 84
class 0.523066520690918 86 69 97 82
class 0.3680083453655243 174 69 185 82
class 0.5748664736747742 140 93 152 106
class 0.6987841129302979 149 96 160 108
class 0.6106936931610107 89 103 101 117
class 0.4401159882545471 108 107 120 118
class 0.6533632278442383 122 107 133 118
class 0.5886478424072266 171 101 181 112
class 0.4765533208847046 61 111 71 126
class 0.7148522138595581 81 111 92 125
class 0.2963336408138275 142 117 153 129
class 0.42060014605522156 16 122 26 134
class 0.6259052753448486 73 123 83 136
class 0.2587512135505676 122 130 132 142
class 0.400905966758728 67 139 78 152
class 0.4034099280834198 34 143 44 155
class 0.429700642824173 138 143 147 157
class 0.7705420255661011 4 154 15 166
class 0.38444072008132935 77 158 87 169
class 0.5508919358253479 159 154 170 167
class 0.5298616290092468 185 151 199 167
class 0.3305121064186096 191 153 199 164
class 0.5205684900283813 23 163 32 174
class 0.5694383382797241 118 165 128 177
class 0.6420320868492126 141 170 150 183
class 0.673128068447113 192 169 199 181
class 0.2673303484916687 27 182 38 193
class 0.5295763611793518 120 179 130 192
class 0.7717003226280212 3 185 14 197
class 0.6084691286087036 141 185 151 196
