class 0.4645267128944397 48 1 59 11
class 0.7541985511779785 91 3 101 15
class 0.3915180563926697 47 6 56 17
class 0.44377341866493225 173 12 183 24
class 0.5819142460823059 193 8 199 20
class 0.5496650338172913 104 17 114 29
class 0.5477213859558105 59 39 70 52
class 0.6062885522842407 122 44 132 56
class 0.6992998719215393 2 49 12 60
class 0.5002027750015259 35 53 47 65
class 0.45886003971099854 43 53 55 65
class 0.27083396911621094 48 55 59 67
class 0.4854700267314911 91 52 100 64
class 0.1681365668773651 19 66 30 79
class 0.5600242018699646 52 59 61 70
class 0.4424937963485718 91 57 101 70
class 0.6340497732162476 154 63 164 76
class 0.6381622552871704 193 63 199 74
class 0.6302841901779175 22 70 32 81
class 0.5920181274414062 161 82 172 97
class 0.5023151636123657 171 84 181 95
class 0.6374750733375549 11 94 22 107
class 0.39913997054100037 17 93 26 105
class 0.36670517921447754 129 95 142 109
class 0.3572421967983246 119 100 131 113
class 0.45581358671188354 14 113 24 125
class 0.4722514748573303 71 111 80 125
class 0.5253982543945312 112 128 123 141
class 0.3992537558078766 151 127 160 139
class 0.7706629633903503 0 134 8 147
class 0.3243391811847687 64 135 74 146
class 0.48755964636802673 69 133 80 144
class 0.35198429226875305 15 149 24 162
class 0.21035225689411163 56 143 67 154
class 0.7215244770050049 62 143 74 155
class 0.49572500586509705 174 148 184 160
class 0.5516585111618042 6 162 18 177
class 0.3152239918708801 100 166 111 179
class 0.4595509171485901 67 189 76 198
class 0.44978880882263184 121 185 132 197
