class 0.7093701362609863 12 0 23 9
class 0.4208710491657257 46 0 55 7
class 0.6949189305305481 4 13 13 25
class 0.547734797000885 35 12 44 24
class 0.18679416179656982 15 23 23 34
class 0.4174460470676422 45 17 58 31
class 0.5605828762054443 10 29 20 41
class 0.4072583317756653 56 26 68 39
class 0.6303226947784424 12 46 22 55
class 0.6278390884399414 139 39 148 52
class 0.7904060482978821 192 44 199 57
class 0.5135087370872498 124 58 135 71
class 0.10008145868778229 183 77 192 89
class 0.4274430274963379 4 85 14 97
class 0.406367689371109 111 88 121 99
class 0.5091683268547058 162 83 173 95
class 0.6825131177902222 184 84 193 95
class 0.4918057322502136 144 90 153 105
class 0.3320760428905487 66 99 79 114
class 0.568988561630249 153 105 163 117
class 0.770713746547699 3 118 13 129
class 0.6115585565567017 70 116 79 128
class 0.3984788954257965 28 122 37 134
class 0.5487657189369202 95 123 105 135
class 0.36608725786209106 138 121 149 133
class 0.5547687411308289 165 132 175 143
class 0.7845320105552673 0 142 7 154
class 0.4199123680591583 88 151 98 162
class 0.5281319618225098 141 156 152 167
class 0.45764702558517456 170 162 181 172
class 0.567672848701477 31 170 43 181
class 0.5280307531356812 19 178 28 189
class 0.507347583770752 114 176 125 189
class 0.39004257321357727 29 191 38 199
class 0.6363646984100342 116 191 127 199
class 0.5894155502319336 175 190 186 199
