class 0.8150306344032288 28 2 39 14
class 0.7800397276878357 125 0 136 11
class 0.2810075879096985 131 10 141 25
class 0.49980059266090393 163 14 172 25
class 0.5227759480476379 33 19 45 34
class 0.5767265558242798 87 18 98 32
class 0.2743366062641144 90 16 99 28
class 0.4203372895717621 109 17 120 30
class 0.45387622714042664 81 26 91 39
class 0.3622368574142456 185 36 195 51
class 0.5501439571380615 36 49 46 64
class 0.481225848197937 67 55 77 67
class 0.6402149796485901 77 49 87 61
class 0.1417325884103775 80 51 90 63
class 0.4649314284324646 126 52 137 64
class 0.6527425646781921 86 59 97 72
class 0.3914887607097626 121 64 132 78
class 0.36919012665748596 143 86 152 99
class 0.5597063899040222 40 90 51 102
class 0.2857632339000702 112 111 121 124
class 0.37614208459854126 5 129 12 140
class 0.11717244982719421 7 129 16 140
class 0.5620297789573669 157 123 166 134
class 0.7258636355400085 5 138 12 149
class 0.4859946370124817 44 133 53 144
class 0.3611765205860138 70 140 79 150
class 0.5465987920761108 5 143 12 154
class 0.6032381057739258 65 147 73 159
class 0.5272942781448364 101 142 111 156
class 0.43989723920822144 184 142 193 155
class 0.6390437483787537 37 155 45 167
class 0.4571072459220886 39 158 48 170
class 0.4573541283607483 67 155 78 167
class 0.10118994116783142 162 160 173 171
class 0.6154797077178955 169 157 181 170
class 0.29890885949134827 7 167 18 180
class 0.4205727279186249 22 170 32 182
class 0.21455389261245728 81 162 91 176
class 0.5575910806655884 78 174 87 186
class 0.490305095911026 183 181 192 191
class 0.3560474216938019 181 192 193 199
class 0.4814424216747284 185 194 192 199
