class 0.707299530506134 13 1 24 10
class 0.6132680177688599 56 0 67 7
class 0.5687439441680908 98 0 109 7
class 0.7452989816665649 118 0 129 10
class 0.4674285054206848 139 1 150 10
class 0.3751660883426666 143 0 153 8
class 0.5157277584075928 173 0 186 7
class 0.6575263738632202 0 14 6 25
class 0.5831291675567627 131 11 141 23
class 0.5205947756767273 13 28 23 39
class 0.521954357624054 114 33 125 45
class 0.5150951147079468 38 45 49 56
class 0.6748186349868774 51 45 62 57
class 0.4006955921649933 109 37 120 51
class 0.5876165628433228 148 44 158 55
class 0.18119770288467407 153 44 163 56
class 0.6161642074584961 181 45 193 57
class 0.385974645614624 177 47 187 59
class 0.35809236764907837 101 60 110 72
class 0.6278753280639648 170 88 180 99
class 0.7495212554931641 3 96 14 107
class 0.7184134721755981 27 97 37 109
class 0.24774298071861267 24 99 34 112
class 0.17804640531539917 130 118 142 129
class 0.5703283548355103 153 117 163 129
class 0.7428662180900574 0 128 9 141
class 0.6126576662063599 28 129 37 140
class 0.5518979430198669 134 122 144 134
class 0.5387726426124573 72 133 82 146
class 0.38900965452194214 100 135 110 146
class 0.554088830947876 119 144 129 156
class 0.5753026008605957 157 148 167 162
class 0.4546661972999573 115 159 124 172
class 0.6147198677062988 176 158 187 170
class 0.4752195179462433 13 167 23 178
class 0.2834501564502716 36 170 49 182
class 0.41508612036705017 32 174 42 188
class 0.4789655804634094 120 181 130 192
class 0.5863281488418579 35 186 46 196
