class 0.714733362197876 12 4 21 14
class 0.7103941440582275 59 1 70 12
class 0.25769689679145813 173 7 182 20
class 0.7275317907333374 178 11 189 25
class 0.47006675601005554 161 17 168 30
class 0.44300350546836853 166 23 177 36
class 0.5445011258125305 56 33 67 47
class 0.544208288192749 82 31 92 43
class 0.6424192786216736 111 33 123 46
class 0.6887189745903015 126 34 136 46
class 0.580547034740448 150 29 159 42
class 0.6048225164413452 192 42 199 53
class 0.5057970881462097 112 52 122 66
class 0.6348288059234619 54 63 63 74
class 0.6024423837661743 59 64 70 76
class 0.5794246792793274 147 60 156 72
class 0.4336531460285187 189 76 198 88
class 0.37730562686920166 130 80 141 94
class 0.5410041213035583 98 102 110 117
class 0.5285049676895142 132 107 142 120
class 0.5103235840797424 17 116 26 130
class 0.5162610411643982 75 118 85 130
class 0.5302107930183411 114 123 124 136
class 0.5812357068061829 13 135 23 144
class 0.1336096078157425 16 137 26 150
class 0.40808385610580444 36 139 48 150
class 0.6640979051589966 150 139 159 150
class 0.5497744083404541 158 145 170 159
class 0.6015077829360962 179 142 189 157
class 0.45947983860969543 82 159 92 172
class 0.45823249220848083 146 153 156 165
class 0.5575039386749268 166 159 176 173
class 0.6182518005371094 192 154 199 167
class 0.6096716523170471 184 165 193 177
class 0.46018755435943604 86 180 97 192
class 0.41420528292655945 111 175 119 187
class 0.5631926655769348 110 186 120 198
