class 0.6887785196304321 137 0 147 7
class 0.7996934652328491 187 1 197 12
class 0.6681044101715088 0 6 7 18
class 0.5309119820594788 88 7 99 20
class 0.6065194606781006 126 17 139 31
class 0.44689038395881653 154 22 163 35
class 0.6762945652008057 35 38 46 50
class 0.37722116708755493 151 43 161 57
class 0.699025571346283 193 43 199 55
class 0.36518746614456177 148 54 160 69
class 0.4964374005794525 147 57 155 66
class 0.4364762008190155 89 62 97 73
class 0.4444575905799866 9 75 20 88
class 0.4551291763782501 20 72 30 84
class 0.6023514866828918 39 74 51 85
class 0.5339977741241455 59 75 70 88
class 0.4354783892631531 62 83 74 95
class 0.5615853071212769 193 85 199 97
class 0.5689098834991455 111 97 121 108
class 0.3224712610244751 25 100 36 115
class 0.5053241848945618 27 106 37 118
class 0.40548568964004517 122 102 133 113
class 0.5729799270629883 166 106 178 118
class 0.3171784579753876 5 118 14 130
class 0.6119192838668823 155 117 165 129
class 0.5199214220046997 2 128 9 141
class 0.35772114992141724 56 120 68 133
class 0.2711244523525238 188 121 195 133
class 0.6660007834434509 3 132 11 144
class 0.2383362352848053 143 131 153 143
class 0.5296207666397095 179 133 191 147
class 0.3605406880378723 14 150 24 162
class 0.4745948612689972 77 144 87 153
class 0.5636633038520813 66 163 76 175
class 0.5724357962608337 39 181 50 194
class 0.2528904676437378 90 179 100 191
class 0.4738657772541046 80 187 91 199
