class 0.5928595662117004 127 0 139 9
class 0.3395421802997589 117 6 126 18
class 0.4266482889652252 62 20 70 32
class 0.3672795295715332 108 21 120 33
class 0.33225229382514954 152 23 162 37
class 0.4704895615577698 81 33 90 47
class 0.3026686906814575 184 46 193 57
class 0.35553210973739624 81 48 89 61
class 0.2962184250354767 97 47 109 60
class 0.262783020734787 94 49 104 59
class 0.4560827910900116 105 54 114 65
class 0.5268715023994446 35 65 47 80
class 0.5532628297805786 89 59 101 72
class 0.35145077109336853 79 69 90 83
class 0.5210939049720764 115 70 124 82
class 0.7045166492462158 0 96 7 108
class 0.523333728313446 39 106 51 119
class 0.5898139476776123 77 104 85 116
class 0.5262467265129089 49 119 59 130
class 0.44161126017570496 189 114 198 127
class 0.6226827502250671 32 125 42 137
class 0.6069927215576172 55 125 67 141
class 0.1401437222957611 58 122 68 135
class 0.6157539486885071 107 126 116 137
class 0.4661201238632202 160 123 169 135
class 0.3677125573158264 5 131 18 144
class 0.5864338874816895 109 133 120 146
class 0.7736472487449646 0 148 8 163
class 0.3308604657649994 37 149 45 161
class 0.36631065607070923 47 142 59 159
class 0.4114724397659302 173 149 182 162
class 0.5779615640640259 88 160 97 170
class 0.5856788158416748 42 168 51 180
class 0.5375305414199829 97 164 106 176
class 0.3176802694797516 80 176 91 188
class 0.48401686549186707 131 181 140 193
class 0.43425604701042175 179 181 190 193
class 0.6585942506790161 81 187 92 197
class 0.5947515368461609 107 190 117 199
