class 0.7673932909965515 156 0 166 10
class 0.7093089818954468 178 0 188 10
class 0.5552130937576294 13 6 21 18
class 0.5341758131980896 47 6 56 17
class 0.6564650535583496 54 12 64 23
class 0.4391631782054901 189 8 198 20
class 0.4237856864929199 30 18 39 30
class 0.39897504448890686 188 16 196 27
class 0.5230557918548584 188 34 197 46
class 0.3787168562412262 100 44 110 54
class 0.45630839467048645 164 39 173 51
class 0.41616106033325195 53 54 63 66
class 0.45493942499160767 120 51 131 65
class 0.5300589799880981 109 58 119 72
class 0.2067646086215973 161 66 173 79
class 0.6320977210998535 42 74 52 86
class 0.6320030689239502 64 69 74 80
class 0.4703304171562195 151 79 163 92
class 0.6292793154716492 154 83 164 95
class 0.5737248659133911 64 92 74 104
class 0.3546416759490967 77 91 87 102
class 0.6365323066711426 179 93 189 108
class 0.48700177669525146 57 104 67 116
class 0.5642609000205994 71 107 82 120
class 0.3876328766345978 118 108 128 120
class 0.43307748436927795 108 124 117 137
class 0.4174829423427582 164 123 175 135
class 0.5893899202346802 190 131 198 144
class 0.5399464964866638 30 141 40 154
class 0.26039326190948486 117 150 129 164
class 0.31978365778923035 152 144 160 155
class 0.45117518305778503 16 160 25 171
class 0.508661687374115 85 156 96 169
class 0.6266140937805176 27 178 39 190
class 0.5673553347587585 70 180 82 194
class 0.3315092921257019 90 176 102 189
class 0.6268694996833801 0 185 7 196
class 0.7408720254898071 141 188 151 199
