class 0.6239504218101501 18 0 28 9
class 0.3196997344493866 20 4 30 19
class 0.5607577562332153 54 8 64 22
class 0.49286216497421265 141 13 152 26
class 0.552669107913971 145 9 155 22
class 0.4693242311477661 163 8 175 21
class 0.4035626947879791 14 24 22 36
class 0.608120858669281 74 20 84 33
class 0.22741447389125824 79 18 90 29
class 0.6678008437156677 176 22 184 34
class 0.5438775420188904 4 27 13 38
class 0.3000132441520691 10 26 19 39
class 0.29506295919418335 66 27 77 38
class 0.3232171833515167 59 54 68 66
class 0.4753436744213104 133 52 142 66
class 0.6550977230072021 107 62 119 75
class 0.3767179846763611 147 63 159 78
class 0.45933812856674194 145 65 154 76
class 0.4171612858772278 100 69 113 81
class 0.334526002407074 46 80 57 92
class 0.14929576218128204 68 78 80 92
class 0.4915348291397095 115 81 126 92
class 0.5815233588218689 133 90 143 102
class 0.5368905663490295 4 102 13 113
class 0.48412930965423584 9 101 19 112
class 0.4296606183052063 89 103 99 116
class 0.513121485710144 50 118 59 128
class 0.2612316608428955 120 116 131 130
class 0.35981330275535583 48 127 58 139
class 0.36058124899864197 80 120 90 134
class 0.39204445481300354 111 126 121 139
class 0.5220339298248291 135 121 145 132
class 0.7698456048965454 0 134 6 145
class 0.24951128661632538 102 150 111 163
class 0.6184563040733337 72 168 81 181
class 0.3966173529624939 152 166 162 177
class 0.5234988927841187 56 181 67 192
class 0.6657025814056396 23 185 33 199
class 0.5681489109992981 57 193 69 199
class 0.4099632799625397 99 186 109 197
