class 0.8524924516677856 37 0 48 7
class 0.6827144026756287 183 4 192 13
class 0.35087916254997253 89 10 98 20
class 0.4096178710460663 121 14 130 25
class 0.2762078046798706 36 23 45 36
class 0.3605743646621704 71 16 80 28
class 0.5292598009109497 132 27 142 38
class 0.5188145637512207 145 28 154 39
class 0.514670729637146 29 37 39 48
class 0.5468326210975647 155 45 164 57
class 0.3540172278881073 88 49 99 65
class 0.48096993565559387 119 47 131 60
class 0.4982365667819977 189 49 197 61
class 0.29708778858184814 16 67 25 78
class 0.5009022355079651 157 63 164 75
class 0.5413548350334167 184 61 192 72
class 0.4236450493335724 185 64 196 76
class 0.798204243183136 0 72 7 83
class 0.445634126663208 23 72 36 87
class 0.8010527491569519 0 96 7 109
class 0.38145560026168823 88 94 99 106
class 0.4767460823059082 104 91 115 103
class 0.4200951159000397 149 91 158 102
class 0.5283403396606445 166 98 176 109
class 0.2922442853450775 48 108 58 119
class 0.7542265057563782 0 127 6 139
class 0.25683674216270447 54 121 64 133
class 0.5969782471656799 108 121 120 134
class 0.4639075696468353 119 124 131 136
class 0.5945405960083008 87 139 96 150
class 0.5122485160827637 135 132 145 144
class 0.4077371656894684 41 150 52 163
class 0.5212233662605286 72 151 82 163
class 0.5425158143043518 18 160 30 173
class 0.43078115582466125 135 160 146 172
class 0.5297819375991821 167 158 178 172
class 0.6426938772201538 179 153 189 165
class 0.5234056115150452 74 187 83 198
class 0.516912579536438 150 190 160 199
