class 0.6066564917564392 187 2 197 13
class 0.5042057037353516 99 11 108 22
class 0.45933327078819275 190 7 199 18
class 0.3943881690502167 166 16 176 29
class 0.4229297637939453 133 29 142 40
class 0.42429235577583313 31 44 41 56
class 0.40552955865859985 58 39 68 52
class 0.4392481744289398 15 54 25 65
class 0.5680064558982849 165 51 173 63
class 0.6436977982521057 126 65 138 78
class 0.19444498419761658 143 66 153 79
class 0.5857234001159668 177 59 186 70
class 0.21101045608520508 144 72 153 83
class 0.7515687942504883 39 85 51 96
class 0.4657623767852783 136 80 146 92
class 0.4197539687156677 145 79 154 90
class 0.583050012588501 30 92 40 103
class 0.15362350642681122 44 90 54 101
class 0.1539411097764969 41 91 49 101
class 0.5108022093772888 82 97 93 109
class 0.3362966477870941 109 91 120 106
class 0.43601542711257935 17 107 26 121
class 0.5127785205841064 41 101 51 114
class 0.4951404929161072 51 104 62 119
class 0.4015156030654907 183 102 193 115
class 0.5109689831733704 164 113 174 128
class 0.4341541826725006 173 121 185 135
class 0.29932713508605957 107 138 121 152
class 0.44849053025245667 148 130 158 145
class 0.4588039219379425 94 153 105 167
class 0.5681779384613037 162 154 171 166
class 0.49660950899124146 23 170 32 181
class 0.5286009907722473 60 163 72 176
class 0.43139615654945374 131 172 141 184
class 0.43137669563293457 26 182 38 194
class 0.598594605922699 153 175 165 188
class 0.5937257409095764 182 175 191 187
class 0.5764109492301941 55 192 66 199
class 0.44554653763771057 110 188 120 198
