class 0.625586211681366 97 0 107 8
class 0.7259251475334167 2 10 11 22
class 0.43702712655067444 47 13 56 25
class 0.4981743097305298 56 22 67 36
class 0.27287253737449646 65 18 76 30
class 0.4915078580379486 112 20 121 31
class 0.39798370003700256 129 19 137 29
class 0.48911288380622864 165 23 174 35
class 0.4192306101322174 71 27 79 39
class 0.23466919362545013 90 38 99 52
class 0.7712383270263672 0 51 7 61
class 0.5578427910804749 15 53 25 65
class 0.334055632352829 87 49 99 61
class 0.5758131742477417 156 49 166 62
class 0.509156346321106 183 48 193 61
class 0.4737398326396942 16 57 28 70
class 0.5233570337295532 101 66 111 78
class 0.5586026906967163 80 71 91 84
class 0.48421040177345276 8 85 17 98
class 0.5903154015541077 72 80 82 93
class 0.5124511122703552 178 90 189 104
class 0.46847614645957947 71 103 81 118
class 0.5379754304885864 188 106 197 119
class 0.5974637866020203 118 116 127 128
class 0.6402285695075989 189 117 199 131
class 0.5191635489463806 15 125 24 135
class 0.5175381302833557 75 121 86 134
class 0.5381342768669128 158 128 168 140
class 0.4717250168323517 0 131 5 143
class 0.5725653767585754 20 137 34 152
class 0.5772714018821716 76 138 85 150
class 0.45110756158828735 184 132 193 144
class 0.568949282169342 15 154 24 164
class 0.4526311159133911 103 158 113 170
class 0.26808202266693115 79 171 90 184
class 0.5169020295143127 66 183 76 193
class 0.6324390769004822 72 185 84 198
class 0.5050537586212158 136 187 145 198
class 0.5163183808326721 190 186 199 198
