class 0.6580801010131836 23 0 33 6
class 0.7457941770553589 60 1 70 15
class 0.8051427602767944 81 0 91 14
class 0.7336609959602356 113 1 122 14
class 0.534244179725647 130 2 139 14
class 0.7977104783058167 161 1 170 10
class 0.8021077513694763 169 0 179 9
class 0.5307536721229553 67 17 78 33
class 0.5030056238174438 150 29 158 41
class 0.7521064877510071 1 45 11 57
class 0.529267430305481 59 42 69 55
class 0.40782633423805237 87 46 95 56
class 0.369576632976532 69 48 79 60
class 0.5189722180366516 104 49 113 61
class 0.37952789664268494 70 62 79 74
class 0.5711117386817932 166 65 177 77
class 0.5976026058197021 189 65 197 76
class 0.4255249500274658 40 83 49 95
class 0.526810348033905 142 86 153 98
class 0.38838186860084534 49 97 58 109
class 0.3742855191230774 119 97 130 110
class 0.5238659977912903 183 96 193 109
class 0.3619450330734253 61 100 69 112
class 0.1715247929096222 76 106 89 121
class 0.398558109998703 122 107 131 118
class 0.37474876642227173 162 100 172 112
class 0.46512293815612793 46 112 56 124
class 0.6987023949623108 192 122 199 133
class 0.4346711039543152 58 132 69 144
class 0.39173221588134766 184 138 196 153
class 0.5804848670959473 43 153 52 164
class 0.5199293494224548 71 171 81 184
class 0.5313165187835693 122 164 134 176
class 0.7528557181358337 0 190 8 199
class 0.6795110702514648 42 190 53 199
class 0.747394323348999 97 188 107 198
class 0.44300544261932373 103 191 113 199
class 0.6289699077606201 139 191 150 199
