class 0.7039550542831421 59 0 71 9
class 0.44731923937797546 36 13 46 24
class 0.4097929894924164 127 7 139 20
class 0.16689464449882507 79 20 89 32
class 0.530593752861023 192 19 199 32
class 0.4854253828525543 25 38 35 50
class 0.3219131827354431 118 38 128 49
class 0.83127361536026 4 51 13 64
class 0.4626466929912567 42 48 51 60
class 0.5441370010375977 86 50 95 62
class 0.6848163604736328 118 47 129 61
class 0.4621712565422058 111 57 122 71
class 0.5156583189964294 71 74 81 86
class 0.4127718508243561 134 80 142 93
class 0.34270918369293213 149 88 158 99
class 0.534528374671936 6 93 18 105
class 0.28871652483940125 56 92 68 105
class 0.31652161478996277 136 101 145 115
class 0.518921971321106 188 103 196 117
class 0.536903440952301 17 118 27 132
class 0.29692646861076355 91 122 99 134
class 0.38962799310684204 30 135 40 149
class 0.5464063286781311 157 140 167 151
class 0.7108463048934937 180 134 191 146
class 0.3544507920742035 24 145 35 155
class 0.7139974236488342 0 161 6 173
class 0.6973093152046204 88 154 97 164
class 0.6874371767044067 111 157 119 169
class 0.650122880935669 183 160 193 171
class 0.4756586253643036 31 165 42 178
class 0.5210531949996948 67 167 76 178
class 0.5641176700592041 94 163 104 176
class 0.48959094285964966 162 171 172 182
class 0.6900511384010315 52 177 62 190
class 0.18457667529582977 58 180 69 194
