class 0.24293643236160278 88 0 99 6
class 0.54231858253479 90 1 102 10
class 0.7205559015274048 96 12 107 24
class 0.5480824112892151 132 5 143 21
class 0.47857922315597534 25 17 35 31
class 0.5245700478553772 50 16 60 29
class 0.3732236623764038 68 33 80 45
class 0.5219008326530457 137 33 147 46
class 0.5888532996177673 158 28 166 39
class 0.5836485624313354 187 33 197 45
class 0.7851322293281555 0 39 6 50
class 0.5909085273742676 37 41 48 53
class 0.26442497968673706 62 44 71 59
class 0.6087670922279358 48 54 59 68
class 0.4568282663822174 140 54 149 68
class 0.7472851872444153 193 66 199 78
class 0.6631844639778137 114 71 125 84
class 0.5598622560501099 132 69 143 83
class 0.512651264667511 149 68 158 81
class 0.5743848085403442 160 75 171 87
class 0.46197509765625 38 79 50 91
class 0.6487868428230286 48 85 59 98
class 0.572535514831543 178 81 190 96
class 0.5602153539657593 139 95 149 107
class 0.4940780699253082 102 132 111 144
class 0.5203853249549866 147 138 158 150
class 0.49558982253074646 180 138 191 152
class 0.5091354250907898 192 133 199 145
class 0.3087509572505951 120 171 130 183
class 0.49244099855422974 30 175 39 187
class 0.4453195035457611 90 174 101 187
class 0.48648402094841003 151 175 160 186
class 0.527044415473938 165 175 176 185
class 0.5091479420661926 25 191 35 199
class 0.6308751106262207 72 187 82 196
class 0.43533816933631897 121 191 130 199
class 0.47909781336784363 136 190 145 199
