class 0.7536657452583313 52 1 62 11
class 0.7437645196914673 71 1 81 9
class 0.7438613176345825 171 0 181 10
class 0.7333498597145081 76 18 88 34
class 0.5344377756118774 12 28 22 39
class 0.5260522365570068 152 39 164 51
class 0.6320669054985046 179 39 189 50
class 0.5488519072532654 50 49 60 59
class 0.3998076021671295 150 47 161 59
class 0.4276202321052551 59 58 69 69
class 0.4050646424293518 5 68 18 81
class 0.3638058006763458 48 73 57 86
class 0.5547803640365601 145 73 155 87
class 0.3583109378814697 16 86 24 98
class 0.5323114991188049 133 89 145 102
class 0.3839603066444397 48 105 59 117
class 0.4386828541755676 89 107 100 120
class 0.5399296283721924 119 102 131 114
class 0.48268619179725647 123 107 133 119
class 0.3902896046638489 163 103 174 114
class 0.594645082950592 33 111 42 123
class 0.5201746225357056 60 118 70 130
class 0.6084980964660645 17 122 27 135
class 0.4506888687610626 40 132 50 144
class 0.33554986119270325 174 138 184 150
class 0.4960690140724182 98 144 108 154
class 0.4126250743865967 100 150 112 162
class 0.43381622433662415 122 144 133 158
class 0.6981906294822693 190 142 199 155
class 0.5178990960121155 34 169 45 180
class 0.425648957490921 4 181 14 193
class 0.4550316035747528 46 180 55 190
class 0.29999983310699463 56 175 67 188
class 0.4180662930011749 26 187 35 198
class 0.6177834272384644 61 190 71 199
class 0.4626588523387909 92 187 102 199
class 0.5014200806617737 174 186 182 197
