class 0.6857724189758301 91 1 101 9
class 0.35441330075263977 16 12 24 22
class 0.3738686442375183 164 23 173 35
class 0.4812122881412506 8 26 18 39
class 0.40895554423332214 84 31 92 44
class 0.4665904641151428 98 26 109 41
class 0.5217675566673279 140 31 150 44
class 0.5389647483825684 115 41 125 54
class 0.5391680002212524 152 37 166 50
class 0.29855868220329285 152 49 162 59
class 0.766782283782959 157 50 168 62
class 0.8007577061653137 1 60 8 72
class 0.2796373963356018 10 57 18 71
class 0.41651469469070435 32 57 43 71
class 0.47281357645988464 30 59 39 70
class 0.29919853806495667 100 58 110 70
class 0.74271160364151 157 65 168 76
class 0.5097229480743408 165 61 176 72
class 0.476542204618454 17 77 26 88
class 0.21749116480350494 24 78 36 94
class 0.4540316164493561 48 87 58 99
class 0.3403191864490509 118 79 128 91
class 0.47274917364120483 94 95 104 107
class 0.5850113034248352 143 107 153 117
class 0.5724009871482849 52 129 62 140
class 0.5639333128929138 179 129 190 142
class 0.3955005407333374 80 132 91 143
class 0.5347685217857361 94 133 103 144
class 0.4779546558856964 144 138 155 152
class 0.7528307437896729 156 131 166 144
class 0.5142675638198853 99 147 108 159
class 0.8093838691711426 0 155 7 166
class 0.5480669736862183 31 153 40 164
class 0.5835503339767456 146 161 156 173
class 0.34167295694351196 64 172 74 183
class 0.612273097038269 191 171 199 183
class 0.4590301215648651 57 176 67 188
class 0.2878950536251068 60 174 72 187
class 0.5642267465591431 110 173 119 186
class 0.5024867653846741 89 191 98 199
