class 0.4328010082244873 4 0 13 7
class 0.6573761701583862 10 0 22 9
class 0.6175164580345154 17 0 26 6
class 0.47794705629348755 44 6 54 19
class 0.39503827691078186 56 10 66 23
class 0.27600759267807007 67 9 78 21
class 0.5434811115264893 101 6 112 16
class 0.780017614364624 1 21 10 32
class 0.41074249148368835 119 16 131 30
class 0.3714633285999298 80 31 90 42
class 0.45328933000564575 121 32 133 45
class 0.6122982501983643 133 29 143 43
class 0.7037097811698914 173 35 186 46
class 0.39407452940940857 9 45 19 57
class 0.7150236964225769 12 52 22 63
class 0.36742010712623596 76 49 85 60
class 0.5171544551849365 16 62 26 75
class 0.49998992681503296 72 63 82 75
class 0.24663595855236053 88 80 99 94
class 0.4790939688682556 35 93 47 107
class 0.5279479622840881 122 98 133 110
class 0.6064287424087524 190 90 197 102
class 0.5191702246665955 140 108 151 121
class 0.7752794623374939 4 113 14 125
class 0.4547005593776703 44 117 53 129
class 0.5770944952964783 77 127 89 141
class 0.48169589042663574 122 121 133 135
class 0.4327127933502197 146 129 155 140
class 0.5680517554283142 4 138 15 150
class 0.4979649484157562 111 139 122 153
class 0.3073306977748871 16 151 24 162
class 0.39475303888320923 44 146 54 158
class 0.3396563231945038 67 151 78 162
class 0.5343087911605835 76 163 86 174
class 0.4772035479545593 114 162 125 175
class 0.46805471181869507 124 173 135 187
class 0.3150210678577423 141 182 151 195
class 0.5001664161682129 160 179 170 193
class 0.5266117453575134 22 192 33 199
class 0.5228124856948853 145 189 155 199
