class 0.6963054537773132 55 0 66 7
class 0.6644975543022156 80 2 91 15
class 0.4458357095718384 109 0 119 7
class 0.7802072167396545 186 1 196 12
class 0.4927685260772705 148 13 160 26
class 0.4892832338809967 161 20 174 33
class 0.3970041871070862 63 32 72 43
class 0.4036220908164978 97 32 106 45
class 0.48969268798828125 84 42 94 54
class 0.8063867688179016 2 54 11 65
class 0.46303656697273254 18 53 27 66
class 0.5477492809295654 103 49 114 63
class 0.37492457032203674 134 48 143 60
class 0.4850301146507263 4 66 11 77
class 0.15514332056045532 7 60 17 74
class 0.21871493756771088 12 61 19 73
class 0.4853344261646271 192 58 199 69
class 0.4125283658504486 3 69 8 79
class 0.12138158828020096 11 68 20 80
class 0.37507182359695435 15 70 22 79
class 0.5817112326622009 65 76 74 88
class 0.5355062484741211 169 75 180 86
class 0.298121839761734 6 80 16 93
class 0.4235805571079254 109 90 120 102
class 0.5422544479370117 153 97 163 110
class 0.6830136775970459 1 108 8 119
class 0.3345628082752228 171 107 183 118
class 0.30510151386260986 36 115 47 128
class 0.4766799807548523 91 118 100 130
class 0.45817628502845764 181 118 192 129
class 0.45699721574783325 17 125 28 142
class 0.32290661334991455 111 133 122 146
class 0.33275455236434937 146 132 155 142
class 0.720454216003418 0 144 7 156
class 0.3433609902858734 85 142 95 155
class 0.49565961956977844 9 162 21 176
class 0.4215441644191742 92 164 104 177
class 0.4921228587627411 187 170 197 182
class 0.5810607671737671 124 174 135 189
class 0.5428931713104248 168 180 180 193
class 0.5843058228492737 189 179 199 192
class 0.5759584903717041 132 185 143 197
