class 0.12143831700086594 4 0 20 3
class 0.8264334797859192 7 0 17 6
class 0.7495817542076111 92 0 102 10
class 0.4226057529449463 67 14 77 25
class 0.5148013830184937 133 18 141 30
class 0.5321375131607056 11 28 21 38
class 0.5541489720344543 23 39 32 51
class 0.3260422348976135 125 36 134 48
class 0.511020302772522 165 43 175 55
class 0.45459797978401184 42 54 52 66
class 0.30514290928840637 170 53 181 67
class 0.2836494445800781 36 65 46 78
class 0.6592733860015869 80 62 91 75
class 0.452021986246109 176 65 187 77
class 0.7602742910385132 21 83 32 96
class 0.6350374221801758 81 84 91 96
class 0.4980388879776001 111 81 120 93
class 0.4794332683086395 147 84 157 96
class 0.4507536292076111 42 96 53 110
class 0.399157851934433 48 90 59 103
class 0.5290935635566711 153 97 164 108
class 0.5581601858139038 70 108 80 120
class 0.34078189730644226 143 101 152 113
class 0.4702416658401489 174 107 184 119
class 0.3418489694595337 143 117 152 130
class 0.15083861351013184 6 122 12 133
class 0.4762488603591919 61 122 69 132
class 0.7597190141677856 0 134 6 146
class 0.3952275812625885 17 137 26 151
class 0.46296897530555725 67 140 76 149
class 0.5430104732513428 12 144 21 155
class 0.3782924711704254 47 147 61 160
class 0.623296856880188 109 147 118 158
class 0.4089501202106476 151 144 160 155
class 0.4761247932910919 44 161 53 172
class 0.5689757466316223 189 159 198 173
class 0.41154468059539795 57 169 67 180
class 0.48431265354156494 162 170 171 183
