class 0.6049859523773193 64 3 76 16
class 0.7813669443130493 87 0 97 6
class 0.3954225480556488 19 23 28 37
class 0.5884801149368286 115 23 125 35
class 0.4263974130153656 155 16 164 29
class 0.5583691000938416 167 20 178 33
class 0.47735562920570374 35 36 45 49
class 0.5643422603607178 155 55 165 67
class 0.6683574914932251 165 55 175 66
class 0.6704421043395996 182 49 192 61
class 0.5028972029685974 28 61 37 72
class 0.314515620470047 46 58 57 71
class 0.39634400606155396 154 61 164 74
class 0.6369606256484985 90 76 101 89
class 0.4403095245361328 109 68 121 83
class 0.6897533535957336 193 75 199 87
class 0.548315167427063 14 87 24 99
class 0.30150020122528076 121 87 132 100
class 0.48448023200035095 108 89 120 102
class 0.1783568263053894 114 90 125 101
class 0.3791443705558777 192 98 199 109
class 0.7126002311706543 0 107 6 121
class 0.5834550261497498 148 106 159 119
class 0.19135327637195587 142 103 155 119
class 0.1023077741265297 153 107 163 120
class 0.6700877547264099 193 104 199 118
class 0.44431906938552856 12 118 21 130
class 0.4873371124267578 66 123 78 138
class 0.633042573928833 77 123 88 138
class 0.7247656583786011 148 135 159 149
class 0.5948376655578613 96 149 105 160
class 0.5558348894119263 46 155 56 166
class 0.45353880524635315 75 160 87 173
class 0.301425039768219 82 155 93 168
class 0.5184992551803589 87 157 96 167
class 0.5390926599502563 171 162 182 172
class 0.7035622000694275 191 160 199 172
class 0.44315871596336365 89 168 100 182
class 0.5820422172546387 174 170 186 180
class 0.5347731113433838 12 175 21 189
class 0.3984091579914093 173 182 183 192
class 0.3670673072338104 117 185 127 195
