class 0.763446569442749 21 1 30 13
class 0.26451119780540466 8 5 17 17
class 0.35260915756225586 78 6 88 17
class 0.32206445932388306 120 14 131 26
class 0.6751002669334412 181 12 191 25
class 0.3525014817714691 82 17 90 26
class 0.34792739152908325 186 18 194 27
class 0.3853452503681183 36 27 46 44
class 0.2968728542327881 69 26 79 38
class 0.3187802731990814 140 25 152 39
class 0.40778103470802307 172 32 181 44
class 0.5734649300575256 49 45 59 58
class 0.3803666830062866 173 47 185 63
class 0.45960113406181335 7 59 17 71
class 0.5395365357398987 65 65 76 79
class 0.4983605742454529 124 65 133 78
class 0.5818997621536255 183 64 193 77
class 0.3617491126060486 80 69 90 80
class 0.5871448516845703 186 76 199 88
class 0.6164718866348267 4 83 15 95
class 0.24013152718544006 25 90 38 102
class 0.4221328794956207 54 97 64 110
class 0.5625663995742798 176 90 186 101
class 0.4684864580631256 11 101 22 114
class 0.4591690003871918 46 107 56 121
class 0.6734287738800049 106 107 117 119
class 0.6439559459686279 145 106 155 118
class 0.8070396184921265 0 126 7 139
class 0.4627203345298767 16 132 26 144
class 0.5412822365760803 16 146 24 158
class 0.611244797706604 67 143 76 154
class 0.5857006907463074 124 151 135 162
class 0.5536023378372192 158 142 168 154
class 0.6055874228477478 35 156 45 168
class 0.42381733655929565 186 170 196 183
class 0.5563701391220093 11 176 22 186
class 0.495124876499176 96 186 105 197
class 0.5242076516151428 143 189 153 199
