class 0.6989083290100098 21 3 31 15
class 0.3714859187602997 39 5 48 13
class 0.7492533922195435 154 3 164 13
class 0.6084693074226379 35 13 45 25
class 0.46471089124679565 144 22 151 33
class 0.41013088822364807 124 32 133 43
class 0.4700126051902771 168 33 176 44
class 0.29692742228507996 141 43 151 57
class 0.6423640251159668 193 44 199 56
class 0.30114907026290894 101 50 110 62
class 0.4159497916698456 38 58 49 70
class 0.30154821276664734 97 64 106 76
class 0.7112650275230408 179 66 191 78
class 0.3420756161212921 25 68 36 81
class 0.2837202250957489 128 70 138 83
class 0.42183777689933777 95 86 106 98
class 0.16735351085662842 131 79 141 92
class 0.6892591118812561 178 83 190 94
class 0.6007230877876282 34 105 47 119
class 0.5329028964042664 40 108 51 119
class 0.5738669633865356 81 109 93 121
class 0.3994748890399933 153 102 163 114
class 0.6096734404563904 118 114 127 127
class 0.6345394253730774 158 129 167 141
class 0.6092724204063416 25 135 33 145
class 0.47802919149398804 27 137 37 148
class 0.48407813906669617 134 137 146 150
class 0.3766191601753235 15 143 23 152
class 0.46958163380622864 173 149 183 159
class 0.48851487040519714 141 155 151 166
class 0.5800521969795227 159 154 170 168
class 0.6099022626876831 166 158 179 174
class 0.5059987306594849 61 163 72 175
class 0.24158768355846405 173 162 185 176
class 0.534602165222168 152 175 162 188
class 0.5267570614814758 172 175 181 187
class 0.5441188812255859 18 188 28 197
class 0.4114452600479126 59 188 69 199
class 0.5986310243606567 186 189 196 199
