class 0.773421585559845 60 2 69 14
class 0.7684659957885742 138 0 148 7
class 0.3632560074329376 16 5 24 17
class 0.39113110303878784 163 5 175 21
class 0.7597842812538147 4 24 13 35
class 0.29026079177856445 44 35 53 45
class 0.5401579141616821 91 31 99 43
class 0.5756703019142151 104 33 113 46
class 0.5356564521789551 179 31 188 42
class 0.35704392194747925 30 37 39 48
class 0.3475727438926697 76 55 85 67
class 0.6731184124946594 192 49 199 64
class 0.49979567527770996 183 60 192 72
class 0.10252683609724045 1 68 6 82
class 0.8766530156135559 2 68 12 81
class 0.10295359790325165 7 70 16 82
class 0.49733591079711914 38 68 49 82
class 0.5268871188163757 102 68 113 80
class 0.6151512861251831 144 76 154 87
class 0.6781322360038757 157 77 167 88
class 0.5705448389053345 69 86 80 98
class 0.4049941301345825 29 93 39 106
class 0.6023675203323364 155 91 164 103
class 0.5413878560066223 40 106 49 120
class 0.5564789175987244 72 107 83 119
class 0.3834901750087738 108 100 121 113
class 0.5688819885253906 112 112 120 124
class 0.5724554657936096 80 126 90 139
class 0.4837910532951355 121 124 131 138
class 0.40514934062957764 177 130 185 141
class 0.5166895389556885 75 139 85 151
class 0.5345309376716614 132 139 143 151
class 0.41788816452026367 191 133 199 146
class 0.4347085654735565 15 159 25 170
class 0.4931528866291046 141 159 151 170
class 0.18000555038452148 12 169 24 185
class 0.4414235055446625 17 172 23 182
class 0.7777055501937866 4 175 13 186
class 0.2939477264881134 111 181 122 194
class 0.6029905676841736 123 190 134 199
