class 0.7800519466400146 50 2 60 13
class 0.7275336384773254 82 0 93 7
class 0.7348948121070862 150 1 159 12
class 0.14244332909584045 154 2 164 11
class 0.6055405735969543 126 13 137 27
class 0.46965062618255615 156 22 164 32
class 0.48633408546447754 193 21 199 32
class 0.5287367701530457 20 30 30 41
class 0.42491909861564636 28 28 38 40
class 0.31979820132255554 66 25 79 39
class 0.3414331376552582 174 37 184 49
class 0.44795963168144226 112 50 122 62
class 0.44226861000061035 118 60 128 72
class 0.29150906205177307 141 59 152 73
class 0.5017768740653992 80 76 90 87
class 0.6498695015907288 1 86 12 99
class 0.2858315408229828 119 79 130 92
class 0.5792378187179565 124 84 135 96
class 0.4272528886795044 75 93 85 105
class 0.5165143013000488 28 111 38 126
class 0.48951321840286255 88 111 100 122
class 0.12330541759729385 35 128 45 142
class 0.5733734965324402 42 125 53 137
class 0.5702546238899231 79 127 89 139
class 0.371298611164093 184 120 196 134
class 0.5333205461502075 29 132 39 145
class 0.6223819851875305 101 139 111 150
class 0.2922097146511078 153 139 164 151
class 0.32773739099502563 5 144 11 156
class 0.5882062315940857 10 147 21 159
class 0.48945367336273193 160 142 169 155
class 0.7180594205856323 192 148 199 160
class 0.5563977360725403 163 153 172 164
class 0.5919300317764282 74 175 84 186
class 0.5723742246627808 102 174 114 186
class 0.10480108112096786 2 190 7 199
class 0.7647515535354614 2 191 12 199
class 0.6192834973335266 21 190 31 199
class 0.5582085251808167 42 186 52 196
