class 0.7873352766036987 102 0 112 11
class 0.7267608046531677 1 13 10 26
class 0.5665454268455505 40 12 50 26
class 0.5992363691329956 0 20 6 33
class 0.5326225757598877 29 20 38 30
class 0.46507516503334045 54 19 66 32
class 0.5534282922744751 83 17 93 28
class 0.3727741837501526 164 18 174 31
class 0.5441880822181702 184 33 195 43
class 0.6478870511054993 105 50 114 61
class 0.5052224397659302 22 63 31 75
class 0.5029376149177551 48 58 59 70
class 0.3907014727592468 37 69 47 81
class 0.5593739151954651 90 75 101 88
class 0.6286027431488037 102 68 113 80
class 0.5270430445671082 15 84 24 95
class 0.510496199131012 43 102 53 114
class 0.18248094618320465 151 101 163 117
class 0.44228610396385193 155 108 165 119
class 0.28797101974487305 112 113 121 124
class 0.22638827562332153 79 123 89 136
class 0.6836584210395813 0 132 5 144
class 0.4295169711112976 35 132 47 146
class 0.5023784637451172 48 133 58 144
class 0.2554740011692047 123 135 132 147
class 0.31926509737968445 144 137 154 149
class 0.5088675618171692 184 132 196 144
class 0.6249100565910339 84 147 95 158
class 0.2424069195985794 92 149 101 162
class 0.5974518656730652 183 155 192 169
class 0.6075447201728821 188 160 198 171
class 0.6938184499740601 3 164 13 175
class 0.5449638962745667 77 169 87 180
class 0.46863701939582825 136 171 149 183
class 0.5259906649589539 89 177 98 188
class 0.6012336611747742 176 181 187 194
class 0.46895498037338257 120 190 129 199
class 0.41340526938438416 154 185 163 196
