class 0.5075781345367432 35 0 45 7
class 0.7699525952339172 116 0 126 13
class 0.3757433295249939 26 10 34 22
class 0.43806836009025574 78 13 87 24
class 0.3495423495769501 106 16 115 26
class 0.5105030536651611 116 17 128 29
class 0.37859225273132324 132 23 143 37
class 0.4909672141075134 15 33 24 45
class 0.36103716492652893 90 28 101 41
class 0.40446949005126953 19 43 33 58
class 0.27283188700675964 79 38 92 50
class 0.6349279284477234 91 38 102 49
class 0.4858104884624481 140 44 148 57
class 0.6437008380889893 156 39 166 53
class 0.39356592297554016 40 48 50 60
class 0.3114308714866638 8 58 17 69
class 0.4762752950191498 187 58 195 70
class 0.5435945987701416 34 76 43 87
class 0.3650871217250824 50 76 61 90
class 0.44528499245643616 117 86 127 98
class 0.5599862933158875 134 85 144 97
class 0.6177888512611389 49 96 58 110
class 0.4603264033794403 107 98 118 110
class 0.4700361490249634 24 102 35 116
class 0.5495238304138184 49 110 60 122
class 0.6652565002441406 80 109 91 123
class 0.5014453530311584 132 111 142 123
class 0.45061495900154114 40 123 50 137
class 0.5260664224624634 82 128 92 140
class 0.4145512878894806 184 125 193 136
class 0.4237908124923706 76 138 88 150
class 0.441657692193985 86 138 99 150
class 0.49437692761421204 108 131 120 144
class 0.552529513835907 119 133 131 146
class 0.45124855637550354 100 155 109 167
class 0.627307653427124 50 170 61 182
class 0.5731848478317261 106 182 116 194
class 0.4727071225643158 68 185 77 196
class 0.6628981828689575 117 185 128 199
class 0.5288527607917786 168 185 178 197
