class 0.47730129957199097 111 6 123 16
class 0.5355513691902161 186 12 196 23
class 0.4733090400695801 145 17 155 28
class 0.5776687264442444 178 23 188 36
class 0.4541536271572113 17 38 28 52
class 0.4447104334831238 108 42 122 56
class 0.4659031629562378 143 43 153 55
class 0.7256841063499451 2 53 11 64
class 0.5929829478263855 135 48 144 61
class 0.5191628336906433 45 63 54 76
class 0.6346352696418762 117 63 129 76
class 0.2086319476366043 124 65 135 79
class 0.4043319821357727 90 69 100 82
class 0.131251260638237 129 68 140 81
class 0.5607950687408447 77 82 89 96
class 0.594487190246582 154 97 163 108
class 0.5527656674385071 94 107 105 119
class 0.5229142308235168 177 104 187 116
class 0.39111411571502686 46 117 57 130
class 0.5872386693954468 60 112 70 125
class 0.5448494553565979 160 109 171 123
class 0.44869914650917053 189 116 197 130
class 0.49183687567710876 130 129 141 141
class 0.5695561170578003 8 140 17 152
class 0.6327045559883118 160 132 170 146
class 0.4070976972579956 75 148 86 159
class 0.1357625424861908 89 145 98 156
class 0.5421547293663025 160 148 171 161
class 0.6539830565452576 181 149 191 161
class 0.49603140354156494 57 153 67 165
class 0.4377380311489105 183 160 198 172
class 0.5323770046234131 10 168 21 180
class 0.5828990936279297 151 164 161 174
class 0.47866395115852356 63 176 74 188
class 0.46703848242759705 184 182 193 193
class 0.4217361807823181 47 193 57 199
class 0.6699517965316772 102 189 113 199
