class 0.4352322220802307 63 4 72 15
class 0.8192270398139954 167 0 178 8
class 0.7923702597618103 187 2 196 15
class 0.4548708200454712 87 11 98 23
class 0.49859419465065 15 25 23 35
class 0.5157042145729065 153 23 163 33
class 0.46888697147369385 24 25 36 41
class 0.5994118452072144 183 34 192 45
class 0.37794435024261475 153 39 163 50
class 0.2498747855424881 94 57 103 67
class 0.4843747913837433 30 67 39 78
class 0.33509543538093567 76 66 88 76
class 0.12631188333034515 90 62 100 75
class 0.662777304649353 180 58 189 69
class 0.47235143184661865 183 75 194 86
class 0.6671625971794128 3 79 12 91
class 0.6336164474487305 115 85 125 97
class 0.5816643238067627 13 94 23 105
class 0.5340806245803833 148 92 157 104
class 0.3321665823459625 78 102 88 115
class 0.4357004761695862 117 103 127 115
class 0.5763558149337769 137 101 147 115
class 0.4907640516757965 96 115 106 128
class 0.6014060974121094 118 117 127 130
class 0.5468127727508545 81 128 92 140
class 0.5848456025123596 72 136 82 148
class 0.5945667028427124 100 138 112 150
class 0.4642844796180725 188 131 198 144
class 0.7442496418952942 0 148 5 163
class 0.548734724521637 73 142 83 155
class 0.44580355286598206 129 150 138 161
class 0.5380997061729431 9 157 21 172
class 0.4944218695163727 151 153 161 164
class 0.6006290316581726 158 157 168 168
class 0.6080607175827026 106 169 116 181
class 0.4833768606185913 126 178 138 191
class 0.567021906375885 2 184 10 197
class 0.6119775772094727 32 189 43 199
class 0.5586220026016235 141 190 151 199
