class 0.6723620295524597 75 13 86 26
class 0.13275092840194702 80 13 90 23
class 0.5816525220870972 121 7 130 18
class 0.19906383752822876 79 19 89 30
class 0.7230527400970459 164 22 175 32
class 0.4705280661582947 158 44 167 56
class 0.39824068546295166 170 45 181 57
class 0.5725064873695374 46 52 54 63
class 0.5841770172119141 122 64 132 76
class 0.4801056981086731 165 64 173 74
class 0.7109737396240234 30 74 41 85
class 0.5530181527137756 28 85 40 98
class 0.48159995675086975 74 86 84 97
class 0.4820282757282257 132 84 142 95
class 0.49304693937301636 28 93 40 105
class 0.21868017315864563 47 100 57 114
class 0.4138704836368561 109 103 120 117
class 0.6576368808746338 117 104 127 116
class 0.5685782432556152 18 111 32 123
class 0.6679458022117615 145 117 155 129
class 0.27373066544532776 40 127 49 140
class 0.42028531432151794 73 140 83 152
class 0.26087385416030884 102 134 111 145
class 0.5441869497299194 65 142 75 155
class 0.4188699424266815 109 143 117 156
class 0.39132770895957947 141 143 151 155
class 0.5578730702400208 53 159 63 171
class 0.5653579235076904 78 156 88 168
class 0.4578913450241089 99 153 109 167
class 0.48528850078582764 145 170 155 184
class 0.590043306350708 76 180 86 192
class 0.4173220098018646 133 180 143 196
class 0.5804808735847473 92 186 103 196
class 0.43732890486717224 149 190 160 199
class 0.5252017974853516 190 187 199 199
