class 0.7739688158035278 40 0 49 8
class 0.48694953322410583 110 1 119 12
class 0.6118884086608887 157 9 167 21
class 0.5343677997589111 190 15 198 25
class 0.4912410378456116 45 17 56 33
class 0.37223201990127563 150 23 162 37
class 0.4463859796524048 44 45 52 57
class 0.539915919303894 137 49 147 60
class 0.3366817235946655 57 63 67 76
class 0.3933436870574951 92 58 102 69
class 0.6049791574478149 156 66 167 78
class 0.49484783411026 191 73 199 85
class 0.42476511001586914 17 80 27 91
class 0.5158909559249878 56 97 66 110
class 0.6239091753959656 175 92 184 105
class 0.4725511968135834 93 101 103 114
class 0.5744039416313171 168 116 178 128
class 0.5892521142959595 190 117 198 129
class 0.5306888818740845 15 126 25 137
class 0.6082356572151184 118 121 128 134
class 0.6584509611129761 10 135 20 147
class 0.49753570556640625 69 137 79 148
class 0.448726087808609 121 132 131 144
class 0.4914915859699249 143 138 153 149
class 0.4690890610218048 179 131 187 144
class 0.5185792446136475 188 146 197 159
class 0.45988619327545166 134 157 145 169
class 0.5993043780326843 166 156 177 167
class 0.5929604768753052 8 170 18 181
class 0.5868319869041443 81 166 91 180
class 0.6933790445327759 101 164 112 177
class 0.5275785326957703 172 170 182 182
class 0.6065393090248108 180 171 191 182
class 0.47956112027168274 109 186 119 197
class 0.3932605981826782 162 187 171 198
