class 0.6865891814231873 17 2 27 14
class 0.8024582266807556 31 2 41 15
class 0.6048030853271484 131 3 140 13
class 0.5506323575973511 5 14 13 25
class 0.3358772099018097 122 10 133 22
class 0.6439526677131653 164 7 175 20
class 0.5377641916275024 23 22 31 34
class 0.5267680883407593 97 34 108 48
class 0.554050862789154 159 27 170 38
class 0.5345306992530823 132 37 143 49
class 0.5536484718322754 15 50 25 61
class 0.7059280276298523 11 65 21 77
class 0.3738221824169159 77 58 88 71
class 0.5086097717285156 112 74 123 86
class 0.5243709683418274 96 79 106 91
class 0.5062218904495239 137 84 147 97
class 0.6778883934020996 165 87 174 99
class 0.571917712688446 74 91 84 104
class 0.7865473031997681 0 101 8 114
class 0.5686088800430298 161 117 172 129
class 0.6118370890617371 179 112 188 123
class 0.5918976664543152 7 129 17 141
class 0.5550949573516846 70 128 80 141
class 0.5476294755935669 164 123 174 135
class 0.6697937846183777 182 126 191 138
class 0.6273425817489624 31 132 40 144
class 0.2591221034526825 154 139 165 152
class 0.5947832465171814 175 136 186 153
class 0.4917638301849365 188 131 198 147
class 0.34172579646110535 78 147 91 160
class 0.4141956865787506 89 166 98 177
class 0.6340866684913635 93 164 105 177
class 0.4069671928882599 150 171 161 182
class 0.7161552309989929 193 170 199 182
class 0.4626954197883606 69 185 80 198
class 0.5869563817977905 123 183 136 197
