class 0.5920880436897278 167 0 175 6
class 0.844830334186554 179 1 189 12
class 0.8290650844573975 1 12 10 25
class 0.6548161506652832 68 7 77 20
class 0.3615122437477112 16 18 24 28
class 0.5755679607391357 20 17 29 28
class 0.3615168631076813 174 22 186 36
class 0.563708484172821 56 33 67 49
class 0.3872952163219452 104 34 113 47
class 0.5668623447418213 181 44 192 56
class 0.6127817630767822 3 55 12 67
class 0.5987967252731323 13 49 23 61
class 0.5430186986923218 17 55 26 66
class 0.7232295274734497 92 54 103 65
class 0.5901069641113281 97 63 109 77
class 0.591910183429718 160 59 169 72
class 0.408128023147583 111 70 122 81
class 0.35935506224632263 67 85 79 99
class 0.47812995314598083 175 86 187 98
class 0.6126561760902405 43 90 54 105
class 0.2040964663028717 171 90 184 103
class 0.6365691423416138 43 108 53 121
class 0.4403932988643646 111 129 121 141
class 0.4998360276222229 123 130 132 141
class 0.655083954334259 170 128 182 141
class 0.4313839375972748 140 133 152 148
class 0.5849063992500305 144 139 153 151
class 0.5313301682472229 15 154 25 165
class 0.5903937220573425 135 154 145 165
class 0.532238781452179 50 164 61 176
class 0.4263872504234314 7 176 17 187
class 0.48080480098724365 59 177 70 190
class 0.6526199579238892 193 180 199 193
class 0.6466996073722839 65 187 75 198
class 0.29468050599098206 152 186 159 195
