class 0.34950682520866394 71 3 83 15
class 0.5153305530548096 111 0 123 8
class 0.7431508898735046 126 1 136 11
class 0.6209375262260437 15 18 23 28
class 0.6362708210945129 97 21 111 34
class 0.29382675886154175 45 33 58 45
class 0.42314383387565613 49 27 59 40
class 0.4149075150489807 57 44 68 56
class 0.17851726710796356 62 43 75 55
class 0.5787498354911804 70 38 80 50
class 0.5295040011405945 107 64 116 76
class 0.5080972909927368 134 58 144 70
class 0.28773248195648193 187 62 196 75
class 0.5552881360054016 96 69 105 80
class 0.635265588760376 191 69 199 82
class 0.5580992102622986 125 80 135 92
class 0.5720519423484802 155 84 163 96
class 0.5118823051452637 28 100 38 112
class 0.5289743542671204 146 112 156 125
class 0.41038715839385986 166 118 176 130
class 0.5824471712112427 64 134 75 145
class 0.4943089783191681 71 132 83 144
class 0.5676648616790771 138 134 147 144
class 0.5638211369514465 51 146 63 159
class 0.5066314935684204 137 148 146 160
class 0.5226293802261353 152 150 161 160
class 0.6399020552635193 158 146 168 159
class 0.10693340748548508 155 148 162 157
class 0.10853013396263123 152 142 169 164
class 0.5151268839836121 9 155 20 165
class 0.46375736594200134 169 163 180 176
class 0.3349874019622803 9 180 19 194
class 0.450804203748703 13 182 22 192
class 0.37111422419548035 44 176 54 187
class 0.5840807557106018 186 180 197 192
class 0.13087809085845947 1 190 6 199
class 0.810143768787384 1 191 11 199
class 0.36780983209609985 26 187 35 197
class 0.47548913955688477 156 192 166 199
