class 0.6415367722511292 66 3 76 15
class 0.6276343464851379 75 0 85 12
class 0.6965708136558533 2 10 11 21
class 0.43122243881225586 33 13 43 25
class 0.5391685366630554 143 11 153 24
class 0.583145260810852 101 24 110 35
class 0.5327271223068237 139 22 152 37
class 0.5675296783447266 72 34 83 46
class 0.578096866607666 134 28 144 39
class 0.5906108617782593 143 38 153 51
class 0.6445311903953552 171 45 180 57
class 0.7396059632301331 66 66 78 78
class 0.6820394396781921 76 60 87 72
class 0.15231920778751373 67 63 84 74
class 0.11746405810117722 79 58 93 70
class 0.47780510783195496 124 64 133 75
class 0.2769377529621124 70 69 82 81
class 0.5202307105064392 8 86 19 100
class 0.5225347876548767 118 82 127 93
class 0.6540086269378662 181 79 192 93
class 0.5143434405326843 158 92 170 104
class 0.500144362449646 31 107 41 119
class 0.48561301827430725 146 107 157 118
class 0.5556760430335999 182 102 192 114
class 0.5920335650444031 117 115 131 132
class 0.4734264612197876 122 110 132 124
class 0.4732714891433716 13 125 24 137
class 0.6108421087265015 14 133 24 145
class 0.5749371647834778 134 137 144 151
class 0.2502633333206177 36 150 46 161
class 0.3638949394226074 131 143 139 154
class 0.7743672132492065 0 171 9 183
class 0.3827208876609802 111 164 121 179
class 0.496673583984375 151 163 160 175
class 0.4895949959754944 24 181 34 194
class 0.31955215334892273 140 177 150 189
class 0.632904052734375 191 176 199 188
class 0.5531014800071716 39 189 48 198
class 0.5595871210098267 57 185 66 196
class 0.5957991480827332 135 187 146 198
