class 0.6871324181556702 119 0 128 11
class 0.6852784752845764 145 0 154 7
class 0.2935723662376404 155 3 167 13
class 0.4804159700870514 40 12 49 25
class 0.3567105531692505 78 13 88 23
class 0.6027795672416687 82 20 91 32
class 0.5583788156509399 119 20 129 34
class 0.5444806218147278 148 14 159 29
class 0.4729941189289093 147 17 154 27
class 0.5808843374252319 113 27 122 38
class 0.7363625764846802 192 27 199 39
class 0.5167429447174072 15 37 25 49
class 0.2654707431793213 81 37 90 48
class 0.4833727180957794 146 41 156 54
class 0.7853318452835083 0 48 8 60
class 0.5414393544197083 169 55 179 67
class 0.410892128944397 175 48 186 60
class 0.49405720829963684 117 59 126 70
class 0.31886520981788635 176 68 187 82
class 0.5383739471435547 76 80 87 92
class 0.3380584120750427 120 81 131 94
class 0.5741981267929077 170 80 180 91
class 0.5080540776252747 21 97 31 108
class 0.5452214479446411 157 92 166 103
class 0.348981112241745 24 106 36 121
class 0.5677117705345154 46 117 57 132
class 0.5356035828590393 69 117 79 128
class 0.44527536630630493 132 123 141 134
class 0.5592951774597168 112 137 122 148
class 0.6010211110115051 182 133 192 145
class 0.646403431892395 22 153 32 166
class 0.34144577383995056 68 154 80 167
class 0.669151782989502 183 158 192 169
class 0.4701290428638458 140 165 150 176
class 0.45250239968299866 156 164 167 176
class 0.39095237851142883 49 186 58 195
class 0.5062528252601624 145 186 156 198
