class 0.7137873768806458 46 0 56 10
class 0.4114340841770172 130 0 139 5
class 0.7629413604736328 139 3 149 13
class 0.2719021439552307 142 6 150 17
class 0.5147070288658142 24 15 35 29
class 0.4556869864463806 81 18 90 29
class 0.5139892101287842 167 19 177 29
class 0.7573333382606506 0 27 7 38
class 0.3627980649471283 92 29 102 41
class 0.46182340383529663 118 34 127 45
class 0.31896886229515076 172 54 184 67
class 0.5916580557823181 38 64 48 76
class 0.3883518576622009 73 69 83 80
class 0.4746427834033966 124 68 134 81
class 0.4068542718887329 121 84 132 97
class 0.19724366068840027 184 88 193 99
class 0.6742803454399109 12 94 23 107
class 0.5313438773155212 66 106 78 120
class 0.644423246383667 176 112 189 124
class 0.38452309370040894 186 115 197 126
class 0.584679126739502 0 121 7 133
class 0.47565481066703796 27 128 37 141
class 0.4417181611061096 71 125 78 137
class 0.5904213190078735 164 121 175 134
class 0.5910935997962952 184 127 199 138
class 0.396745502948761 28 149 38 163
class 0.3936140537261963 184 144 193 157
class 0.4610443711280823 11 154 22 166
class 0.5093228816986084 51 159 60 173
class 0.3819505274295807 68 154 77 165
class 0.590660572052002 71 158 81 171
class 0.6853908896446228 186 159 198 173
class 0.5797936320304871 4 171 14 183
class 0.38191667199134827 36 181 46 193
class 0.6858668327331543 177 188 187 199
