class 0.8123079538345337 0 0 7 7
class 0.6907142996788025 50 0 60 11
class 0.7846836447715759 72 0 82 11
class 0.5116920471191406 16 13 24 25
class 0.6432793736457825 53 12 64 25
class 0.13618585467338562 60 12 70 25
class 0.5286448001861572 107 12 118 26
class 0.4334399700164795 183 7 192 20
class 0.3437650501728058 98 24 107 35
class 0.8344552516937256 1 27 10 41
class 0.4184000790119171 177 33 185 46
class 0.6036657691001892 83 37 94 50
class 0.3673902153968811 189 38 197 48
class 0.5776568055152893 4 47 12 60
class 0.21978001296520233 7 48 16 61
class 0.5669258236885071 15 63 24 75
class 0.5671089291572571 39 75 52 88
class 0.4472687840461731 64 70 74 83
class 0.4393112063407898 123 72 134 86
class 0.5053199529647827 132 68 142 82
class 0.45042240619659424 174 69 186 81
class 0.560950517654419 70 95 80 108
class 0.5419528484344482 112 90 122 103
class 0.3876902759075165 46 103 57 118
class 0.4825263023376465 105 101 114 113
class 0.5947253108024597 179 102 190 114
class 0.453043669462204 86 129 96 141
class 0.7643245458602905 0 139 10 151
class 0.38728320598602295 97 132 106 143
class 0.4682472348213196 169 131 180 145
class 0.37333154678344727 108 149 118 161
class 0.48532870411872864 183 150 192 163
class 0.7841430902481079 78 160 87 173
class 0.4639701545238495 151 156 161 167
class 0.4360864758491516 172 160 182 170
class 0.36800268292427063 40 163 50 174
class 0.569412112236023 72 179 83 195
class 0.46142104268074036 88 178 100 190
class 0.26424291729927063 183 183 193 194
class 0.6883906126022339 182 188 191 197
