class 0.6455345153808594 45 0 55 7
class 0.7569016218185425 53 1 63 11
class 0.604459822177887 67 5 77 17
class 0.5558353066444397 141 4 150 19
class 0.43871715664863586 117 23 126 36
class 0.5350735783576965 67 33 78 47
class 0.5336846113204956 136 26 145 38
class 0.5601187944412231 33 54 42 65
class 0.5179875493049622 152 54 161 68
class 0.6527266502380371 159 50 169 63
class 0.10856030881404877 153 52 166 64
class 0.5394319295883179 80 70 91 81
class 0.666051983833313 192 74 199 88
class 0.2945307791233063 154 83 165 96
class 0.4844857156276703 164 83 174 96
class 0.4444733262062073 184 81 192 94
class 0.5766958594322205 29 92 37 106
class 0.5908399224281311 189 96 199 110
class 0.4238205552101135 28 99 37 113
class 0.43223533034324646 130 100 141 113
class 0.5217220783233643 153 107 163 119
class 0.37388113141059875 84 114 94 127
class 0.35463982820510864 109 113 120 124
class 0.6028253436088562 123 109 134 124
class 0.5359260439872742 158 117 170 132
class 0.47817131876945496 169 112 180 122
class 0.46900486946105957 70 126 79 138
class 0.5559551119804382 154 125 164 136
class 0.452867329120636 11 140 22 151
class 0.47886553406715393 30 136 38 148
class 0.666437566280365 147 140 156 151
class 0.3525305390357971 165 150 176 163
class 0.5186439752578735 8 172 17 183
class 0.5594601035118103 24 171 36 183
class 0.2567736804485321 131 170 143 183
class 0.40194961428642273 162 169 171 181
class 0.5389961004257202 186 170 197 181
class 0.50672447681427 74 175 85 187
class 0.47934597730636597 172 192 181 199
