class 0.7822387218475342 4 0 12 10
class 0.7351652979850769 159 4 169 13
class 0.3753490447998047 84 6 93 20
class 0.3523254692554474 100 12 108 25
class 0.3949696123600006 163 9 175 23
class 0.7298810482025146 0 15 6 28
class 0.46610140800476074 87 17 99 30
class 0.5927574634552002 114 25 125 36
class 0.1613827645778656 171 23 181 35
class 0.5594577193260193 14 34 23 46
class 0.49954524636268616 75 28 88 40
class 0.19113695621490479 81 27 93 39
class 0.540086030960083 154 34 162 46
class 0.10170964896678925 177 25 189 40
class 0.6709495186805725 185 27 196 39
class 0.6336819529533386 160 43 170 57
class 0.5660845637321472 28 56 37 67
class 0.39936739206314087 37 60 47 72
class 0.5272263884544373 163 73 174 85
class 0.4531603157520294 65 86 75 97
class 0.4922896921634674 104 79 115 90
class 0.5314033031463623 132 90 143 102
class 0.7925857901573181 2 104 12 115
class 0.4299244284629822 121 101 131 114
class 0.5641922354698181 21 115 32 128
class 0.347181111574173 87 116 97 128
class 0.5750536918640137 160 118 169 130
class 0.59651118516922 28 128 40 142
class 0.2959982752799988 37 129 47 141
class 0.8123257160186768 0 133 8 146
class 0.388613224029541 66 139 79 153
class 0.4753040075302124 107 143 117 155
class 0.28162384033203125 98 162 108 172
class 0.5944242477416992 161 154 171 165
class 0.7111422419548035 0 164 6 176
class 0.531040370464325 105 164 117 177
class 0.7291125059127808 4 179 14 191
class 0.629159688949585 192 175 199 185
class 0.42621371150016785 49 186 60 197
