class 0.8014987111091614 49 2 60 14
class 0.6687017679214478 86 3 96 15
class 0.5461932420730591 96 0 107 9
class 0.7852399349212646 169 0 179 12
class 0.10127954185009003 174 0 185 9
class 0.5590535402297974 22 12 32 26
class 0.6462869644165039 34 5 44 17
class 0.4472542703151703 109 11 118 24
class 0.5162280201911926 146 7 158 18
class 0.4336089789867401 162 6 171 17
class 0.46360984444618225 193 12 199 25
class 0.47452083230018616 50 26 61 39
class 0.31679341197013855 111 54 121 66
class 0.594841718673706 54 65 66 78
class 0.5227410197257996 101 64 110 77
class 0.4581465721130371 96 71 107 83
class 0.544971227645874 146 73 155 84
class 0.21323420107364655 47 81 56 95
class 0.5015973448753357 13 95 23 109
class 0.3257324695587158 55 89 67 102
class 0.1532907783985138 36 107 45 120
class 0.5223336219787598 108 107 120 120
class 0.3093947470188141 160 102 170 113
class 0.5014017820358276 77 117 88 129
class 0.6839765310287476 148 115 157 128
class 0.30906280875205994 24 132 36 146
class 0.536872923374176 153 136 165 150
class 0.6331825256347656 0 150 9 162
class 0.612686276435852 21 143 30 158
class 0.49136704206466675 32 148 42 161
class 0.5294371247291565 14 154 24 167
class 0.5111269354820251 105 159 114 171
class 0.4688677191734314 157 159 168 171
class 0.5089727640151978 92 163 102 176
class 0.4556277096271515 128 181 138 193
class 0.5356079936027527 39 188 49 199
class 0.6052247881889343 109 191 120 199
