class 0.6642804741859436 48 1 58 12
class 0.6669161915779114 98 2 107 12
class 0.6541568636894226 180 11 189 23
class 0.2795290946960449 146 24 156 37
class 0.6045630574226379 81 33 94 46
class 0.3075263500213623 109 43 120 55
class 0.4360327422618866 140 42 147 53
class 0.6036618947982788 61 47 73 60
class 0.37452685832977295 99 55 109 68
class 0.4006385803222656 119 49 131 64
class 0.30378419160842896 162 61 172 73
class 0.6161254048347473 165 59 176 69
class 0.48799940943717957 86 73 95 86
class 0.49299371242523193 115 68 125 82
class 0.5037368535995483 132 71 142 85
class 0.5426477193832397 158 68 168 81
class 0.6352880001068115 35 78 46 92
class 0.7679864764213562 1 97 10 109
class 0.3769100606441498 55 96 65 109
class 0.49918413162231445 87 91 98 104
class 0.5554675459861755 149 91 159 103
class 0.47552379965782166 46 108 56 119
class 0.37283074855804443 130 101 141 113
class 0.618330180644989 176 103 186 116
class 0.5005601644515991 25 113 35 126
class 0.5705200433731079 48 116 60 127
class 0.45461025834083557 139 118 149 129
class 0.526620626449585 180 120 191 131
class 0.6201456785202026 39 129 50 139
class 0.4223325550556183 109 122 120 134
class 0.6602127552032471 179 123 189 134
class 0.39081981778144836 70 141 79 155
class 0.5801021456718445 177 144 188 157
class 0.682842493057251 139 159 149 170
class 0.6255261898040771 91 171 102 183
class 0.4396313428878784 145 172 155 182
class 0.6089149713516235 67 174 77 186
class 0.5444720983505249 166 174 176 186
class 0.5231072902679443 40 188 50 197
