class 0.393062025308609 38 3 48 13
class 0.7631239295005798 96 1 107 11
class 0.758644163608551 175 0 188 6
class 0.7276461124420166 5 9 13 20
class 0.4329831004142761 183 13 192 25
class 0.6072134971618652 129 21 142 35
class 0.24687130749225616 133 18 145 32
class 0.4620954692363739 24 27 32 39
class 0.5136397480964661 43 33 52 45
class 0.5084909200668335 70 28 79 40
class 0.5450206995010376 38 42 49 54
class 0.4982600808143616 155 58 165 70
class 0.6707550883293152 179 59 190 71
class 0.37789681553840637 25 75 35 90
class 0.44608190655708313 101 76 111 87
class 0.47531455755233765 133 70 142 82
class 0.36941584944725037 98 81 110 95
class 0.4763076901435852 147 83 157 95
class 0.4269440770149231 173 85 185 97
class 0.3024628460407257 87 97 98 110
class 0.5239686965942383 19 101 30 113
class 0.15654590725898743 91 119 100 131
class 0.3966928720474243 111 111 120 124
class 0.3147004544734955 37 123 47 134
class 0.6198617815971375 97 125 109 139
class 0.5160018801689148 182 128 192 141
class 0.5219249725341797 16 132 28 144
class 0.38982731103897095 35 138 46 152
class 0.5089752674102783 145 135 155 146
class 0.6745814681053162 74 142 83 155
class 0.6763789057731628 97 143 106 154
class 0.4953039586544037 190 143 199 154
class 0.5611996650695801 87 155 96 166
class 0.4799536168575287 178 153 187 164
class 0.6159771680831909 73 172 83 183
class 0.6569563746452332 98 165 108 176
class 0.5874029994010925 10 178 20 188
