class 0.541580855846405 40 3 50 15
class 0.29860377311706543 112 4 122 14
class 0.668761134147644 1 6 10 18
class 0.5754606127738953 11 16 21 29
class 0.48970311880111694 18 18 28 31
class 0.4800921082496643 31 18 40 30
class 0.5319918990135193 80 22 89 33
class 0.6134825348854065 9 32 19 45
class 0.5150880813598633 50 27 60 38
class 0.50422602891922 160 27 171 39
class 0.4371429979801178 111 37 121 49
class 0.7487634420394897 191 43 199 56
class 0.5584981441497803 91 48 101 63
class 0.4422219395637512 55 58 68 71
class 0.48807892203330994 66 64 77 77
class 0.381751149892807 93 57 103 71
class 0.41836926341056824 164 64 173 76
class 0.6739556789398193 192 66 199 78
class 0.8656654357910156 2 71 14 83
class 0.5545747876167297 70 90 81 102
class 0.5840786099433899 88 91 99 104
class 0.4531206488609314 189 90 197 103
class 0.5382164716720581 145 100 154 113
class 0.5253262519836426 50 110 61 124
class 0.5946196913719177 34 128 43 139
class 0.3325352370738983 146 124 156 136
class 0.48639899492263794 12 135 21 146
class 0.5443305969238281 62 139 72 150
class 0.4585159718990326 163 132 174 145
class 0.4726293087005615 183 148 193 160
class 0.8021576404571533 0 164 9 177
class 0.4536899924278259 92 179 104 192
class 0.45644310116767883 131 182 140 194
class 0.4027363061904907 148 173 158 189
class 0.6489707231521606 192 174 199 186
class 0.5807086825370789 14 191 25 199
class 0.5136075019836426 55 185 66 197
class 0.25952982902526855 80 184 88 196
class 0.5765897035598755 149 185 160 198
