class 0.6790941953659058 36 1 45 11
class 0.7957717180252075 144 2 155 15
class 0.8513189554214478 182 3 191 16
class 0.6841797232627869 0 11 5 23
class 0.4767092764377594 98 6 108 20
class 0.3564915359020233 123 8 133 22
class 0.5654715299606323 60 33 69 45
class 0.1851317584514618 118 34 129 46
class 0.6978649497032166 113 41 123 54
class 0.5535613894462585 144 48 153 61
class 0.7574871182441711 193 65 199 77
class 0.4478016793727875 63 70 73 83
class 0.4686660170555115 77 74 89 86
class 0.3509710133075714 84 75 97 86
class 0.5734879374504089 144 69 156 82
class 0.7453466057777405 0 85 9 97
class 0.6644386649131775 176 87 188 100
class 0.6673550605773926 18 96 31 109
class 0.37686535716056824 27 98 37 110
class 0.5548485517501831 91 97 101 110
class 0.43634307384490967 66 108 78 122
class 0.6516276597976685 22 121 35 133
class 0.6661374568939209 102 128 112 141
class 0.47810274362564087 72 140 82 151
class 0.4228079915046692 44 144 53 157
class 0.5658741593360901 75 142 86 155
class 0.5407732725143433 184 146 193 157
class 0.4707498550415039 95 160 105 172
class 0.6473141312599182 128 159 138 172
class 0.13048353791236877 134 160 144 171
class 0.6662865281105042 78 163 88 177
class 0.44829288125038147 36 174 44 185
class 0.5543934106826782 50 180 61 193
class 0.5179497599601746 86 178 96 191
class 0.4636410176753998 25 188 34 198
class 0.5270739197731018 189 188 198 198
