class 0.7721147537231445 134 0 145 9
class 0.8096904754638672 186 1 197 13
class 0.4272690713405609 48 10 56 21
class 0.3449019193649292 141 22 150 35
class 0.4689057767391205 17 26 27 39
class 0.28436151146888733 39 28 47 41
class 0.5836082696914673 144 32 154 43
class 0.468532919883728 91 37 100 48
class 0.5307086110115051 146 44 158 58
class 0.4767816364765167 11 50 21 62
class 0.5016773343086243 59 52 69 64
class 0.36108291149139404 174 53 184 66
class 0.6314267516136169 192 49 199 61
class 0.657773494720459 2 66 11 77
class 0.5738936066627502 116 60 126 73
class 0.578799843788147 38 68 49 82
class 0.5120425224304199 72 75 82 88
class 0.5155718326568604 83 71 93 82
class 0.3814055919647217 162 74 172 86
class 0.4844870865345001 184 69 196 83
class 0.4305119812488556 15 84 25 97
class 0.5838502645492554 29 87 39 100
class 0.3185639977455139 153 81 164 94
class 0.5516332983970642 170 80 183 93
class 0.48648327589035034 72 92 83 105
class 0.45222216844558716 135 93 146 106
class 0.5738816261291504 188 96 198 110
class 0.3840141296386719 163 102 174 113
class 0.7064979672431946 2 112 11 123
class 0.4724779427051544 67 110 78 123
class 0.4290370047092438 139 127 148 138
class 0.47957658767700195 161 128 172 142
class 0.5855915546417236 80 140 89 153
class 0.674002468585968 193 138 199 151
class 0.3775564730167389 154 142 165 155
class 0.555688738822937 66 166 76 177
class 0.7056910991668701 193 166 199 179
class 0.6870946288108826 137 175 147 187
class 0.5796263813972473 36 190 45 198
