class 0.41579005122184753 26 15 35 25
class 0.4968825578689575 137 7 147 19
class 0.5247535109519958 189 12 198 23
class 0.42507290840148926 66 15 79 28
class 0.43435758352279663 156 16 166 28
class 0.6161872744560242 62 34 72 46
class 0.2908024191856384 174 27 184 40
class 0.4484593868255615 193 33 199 46
class 0.5813499093055725 100 42 111 55
class 0.47207769751548767 167 37 175 49
class 0.5062755346298218 31 48 40 60
class 0.5464550852775574 35 63 47 77
class 0.47310304641723633 101 64 110 77
class 0.42466574907302856 122 57 131 71
class 0.7113196849822998 192 65 199 78
class 0.8393551707267761 2 75 13 87
class 0.50145423412323 5 80 12 91
class 0.5077201128005981 61 82 69 94
class 0.5184011459350586 123 85 133 99
class 0.4429066479206085 134 78 145 91
class 0.30751317739486694 76 97 85 109
class 0.41804930567741394 76 103 90 121
class 0.40391525626182556 155 99 165 112
class 0.3905144929885864 172 105 183 120
class 0.552828311920166 27 117 37 130
class 0.44374334812164307 64 111 74 123
class 0.4730674624443054 113 116 123 129
class 0.5317993760108948 186 114 196 127
class 0.5190826654434204 7 127 18 140
class 0.465085506439209 87 138 100 151
class 0.4174453318119049 159 137 167 149
class 0.44429999589920044 76 155 87 167
class 0.70560622215271 0 171 8 184
class 0.49675074219703674 15 172 25 183
class 0.5902327299118042 56 164 67 176
class 0.5759977698326111 106 165 116 177
class 0.48129236698150635 152 171 162 181
class 0.5231099128723145 44 187 54 198
