class 0.8851009607315063 31 2 41 11
class 0.506957471370697 32 13 43 23
class 0.4153158366680145 80 17 89 27
class 0.8143793344497681 179 21 190 33
class 0.4317767322063446 188 22 198 33
class 0.44278618693351746 56 34 66 46
class 0.5821976661682129 129 34 138 46
class 0.15433752536773682 191 27 199 38
class 0.5010036826133728 185 42 198 55
class 0.4874991178512573 46 51 57 65
class 0.4458618462085724 91 54 102 67
class 0.6704155206680298 1 58 8 70
class 0.5552957057952881 12 59 23 71
class 0.6187777519226074 177 60 187 71
class 0.5599968433380127 98 74 110 87
class 0.5228607654571533 129 73 139 85
class 0.5791814923286438 33 97 42 108
class 0.4588039517402649 79 97 91 110
class 0.651003897190094 112 96 121 109
class 0.5040428042411804 17 100 27 112
class 0.5377737283706665 67 106 79 121
class 0.45270535349845886 109 107 121 120
class 0.47085699439048767 29 119 38 131
class 0.5299555063247681 166 118 178 130
class 0.727473258972168 1 133 10 145
class 0.4524592161178589 116 132 125 142
class 0.3811405301094055 84 142 96 157
class 0.21700896322727203 141 150 151 163
class 0.3891735374927521 184 143 192 156
class 0.5207171440124512 189 147 198 161
class 0.5528695583343506 50 154 61 167
class 0.5222795009613037 162 153 172 166
class 0.750687301158905 108 163 120 176
class 0.5639827251434326 181 171 190 182
class 0.37191134691238403 130 180 140 192
class 0.5537509918212891 52 186 62 195
class 0.5604884028434753 65 187 74 199
class 0.5135734677314758 141 192 151 199
