class 0.5776523947715759 43 6 54 23
class 0.5233548283576965 86 7 97 20
class 0.5293988585472107 22 21 33 34
class 0.5251161456108093 56 20 67 35
class 0.38633066415786743 46 27 57 38
class 0.40541714429855347 68 34 79 47
class 0.30107590556144714 90 44 100 57
class 0.6304929852485657 106 44 116 56
class 0.5628988742828369 155 38 165 53
class 0.5915563106536865 15 48 24 59
class 0.49428853392601013 49 48 59 60
class 0.12460646033287048 86 47 97 60
class 0.6640037298202515 161 49 172 62
class 0.48909130692481995 157 67 166 77
class 0.4346795380115509 39 70 47 81
class 0.615303099155426 70 75 79 87
class 0.5936653017997742 176 75 186 88
class 0.27161043882369995 46 85 58 101
class 0.32727697491645813 16 90 26 102
class 0.5897316932678223 163 95 174 108
class 0.5176017880439758 59 99 70 113
class 0.6328222751617432 86 102 96 116
class 0.6242850422859192 153 100 164 114
class 0.2999902367591858 149 110 158 123
class 0.5126933455467224 27 127 37 139
class 0.5068888068199158 83 123 92 135
class 0.5747183561325073 104 128 115 140
class 0.39671310782432556 157 129 166 140
class 0.6092041730880737 38 135 48 147
class 0.5072193741798401 155 160 166 173
class 0.712643027305603 4 172 13 183
class 0.5927652716636658 32 171 41 182
class 0.5306556224822998 98 169 109 181
class 0.5038448572158813 116 164 126 177
class 0.5390258431434631 43 182 54 193
class 0.5111857056617737 82 179 94 192
class 0.3163091242313385 100 179 109 189
class 0.5426872372627258 127 174 138 187
class 0.7005153894424438 181 177 192 191
class 0.607563853263855 39 188 49 199
