class 0.5900655388832092 91 2 101 12
class 0.5652132630348206 20 17 29 31
class 0.38865384459495544 97 27 106 37
class 0.38586723804473877 112 30 121 42
class 0.4740206003189087 12 38 22 49
class 0.8320732712745667 193 43 199 56
class 0.553843080997467 80 77 89 89
class 0.4496200382709503 108 79 119 92
class 0.5410561561584473 9 96 18 109
class 0.6247413754463196 136 90 146 101
class 0.2972506582736969 79 112 89 125
class 0.5786476731300354 145 118 154 129
class 0.8091219663619995 1 127 11 139
class 0.5264289975166321 130 122 141 134
class 0.6048368215560913 154 121 164 134
class 0.5419919490814209 171 125 179 137
class 0.4481954872608185 185 122 196 136
class 0.3976804316043854 98 132 107 146
class 0.5230145454406738 149 137 159 149
class 0.5010510683059692 172 135 183 150
class 0.5756500363349915 54 154 64 167
class 0.5868000984191895 77 157 88 168
class 0.6348124742507935 34 170 45 183
class 0.5253002047538757 64 168 76 182
class 0.40337249636650085 75 169 87 182
class 0.4026126265525818 85 164 95 176
class 0.5642167925834656 109 166 120 179
class 0.6010501980781555 17 177 30 190
class 0.4758548438549042 182 175 189 187
class 0.7468831539154053 3 186 13 198
class 0.5400866270065308 151 191 161 199
class 0.17434430122375488 160 189 170 198
class 0.6588093042373657 171 187 181 196
class 0.5299522876739502 175 191 184 199
