class 0.7317114472389221 53 3 63 15
class 0.6135807633399963 101 1 112 11
class 0.14178466796875 160 0 171 7
class 0.6703986525535583 164 0 175 11
class 0.32773658633232117 119 13 129 25
class 0.7299667596817017 1 18 9 30
class 0.31703677773475647 133 17 143 30
class 0.42890989780426025 43 39 53 50
class 0.34253594279289246 69 44 79 56
class 0.4829309284687042 188 40 198 52
class 0.5154285430908203 57 54 67 66
class 0.5218961834907532 113 55 124 66
class 0.4304805397987366 108 62 117 75
class 0.5492843985557556 118 64 130 78
class 0.5868324041366577 81 85 91 98
class 0.5689716339111328 177 82 187 95
class 0.5277857184410095 11 103 21 117
class 0.4555441439151764 165 100 175 111
class 0.5217524766921997 35 116 46 129
class 0.6571367383003235 11 123 23 136
class 0.22179721295833588 17 121 26 135
class 0.5591552257537842 175 121 186 133
class 0.501067578792572 64 131 73 144
class 0.4897151291370392 45 150 55 161
class 0.4702756106853485 56 151 66 161
class 0.5978021025657654 192 151 199 161
class 0.5419998168945312 71 153 82 165
class 0.6562767624855042 89 154 98 167
class 0.5657497644424438 127 152 138 166
class 0.48046961426734924 156 160 166 172
class 0.5448548197746277 46 169 56 180
class 0.299161434173584 89 169 98 183
class 0.5435321927070618 108 169 119 182
class 0.5666981935501099 168 165 178 176
class 0.6500024795532227 189 164 199 176
class 0.4658074676990509 138 180 150 193
class 0.5514673590660095 12 188 22 198
class 0.6349419951438904 83 188 95 199
class 0.5589389801025391 117 193 128 199
class 0.5395680069923401 161 186 171 197
