class 0.7710332870483398 0 2 5 14
class 0.6408312320709229 34 2 45 15
class 0.7920545339584351 62 1 72 12
class 0.3944185972213745 33 7 42 18
class 0.5026534199714661 102 6 113 19
class 0.7560625076293945 85 21 97 35
class 0.4062512516975403 191 18 199 27
class 0.4691912531852722 135 27 144 37
class 0.6324615478515625 186 27 196 38
class 0.6183091998100281 47 39 59 52
class 0.5426572561264038 15 58 25 71
class 0.4037877321243286 35 57 46 72
class 0.3943611681461334 37 65 48 77
class 0.5437117218971252 71 64 81 78
class 0.5091183185577393 101 66 111 78
class 0.1541929990053177 40 69 51 80
class 0.46736401319503784 8 87 19 99
class 0.5141023993492126 112 80 122 92
class 0.5048646926879883 13 93 24 103
class 0.5968219637870789 103 99 114 109
class 0.6329412460327148 120 92 130 105
class 0.4603928029537201 164 92 174 104
class 0.38396018743515015 185 96 195 110
class 0.5152425169944763 112 108 122 120
class 0.46099647879600525 122 101 133 113
class 0.4327118992805481 139 112 149 125
class 0.4935242235660553 35 127 47 141
class 0.5216389298439026 53 122 64 134
class 0.4217661917209625 78 124 90 138
class 0.4312346279621124 111 127 121 141
class 0.44403642416000366 160 132 170 144
class 0.44428738951683044 165 149 175 161
class 0.4944167137145996 16 162 25 172
class 0.48737457394599915 146 163 157 177
class 0.48015445470809937 42 180 53 195
class 0.5864208340644836 67 176 76 188
class 0.5579026341438293 74 185 84 196
class 0.5543014407157898 98 190 108 199
