class 0.819665253162384 95 1 105 9
class 0.7034893035888672 134 0 143 5
class 0.5766375064849854 18 18 27 29
class 0.3839382827281952 143 18 153 30
class 0.3785483241081238 171 24 182 35
class 0.6918385624885559 191 21 198 32
class 0.5582970976829529 84 33 93 45
class 0.5571823716163635 155 32 164 43
class 0.3689546585083008 182 27 192 37
class 0.5616058111190796 191 32 199 47
class 0.3597671091556549 195 35 199 45
class 0.6104120016098022 156 64 167 74
class 0.6365391612052917 166 66 179 77
class 0.6991620659828186 0 81 8 92
class 0.21980240941047668 174 79 184 94
class 0.7803889513015747 0 95 6 107
class 0.5257879495620728 117 97 127 109
class 0.6561537384986877 192 93 199 106
class 0.5001905560493469 14 106 23 117
class 0.5467891693115234 59 106 70 119
class 0.4158381223678589 133 100 142 111
class 0.4581149220466614 169 104 180 118
class 0.5338794589042664 24 112 37 126
class 0.6108382940292358 156 115 165 127
class 0.555583655834198 168 123 178 134
class 0.4934314489364624 184 125 193 138
class 0.5911276936531067 34 142 44 154
class 0.17483514547348022 68 150 80 163
class 0.4028027355670929 152 144 161 154
class 0.47392410039901733 167 152 179 162
class 0.38409730792045593 4 160 14 172
class 0.45835456252098083 51 159 63 170
class 0.3587121367454529 36 183 46 192
class 0.46132099628448486 69 174 81 187
class 0.3389894664287567 133 179 148 193
class 0.6036733984947205 144 177 155 189
class 0.6931593418121338 42 192 53 199
class 0.5097412467002869 172 186 181 197
