class 0.7919561862945557 31 2 41 15
class 0.6546750068664551 66 0 77 7
class 0.3804754316806793 110 3 119 13
class 0.7556118965148926 183 1 193 9
class 0.7419964671134949 187 0 197 8
class 0.7087175846099854 0 20 6 32
class 0.2200031876564026 28 26 36 39
class 0.606490433216095 123 30 134 43
class 0.5507326126098633 172 34 183 45
class 0.6173763275146484 1 46 10 56
class 0.40635353326797485 190 45 199 58
class 0.6167657971382141 0 51 7 63
class 0.5038179159164429 92 55 102 66
class 0.4757954776287079 122 55 132 66
class 0.5132232308387756 169 50 181 62
class 0.66489577293396 30 66 40 77
class 0.47661226987838745 102 59 111 71
class 0.5212810635566711 120 60 131 75
class 0.36331745982170105 27 69 37 81
class 0.4183804392814636 109 86 120 99
class 0.38691774010658264 43 92 53 104
class 0.599355161190033 135 98 145 109
class 0.4156852066516876 172 91 184 107
class 0.5358500480651855 54 110 65 124
class 0.5733615159988403 188 111 196 124
class 0.3502500355243683 151 127 163 139
class 0.5634264349937439 170 122 180 135
class 0.6271911859512329 50 138 60 151
class 0.5620666742324829 69 137 79 149
class 0.6245619654655457 156 131 167 144
class 0.6051756143569946 183 140 192 151
class 0.5533084869384766 171 148 181 159
class 0.42948195338249207 175 145 186 157
class 0.432966947555542 103 158 112 169
class 0.5644717216491699 170 159 179 169
class 0.5072658658027649 78 164 88 177
class 0.5844588875770569 0 181 6 195
class 0.6751163601875305 23 175 33 188
class 0.4891952872276306 46 182 56 193
