class 0.7463113069534302 40 4 49 14
class 0.6521454453468323 150 2 160 13
class 0.29661989212036133 37 6 45 17
class 0.2372117042541504 143 12 154 21
class 0.6476276516914368 169 7 179 20
class 0.5771269798278809 193 21 199 33
class 0.5054815411567688 21 28 30 40
class 0.47942790389060974 76 32 84 43
class 0.4033379852771759 154 28 163 39
class 0.4506438672542572 29 43 38 54
class 0.34387803077697754 66 37 74 49
class 0.5694234371185303 30 54 39 65
class 0.37117505073547363 91 54 101 66
class 0.4419884979724884 132 49 142 60
class 0.4842504560947418 184 48 193 60
class 0.3891462981700897 13 62 23 73
class 0.4042772054672241 39 60 47 74
class 0.5239084959030151 11 69 21 80
class 0.5600642561912537 175 75 186 87
class 0.611155092716217 164 84 174 97
class 0.5657106637954712 55 96 68 110
class 0.2827990651130676 59 95 73 107
class 0.7312659025192261 193 91 199 103
class 0.4387219548225403 171 100 181 113
class 0.5077948570251465 10 117 19 130
class 0.5105935335159302 8 128 18 141
class 0.6614369750022888 97 132 106 145
class 0.6546268463134766 192 132 199 144
class 0.10460913926362991 0 148 2 164
class 0.8179623484611511 0 150 6 162
class 0.43343180418014526 25 143 35 156
class 0.2828306555747986 70 150 79 163
class 0.39760008454322815 162 145 171 156
class 0.4016281068325043 25 154 35 165
class 0.38366445899009705 89 170 101 181
class 0.6041838526725769 113 163 123 174
class 0.3798322379589081 173 162 185 176
class 0.5390710234642029 189 176 198 188
