class 0.49295729398727417 17 2 26 13
class 0.7068566679954529 3 14 13 24
class 0.4649758040904999 145 12 156 28
class 0.39069753885269165 163 5 175 20
class 0.3078700304031372 79 17 91 28
class 0.4554749131202698 91 17 100 28
class 0.15020208060741425 150 15 162 29
class 0.625403881072998 76 32 85 45
class 0.294786661863327 133 28 143 40
class 0.5109997987747192 178 26 188 39
class 0.43331435322761536 48 55 57 67
class 0.28850531578063965 173 54 183 68
class 0.4869300127029419 16 70 27 82
class 0.45300358533859253 92 70 102 82
class 0.47391706705093384 117 75 127 86
class 0.4711776673793793 150 71 158 81
class 0.45471611618995667 37 84 47 96
class 0.21864259243011475 180 87 192 100
class 0.42264705896377563 186 84 197 98
class 0.10804129391908646 175 90 185 101
class 0.5544781684875488 44 107 56 120
class 0.5073468089103699 36 110 46 123
class 0.5028643012046814 153 114 164 128
class 0.5200713872909546 12 127 22 139
class 0.26588329672813416 101 127 111 140
class 0.4151741862297058 150 125 162 139
class 0.5535505414009094 45 133 54 145
class 0.43340620398521423 81 133 91 144
class 0.6241627335548401 144 133 154 144
class 0.48828503489494324 170 139 181 152
class 0.5810811519622803 36 143 46 154
class 0.6031306982040405 112 165 122 175
class 0.6667876243591309 105 177 116 189
class 0.32890889048576355 162 177 172 189
class 0.6828813552856445 4 189 13 199
class 0.6148277521133423 98 188 108 199
class 0.6617143154144287 159 185 170 198
class 0.4708278179168701 171 190 181 199
