class 0.697461724281311 106 10 116 22
class 0.12417572736740112 101 13 114 20
class 0.36284276843070984 103 16 113 28
class 0.5086457133293152 140 16 151 31
class 0.5115638971328735 59 28 69 37
class 0.6823431253433228 190 34 198 46
class 0.7153682708740234 62 43 72 55
class 0.7655655741691589 0 54 6 65
class 0.495078980922699 14 49 23 61
class 0.572012186050415 38 52 50 64
class 0.5331496596336365 97 53 106 66
class 0.4621241092681885 101 50 111 61
class 0.4903583824634552 158 60 168 72
class 0.3756875693798065 138 76 148 88
class 0.3055352568626404 133 85 143 99
class 0.4582234025001526 56 91 68 105
class 0.4736610949039459 30 102 39 115
class 0.32673582434654236 74 100 84 113
class 0.48328864574432373 89 107 100 120
class 0.4574580192565918 19 118 30 129
class 0.43881484866142273 121 111 132 124
class 0.623262882232666 184 125 192 137
class 0.5094437003135681 24 137 35 151
class 0.5011471509933472 60 132 70 145
class 0.31480127573013306 184 137 193 150
class 0.4704304337501526 19 154 31 167
class 0.19042283296585083 60 154 71 165
class 0.6530129313468933 4 172 13 184
class 0.5347331762313843 18 167 28 181
class 0.635106086730957 46 163 56 176
class 0.4731011688709259 66 164 76 176
class 0.43015825748443604 74 169 86 181
class 0.4747016429901123 123 163 134 177
class 0.6369214653968811 191 164 199 177
class 0.6494832634925842 98 173 108 185
class 0.12937767803668976 152 182 161 193
class 0.37833529710769653 154 178 163 189
class 0.5936148762702942 146 187 157 198
