class 0.5469087362289429 50 3 60 15
class 0.7675668001174927 4 14 13 26
class 0.49102118611335754 140 12 149 24
class 0.3848884701728821 151 9 159 22
class 0.42576664686203003 78 21 87 33
class 0.24478158354759216 99 23 109 36
class 0.14211098849773407 150 15 162 27
class 0.4254109859466553 160 19 171 31
class 0.38394662737846375 162 33 172 47
class 0.7298134565353394 3 37 13 48
class 0.44828200340270996 85 43 95 56
class 0.4019983112812042 128 45 138 57
class 0.4515758454799652 101 54 111 68
class 0.46586889028549194 191 58 199 70
class 0.4265812933444977 95 70 106 83
class 0.45252805948257446 128 74 137 86
class 0.36232390999794006 184 76 192 87
class 0.4045218825340271 94 86 105 99
class 0.473742812871933 146 82 156 94
class 0.5543340444564819 164 85 175 99
class 0.525357723236084 188 85 196 95
class 0.28432339429855347 88 89 99 102
class 0.40996497869491577 115 92 126 105
class 0.45420020818710327 25 109 35 120
class 0.5925598740577698 44 105 54 117
class 0.7648678421974182 0 111 6 123
class 0.6153467893600464 14 117 24 129
class 0.10111872106790543 20 111 29 122
class 0.48745739459991455 88 111 100 123
class 0.6812639236450195 55 127 64 140
class 0.5410009622573853 104 124 115 136
class 0.5550200939178467 121 122 132 136
class 0.43450790643692017 164 122 174 132
class 0.6696986556053162 115 132 125 144
class 0.38525301218032837 106 145 115 156
class 0.4027273654937744 145 150 154 163
class 0.4736534059047699 36 160 46 171
class 0.5165652632713318 159 153 169 165
class 0.5169282555580139 63 163 74 174
class 0.3298468291759491 162 181 173 192
class 0.5384793281555176 15 189 24 198
