class 0.7141119241714478 96 0 104 11
class 0.6983696818351746 132 1 143 12
class 0.4698770046234131 107 7 117 20
class 0.4597656726837158 8 22 18 33
class 0.5114551782608032 30 17 39 29
class 0.37136194109916687 26 31 37 44
class 0.3519331216812134 150 26 162 40
class 0.3559061884880066 169 40 179 51
class 0.533963143825531 174 36 186 50
class 0.4024764597415924 109 53 121 67
class 0.41619935631752014 163 49 174 59
class 0.37932828068733215 70 59 78 71
class 0.21631456911563873 122 65 133 77
class 0.29536500573158264 145 72 154 84
class 0.4607107937335968 16 80 27 93
class 0.3326769471168518 71 79 81 94
class 0.3093379735946655 164 80 173 89
class 0.37636086344718933 82 98 92 109
class 0.38543501496315 38 104 48 116
class 0.5885244607925415 49 103 60 117
class 0.675033688545227 154 105 165 117
class 0.5390085577964783 30 118 39 130
class 0.1584671288728714 45 111 57 123
class 0.6626631617546082 84 112 96 124
class 0.5832384824752808 135 111 144 122
class 0.5322312116622925 38 126 48 139
class 0.47824278473854065 97 128 109 139
class 0.7510342001914978 94 135 104 145
class 0.4925249516963959 104 132 115 144
class 0.3207206726074219 81 149 93 162
class 0.25333839654922485 170 142 180 153
class 0.47339653968811035 29 154 38 165
class 0.5083240270614624 71 153 81 166
class 0.6875335574150085 194 180 199 192
class 0.5767934918403625 9 186 18 195
