class 0.7666437029838562 147 0 157 11
class 0.6104709506034851 185 1 196 12
class 0.5945428013801575 11 7 20 18
class 0.5384404063224792 47 7 56 18
class 0.4362454414367676 106 10 117 23
class 0.4881908893585205 12 25 22 36
class 0.3723084032535553 50 18 59 28
class 0.25944575667381287 77 16 89 27
class 0.5220487117767334 133 22 142 34
class 0.5366548895835876 165 18 175 29
class 0.2567167282104492 183 22 192 35
class 0.47133681178092957 189 20 198 30
class 0.3978211283683777 61 27 69 38
class 0.46871259808540344 90 33 100 45
class 0.7823819518089294 191 31 199 45
class 0.5199483633041382 146 45 156 57
class 0.5192878842353821 69 53 80 68
class 0.5200146436691284 138 74 148 86
class 0.4967644512653351 10 81 21 94
class 0.40560537576675415 164 80 173 92
class 0.4864131808280945 69 96 79 109
class 0.37109482288360596 7 104 18 118
class 0.4829351305961609 93 102 103 116
class 0.39342162013053894 150 100 163 114
class 0.2660338580608368 161 109 174 124
class 0.6874106526374817 36 124 46 138
class 0.539274275302887 80 122 91 135
class 0.6627113223075867 126 129 136 141
class 0.49118128418922424 29 141 39 154
class 0.3533799946308136 13 153 23 165
class 0.3705000579357147 26 157 35 167
class 0.5433127284049988 108 152 119 164
class 0.5070958733558655 6 163 17 177
class 0.5371946096420288 66 171 76 182
class 0.5831735134124756 85 169 96 182
class 0.3355780839920044 25 182 35 193
class 0.6540052890777588 33 177 44 191
class 0.42955583333969116 133 191 142 199
