class 0.6836540102958679 17 3 27 14
class 0.35963329672813416 100 7 112 19
class 0.39645031094551086 121 13 130 24
class 0.5873289704322815 172 11 182 24
class 0.16864065825939178 57 25 66 35
class 0.5704136490821838 182 22 192 32
class 0.4313522279262543 191 18 199 29
class 0.5350137948989868 154 33 163 45
class 0.47893059253692627 183 28 192 37
class 0.13151247799396515 59 37 68 49
class 0.43493202328681946 114 49 124 62
class 0.39365315437316895 161 54 173 67
class 0.5189447999000549 10 58 19 68
class 0.24970556795597076 86 65 95 78
class 0.27851125597953796 25 67 35 81
class 0.34326696395874023 183 76 193 87
class 0.10675787180662155 62 80 71 91
class 0.4366050660610199 70 86 80 99
class 0.30409008264541626 186 79 196 92
class 0.40005528926849365 105 90 115 103
class 0.596229076385498 139 90 149 103
class 0.49151673913002014 24 100 35 114
class 0.631311297416687 28 117 38 129
class 0.4943864345550537 79 117 90 130
class 0.10367068648338318 191 119 198 130
class 0.6048089861869812 22 125 30 137
class 0.32195940613746643 58 129 68 142
class 0.4420025944709778 192 122 199 133
class 0.5497955083847046 24 138 35 152
class 0.4559206962585449 94 138 103 150
class 0.6694416999816895 192 135 199 149
class 0.2595829963684082 61 143 70 153
class 0.48121586441993713 110 149 123 161
class 0.6236081123352051 110 159 119 170
class 0.5519044399261475 156 159 166 172
class 0.7309842109680176 0 171 4 184
class 0.5648756623268127 39 169 49 182
class 0.44719409942626953 142 188 151 197
class 0.5376846194267273 158 191 168 199
