class 0.7868116497993469 724 180 782 225
class 0.7139199376106262 829 218 892 263
class 0.8169693350791931 602 263 659 313
class 0.7539064884185791 386 278 440 331
class 0.8238239288330078 883 278 946 328
class 0.7979751825332642 355 413 414 459
class 0.7997848391532898 447 404 505 458
class 0.6881628632545471 949 415 1003 460
class 0.7930455207824707 603 546 661 598
class 0.7122288942337036 793 537 850 584
class 0.7625910043716431 948 525 1014 579
class 0.8068874478340149 364 573 416 620
class 0.7202214002609253 681 574 739 626
class 0.7460363507270813 467 623 519 671
class 0.75592440366745 706 643 770 694
class 0.7882513999938965 791 655 855 710
class 0.8096684217453003 422 711 482 762
class 0.832430899143219 761 700 823 748
class 0.8408780694007874 322 756 383 799
