class 0.9206129312515259 510 1 579 42
class 0.7087736129760742 864 1 934 24
class 0.7818232178688049 572 35 634 76
class 0.6921297907829285 518 89 568 136
class 0.7836530804634094 277 152 333 195
class 0.7802479267120361 389 174 451 222
class 0.7833356261253357 545 180 605 227
class 0.6268550157546997 846 157 907 198
class 0.7564631700515747 286 219 345 264
class 0.6872460246086121 391 213 449 258
class 0.6743634939193726 614 214 680 264
class 0.6343241333961487 698 191 755 245
class 0.6043828725814819 820 208 889 256
class 0.6105722188949585 852 219 912 268
class 0.723190426826477 511 252 562 300
class 0.8100267052650452 600 262 652 307
class 0.7003507018089294 283 288 339 344
class 0.6722302436828613 771 291 830 336
class 0.833256721496582 852 283 906 338
class 0.7335797548294067 363 370 422 427
class 0.6425156593322754 417 382 472 430
class 0.6391310095787048 475 383 531 432
class 0.6008697748184204 426 410 485 454
class 0.7929999828338623 911 409 969 460
class 0.6882296800613403 385 459 442 523
class 0.6030330061912537 966 475 1016 519
class 0.6855958104133606 962 491 1022 538
class 0.7279955148696899 251 532 309 581
class 0.729957640171051 545 558 609 606
class 0.732826828956604 642 555 696 601
class 0.7522129416465759 794 529 852 581
class 0.7457045316696167 967 552 1028 601
class 0.680559515953064 446 620 496 669
class 0.6230652332305908 236 662 299 716
class 0.7308822870254517 267 661 329 711
class 0.77118319272995 671 660 732 707
class 0.6072477698326111 806 666 860 708
class 0.7396612167358398 870 681 925 730
class 0.7877535223960876 935 680 994 728
class 0.7920615077018738 338 707 406 755
class 0.7187401652336121 422 718 475 762
class 0.6696038246154785 766 699 829 749
class 0.844130277633667 325 760 396 798
class 0.6365441083908081 446 764 498 799
class 0.7495400905609131 591 749 659 793
class 0.8290125131607056 649 764 712 799
class 0.8107914924621582 819 751 875 793
