class 0.6042987108230591 486 11 547 50
class 0.918719470500946 501 2 567 41
class 0.7657982110977173 570 36 635 79
class 0.7538319826126099 526 79 578 127
class 0.6386939883232117 619 91 676 137
class 0.6976780891418457 281 155 337 202
class 0.7924991846084595 712 182 773 229
class 0.8696892857551575 303 203 367 255
class 0.7444968223571777 618 210 679 260
class 0.7362731099128723 801 206 862 253
class 0.7239407300949097 394 233 447 282
class 0.616060733795166 514 245 573 300
class 0.7874791026115417 601 260 653 303
class 0.7931657433509827 713 296 770 347
class 0.7978149056434631 861 283 913 335
class 0.7235641479492188 772 345 826 393
class 0.7397035956382751 332 364 391 417
class 0.6689662337303162 317 417 364 461
class 0.7748507261276245 429 405 486 451
class 0.7620543241500854 915 405 975 457
class 0.7285928130149841 679 510 733 562
class 0.7605096697807312 966 493 1023 541
class 0.8228817582130432 596 554 661 604
class 0.714260458946228 790 531 847 583
class 0.7463890314102173 953 551 1013 604
class 0.7854893803596497 347 594 400 640
class 0.7988691926002502 452 619 504 666
class 0.7288107872009277 241 676 301 725
class 0.6585749983787537 264 668 327 719
class 0.818688690662384 672 664 731 707
class 0.6207581162452698 778 680 837 729
class 0.8362852334976196 918 684 968 733
class 0.6066819429397583 331 716 403 764
class 0.7831283807754517 419 721 476 764
class 0.607670247554779 769 703 838 749
class 0.8386500477790833 324 762 399 799
class 0.799163281917572 622 764 680 799
class 0.7899843454360962 827 760 886 797
