class 0.7624176144599915 875 4 942 31
class 0.8321099877357483 726 171 791 225
class 0.7525711059570312 819 220 879 265
class 0.774628221988678 603 262 659 314
class 0.7001032829284668 141 281 188 328
class 0.7255577445030212 385 282 443 338
class 0.8533267974853516 881 275 943 327
class 0.7196540832519531 351 408 409 454
class 0.8192031383514404 450 406 509 453
class 0.7447696924209595 949 411 1006 459
class 0.7952829599380493 605 545 661 593
class 0.7235042452812195 796 539 850 587
class 0.8013027906417847 368 573 420 621
class 0.8008832335472107 689 571 749 626
class 0.8084331154823303 482 619 541 668
class 0.7172778844833374 702 643 767 694
class 0.8087471127510071 795 654 852 712
class 0.8104171752929688 423 703 482 751
class 0.7940139770507812 757 699 816 742
class 0.8194856643676758 324 756 385 798
