class 0.6332292556762695 654 6 711 26
class 0.600437343120575 357 92 420 145
class 0.6584467887878418 248 132 307 179
class 0.8372558355331421 729 173 793 227
class 0.6104280948638916 815 225 877 269
class 0.7833684682846069 602 263 656 312
class 0.7372256517410278 398 293 455 342
class 0.8091257214546204 880 281 940 329
class 0.7690730690956116 333 382 395 433
class 0.6333032250404358 689 373 746 422
class 0.6234713196754456 357 411 417 459
class 0.7656976580619812 451 411 506 459
class 0.6821280121803284 950 423 1014 467
class 0.8186220526695251 368 558 425 612
class 0.7595362663269043 602 548 664 594
class 0.721818208694458 801 547 856 594
class 0.7163379192352295 961 527 1019 580
class 0.7719228863716125 715 590 767 636
class 0.7695584297180176 196 631 242 677
class 0.7309966087341309 484 631 537 675
class 0.7433188557624817 709 637 771 692
class 0.7741727232933044 795 654 849 710
class 0.8266350626945496 421 702 482 753
class 0.8165417313575745 762 696 822 744
class 0.8113811016082764 328 752 387 796
