class 0.8502437472343445 579 44 640 92
class 0.7210054993629456 546 73 603 120
class 0.7219562530517578 277 163 335 210
class 0.8195946216583252 714 181 774 229
class 0.8069325089454651 301 194 370 250
class 0.7613553404808044 394 236 449 285
class 0.7846424579620361 601 263 656 309
class 0.797120988368988 861 281 913 333
class 0.6049292087554932 746 327 799 372
class 0.7002929449081421 1050 331 1093 380
class 0.7605017423629761 334 365 392 413
class 0.750211775302887 317 425 370 471
class 0.8326619267463684 426 410 483 457
class 0.6041259169578552 623 420 680 470
class 0.774019181728363 934 408 988 457
class 0.7904167175292969 680 512 737 564
class 0.756391167640686 602 551 662 598
class 0.7727028727531433 950 534 1018 581
class 0.7568811774253845 347 594 399 638
class 0.601381778717041 403 635 456 678
class 0.7956653833389282 452 618 502 666
class 0.8229805827140808 673 661 735 708
class 0.7699092030525208 787 664 850 710
class 0.807129979133606 911 681 962 736
class 0.7669020295143127 418 716 475 761
class 0.8132481575012207 322 757 389 795
class 0.809131920337677 635 761 692 799
