class 0.8033879399299622 4 0 9 7
class 0.9207377433776855 13 0 20 7
class 0.39717063307762146 10 0 17 8
class 0.9091824889183044 33 0 40 7
class 0.48705944418907166 31 0 38 7
class 0.8763116002082825 58 5 65 12
class 0.8759948015213013 63 0 69 6
class 0.3119078576564789 61 2 67 9
class 0.31275272369384766 78 2 83 7
class 0.9120088815689087 89 4 95 11
class 0.5782116651535034 133 5 139 11
class 0.3999056816101074 135 1 141 6
class 0.42906254529953003 171 0 177 4
class 0.8799664974212646 184 0 190 6
class 0.8030884265899658 0 13 5 21
class 0.4283258616924286 0 13 3 23
class 0.448236882686615 12 12 18 20
class 0.6759763956069946 9 9 16 19
class 0.8329465389251709 47 11 53 19
class 0.7816715836524963 58 12 64 20
class 0.6297223567962646 68 15 74 23
class 0.8322684168815613 77 10 84 19
class 0.5823341012001038 73 12 81 21
class 0.3176625967025757 80 10 85 17
class 0.7717333436012268 127 14 134 22
class 0.7814248204231262 153 8 159 16
class 0.7662019729614258 183 14 189 22
class 0.7086296677589417 192 12 198 20
class 0.7649550437927246 188 13 196 22
class 0.44181522727012634 195 11 199 18
class 0.7754600048065186 14 25 20 33
class 0.8060098886489868 11 26 17 34
class 0.731543779373169 21 21 28 29
class 0.7955337166786194 64 24 71 31
class 0.7969358563423157 62 25 69 34
class 0.7955579161643982 99 24 105 32
class 0.7391499280929565 153 26 159 33
class 0.5362098217010498 171 25 177 32
class 0.6647217273712158 166 24 174 33
class 0.7101113200187683 182 24 188 32
class 0.7085065841674805 178 23 186 33
class 0.46967384219169617 182 22 191 30
class 0.39976540207862854 8 28 17 38
class 0.7890917062759399 37 36 43 43
class 0.7471165657043457 45 30 51 37
class 0.734579861164093 58 35 64 43
class 0.5370266437530518 55 33 62 41
class 0.6856577396392822 74 29 80 38
class 0.754383385181427 92 35 99 44
class 0.6222732663154602 132 36 139 43
class 0.6791150569915771 157 32 164 40
class 0.7591215372085571 184 35 190 44
class 0.7539360523223877 5 46 12 54
class 0.30256104469299316 19 47 26 55
class 0.6299201250076294 79 47 85 55
class 0.6992861032485962 86 41 92 49
class 0.48781800270080566 84 38 93 50
class 0.8288437128067017 121 40 127 48
class 0.7460196614265442 140 41 146 49
class 0.6758480072021484 149 45 155 53
class 0.8245269656181335 146 47 153 53
class 0.32964643836021423 153 44 158 51
class 0.5679607391357422 155 46 161 54
class 0.5407354831695557 171 39 178 46
class 0.4113892912864685 179 44 186 52
class 0.5837277770042419 177 46 184 55
class 0.5144965052604675 22 56 28 64
class 0.5853729844093323 19 53 26 62
class 0.3387952148914337 21 51 26 58
class 0.7204428911209106 74 54 80 62
class 0.7000820636749268 71 55 80 64
class 0.7244353890419006 130 51 136 59
class 0.8443416953086853 138 56 144 64
class 0.7063470482826233 159 51 166 59
class 0.30827218294143677 158 50 163 57
class 0.7439525127410889 168 50 175 59
class 0.5625475645065308 196 57 199 64
class 0.8077277541160583 26 62 33 70
class 0.7739304304122925 33 63 40 70
class 0.8371351957321167 86 66 93 74
class 0.7876675128936768 105 67 111 75
class 0.6837671995162964 147 66 155 74
class 0.7046776413917542 158 67 164 74
class 0.7711544036865234 174 67 179 75
class 0.7487277388572693 58 73 65 81
class 0.7059733867645264 78 73 84 81
class 0.7486514449119568 37 89 42 96
class 0.793681800365448 47 87 53 95
class 0.384074866771698 43 85 51 95
class 0.7048600316047668 79 82 85 90
class 0.8282510638237 85 88 92 96
class 0.5479239821434021 112 89 117 96
class 0.7413983941078186 129 88 136 96
class 0.3421701192855835 131 86 138 93
class 0.6351824998855591 140 82 146 90
class 0.46892833709716797 135 82 142 90
class 0.3759578764438629 138 81 144 89
class 0.7481057643890381 182 87 188 95
class 0.6770796775817871 179 86 186 95
class 0.734607994556427 190 84 195 92
class 0.5335816144943237 49 99 57 106
class 0.5881618857383728 70 92 78 100
class 0.7116237878799438 109 93 115 101
class 0.5825151205062866 122 99 128 107
class 0.5020572543144226 129 97 135 105
class 0.6150168776512146 123 95 132 105
class 0.4029056429862976 124 92 134 102
class 0.7342223525047302 134 98 141 108
class 0.836178719997406 160 94 166 102
class 0.8169673681259155 185 99 190 107
class 0.5891799330711365 183 97 189 105
class 0.7786597609519958 1 107 5 115
class 0.6799537539482117 0 107 3 118
class 0.3215601146221161 3 106 5 116
class 0.6671998500823975 8 103 15 111
class 0.5189353227615356 33 104 39 114
class 0.6141035556793213 29 108 37 118
class 0.40627723932266235 39 102 46 110
class 0.7459379434585571 91 106 96 114
class 0.5473555326461792 116 104 123 112
class 0.7548354864120483 113 103 121 113
class 0.7680222988128662 141 106 148 113
class 0.35011792182922363 139 104 146 110
class 0.7168810367584229 147 109 154 117
class 0.8300705552101135 196 109 199 117
class 0.4121803641319275 195 107 199 114
class 0.7973906993865967 3 119 8 126
class 0.7273855805397034 35 120 40 128
class 0.5920339822769165 31 119 38 127
class 0.3151564598083496 31 114 39 124
class 0.4897875487804413 36 118 43 126
class 0.6286002993583679 56 119 62 128
class 0.807969868183136 53 119 59 127
class 0.4290255904197693 58 118 64 125
class 0.32155299186706543 63 120 70 128
class 0.5964778661727905 60 120 67 127
class 0.6780577898025513 119 120 125 127
class 0.7610009908676147 116 118 122 126
class 0.437481164932251 121 119 127 126
class 0.48038071393966675 154 113 162 121
class 0.6063485145568848 171 114 178 122
class 0.5777919292449951 177 117 183 125
class 0.5398716330528259 178 113 184 122
class 0.7640582323074341 187 113 194 123
class 0.9117315411567688 2 127 7 134
class 0.5973952412605286 0 126 4 137
class 0.3384721577167511 31 125 39 134
class 0.4088625907897949 69 127 75 135
class 0.5850605368614197 71 128 78 137
class 0.3438010513782501 72 124 80 134
class 0.7990121841430664 109 130 114 137
class 0.6055142283439636 104 127 112 135
class 0.31201544404029846 112 130 120 138
class 0.6631705164909363 142 130 148 138
class 0.4574432373046875 150 130 156 138
class 0.5364615321159363 145 129 153 138
class 0.6789715886116028 162 130 168 137
class 0.7736350297927856 158 129 165 137
class 0.9121889472007751 181 123 187 131
class 0.5687126517295837 178 124 185 133
class 0.6835619807243347 6 139 11 147
class 0.491597056388855 7 138 15 147
class 0.7906367778778076 21 140 28 148
class 0.6524055600166321 37 136 43 143
class 0.6074598431587219 64 140 69 149
class 0.7423822283744812 61 138 68 148
class 0.33591127395629883 63 136 69 143
class 0.498825341463089 72 132 80 143
class 0.7918258309364319 142 141 148 149
class 0.7548589110374451 174 138 180 145
class 0.8164834976196289 184 142 191 149
class 0.3835982084274292 179 137 186 147
class 0.7328655123710632 192 136 197 144
class 0.557994544506073 188 137 195 147
class 0.32396188378334045 194 136 199 146
class 0.3242821991443634 0 150 2 159
class 0.3433714210987091 37 151 42 157
class 0.8303245306015015 45 148 52 156
class 0.560835063457489 42 147 49 156
class 0.6280074715614319 68 147 74 154
class 0.44902503490448 65 144 73 153
class 0.6048483848571777 74 151 81 159
class 0.7178030610084534 71 148 79 157
class 0.5904833078384399 90 152 96 160
class 0.6595206260681152 97 148 103 156
class 0.6565843820571899 92 148 100 157
class 0.4561655819416046 99 147 106 156
class 0.7816375494003296 110 151 116 159
class 0.5225950479507446 106 147 112 156
class 0.6436015367507935 160 153 167 159
class 0.7936945557594299 173 147 179 155
class 0.3354552388191223 169 151 177 158
class 0.8128030896186829 195 152 199 159
class 0.9116179943084717 4 156 11 164
class 0.9321103096008301 17 160 23 167
class 0.8081165552139282 36 155 42 163
class 0.8299907445907593 63 158 70 166
class 0.6711405515670776 78 156 83 163
class 0.35149383544921875 99 161 104 169
class 0.8661680221557617 111 163 117 171
class 0.4368952512741089 120 163 127 171
class 0.7568984627723694 130 162 136 170
class 0.5191919803619385 127 160 134 170
class 0.8250071406364441 150 162 157 170
class 0.5227051973342896 162 156 168 163
class 0.7726443409919739 172 161 178 169
class 0.5613390207290649 168 156 175 165
class 0.612956166267395 180 160 186 168
class 0.8097454309463501 177 161 183 170
class 0.40022900700569153 184 160 189 167
class 0.5045464634895325 21 172 28 180
class 0.6870103478431702 18 171 26 179
class 0.6415978074073792 48 166 54 174
class 0.7825300097465515 58 170 64 177
class 0.46277981996536255 54 167 62 176
class 0.765960156917572 88 167 94 175
class 0.6409403681755066 85 167 91 175
class 0.5462332963943481 95 166 102 175
class 0.621037483215332 92 166 99 174
class 0.6646148562431335 106 171 112 178
class 0.32413816452026367 106 167 112 174
class 0.4335082173347473 121 166 127 174
class 0.5336766839027405 151 172 158 180
class 0.5650054216384888 149 169 156 179
class 0.6852322816848755 157 171 163 178
class 0.7465941309928894 174 172 180 180
class 0.5990508198738098 191 165 198 175
class 0.305203378200531 194 168 199 176
class 0.7738918662071228 1 177 7 184
class 0.34275180101394653 0 177 3 186
class 0.6012178063392639 7 176 15 185
class 0.8894757628440857 26 178 32 186
class 0.8513365983963013 38 183 43 191
class 0.7403881549835205 45 182 51 189
class 0.774516224861145 106 176 112 184
class 0.7714400291442871 137 179 143 186
class 0.7988619208335876 175 182 184 191
class 0.7222424149513245 187 176 195 185
class 0.6820880174636841 16 193 21 199
class 0.539759635925293 13 192 19 199
class 0.47538846731185913 21 193 27 199
class 0.5968396663665771 18 193 25 199
class 0.8290806412696838 58 187 64 195
class 0.6250535249710083 79 194 85 199
class 0.31947702169418335 76 192 83 199
class 0.7091168761253357 85 193 91 199
class 0.5924527049064636 82 193 89 199
class 0.7970996499061584 132 189 138 196
class 0.7903127074241638 142 192 148 199
class 0.40386608242988586 138 191 144 199
class 0.7958658337593079 148 192 154 199
class 0.716072142124176 169 193 175 199
