class 0.8123898506164551 5 0 9 7
class 0.8978996276855469 13 1 19 9
class 0.4739830195903778 9 1 17 9
class 0.9301440119743347 34 0 41 7
class 0.8776111006736755 58 5 65 12
class 0.8429954051971436 62 0 69 6
class 0.4124187231063843 61 2 67 10
class 0.3573402762413025 77 3 82 9
class 0.9333605170249939 90 4 96 11
class 0.8615666627883911 184 0 190 6
class 0.33823612332344055 187 0 195 7
class 0.8566129803657532 0 13 4 20
class 0.36790546774864197 11 13 17 21
class 0.7168391942977905 9 10 15 19
class 0.8731052279472351 47 10 54 18
class 0.867445170879364 58 12 64 20
class 0.3614768981933594 59 11 64 16
class 0.7321136593818665 68 16 75 23
class 0.8384820818901062 77 10 83 18
class 0.5941896438598633 73 12 80 20
class 0.8616461753845215 128 14 134 23
class 0.8049926161766052 152 8 159 17
class 0.7958278656005859 183 15 189 22
class 0.694549560546875 180 12 188 24
class 0.6821640729904175 193 13 198 20
class 0.7382322549819946 188 12 196 22
class 0.5078633427619934 194 11 199 19
class 0.6542077660560608 17 19 23 28
class 0.5252236723899841 20 20 27 28
class 0.7585783004760742 64 24 71 31
class 0.7679088711738586 62 25 69 33
class 0.7819581627845764 99 24 105 32
class 0.7414301633834839 153 26 159 33
class 0.471189945936203 170 25 177 32
class 0.6478464603424072 166 24 174 33
class 0.6833273768424988 182 24 188 31
class 0.6576703786849976 178 22 187 33
class 0.4735267162322998 182 22 191 30
class 0.7808221578598022 37 36 43 44
class 0.7744948267936707 44 30 51 37
class 0.326507568359375 41 31 48 40
class 0.5398794412612915 58 34 64 42
class 0.3632047176361084 55 33 61 41
class 0.6228857636451721 60 34 67 43
class 0.5612423419952393 74 30 81 39
class 0.7550380825996399 92 35 99 44
class 0.5364184379577637 132 36 139 43
class 0.6219586730003357 154 32 163 41
class 0.7836456894874573 184 36 190 44
class 0.6656271815299988 79 47 85 55
class 0.731943666934967 86 41 92 49
class 0.36878034472465515 82 41 91 51
class 0.8224788308143616 121 41 127 48
class 0.7381563782691956 139 41 145 49
class 0.6004452705383301 149 45 156 53
class 0.7940270900726318 146 46 153 53
class 0.35047876834869385 152 44 159 51
class 0.5826119780540466 155 45 161 54
class 0.5581232905387878 173 41 179 48
class 0.45810914039611816 180 44 186 52
class 0.5335559844970703 177 45 184 55
class 0.38118427991867065 0 55 4 63
class 0.7122781872749329 74 53 81 62
class 0.6871938705444336 71 56 79 64
class 0.7178589701652527 129 51 136 59
class 0.849036455154419 138 57 144 64
class 0.6442758440971375 160 51 166 58
class 0.7178173661231995 166 50 173 59
class 0.3483123779296875 179 51 186 58
class 0.3506813943386078 196 57 199 64
class 0.7343953251838684 25 63 32 71
class 0.7619868516921997 33 62 40 70
class 0.47711098194122314 31 62 37 70
class 0.8250156044960022 86 67 92 74
class 0.6619765758514404 147 66 155 73
class 0.7190336585044861 159 66 164 74
class 0.7651181817054749 174 67 179 75
class 0.7223996520042419 58 74 64 81
class 0.6929052472114563 78 73 84 81
class 0.7712613344192505 36 89 42 96
class 0.770167350769043 47 87 53 95
class 0.3060804307460785 43 86 51 95
class 0.7323454022407532 79 82 85 90
class 0.7911930680274963 85 88 92 96
class 0.48378318548202515 111 89 117 96
class 0.7311190962791443 129 87 136 95
class 0.33211150765419006 130 85 138 93
class 0.6318586468696594 140 83 146 90
class 0.44724151492118835 135 82 142 91
class 0.7828980088233948 182 87 188 96
class 0.7755581140518188 190 84 195 92
class 0.4676225185394287 49 99 57 106
class 0.5956640243530273 70 92 78 100
class 0.6959062218666077 109 93 115 101
class 0.6431930065155029 122 99 128 107
class 0.48062366247177124 128 97 135 105
class 0.5885468125343323 123 95 132 105
class 0.7198571562767029 134 98 141 108
class 0.8513842821121216 160 94 166 102
class 0.7465799450874329 185 99 190 107
class 0.4845145046710968 182 96 189 104
class 0.7386583089828491 2 107 7 115
class 0.5938403010368347 0 107 3 117
class 0.33252447843551636 4 106 6 115
class 0.6428447961807251 8 103 14 111
class 0.3666389286518097 33 105 39 115
class 0.6400802135467529 29 109 36 118
class 0.31080999970436096 42 103 49 111
class 0.5326655507087708 39 102 46 110
class 0.743719756603241 91 106 96 114
class 0.3779790997505188 89 107 94 113
class 0.7544018030166626 113 103 121 112
class 0.7118948698043823 141 105 148 113
class 0.3621693551540375 138 103 145 110
class 0.686565101146698 147 110 154 118
class 0.8537468314170837 196 109 199 118
class 0.6968267560005188 2 119 7 126
class 0.7020519375801086 34 120 40 128
class 0.6450808644294739 30 119 37 127
class 0.3155074119567871 31 114 38 124
class 0.4334773123264313 37 118 42 126
class 0.32984185218811035 40 121 46 127
class 0.6107406616210938 56 120 63 128
class 0.8149030804634094 53 119 59 127
class 0.3992672562599182 59 119 64 125
class 0.6630955934524536 60 120 67 128
class 0.4577624499797821 154 113 161 120
class 0.6281403303146362 172 114 178 121
class 0.6378898024559021 176 116 183 124
class 0.3855065703392029 178 114 183 121
class 0.7694092988967896 188 113 195 123
class 0.9178553819656372 3 125 8 133
class 0.46733173727989197 1 125 4 136
class 0.3806592524051666 35 129 41 136
class 0.44084876775741577 32 126 39 134
class 0.33770450949668884 33 123 41 131
class 0.6701248288154602 73 129 80 137
class 0.5978966355323792 108 129 114 137
class 0.675115168094635 104 127 110 135
class 0.5734485387802124 112 130 119 138
class 0.7113351225852966 143 131 148 138
class 0.5181632041931152 150 130 156 138
class 0.6034202575683594 145 129 152 138
class 0.6292129755020142 162 130 168 138
class 0.7576084136962891 158 130 164 137
class 0.8573732376098633 181 124 188 132
class 0.805189311504364 6 139 11 146
class 0.3502477705478668 7 138 15 147
class 0.7799729108810425 21 140 27 148
class 0.7101169228553772 38 136 43 143
class 0.33198797702789307 36 136 41 144
class 0.3870501220226288 40 134 46 143
class 0.5656583905220032 63 140 69 149
class 0.7481948733329773 60 137 68 147
class 0.31505218148231506 62 136 68 143
class 0.80430668592453 142 141 148 149
class 0.7166650295257568 185 141 192 149
class 0.7450107932090759 190 136 196 145
class 0.4057769775390625 0 151 5 158
class 0.4756341576576233 0 150 2 160
class 0.4654720425605774 35 151 41 158
class 0.7818425893783569 43 148 49 156
class 0.6764288544654846 68 147 75 155
class 0.3481784760951996 66 144 74 153
class 0.5917630791664124 74 151 80 159
class 0.7435153722763062 70 148 79 157
class 0.5988445281982422 90 153 96 160
class 0.7199276089668274 100 147 106 155
class 0.7642557621002197 110 151 116 159
class 0.3273126184940338 106 147 112 156
class 0.6581732034683228 159 153 166 160
class 0.862236738204956 173 146 179 154
class 0.37043875455856323 171 150 177 157
class 0.787135899066925 195 152 199 160
class 0.9160881042480469 4 156 11 163
class 0.9391927123069763 16 160 23 168
class 0.46623116731643677 14 159 20 166
class 0.7844656705856323 35 155 42 163
class 0.8068906664848328 63 159 70 166
class 0.7753033638000488 78 155 84 163
class 0.3251337707042694 98 163 104 170
class 0.9061726927757263 111 163 117 171
class 0.3928837776184082 121 163 127 171
class 0.7395235300064087 130 162 136 170
class 0.5534711480140686 127 160 134 170
class 0.7587144374847412 149 162 156 170
class 0.5825796723365784 162 155 168 163
class 0.732636034488678 173 161 179 169
class 0.51947021484375 168 156 175 165
class 0.5577501058578491 181 160 187 168
class 0.7904523611068726 177 161 184 170
class 0.4002733826637268 184 159 190 167
class 0.5002286434173584 48 167 54 175
class 0.7470499873161316 58 170 64 178
class 0.5512998700141907 52 167 60 175
class 0.5753048658370972 60 168 67 175
class 0.7635430693626404 87 167 94 174
class 0.6572465896606445 85 167 91 175
class 0.663513720035553 96 167 102 175
class 0.5362992882728577 93 167 100 174
class 0.7094171643257141 151 172 157 180
class 0.6688193678855896 149 170 155 178
class 0.6159942746162415 158 171 164 179
class 0.7727351188659668 175 172 180 180
class 0.6075284481048584 191 165 199 175
class 0.3140268623828888 193 167 199 177
class 0.7372922301292419 2 176 8 184
class 0.5585997700691223 8 176 14 185
class 0.8845683932304382 26 177 32 185
class 0.760097324848175 38 184 43 191
class 0.7149867415428162 44 181 50 189
class 0.35231640934944153 40 181 48 190
class 0.7417733669281006 106 176 112 185
class 0.8365303874015808 137 179 143 186
class 0.7744731307029724 175 182 184 191
class 0.685637354850769 188 176 195 185
class 0.6768327951431274 16 193 21 199
class 0.5487315654754639 12 192 19 199
class 0.5140585899353027 21 193 27 199
class 0.6344481110572815 18 193 25 199
class 0.8358438611030579 58 188 64 196
class 0.7624668478965759 79 194 85 199
class 0.7184188961982727 85 193 91 199
class 0.7172129154205322 132 190 138 196
class 0.7590766549110413 141 192 147 199
class 0.35216477513313293 137 190 144 199
class 0.7024561762809753 169 192 175 199
