class 0.8840659260749817 4 0 9 7
class 0.3509662449359894 1 0 5 8
class 0.8929794430732727 13 1 19 8
class 0.9049597978591919 33 0 40 7
class 0.7832355499267578 58 5 64 11
class 0.8477017283439636 63 0 69 6
class 0.3279668092727661 61 1 68 9
class 0.3132440149784088 78 3 83 9
class 0.9048535823822021 90 4 96 10
class 0.639987051486969 135 4 141 11
class 0.7870163321495056 162 0 168 4
class 0.30194059014320374 171 0 176 4
class 0.812706708908081 185 0 190 6
class 0.35157349705696106 195 2 199 8
class 0.6675329804420471 0 13 4 21
class 0.5217790007591248 0 13 2 24
class 0.48877614736557007 11 12 18 20
class 0.7409701943397522 9 8 16 20
class 0.7807915806770325 46 13 52 21
class 0.6354929208755493 43 13 51 23
class 0.7859857082366943 58 10 64 18
class 0.499931663274765 68 16 74 23
class 0.7303981184959412 78 12 84 20
class 0.5146111845970154 74 11 82 21
class 0.44260501861572266 78 10 86 18
class 0.5611490607261658 89 11 95 18
class 0.5756060481071472 91 8 100 19
class 0.8250422477722168 110 14 116 21
class 0.3991835415363312 107 8 116 20
class 0.7853019833564758 128 14 133 21
class 0.7970763444900513 142 11 147 18
class 0.42516717314720154 137 8 146 18
class 0.7407246232032776 150 9 156 17
class 0.6264777183532715 145 9 155 20
class 0.7435908913612366 172 15 177 23
class 0.5959347486495972 167 14 176 24
class 0.7962694764137268 183 14 188 22
class 0.6586061716079712 179 14 186 24
class 0.7022181749343872 191 12 197 21
class 0.8173215389251709 188 13 195 21
class 0.42317065596580505 197 12 199 17
class 0.47295674681663513 2 23 7 31
class 0.7840373516082764 15 25 21 33
class 0.7404458522796631 12 26 18 34
class 0.7123015522956848 20 21 27 29
class 0.5311400294303894 42 23 49 31
class 0.5868369936943054 39 18 48 29
class 0.8411481380462646 64 23 70 31
class 0.7381578087806702 80 20 85 28
class 0.8210916519165039 99 24 105 31
class 0.3672999143600464 97 21 107 33
class 0.6399918794631958 153 25 159 32
class 0.3746432065963745 149 21 159 32
class 0.6583096385002136 161 22 167 29
class 0.42732396721839905 156 21 165 31
class 0.5191206336021423 158 17 168 29
class 0.45966199040412903 161 19 171 30
class 0.6312450170516968 170 24 177 32
class 0.5915126800537109 165 21 175 33
class 0.7921386361122131 182 25 188 32
class 0.6385966539382935 178 23 186 33
class 0.3852367401123047 184 23 190 30
class 0.7033843994140625 194 24 199 32
class 0.5152391195297241 189 24 198 32
class 0.4250830113887787 195 21 199 28
class 0.763815701007843 36 37 43 43
class 0.678615152835846 46 29 52 37
class 0.7140368819236755 58 35 64 43
class 0.3567848801612854 55 32 62 42
class 0.7068709135055542 71 28 79 39
class 0.746819794178009 92 34 99 45
class 0.5888625383377075 122 36 127 44
class 0.4488300681114197 118 34 126 43
class 0.6498022079467773 130 34 136 42
class 0.41290175914764404 124 32 133 42
class 0.37806230783462524 133 35 141 44
class 0.7634631991386414 157 32 163 40
class 0.7863672971725464 184 36 190 44
class 0.8690446019172668 4 46 10 54
class 0.7439596056938171 15 46 21 53
class 0.5560045838356018 10 44 18 54
class 0.7977782487869263 25 47 31 55
class 0.587908148765564 21 46 28 55
class 0.36526766419410706 27 46 31 52
class 0.8421791195869446 36 47 42 54
class 0.5646198987960815 33 46 40 54
class 0.6277416348457336 79 47 86 54
class 0.7059398889541626 87 41 93 49
class 0.8363481760025024 106 46 112 54
class 0.8480415344238281 121 40 127 47
class 0.7570217847824097 140 40 146 49
class 0.8077458143234253 146 45 154 54
class 0.30206403136253357 147 40 156 52
class 0.39665108919143677 150 43 161 52
class 0.6811560392379761 155 46 162 55
class 0.5598877668380737 171 38 178 48
class 0.6441817879676819 179 45 185 53
class 0.6772353649139404 177 46 184 55
class 0.8112971186637878 15 58 21 65
class 0.6417170763015747 12 57 19 66
class 0.809617817401886 25 58 31 65
class 0.5799999237060547 20 57 28 65
class 0.6592320203781128 33 55 39 62
class 0.599458634853363 30 57 37 66
class 0.5301945209503174 69 57 75 65
class 0.7763692140579224 75 56 81 64
class 0.6475884318351746 71 56 80 65
class 0.33892929553985596 74 51 81 62
class 0.5841826796531677 111 57 117 65
class 0.7210761904716492 130 51 136 59
class 0.836091935634613 139 57 144 64
class 0.5905360579490662 162 54 169 62
class 0.5836455225944519 159 51 166 59
class 0.7631229758262634 169 54 175 62
class 0.7671822309494019 166 55 173 64
class 0.615728497505188 176 50 183 59
class 0.6679614782333374 195 57 199 64
class 0.8644915819168091 13 66 19 74
class 0.8344346880912781 27 63 32 70
class 0.8056056499481201 33 64 39 72
class 0.4747133255004883 29 63 37 72
class 0.8690724968910217 89 67 95 74
class 0.6215044260025024 106 64 113 72
class 0.7139891982078552 102 65 111 74
class 0.30510571599006653 109 62 117 70
class 0.6392953395843506 151 66 156 74
class 0.6176878809928894 147 66 154 74
class 0.7263995409011841 156 67 165 76
class 0.8461267948150635 174 67 179 75
class 0.514303982257843 170 63 179 73
class 0.8109944462776184 35 78 40 85
class 0.6923211812973022 55 76 62 85
class 0.3964552879333496 58 75 65 82
class 0.7212214469909668 79 73 85 81
class 0.3857628107070923 77 72 88 84
class 0.68980473279953 90 79 96 87
class 0.7398874163627625 110 76 116 84
class 0.3383190631866455 106 73 114 83
class 0.7286144495010376 115 77 121 85
class 0.6648995280265808 137 70 145 80
class 0.7800737619400024 37 88 43 96
class 0.30069518089294434 34 88 41 97
class 0.8080860376358032 47 88 53 96
class 0.42744648456573486 43 87 51 96
class 0.7781267762184143 57 82 63 89
class 0.39687713980674744 52 83 60 93
class 0.6328842639923096 79 83 85 91
class 0.7728254795074463 86 87 92 95
class 0.7802684903144836 83 88 91 96
class 0.7694147825241089 100 84 105 92
class 0.5742123126983643 99 82 108 94
class 0.3806513845920563 110 89 116 96
class 0.7476704716682434 125 88 135 97
class 0.317606657743454 131 85 138 93
class 0.5597664713859558 139 82 146 90
class 0.6023881435394287 135 82 143 91
class 0.3170296549797058 142 83 148 91
class 0.5596084594726562 144 81 151 90
class 0.7850748896598816 182 88 188 96
class 0.6309428215026855 179 87 185 97
class 0.7532172799110413 190 84 196 91
class 0.8954759836196899 6 98 12 106
class 0.5195643305778503 15 99 21 107
class 0.5942972898483276 24 97 30 105
class 0.7948466539382935 20 98 27 107
class 0.30663153529167175 27 95 32 103
class 0.35726702213287354 29 97 36 105
class 0.5664016604423523 50 99 58 107
class 0.6483970880508423 69 92 78 101
class 0.8064785599708557 98 97 104 106
class 0.3278517723083496 96 93 104 104
class 0.37809744477272034 99 96 107 104
class 0.8127807974815369 110 93 116 101
class 0.36108601093292236 108 93 114 103
class 0.7647171020507812 122 99 128 107
class 0.6848532557487488 129 98 135 105
class 0.43254387378692627 123 95 133 106
class 0.4506857693195343 133 97 141 107
class 0.834511935710907 159 94 165 102
class 0.740738570690155 183 99 189 107
class 0.47856730222702026 179 98 186 107
class 0.5189246535301208 185 96 190 103
class 0.8182826042175293 1 109 6 116
class 0.6463297605514526 0 108 4 120
class 0.32480767369270325 8 101 18 112
class 0.8063690662384033 28 106 35 114
class 0.37765568494796753 30 103 36 111
class 0.36950647830963135 39 102 47 110
class 0.7543574571609497 90 107 96 115
class 0.8425770998001099 121 109 126 116
class 0.756320595741272 118 105 124 114
class 0.36525461077690125 122 107 128 114
class 0.7730004787445068 141 105 147 112
class 0.6573283076286316 147 108 154 117
class 0.7945476770401001 181 104 187 112
class 0.5405653119087219 179 105 185 113
class 0.7921389937400818 194 109 199 118
class 0.6702526211738586 2 118 7 125
class 0.38545259833335876 0 115 4 128
class 0.6789048910140991 10 117 17 124
class 0.7442363500595093 35 121 41 128
class 0.6658687591552734 30 119 37 126
class 0.4487782418727875 37 119 42 126
class 0.41066309809684753 39 120 46 127
class 0.5320947766304016 56 119 62 127
class 0.8359907865524292 52 118 59 127
class 0.45563995838165283 58 117 65 124
class 0.33031654357910156 63 120 70 129
class 0.6516023874282837 60 120 67 128
class 0.35640257596969604 79 121 85 128
class 0.6296943426132202 102 114 111 123
class 0.8252253532409668 115 119 122 128
class 0.328986257314682 118 117 129 125
class 0.4026009738445282 128 115 134 123
class 0.6676256656646729 123 117 131 126
class 0.5856812596321106 154 112 162 122
class 0.5773407816886902 172 116 178 124
class 0.5168929696083069 169 114 177 122
class 0.6567310094833374 177 117 182 126
class 0.48862791061401367 178 113 183 121
class 0.5420392155647278 191 118 197 127
class 0.7331249713897705 189 115 195 123
class 0.8996956944465637 2 128 8 136
class 0.5466054081916809 0 126 4 138
class 0.45861339569091797 5 128 7 137
class 0.8106974363327026 14 129 20 137
class 0.7171911001205444 10 128 17 138
class 0.801883339881897 25 130 31 137
class 0.6531903743743896 22 127 29 137
class 0.37797287106513977 36 129 42 136
class 0.7076460123062134 70 127 78 137
class 0.39874267578125 73 123 80 134
class 0.6152306795120239 97 129 104 137
class 0.7459376454353333 109 130 114 137
class 0.6226716041564941 104 128 112 137
class 0.6414436101913452 142 130 148 137
class 0.49177801609039307 150 130 156 137
class 0.39649125933647156 145 128 153 137
class 0.3650096356868744 149 127 159 138
class 0.7485489249229431 162 129 168 137
class 0.7542913556098938 159 129 165 137
class 0.8958024382591248 182 123 188 132
class 0.4733583629131317 181 124 186 130
class 0.6999751925468445 195 129 199 137
class 0.3899995684623718 194 126 199 133
class 0.6868041753768921 4 138 8 145
class 0.7600385546684265 21 140 27 148
class 0.5649297833442688 37 137 43 145
class 0.33780214190483093 35 133 45 145
class 0.7764903903007507 60 137 68 148
class 0.3074820935726166 72 131 81 144
class 0.7941218614578247 120 135 127 143
class 0.34093770384788513 123 136 131 144
class 0.6969860792160034 142 140 148 149
class 0.6237646341323853 154 141 162 150
class 0.6243917942047119 172 137 178 144
class 0.8801102638244629 182 140 189 148
class 0.6316370368003845 179 136 186 146
class 0.6424602270126343 191 137 196 144
class 0.6453905701637268 187 137 195 148
class 0.46396422386169434 190 133 198 146
class 0.44867756962776184 2 151 7 159
class 0.37954390048980713 0 149 2 159
class 0.6171565651893616 8 152 15 161
class 0.8271666169166565 27 151 32 159
class 0.4181831181049347 24 149 31 157
class 0.5208102464675903 34 151 40 158
class 0.8247475028038025 30 151 36 159
class 0.3388752043247223 37 148 43 155
class 0.844825267791748 46 150 52 157
class 0.6418029069900513 68 146 74 154
class 0.5487737655639648 66 145 77 155
class 0.5730210542678833 73 151 80 159
class 0.7605056762695312 70 147 80 157
class 0.4990030527114868 90 151 97 159
class 0.7409501075744629 97 149 103 156
class 0.711766242980957 93 148 101 158
class 0.47973161935806274 99 147 106 156
class 0.6466404795646667 110 151 116 159
class 0.4340754747390747 105 147 113 157
class 0.7833285927772522 131 148 138 155
class 0.420073926448822 132 145 141 154
class 0.4424086809158325 154 144 159 152
class 0.38354742527008057 160 153 166 159
class 0.40225619077682495 155 149 163 157
class 0.7810618281364441 173 149 179 157
class 0.533857524394989 170 150 177 158
class 0.5600389242172241 182 152 189 160
class 0.4987322986125946 179 152 185 160
class 0.6997143626213074 196 151 199 159
class 0.8511946797370911 4 157 9 164
class 0.9268965125083923 16 160 22 168
class 0.47585737705230713 13 157 20 166
class 0.39572471380233765 18 160 21 166
class 0.8364179730415344 36 155 42 163
class 0.8057734370231628 63 158 69 166
class 0.8308842182159424 78 155 84 163
class 0.8521422147750854 111 163 117 171
class 0.34599170088768005 120 163 126 170
class 0.8054119944572449 129 162 136 170
class 0.8174001574516296 149 162 156 170
class 0.7636283040046692 164 160 169 168
class 0.6313373446464539 170 162 177 170
class 0.6346568465232849 166 160 173 169
class 0.646027684211731 180 160 186 168
class 0.8215586543083191 177 161 184 170
class 0.31911420822143555 185 159 189 165
class 0.31483304500579834 187 158 195 169
class 0.37952983379364014 1 172 6 178
class 0.6196966171264648 17 169 23 177
class 0.5151139497756958 23 173 29 180
class 0.7561092972755432 19 171 25 179
class 0.883621096611023 31 172 37 180
class 0.5535526871681213 49 167 54 175
class 0.6558800339698792 56 172 62 180
class 0.7272933721542358 50 171 59 179
class 0.3987119197845459 57 170 64 176
class 0.44699785113334656 59 166 67 176
class 0.727572500705719 88 168 94 176
class 0.581953763961792 96 167 102 175
class 0.6149266958236694 92 167 99 175
class 0.7079198360443115 106 171 112 179
class 0.3133295774459839 106 168 113 175
class 0.5435681939125061 121 166 127 173
class 0.6189563274383545 151 172 158 180
class 0.5909812450408936 149 169 156 179
class 0.7750445604324341 155 172 163 180
class 0.7616943120956421 174 173 179 180
class 0.372993528842926 174 170 180 177
class 0.6044811606407166 193 169 198 177
class 0.40190333127975464 194 168 199 177
class 0.7640851140022278 2 177 7 184
class 0.5988039970397949 7 176 16 185
class 0.8130003809928894 27 179 32 187
class 0.8545560836791992 37 184 43 191
class 0.8213458061218262 47 182 53 189
class 0.4005165994167328 43 180 51 190
class 0.5911591053009033 68 184 74 192
class 0.7170911431312561 106 177 112 184
class 0.8372670412063599 136 177 143 185
class 0.6346772909164429 171 181 177 189
class 0.6996635794639587 167 179 174 188
class 0.4220763146877289 169 177 175 185
class 0.5108823180198669 181 183 187 190
class 0.739301860332489 176 182 185 192
class 0.8134213089942932 187 179 193 190
class 0.42937880754470825 189 178 195 185
class 0.37816503643989563 0 193 5 199
class 0.6355111598968506 16 193 22 199
class 0.5469398498535156 21 193 28 199
class 0.5778488516807556 19 193 25 199
class 0.4804440438747406 36 189 42 196
class 0.7727209329605103 58 188 64 195
class 0.33670055866241455 55 189 64 198
class 0.7184715270996094 66 188 72 195
class 0.4449610114097595 61 187 70 197
class 0.7559137344360352 79 193 86 199
class 0.7466686367988586 86 193 92 199
class 0.6003832221031189 82 193 90 199
class 0.7738216519355774 132 189 139 196
class 0.7925196290016174 142 193 148 199
class 0.6795715093612671 147 191 153 198
class 0.5793859362602234 163 194 169 199
class 0.42319077253341675 160 194 166 199
class 0.638523280620575 169 193 176 199
class 0.586330235004425 166 193 173 199
class 0.7591978311538696 195 194 199 199
class 0.6449627876281738 191 192 198 199
