class 0.8647763729095459 4 0 10 7
class 0.3464772701263428 1 0 5 9
class 0.9105733633041382 13 0 19 7
class 0.5045165419578552 9 0 17 8
class 0.9071213603019714 34 0 41 7
class 0.8459811210632324 58 5 64 12
class 0.31452974677085876 56 3 62 10
class 0.8252442479133606 63 0 69 6
class 0.3594488203525543 61 2 67 9
class 0.9249279499053955 90 5 96 11
class 0.4569529891014099 132 5 138 11
class 0.7727646231651306 136 3 142 9
class 0.5058385133743286 162 0 168 4
class 0.9203928112983704 184 0 191 6
class 0.33403313159942627 193 2 198 8
class 0.7031726241111755 0 13 5 20
class 0.5527179837226868 0 12 3 23
class 0.763929009437561 8 10 16 20
class 0.8302237391471863 47 12 54 19
class 0.7817839980125427 58 11 64 18
class 0.44865477085113525 68 16 74 23
class 0.7563969492912292 78 12 84 20
class 0.49569693207740784 75 11 82 20
class 0.30176615715026855 78 9 83 15
class 0.45444220304489136 80 10 85 17
class 0.8476494550704956 109 13 116 20
class 0.37761494517326355 108 8 116 18
class 0.8087033033370972 128 13 134 21
class 0.7916755080223083 153 8 158 16
class 0.5928288102149963 171 15 177 23
class 0.4874172806739807 167 14 176 25
class 0.8285538554191589 183 14 189 22
class 0.6160001754760742 180 15 185 23
class 0.807533323764801 191 13 197 21
class 0.8130151629447937 188 15 193 21
class 0.8168495893478394 16 25 21 33
class 0.7396644353866577 11 26 18 34
class 0.7629172801971436 21 21 27 29
class 0.8550364375114441 65 23 72 31
class 0.7230260968208313 80 20 85 27
class 0.8226447105407715 99 24 105 31
class 0.7106866240501404 153 26 159 33
class 0.42035380005836487 164 24 170 32
class 0.777870774269104 170 24 177 31
class 0.5979776382446289 166 21 174 33
class 0.33565476536750793 173 22 179 30
class 0.7855061292648315 182 25 188 32
class 0.6360300183296204 178 23 186 33
class 0.4251297116279602 184 23 190 30
class 0.7766356468200684 37 36 43 43
class 0.7841749787330627 45 29 51 37
class 0.3331473171710968 41 30 49 40
class 0.7006914019584656 58 35 64 43
class 0.43702495098114014 54 33 62 42
class 0.7094918489456177 73 29 80 38
class 0.7273383736610413 92 34 99 44
class 0.6059718132019043 122 36 127 43
class 0.5169713497161865 118 34 126 42
class 0.37702834606170654 120 32 129 40
class 0.4926014840602875 129 35 136 42
class 0.3574507236480713 124 33 132 42
class 0.5512818098068237 134 36 141 44
class 0.667458713054657 157 32 163 40
class 0.8026216626167297 184 36 190 44
class 0.7985796928405762 4 47 10 54
class 0.5925130248069763 13 46 19 52
class 0.612592339515686 9 44 16 54
class 0.6024640798568726 19 46 26 54
class 0.6629917025566101 79 47 85 54
class 0.6892895698547363 86 41 92 49
class 0.39674338698387146 82 41 91 52
class 0.8389602303504944 121 40 128 48
class 0.7520106434822083 140 41 146 49
class 0.6464182138442993 149 45 155 53
class 0.8291385769844055 146 46 153 53
class 0.3159624934196472 151 43 159 51
class 0.547850489616394 155 45 161 54
class 0.5683038234710693 172 38 178 47
class 0.4814024269580841 180 44 186 52
class 0.5024084448814392 177 45 185 56
class 0.869713306427002 16 58 22 66
class 0.714923083782196 23 57 29 65
class 0.593838632106781 19 57 26 65
class 0.3209967613220215 70 56 76 64
class 0.7318662405014038 75 55 81 64
class 0.35981377959251404 73 51 82 61
class 0.3016728460788727 78 53 85 61
class 0.591098964214325 111 57 117 64
class 0.7325917482376099 129 51 136 59
class 0.8368833661079407 139 57 145 64
class 0.6911088824272156 159 51 166 59
class 0.7766937017440796 171 51 177 59
class 0.6824948787689209 168 50 175 59
class 0.7333042025566101 176 50 183 58
class 0.6667335033416748 196 57 199 65
class 0.3677385747432709 0 64 4 71
class 0.7887084484100342 27 63 33 71
class 0.31810787320137024 24 64 30 71
class 0.8283751606941223 33 65 39 73
class 0.5117930173873901 30 63 37 73
class 0.8751957416534424 88 67 94 74
class 0.6077090501785278 105 64 112 73
class 0.7738268375396729 102 66 111 75
class 0.7479333281517029 151 67 157 74
class 0.622886598110199 148 66 154 74
class 0.7046650052070618 159 66 165 74
class 0.7954121232032776 174 67 180 75
class 0.8496696949005127 34 79 40 86
class 0.30709218978881836 37 77 42 84
class 0.7641475796699524 58 74 64 82
class 0.6724227666854858 79 73 85 81
class 0.34382474422454834 77 72 87 83
class 0.37620195746421814 90 79 96 86
class 0.7282504439353943 110 76 117 84
class 0.337012380361557 106 73 114 83
class 0.7346126437187195 115 77 121 85
class 0.6644006967544556 137 70 146 79
class 0.6741132736206055 37 88 43 95
class 0.7903597950935364 47 88 53 95
class 0.49887916445732117 44 87 51 95
class 0.7168890237808228 79 82 85 91
class 0.8021873831748962 86 87 92 95
class 0.3406653106212616 89 85 96 92
class 0.6459991931915283 100 84 105 90
class 0.4096164405345917 97 81 109 94
class 0.6126362085342407 111 89 117 97
class 0.37813088297843933 112 85 120 97
class 0.7336581945419312 126 88 134 97
class 0.6767216324806213 140 82 146 90
class 0.6093290448188782 135 82 142 91
class 0.3664638102054596 144 81 151 90
class 0.7430473566055298 182 88 188 96
class 0.6386265158653259 179 87 186 97
class 0.3575959801673889 184 86 190 94
class 0.7709044814109802 190 84 195 92
class 0.8078861832618713 27 94 33 102
class 0.5637033581733704 50 99 58 107
class 0.6835728287696838 70 92 78 101
class 0.8340922594070435 98 98 104 106
class 0.7292718887329102 110 93 116 101
class 0.33373206853866577 106 94 112 103
class 0.6812259554862976 122 98 128 106
class 0.6098425984382629 129 98 135 105
class 0.5234612822532654 123 95 132 106
class 0.6685150861740112 134 99 141 108
class 0.8685302734375 160 94 166 101
class 0.7432407736778259 184 99 189 106
class 0.3918246626853943 179 98 187 106
class 0.4746108651161194 185 96 190 102
class 0.8304322957992554 0 108 5 116
class 0.6818802952766418 0 109 3 118
class 0.6016242504119873 10 105 16 113
class 0.32404977083206177 33 105 40 113
class 0.5519330501556396 29 109 36 117
class 0.7456374764442444 90 107 96 115
class 0.5356484055519104 116 104 123 112
class 0.817674458026886 113 103 120 111
class 0.7351681590080261 141 105 148 112
class 0.3304350674152374 139 104 145 110
class 0.7076119780540466 147 109 154 117
class 0.7824834585189819 181 103 187 111
class 0.7765915393829346 194 109 199 117
class 0.7351803779602051 3 119 7 126
class 0.35260677337646484 0 116 4 127
class 0.6827634572982788 10 117 17 125
class 0.4577697813510895 10 114 15 121
class 0.7310036420822144 35 121 41 128
class 0.664048433303833 31 119 37 126
class 0.35042163729667664 38 120 42 125
class 0.3418486714363098 39 121 46 127
class 0.617358386516571 56 119 62 127
class 0.7656396627426147 53 119 59 127
class 0.4362836182117462 58 118 64 125
class 0.3119029998779297 63 120 69 128
class 0.6379296779632568 60 119 67 127
class 0.4828711748123169 78 121 84 128
class 0.6018131971359253 118 119 124 127
class 0.7769304513931274 115 118 122 127
class 0.3655475378036499 123 118 130 125
class 0.5083407163619995 153 113 162 121
class 0.6166547536849976 172 115 179 123
class 0.6141392588615417 177 117 183 127
class 0.43470698595046997 177 113 185 123
class 0.3598169982433319 191 118 197 126
class 0.701447606086731 188 113 195 124
class 0.9310793876647949 2 128 8 135
class 0.4699222147464752 0 127 4 137
class 0.9183529615402222 16 128 22 135
class 0.5812316536903381 13 128 20 137
class 0.9225424528121948 26 130 32 138
class 0.3666780889034271 23 127 29 137
class 0.616373598575592 37 129 42 136
class 0.3929564654827118 69 127 75 136
class 0.7164151072502136 70 128 79 138
class 0.4097360670566559 71 123 81 135
class 0.6309303641319275 100 131 106 138
class 0.8229362964630127 109 130 115 138
class 0.5300089716911316 105 128 112 137
class 0.6538119316101074 142 130 148 138
class 0.3063923418521881 150 130 156 137
class 0.43471506237983704 145 129 152 138
class 0.7066043019294739 162 130 168 137
class 0.758355438709259 159 128 165 137
class 0.8875272870063782 181 124 188 131
class 0.7087240815162659 195 128 199 135
class 0.6760060787200928 6 137 11 143
class 0.3361535668373108 7 135 15 146
class 0.8093401193618774 20 140 27 148
class 0.3845981955528259 41 138 48 145
class 0.5226517915725708 38 135 46 145
class 0.7865461707115173 60 136 68 149
class 0.4240509271621704 71 130 83 145
class 0.8201557993888855 120 135 127 143
class 0.8025583028793335 142 141 148 149
class 0.47366946935653687 156 139 164 147
class 0.5745744109153748 154 141 162 150
class 0.629152238368988 174 137 180 145
class 0.8750457167625427 183 141 189 148
class 0.5674458742141724 178 136 185 146
class 0.7151572108268738 191 136 196 144
class 0.5911849141120911 188 136 195 147
class 0.373514860868454 1 151 7 158
class 0.4565802216529846 0 149 2 159
class 0.3101123571395874 12 152 18 160
class 0.4954792261123657 9 152 15 161
class 0.5866398811340332 34 150 41 157
class 0.8879437446594238 46 149 52 157
class 0.5281189680099487 43 148 51 157
class 0.6460723876953125 68 147 74 155
class 0.5583357810974121 65 145 78 156
class 0.5849879384040833 74 151 81 158
class 0.7445657253265381 71 147 80 157
class 0.6006211042404175 90 152 96 160
class 0.7384815812110901 97 149 103 157
class 0.6028738617897034 92 146 101 160
class 0.5454424619674683 97 146 107 158
class 0.6834560036659241 110 151 115 159
class 0.4656294882297516 105 146 113 157
class 0.4116103947162628 107 147 117 160
class 0.7436501979827881 132 147 138 154
class 0.5139353275299072 154 144 159 152
class 0.48711106181144714 160 153 167 160
class 0.7079756855964661 173 146 179 155
class 0.8306263089179993 194 152 199 160
class 0.8240440487861633 5 156 10 164
class 0.9165162444114685 16 160 22 168
class 0.3906572163105011 13 157 19 166
class 0.3242429196834564 18 159 21 164
class 0.8459855318069458 35 155 42 163
class 0.5126441121101379 33 156 40 164
class 0.8112053275108337 63 157 70 165
class 0.7805671691894531 78 156 84 164
class 0.35115811228752136 99 161 104 169
class 0.7992575168609619 110 163 116 171
class 0.7615926265716553 130 162 136 170
class 0.82448410987854 150 162 157 170
class 0.46112722158432007 163 156 168 163
class 0.7273615598678589 172 161 178 169
class 0.6236781477928162 168 156 174 165
class 0.5605990886688232 180 160 186 168
class 0.8325687646865845 177 161 183 170
class 0.3273773789405823 184 159 189 166
class 0.36124151945114136 187 158 194 168
class 0.6549572348594666 17 170 23 177
class 0.5217244625091553 22 172 28 180
class 0.6880454421043396 18 171 26 179
class 0.6760231852531433 48 167 54 175
class 0.7375666499137878 58 170 64 178
class 0.4499313533306122 53 168 61 176
class 0.6368008255958557 59 167 67 176
class 0.6850365400314331 88 168 95 176
class 0.6177588105201721 85 168 92 176
class 0.5781957507133484 96 168 103 176
class 0.5958163738250732 93 167 99 175
class 0.6783559918403625 106 171 112 179
class 0.389081746339798 105 168 113 175
class 0.5664684176445007 121 166 127 173
class 0.63570237159729 151 173 157 180
class 0.6203929781913757 148 170 155 180
class 0.6467715501785278 154 172 163 180
class 0.7555172443389893 174 172 180 180
class 0.6439716219902039 192 168 198 176
class 0.5433952212333679 190 169 197 179
class 0.3194022476673126 195 168 199 176
class 0.8052564859390259 2 177 8 184
class 0.5407289266586304 7 176 15 185
class 0.8701401352882385 27 179 32 187
class 0.8588141798973083 37 183 43 191
class 0.30794063210487366 34 180 41 189
class 0.7877632975578308 46 181 52 188
class 0.3195340037345886 42 180 50 189
class 0.7267621159553528 106 177 112 184
class 0.8295981287956238 136 178 143 185
class 0.6645049452781677 170 182 177 189
class 0.6923216581344604 167 180 174 188
class 0.3073154091835022 169 178 174 183
class 0.44118425250053406 180 183 187 190
class 0.7613778710365295 176 182 185 192
class 0.7871631979942322 187 180 194 189
class 0.3696953356266022 189 178 194 184
class 0.38106152415275574 2 193 7 199
class 0.67142653465271 17 192 22 199
class 0.413871169090271 13 192 20 199
class 0.6534004807472229 18 193 25 199
class 0.8138073086738586 59 188 64 196
class 0.6940068602561951 79 194 85 199
class 0.3817780315876007 76 191 84 199
class 0.7590963244438171 86 193 93 199
class 0.5584225058555603 83 193 90 199
class 0.7705662250518799 132 189 138 196
class 0.6702614426612854 142 193 148 199
class 0.6743956804275513 145 192 152 199
class 0.3587754964828491 147 189 153 197
class 0.6225695610046387 163 194 169 199
class 0.463029146194458 159 194 166 199
class 0.5789749622344971 170 193 176 199
class 0.5321394801139832 167 193 173 199
