class 0.7596319317817688 3 0 8 7
class 0.35158005356788635 0 1 4 9
class 0.9010998010635376 13 1 19 8
class 0.9147982001304626 33 0 40 7
class 0.8722293972969055 58 5 64 12
class 0.8747252225875854 64 0 70 7
class 0.9348422884941101 90 5 95 12
class 0.7135069966316223 138 0 144 4
class 0.83023601770401 184 0 190 6
class 0.8415478467941284 0 13 4 21
class 0.3629876375198364 12 13 18 20
class 0.6305277943611145 9 8 17 19
class 0.8397483825683594 47 11 53 19
class 0.8122298717498779 58 11 64 19
class 0.5066858530044556 68 15 74 22
class 0.8386358022689819 77 10 83 19
class 0.6743571162223816 74 12 81 21
class 0.32234466075897217 80 10 85 17
class 0.7814525365829468 128 14 134 23
class 0.826094925403595 153 8 159 17
class 0.757116973400116 183 15 189 22
class 0.7159039974212646 181 12 188 23
class 0.38886651396751404 183 12 191 20
class 0.6630874276161194 192 12 198 20
class 0.7806681394577026 188 12 196 21
class 0.46339911222457886 195 11 199 18
class 0.6390700936317444 14 25 20 32
class 0.7667587995529175 11 26 18 34
class 0.7442521452903748 20 21 27 29
class 0.7570421695709229 64 24 71 31
class 0.7986506223678589 99 24 105 32
class 0.7120587825775146 153 26 159 33
class 0.4439426064491272 170 25 177 32
class 0.6553046703338623 166 23 174 32
class 0.7282285690307617 182 25 188 32
class 0.6999161839485168 178 23 186 33
class 0.44154292345046997 183 23 191 30
class 0.6973842978477478 12 29 19 37
class 0.8116394281387329 37 36 43 44
class 0.7642496228218079 45 30 51 37
class 0.6349354386329651 58 35 64 43
class 0.44063815474510193 54 33 61 41
class 0.6097240447998047 60 35 67 44
class 0.5952083468437195 73 30 81 39
class 0.7456128597259521 92 34 100 44
class 0.47485214471817017 134 36 141 45
class 0.5795252919197083 154 33 163 42
class 0.7772881984710693 184 36 190 44
class 0.7509823441505432 6 46 13 54
class 0.6524563431739807 79 47 86 55
class 0.7283484935760498 86 42 92 49
class 0.3459274172782898 82 42 90 52
class 0.8321720957756042 121 41 127 48
class 0.7619244456291199 140 41 146 49
class 0.6687422394752502 149 45 156 53
class 0.8018090128898621 146 47 153 53
class 0.34254711866378784 153 44 158 51
class 0.513809859752655 155 45 161 54
class 0.56227707862854 173 40 178 48
class 0.37774235010147095 180 43 186 51
class 0.5030782222747803 176 44 184 55
class 0.5800870656967163 21 55 28 63
class 0.6574563980102539 18 52 26 61
class 0.4503333568572998 21 51 25 57
class 0.7180394530296326 74 53 80 62
class 0.7206010818481445 71 56 79 64
class 0.7502429485321045 129 51 136 59
class 0.7817843556404114 139 57 145 64
class 0.7384975552558899 160 51 166 58
class 0.6810632348060608 168 50 175 58
class 0.42969101667404175 180 52 186 59
class 0.4037095904350281 196 57 199 64
class 0.8082616329193115 26 62 33 70
class 0.7930651307106018 32 62 39 70
class 0.34194228053092957 32 61 37 68
class 0.8532761335372925 86 67 92 74
class 0.7107529044151306 105 66 111 75
class 0.639251172542572 147 65 155 73
class 0.6566936373710632 158 67 165 74
class 0.7721033096313477 174 67 180 75
class 0.6919921040534973 58 74 64 82
class 0.6563059687614441 79 73 85 81
class 0.7159436941146851 37 89 43 96
class 0.7744662165641785 47 88 53 95
class 0.37417957186698914 43 86 51 95
class 0.7142607569694519 79 82 85 90
class 0.8195748925209045 85 88 92 96
class 0.5616235733032227 112 89 117 96
class 0.7341021299362183 129 88 136 96
class 0.3330231308937073 131 86 138 93
class 0.5502182245254517 139 83 146 90
class 0.4875258803367615 135 82 142 91
class 0.3190253973007202 144 81 151 90
class 0.7554901242256165 182 87 188 96
class 0.7773467302322388 190 84 196 92
class 0.6204635500907898 49 99 57 106
class 0.5459665060043335 70 92 78 100
class 0.7045885920524597 109 94 115 101
class 0.6009414196014404 122 99 128 107
class 0.4339246153831482 128 97 134 105
class 0.6270818710327148 123 95 131 106
class 0.32775962352752686 124 91 133 102
class 0.6832565665245056 134 98 141 108
class 0.8485633134841919 160 94 166 102
class 0.826994776725769 185 98 190 107
class 0.5747205018997192 183 96 189 105
class 0.7183366417884827 2 106 6 114
class 0.5676872134208679 0 107 3 118
class 0.6662999987602234 8 103 14 111
class 0.3891414999961853 34 105 40 114
class 0.5995301008224487 29 109 37 118
class 0.5513339042663574 39 102 46 110
class 0.7419558763504028 91 107 96 115
class 0.4693079888820648 89 107 94 114
class 0.7626490592956543 113 103 121 112
class 0.7378800511360168 141 106 147 113
class 0.3803097605705261 139 103 145 111
class 0.6563138365745544 147 109 155 117
class 0.8509711623191833 196 109 199 118
class 0.8029918074607849 4 119 8 127
class 0.737749457359314 35 120 40 128
class 0.6155251264572144 31 119 38 127
class 0.4767366945743561 36 118 43 126
class 0.5916937589645386 56 120 63 128
class 0.8026827573776245 53 119 59 127
class 0.3920062780380249 58 119 64 125
class 0.3468639552593231 63 120 70 128
class 0.6674684286117554 60 120 67 128
class 0.742975115776062 119 121 126 127
class 0.7255443930625916 117 118 124 127
class 0.5573737621307373 154 113 162 121
class 0.6627447605133057 172 114 178 122
class 0.4674685597419739 168 114 175 121
class 0.684041440486908 177 117 183 125
class 0.43845075368881226 178 113 184 122
class 0.6194708347320557 190 115 196 123
class 0.7856552600860596 187 113 194 123
class 0.9221283197402954 3 126 9 134
class 0.47191497683525085 1 125 4 136
class 0.3480803966522217 32 125 40 134
class 0.4127000868320465 69 127 76 135
class 0.618404746055603 73 129 79 138
class 0.7552670240402222 109 130 114 138
class 0.6178042888641357 104 127 111 135
class 0.35563355684280396 112 130 120 137
class 0.6743510961532593 142 130 148 138
class 0.44466114044189453 150 130 156 138
class 0.5084043741226196 145 129 153 138
class 0.6365370750427246 162 130 168 137
class 0.7821564078330994 158 129 165 137
class 0.4851705729961395 161 127 171 138
class 0.9049381017684937 182 123 188 131
class 0.375905841588974 182 124 186 130
class 0.8096907734870911 6 139 11 146
class 0.32134827971458435 7 137 16 147
class 0.766886830329895 21 140 27 148
class 0.6789746284484863 37 136 43 143
class 0.6500614881515503 63 140 69 149
class 0.7611439228057861 60 137 68 148
class 0.35674530267715454 62 136 68 143
class 0.81022709608078 142 141 148 149
class 0.7333019971847534 185 141 191 149
class 0.72507643699646 191 137 196 145
class 0.5452661514282227 188 138 195 147
class 0.4352462887763977 0 152 5 158
class 0.43909478187561035 0 150 2 160
class 0.4712759852409363 35 150 42 158
class 0.7471033930778503 44 148 51 156
class 0.5151137709617615 41 147 49 156
class 0.679405152797699 68 146 74 154
class 0.3298533856868744 64 147 73 156
class 0.6060762405395508 74 151 81 159
class 0.688252866268158 70 148 79 157
class 0.6924213171005249 89 153 96 160
class 0.7373268008232117 100 146 106 154
class 0.35026490688323975 95 148 103 157
class 0.8178685307502747 110 151 116 159
class 0.4191788136959076 106 147 113 156
class 0.35496214032173157 160 152 167 160
class 0.8541308641433716 173 146 179 154
class 0.4431068003177643 171 150 177 157
class 0.8468588590621948 195 152 199 160
class 0.8942053914070129 4 156 10 164
class 0.9301369786262512 16 160 23 167
class 0.46032923460006714 14 158 20 166
class 0.7676823139190674 35 155 42 163
class 0.8024401068687439 63 158 70 166
class 0.7452033758163452 78 155 84 163
class 0.8769018650054932 111 162 117 171
class 0.4312884211540222 120 162 127 171
class 0.7384477257728577 130 162 136 170
class 0.5388414859771729 127 160 134 170
class 0.8259356617927551 150 162 157 170
class 0.5287489891052246 162 155 168 163
class 0.5730876326560974 172 160 178 168
class 0.4877869784832001 167 155 175 164
class 0.54137122631073 180 160 187 168
class 0.8592383861541748 177 161 184 170
class 0.4153715968132019 184 159 190 167
class 0.3347836434841156 187 158 194 168
class 0.43544963002204895 48 167 54 175
class 0.7860686182975769 58 170 64 178
class 0.5163931250572205 53 168 60 176
class 0.5000805854797363 59 168 67 176
class 0.6948813796043396 88 167 94 175
class 0.5888888239860535 85 167 92 175
class 0.6428960561752319 95 167 102 175
class 0.5993354320526123 93 167 99 175
class 0.31921759247779846 121 166 127 173
class 0.6566439867019653 151 172 157 180
class 0.6489531397819519 148 170 156 179
class 0.6996347308158875 158 171 164 179
class 0.7804526686668396 175 173 180 180
class 0.5950291156768799 191 166 198 175
class 0.32175758481025696 194 168 199 176
class 0.7398633360862732 1 176 7 184
class 0.5096380114555359 7 177 15 185
class 0.9004849195480347 26 178 32 185
class 0.7932653427124023 38 184 43 191
class 0.7656291723251343 44 182 50 189
class 0.34984782338142395 40 180 48 190
class 0.7628511190414429 106 176 112 185
class 0.7246164083480835 137 178 143 186
class 0.7732557058334351 176 182 184 191
class 0.6557696461677551 188 176 195 185
class 0.4866233468055725 4 194 9 199
class 0.6707850694656372 16 193 21 199
class 0.48714137077331543 13 192 18 199
class 0.6914154887199402 18 193 25 199
class 0.784895122051239 58 188 64 196
class 0.697436511516571 79 194 85 199
class 0.3967002034187317 77 192 83 199
class 0.7123291492462158 86 193 92 199
class 0.6145498752593994 82 193 89 199
class 0.722230851650238 132 190 138 196
class 0.7569501399993896 142 193 148 199
class 0.7530927062034607 148 192 154 199
class 0.721043586730957 169 193 175 199
