class 0.8908841609954834 2 0 7 7
class 0.4260016977787018 0 0 3 8
class 0.9144375920295715 13 2 19 9
class 0.4858337342739105 10 2 17 9
class 0.8888145089149475 34 1 41 8
class 0.8899936676025391 58 5 64 12
class 0.4095665514469147 55 2 62 10
class 0.8630045056343079 63 0 69 6
class 0.37538933753967285 61 1 68 9
class 0.3701893091201782 79 3 83 8
class 0.9351099729537964 90 3 96 9
class 0.34253397583961487 132 5 138 12
class 0.7458601593971252 137 5 143 12
class 0.8483628034591675 162 0 168 4
class 0.37147337198257446 170 0 176 4
class 0.3361932933330536 165 0 174 4
class 0.8200880289077759 184 1 190 8
class 0.48916858434677124 194 2 199 8
class 0.6865038871765137 0 13 5 21
class 0.3855020999908447 0 13 2 24
class 0.3786708414554596 11 12 17 19
class 0.5663543343544006 9 8 16 20
class 0.514352560043335 38 14 43 22
class 0.7759419083595276 45 14 51 22
class 0.7535127401351929 42 14 49 24
class 0.45988717675209045 47 11 54 20
class 0.7448102831840515 58 11 63 19
class 0.6541203260421753 68 16 74 23
class 0.724793016910553 78 12 84 19
class 0.5174221396446228 74 11 81 20
class 0.38919132947921753 77 8 83 16
class 0.7262527942657471 93 11 100 19
class 0.4657841622829437 93 8 98 15
class 0.8106564879417419 109 14 115 22
class 0.3728499114513397 108 10 115 17
class 0.6090803146362305 116 9 122 18
class 0.8209992051124573 128 13 134 21
class 0.798342227935791 141 11 147 19
class 0.41487234830856323 137 10 145 18
class 0.5752611756324768 149 11 156 20
class 0.7222772836685181 144 12 154 23
class 0.518909752368927 151 9 159 19
class 0.37448039650917053 154 12 163 22
class 0.755488932132721 172 15 178 23
class 0.6708517670631409 168 15 176 24
class 0.7749997973442078 183 13 189 22
class 0.6494561433792114 179 13 186 23
class 0.6558809876441956 192 13 198 20
class 0.840696394443512 188 13 195 22
class 0.3188532292842865 191 10 198 17
class 0.4615839719772339 195 11 199 17
class 0.7466191649436951 2 24 6 32
class 0.7615063190460205 15 25 21 33
class 0.6979494094848633 11 26 18 34
class 0.7464489936828613 20 21 27 29
class 0.5365813374519348 42 23 49 31
class 0.6741330027580261 39 19 47 29
class 0.8195056915283203 64 23 71 30
class 0.783403754234314 80 19 86 27
class 0.6978858709335327 98 24 105 30
class 0.7999522686004639 152 23 158 31
class 0.4926574230194092 149 19 157 30
class 0.6210708618164062 162 21 167 29
class 0.47643718123435974 156 22 165 32
class 0.4016090929508209 159 18 166 28
class 0.6539248824119568 171 24 177 31
class 0.5984307527542114 165 21 175 33
class 0.32132554054260254 173 22 179 28
class 0.7508884072303772 182 24 188 32
class 0.6904958486557007 178 23 186 33
class 0.4650518596172333 183 23 191 30
class 0.7746462225914001 195 25 199 33
class 0.5517340302467346 191 24 198 32
class 0.46876752376556396 195 22 199 29
class 0.7691832780838013 36 37 42 44
class 0.6472543478012085 46 29 52 36
class 0.3244115114212036 43 26 53 39
class 0.6426370739936829 58 35 64 43
class 0.31752273440361023 54 32 62 42
class 0.7418876886367798 72 28 79 38
class 0.743517279624939 92 35 99 44
class 0.5768855810165405 122 36 127 44
class 0.4361996650695801 118 34 125 42
class 0.4825817048549652 130 34 136 42
class 0.6710915565490723 138 32 144 40
class 0.6452879905700684 135 33 143 43
class 0.736548125743866 160 33 166 41
class 0.6226986050605774 156 33 163 42
class 0.3221594989299774 163 33 169 39
class 0.639021635055542 170 36 176 44
class 0.8580396771430969 184 36 190 44
class 0.9278983473777771 3 44 9 52
class 0.8589428663253784 15 46 21 54
class 0.6227675080299377 12 44 19 55
class 0.7594189643859863 25 47 31 54
class 0.5175827145576477 21 46 28 55
class 0.393036812543869 26 45 32 52
class 0.7841863036155701 36 47 42 54
class 0.4684625566005707 32 46 39 55
class 0.49874940514564514 78 47 85 54
class 0.7378913164138794 86 41 92 49
class 0.7341946959495544 106 46 112 53
class 0.30134621262550354 104 41 114 54
class 0.7813910841941833 121 41 127 48
class 0.6313309073448181 141 43 146 50
class 0.49168860912323 138 39 144 48
class 0.6307169795036316 149 44 155 52
class 0.7950063347816467 146 45 153 54
class 0.3625074028968811 152 43 160 51
class 0.6953297853469849 155 46 162 55
class 0.3787444233894348 170 38 178 47
class 0.6860354542732239 178 45 185 53
class 0.7516182065010071 177 47 183 55
class 0.5848112106323242 196 43 199 50
class 0.43792545795440674 1 54 6 61
class 0.6820854544639587 14 57 20 64
class 0.6894530057907104 10 56 18 66
class 0.8073127865791321 24 57 30 65
class 0.6916626691818237 20 57 28 65
class 0.3937690854072571 28 55 31 60
class 0.6683423519134521 34 53 40 61
class 0.4398029148578644 29 56 37 65
class 0.5927883982658386 69 57 75 65
class 0.39967644214630127 66 55 73 63
class 0.6642341613769531 74 56 81 63
class 0.6671398878097534 72 56 79 65
class 0.39637210965156555 73 50 80 62
class 0.3048926293849945 77 53 85 62
class 0.8621509075164795 84 56 90 64
class 0.5856166481971741 110 56 117 64
class 0.7594797611236572 130 53 137 60
class 0.8411396741867065 140 56 146 63
class 0.5034701228141785 141 53 149 62
class 0.6434720158576965 163 54 168 62
class 0.588577389717102 159 51 166 60
class 0.7709861993789673 169 54 176 62
class 0.733708381652832 166 55 173 64
class 0.47664374113082886 176 50 183 60
class 0.6941248178482056 196 56 199 64
class 0.8330395221710205 14 67 20 74
class 0.34509384632110596 12 62 18 70
class 0.8043622970581055 27 65 32 72
class 0.861750066280365 35 67 41 75
class 0.5440798401832581 30 64 38 73
class 0.5576745867729187 37 65 42 73
class 0.33404308557510376 38 68 46 75
class 0.9193586111068726 90 68 96 76
class 0.4205339848995209 91 66 95 72
class 0.6867828369140625 106 64 112 72
class 0.7532737851142883 103 65 111 75
class 0.4254738390445709 143 67 148 75
class 0.6742026805877686 151 67 157 74
class 0.5112529397010803 147 66 154 74
class 0.31452441215515137 148 64 161 75
class 0.7010855674743652 159 66 166 74
class 0.6971163153648376 156 67 165 76
class 0.8708343505859375 174 67 180 75
class 0.5428669452667236 171 63 179 73
class 0.8433372974395752 35 78 41 86
class 0.7138977646827698 32 76 39 86
class 0.39511018991470337 36 76 43 83
class 0.6220313310623169 55 76 62 84
class 0.6777889728546143 79 73 85 81
class 0.8330419063568115 90 78 96 86
class 0.8090289235115051 109 78 115 86
class 0.524699330329895 105 76 112 86
class 0.3605795204639435 111 77 116 83
class 0.7853025794029236 115 77 122 85
class 0.54813551902771 134 72 142 80
class 0.5480400323867798 136 71 144 77
class 0.6754221320152283 37 88 43 96
class 0.792939305305481 47 88 53 96
class 0.35975122451782227 43 87 51 96
class 0.7925320863723755 56 82 63 89
class 0.44396695494651794 52 83 61 92
class 0.7183408737182617 79 83 85 90
class 0.808256208896637 86 87 92 95
class 0.7790431976318359 83 88 90 96
class 0.8362957239151001 100 88 106 95
class 0.5079165101051331 97 85 104 94
class 0.7318931221961975 110 88 117 96
class 0.7014657855033875 129 88 136 96
class 0.7195780873298645 140 81 146 89
class 0.4793187081813812 135 82 142 90
class 0.3488041162490845 139 82 144 88
class 0.4261426031589508 144 81 152 90
class 0.8247024416923523 181 88 187 96
class 0.6383163928985596 178 87 185 97
class 0.364086389541626 184 86 189 94
class 0.6606552600860596 191 84 197 91
class 0.8357720971107483 5 98 11 105
class 0.6304771304130554 15 99 20 107
class 0.4569317698478699 10 97 17 108
class 0.6425384879112244 24 97 30 105
class 0.7803236842155457 20 98 27 107
class 0.47128865122795105 26 96 32 104
class 0.7943965196609497 35 99 41 108
class 0.47737357020378113 31 100 37 107
class 0.38007378578186035 39 100 47 107
class 0.6539193391799927 52 98 58 106
class 0.5415055155754089 70 93 78 101
class 0.7742827534675598 97 98 103 106
class 0.8197270631790161 110 94 116 102
class 0.35290950536727905 108 95 114 103
class 0.7241634726524353 122 99 128 107
class 0.6930140852928162 130 97 136 104
class 0.4626130163669586 124 95 133 105
class 0.44911545515060425 134 99 140 106
class 0.849197268486023 158 94 165 103
class 0.7829245924949646 182 99 188 107
class 0.5093225240707397 178 97 186 107
class 0.34399545192718506 180 93 186 102
class 0.4754813313484192 184 96 190 103
class 0.8324496746063232 194 99 199 107
class 0.5677812099456787 191 97 198 106
class 0.4241604208946228 195 97 199 104
class 0.7780603766441345 1 108 5 116
class 0.6001348495483398 0 108 3 119
class 0.40222859382629395 7 104 16 116
class 0.43800923228263855 32 107 38 115
class 0.7774674296379089 29 106 36 114
class 0.40171465277671814 31 103 37 110
class 0.33282795548439026 39 104 47 113
class 0.6928655505180359 90 108 96 116
class 0.3633730113506317 91 106 100 115
class 0.4823759198188782 107 109 113 117
class 0.8412707448005676 121 108 126 116
class 0.6612763404846191 117 106 124 113
class 0.44792693853378296 129 110 135 117
class 0.4472431242465973 125 109 132 118
class 0.6572834253311157 141 106 147 114
class 0.4783846437931061 137 108 144 116
class 0.7069586515426636 145 107 152 115
class 0.3330657184123993 146 104 152 112
class 0.7613074779510498 181 105 187 114
class 0.5103887915611267 178 107 185 115
class 0.5586245059967041 180 102 186 111
class 0.7092515230178833 193 108 198 116
class 0.3031880557537079 195 106 199 112
class 0.7242571711540222 1 118 5 125
class 0.5141787528991699 0 116 3 129
class 0.35505276918411255 1 115 2 125
class 0.6789618730545044 9 115 16 126
class 0.6417316198348999 25 116 31 124
class 0.5127774477005005 22 113 29 121
class 0.5971351861953735 35 119 42 126
class 0.6564604043960571 31 119 37 126
class 0.3123376965522766 32 114 39 122
class 0.5673093795776367 38 117 43 123
class 0.5578740239143372 39 118 45 126
class 0.5568469166755676 55 118 61 126
class 0.8430538177490234 52 119 59 128
class 0.3757878243923187 57 118 65 124
class 0.3925359845161438 63 120 69 128
class 0.728741466999054 60 119 67 127
class 0.5812307000160217 107 116 113 124
class 0.6344102621078491 104 111 113 123
class 0.760492742061615 114 119 123 128
class 0.31795597076416016 118 118 129 125
class 0.537225067615509 129 115 135 123
class 0.6983294486999512 124 118 132 126
class 0.30463528633117676 130 114 138 122
class 0.4908360242843628 152 114 159 122
class 0.6243216395378113 154 113 162 121
class 0.6485905051231384 171 116 177 124
class 0.6780816912651062 168 114 175 122
class 0.3344666361808777 173 116 180 123
class 0.6706477403640747 177 117 182 125
class 0.4520050585269928 178 114 183 120
class 0.5887743830680847 191 118 197 126
class 0.7427459955215454 189 114 195 123
class 0.8690993189811707 2 128 7 135
class 0.6070359945297241 0 127 3 137
class 0.3405629098415375 1 127 3 134
class 0.3937445878982544 5 128 7 136
class 0.7664095759391785 13 128 19 135
class 0.7164524793624878 10 127 16 136
class 0.8131750226020813 25 130 31 138
class 0.711096465587616 22 130 27 138
class 0.5047704577445984 27 130 32 135
class 0.639819324016571 36 129 42 137
class 0.39028143882751465 31 128 37 135
class 0.6947547197341919 43 131 50 139
class 0.5649570226669312 40 132 46 139
class 0.6129712462425232 74 128 80 135
class 0.6802676320075989 71 128 78 137
class 0.6445842385292053 100 131 106 139
class 0.6301179528236389 97 129 104 137
class 0.7263594269752502 108 130 114 137
class 0.6602646708488464 104 129 111 137
class 0.6949793696403503 142 131 148 138
class 0.347761332988739 140 127 150 138
class 0.5463008880615234 151 130 157 138
class 0.39469143748283386 146 127 153 137
class 0.7778682112693787 162 130 168 137
class 0.7177542448043823 158 130 165 138
class 0.860849916934967 182 124 188 132
class 0.3802826404571533 179 125 186 133
class 0.7471675276756287 195 129 199 137
class 0.40546950697898865 192 128 199 138
class 0.4398833215236664 194 126 199 135
class 0.7763835191726685 5 138 10 145
class 0.7586398124694824 21 139 27 147
class 0.4212586581707001 43 137 49 145
class 0.7277247309684753 39 137 46 146
class 0.35246339440345764 42 135 47 141
class 0.4037092328071594 55 137 62 145
class 0.746623158454895 50 135 58 144
class 0.7618855237960815 60 138 68 148
class 0.3735993206501007 62 135 69 145
class 0.3211476802825928 75 137 81 145
class 0.35832807421684265 73 132 80 143
class 0.7418692708015442 120 135 126 143
class 0.4792332649230957 123 135 131 144
class 0.6613841652870178 142 140 148 148
class 0.6817469596862793 153 139 158 147
class 0.38281261920928955 149 138 156 146
class 0.49299395084381104 153 136 159 144
class 0.5846434235572815 154 140 161 150
class 0.6538822650909424 172 137 178 144
class 0.8517188429832458 182 140 189 148
class 0.6123030781745911 179 136 186 146
class 0.6032965779304504 191 137 196 145
class 0.6577861905097961 187 137 195 148
class 0.31021618843078613 193 136 199 145
class 0.4443944990634918 2 151 7 159
class 0.4000978469848633 0 149 3 160
class 0.7827701568603516 13 150 19 157
class 0.8243727087974548 10 151 17 159
class 0.30651888251304626 16 148 22 156
class 0.8568995594978333 26 151 32 160
class 0.36914172768592834 24 150 29 158
class 0.3150751292705536 28 150 31 155
class 0.5289785861968994 33 150 39 157
class 0.7961798906326294 30 150 36 158
class 0.4289339482784271 32 146 38 154
class 0.344288170337677 37 148 42 155
class 0.8788804411888123 47 149 53 156
class 0.5881990790367126 68 146 74 154
class 0.6467551589012146 74 152 81 160
class 0.743618369102478 71 149 79 157
class 0.45534244179725647 90 152 97 160
class 0.6985369920730591 98 149 103 157
class 0.6445502638816833 93 149 100 158
class 0.46608766913414 95 146 101 156
class 0.44732216000556946 100 148 106 155
class 0.43594351410865784 109 151 115 158
class 0.5233936905860901 104 147 110 155
class 0.3654898405075073 112 151 120 159
class 0.7564204931259155 130 148 137 156
class 0.4943535327911377 132 145 141 155
class 0.33404335379600525 159 152 166 159
class 0.4524869918823242 154 148 164 158
class 0.7698096632957458 173 150 179 158
class 0.6519424319267273 182 152 189 159
class 0.5815377831459045 179 151 185 159
class 0.7573664784431458 196 151 199 159
class 0.8282854557037354 5 157 10 165
class 0.9359594583511353 16 160 22 168
class 0.36580443382263184 13 157 20 166
class 0.36325088143348694 18 159 20 164
class 0.8855215907096863 36 155 42 163
class 0.7159551382064819 63 158 70 166
class 0.8350966572761536 78 155 84 163
class 0.561897873878479 90 158 96 166
class 0.32471606135368347 87 155 98 165
class 0.7020449638366699 96 162 102 170
class 0.49793773889541626 92 160 100 170
class 0.3227245509624481 94 157 100 165
class 0.8541276454925537 111 163 116 171
class 0.45178163051605225 120 163 126 171
class 0.7500338554382324 130 163 136 170
class 0.6058632731437683 127 162 134 171
class 0.7958369851112366 149 162 156 170
class 0.7997018098831177 164 159 169 168
class 0.3609228730201721 161 158 168 167
class 0.5538384914398193 170 161 177 169
class 0.648612380027771 166 160 173 169
class 0.6337069272994995 179 160 185 169
class 0.8275599479675293 177 162 183 170
class 0.685272753238678 187 160 194 169
class 0.689821183681488 2 170 7 176
class 0.7168444395065308 17 168 23 176
class 0.5050539970397949 23 173 30 180
class 0.7459791302680969 19 171 25 179
class 0.6824314594268799 32 172 39 180
class 0.8400600552558899 29 173 36 181
class 0.5121688842773438 44 170 51 177
class 0.6969181299209595 41 170 48 179
class 0.4973149299621582 43 166 51 175
class 0.7242571115493774 56 172 62 180
class 0.7309921383857727 52 172 59 180
class 0.38182389736175537 58 171 64 177
class 0.8332073092460632 67 170 73 176
class 0.613629937171936 63 167 71 176
class 0.6389821171760559 88 168 94 176
class 0.7149195075035095 85 167 92 177
class 0.7065879702568054 92 167 99 175
class 0.648089587688446 106 171 113 179
class 0.3361510634422302 106 168 113 174
class 0.5664359331130981 122 166 127 173
class 0.649241030216217 150 171 156 179
class 0.7965224981307983 161 173 167 181
class 0.3064304292201996 164 172 169 178
class 0.8061185479164124 174 173 180 181
class 0.3534494638442993 169 172 177 181
class 0.3966800272464752 174 171 179 177
class 0.6486484408378601 192 168 198 176
class 0.41041532158851624 194 168 199 177
class 0.7613378763198853 3 176 8 184
class 0.6738123297691345 6 176 16 185
class 0.8510633707046509 26 179 32 187
class 0.7323733568191528 37 183 43 191
class 0.866691529750824 47 181 53 188
class 0.3206654489040375 43 180 51 187
class 0.36084118485450745 44 176 50 184
class 0.6267538070678711 69 184 75 192
class 0.75946044921875 108 180 114 188
class 0.591766357421875 105 178 113 186
class 0.8447890877723694 121 183 128 191
class 0.3506113290786743 120 182 125 190
class 0.725645124912262 136 178 144 185
class 0.4728730022907257 148 181 154 190
class 0.3382927477359772 147 176 153 185
class 0.39546895027160645 164 178 170 187
class 0.6568765044212341 170 182 176 189
class 0.7828401923179626 166 180 173 189
class 0.33631446957588196 168 177 174 185
class 0.4857312738895416 181 183 187 190
class 0.6623907685279846 176 181 185 192
class 0.7177073359489441 187 180 194 190
class 0.5400763154029846 189 177 195 186
class 0.7044994831085205 0 193 5 199
class 0.36972129344940186 0 193 3 199
class 0.6153410077095032 16 192 22 199
class 0.5045648813247681 14 192 20 199
class 0.6886357069015503 19 193 25 199
class 0.4216429591178894 43 193 49 199
class 0.7050061821937561 40 191 47 199
class 0.719946563243866 55 191 62 198
class 0.8008010983467102 52 192 60 199
class 0.7590201497077942 67 189 73 195
class 0.48382118344306946 63 188 70 197
class 0.6379995942115784 79 194 86 199
class 0.695752739906311 82 193 89 199
class 0.8046687841415405 132 190 138 197
class 0.7648458480834961 143 193 148 199
class 0.6612741947174072 148 192 154 199
class 0.6699540615081787 145 192 151 199
class 0.3536424934864044 148 189 153 196
class 0.6146668791770935 162 194 168 199
class 0.5015170574188232 159 193 165 199
class 0.4989842176437378 169 193 176 199
class 0.5647014379501343 166 193 174 199
class 0.7732316255569458 193 193 199 199
class 0.6783198714256287 190 191 197 199
