class 0.742234468460083 3 0 7 6
class 0.4037114977836609 0 0 4 7
class 0.9390851855278015 14 0 20 8
class 0.4102274179458618 11 2 17 7
class 0.3935675024986267 26 1 32 8
class 0.9226235151290894 34 0 40 7
class 0.4616684913635254 32 1 37 7
class 0.8024990558624268 58 5 65 11
class 0.8798683881759644 63 0 69 7
class 0.3581793010234833 61 2 68 9
class 0.9390661716461182 90 5 96 12
class 0.8321759104728699 184 0 190 6
class 0.8330209851264954 0 14 4 22
class 0.7645255923271179 10 12 17 19
class 0.8507200479507446 47 12 54 19
class 0.8137468695640564 58 11 64 19
class 0.7629932761192322 69 15 75 22
class 0.775171160697937 77 9 83 17
class 0.5796830654144287 73 12 81 20
class 0.8529167771339417 128 14 134 23
class 0.8242835402488708 153 8 159 17
class 0.8031765818595886 183 15 188 22
class 0.6829135417938232 180 12 188 24
class 0.7649518847465515 193 13 199 21
class 0.7268712520599365 189 12 197 21
class 0.5532222390174866 194 11 199 20
class 0.7302597761154175 64 24 71 31
class 0.7401349544525146 62 25 69 33
class 0.7849761247634888 99 24 105 31
class 0.6814199090003967 153 26 159 33
class 0.4668121039867401 170 25 177 32
class 0.5677375197410583 166 23 175 32
class 0.7512820363044739 182 24 188 32
class 0.649669885635376 178 23 187 33
class 0.48731958866119385 183 23 191 29
class 0.8148506283760071 37 36 43 44
class 0.7417498826980591 45 30 51 37
class 0.6034687757492065 58 35 64 42
class 0.3741317093372345 55 32 61 42
class 0.5730146169662476 60 34 67 43
class 0.6851797699928284 73 29 80 38
class 0.7818491458892822 92 35 99 44
class 0.4932684898376465 131 36 139 43
class 0.6471165418624878 157 31 163 38
class 0.8393433094024658 184 36 190 44
class 0.6611698269844055 79 47 85 55
class 0.7451799511909485 85 41 92 49
class 0.8175145983695984 121 41 127 48
class 0.785332977771759 140 41 146 49
class 0.7602078914642334 149 46 156 54
class 0.32015910744667053 153 44 158 51
class 0.3184090256690979 155 44 161 54
class 0.5846318602561951 173 40 179 47
class 0.43583717942237854 180 43 186 51
class 0.42927876114845276 177 45 184 54
class 0.49611803889274597 0 55 4 63
class 0.30857160687446594 0 55 2 65
class 0.7334330081939697 74 54 80 62
class 0.7034378051757812 71 56 79 65
class 0.715111255645752 128 51 135 60
class 0.7895909547805786 138 57 144 64
class 0.7850909233093262 159 51 165 59
class 0.6626312136650085 166 49 174 59
class 0.4384414851665497 177 50 185 58
class 0.6220929026603699 196 57 199 65
class 0.8478785157203674 86 67 93 75
class 0.6286498308181763 150 67 156 74
class 0.6291699409484863 147 66 154 74
class 0.7734151482582092 159 67 164 74
class 0.7686446309089661 174 67 180 75
class 0.7551843523979187 58 73 65 81
class 0.6483652591705322 78 73 84 82
class 0.8101524710655212 37 89 42 96
class 0.7435362339019775 47 88 53 95
class 0.7567535638809204 79 82 85 90
class 0.8297088742256165 86 88 92 96
class 0.5686521530151367 111 89 117 96
class 0.7435710430145264 129 87 136 95
class 0.39172640442848206 130 85 139 93
class 0.5355247259140015 139 82 146 90
class 0.4118594229221344 135 82 142 91
class 0.7330421209335327 182 88 188 96
class 0.785527765750885 190 83 196 92
class 0.6164389252662659 50 100 57 107
class 0.628815770149231 70 92 78 100
class 0.7094464302062988 109 94 115 102
class 0.6115841865539551 122 98 128 107
class 0.4850965440273285 129 97 135 105
class 0.6067014932632446 123 95 132 105
class 0.36627912521362305 125 92 134 102
class 0.8112479448318481 134 99 140 107
class 0.8332986235618591 160 94 166 102
class 0.7197480797767639 185 99 190 107
class 0.38243383169174194 183 96 190 104
class 0.71014404296875 5 105 10 112
class 0.3331705331802368 4 104 7 115
class 0.6818040013313293 7 103 14 111
class 0.4188459813594818 33 105 40 115
class 0.6612081527709961 29 109 37 118
class 0.34879109263420105 42 103 49 111
class 0.5802051424980164 39 102 46 110
class 0.8176937699317932 91 108 96 116
class 0.5023378133773804 89 107 94 113
class 0.5565613508224487 116 104 123 112
class 0.7778727412223816 113 103 120 112
class 0.8475438952445984 140 104 147 111
class 0.7396200895309448 35 120 40 128
class 0.6117838621139526 31 119 38 127
class 0.3298269510269165 31 114 39 124
class 0.48243412375450134 37 119 43 126
class 0.5838420987129211 56 119 62 128
class 0.7853522896766663 53 119 59 127
class 0.37837862968444824 58 118 64 125
class 0.6532317996025085 60 120 67 128
class 0.5843804478645325 153 114 160 121
class 0.6467114090919495 171 114 177 121
class 0.4398857653141022 168 114 175 121
class 0.3939993977546692 180 114 186 123
class 0.7359291911125183 177 114 183 122
class 0.8195531368255615 190 114 196 123
class 0.840441882610321 3 125 8 133
class 0.3337673842906952 1 125 5 136
class 0.32149338722229004 35 128 41 135
class 0.379764199256897 32 125 39 134
class 0.7206743359565735 73 129 79 137
class 0.3305820822715759 71 125 80 135
class 0.6752918362617493 109 129 115 137
class 0.6087168455123901 105 126 112 135
class 0.7196539044380188 142 131 148 138
class 0.4945357143878937 150 130 156 138
class 0.6152098178863525 145 130 153 138
class 0.6251038908958435 162 130 168 137
class 0.7292765974998474 158 129 165 137
class 0.8248927593231201 6 139 11 146
class 0.8184588551521301 21 140 28 148
class 0.6869735717773438 37 136 43 143
class 0.3318484425544739 41 137 47 145
class 0.4880251884460449 63 140 69 149
class 0.7227447032928467 60 137 68 147
class 0.30532675981521606 62 135 69 143
class 0.8025407195091248 143 141 149 149
class 0.7699111700057983 186 141 191 148
class 0.7778193950653076 189 136 195 145
class 0.6198993921279907 187 137 194 147
class 0.7933623790740967 43 148 49 156
class 0.6388118863105774 68 146 74 154
class 0.6190714836120605 74 151 80 159
class 0.7034299373626709 70 147 79 157
class 0.8357827663421631 90 152 96 161
class 0.6743042469024658 100 148 106 156
class 0.7531446814537048 110 151 116 158
class 0.34181398153305054 105 147 113 157
class 0.6129032969474792 160 152 167 160
class 0.8435738682746887 173 146 179 154
class 0.40170958638191223 170 149 177 157
class 0.8432621359825134 195 152 199 160
class 0.9138424396514893 4 156 10 163
class 0.9302011728286743 17 160 23 168
class 0.4796379804611206 15 159 20 166
class 0.801450252532959 35 155 42 163
class 0.8128706216812134 63 159 70 167
class 0.7661241888999939 78 155 84 163
class 0.8363725543022156 111 163 117 171
class 0.4134294390678406 120 163 127 170
class 0.7589885592460632 130 162 136 170
class 0.5585881471633911 127 161 134 170
class 0.8528217077255249 150 162 156 170
class 0.5077033042907715 162 155 168 163
class 0.6163038611412048 172 160 178 168
class 0.504187822341919 168 155 174 164
class 0.5084108114242554 180 160 187 168
class 0.8187379240989685 177 161 184 169
class 0.3540557622909546 184 159 190 167
class 0.7655081152915955 58 170 64 178
class 0.5524293184280396 53 167 61 176
class 0.44031673669815063 60 168 67 175
class 0.8269044756889343 87 167 94 175
class 0.3899569809436798 121 166 127 173
class 0.6714721918106079 151 172 158 180
class 0.6227112412452698 149 170 156 179
class 0.7108923196792603 157 171 164 178
class 0.7373432517051697 175 173 180 180
class 0.6220096945762634 192 168 197 176
class 0.31957554817199707 193 168 199 177
class 0.7839570045471191 1 177 7 184
class 0.4284684360027313 7 177 14 184
class 0.9002281427383423 26 177 32 185
class 0.6372790336608887 38 183 44 190
class 0.725128173828125 43 181 48 189
class 0.7667708396911621 106 177 112 184
class 0.7547360062599182 136 179 143 186
class 0.7663527727127075 176 182 184 191
class 0.6368403434753418 187 176 195 185
class 0.6513396501541138 16 194 22 199
class 0.5392818450927734 13 193 19 199
class 0.47704121470451355 21 193 28 199
class 0.5435388684272766 18 194 26 199
class 0.8171722292900085 59 187 64 196
class 0.6988890767097473 79 194 85 199
class 0.5039146542549133 77 192 83 199
class 0.6673189401626587 81 193 89 199
class 0.7340758442878723 132 190 138 196
class 0.7709420919418335 142 192 148 199
class 0.3182172179222107 137 190 145 199
class 0.6536981463432312 169 192 175 199
