class 0.9226988554000854 3 0 8 6
class 0.34028390049934387 0 0 4 8
class 0.9252910614013672 13 2 19 10
class 0.45307937264442444 10 2 17 9
class 0.8661968111991882 34 1 41 8
class 0.8995908498764038 57 4 63 12
class 0.43967363238334656 54 1 61 9
class 0.8376551866531372 64 0 69 6
class 0.36076876521110535 62 1 67 8
class 0.38583678007125854 78 3 83 8
class 0.9238436222076416 90 3 95 9
class 0.6707545518875122 96 1 101 6
class 0.34228578209877014 93 3 100 9
class 0.4343297481536865 131 5 137 11
class 0.6192375421524048 137 4 143 10
class 0.8792983293533325 161 0 168 5
class 0.3963433504104614 158 0 166 6
class 0.31559351086616516 170 0 176 4
class 0.8780750036239624 184 4 190 11
class 0.6082819104194641 195 2 199 9
class 0.30469971895217896 196 0 199 3
class 0.7656676769256592 0 13 4 21
class 0.4645764231681824 0 14 2 24
class 0.5314187407493591 9 8 16 19
class 0.4324203133583069 38 14 43 22
class 0.7041947245597839 45 14 52 22
class 0.6419267654418945 42 14 49 24
class 0.4758816361427307 46 11 54 20
class 0.7357357144355774 55 13 61 21
class 0.7157822847366333 51 14 58 23
class 0.6613878011703491 68 16 74 23
class 0.3294737935066223 64 13 70 22
class 0.7156453728675842 78 12 84 20
class 0.6008517146110535 74 12 80 21
class 0.3211422860622406 77 9 82 16
class 0.5474523901939392 80 11 85 17
class 0.43713730573654175 89 10 95 17
class 0.7036899328231812 93 11 100 19
class 0.475816935300827 93 8 98 15
class 0.8172418475151062 109 14 116 21
class 0.42578524351119995 108 9 115 17
class 0.6326534748077393 116 10 123 19
class 0.5058512091636658 113 11 120 20
class 0.8029307723045349 128 13 134 21
class 0.3056613504886627 127 10 135 19
class 0.764350414276123 141 12 147 19
class 0.42285293340682983 137 10 144 19
class 0.5637824535369873 145 12 155 22
class 0.5570701360702515 150 8 160 19
class 0.6545634269714355 162 16 168 24
class 0.5011403560638428 157 14 164 22
class 0.7810423374176025 172 15 178 23
class 0.6329070925712585 168 15 176 24
class 0.7529019117355347 183 13 189 21
class 0.6319053769111633 179 13 186 23
class 0.3899989724159241 185 11 190 18
class 0.7196875810623169 192 13 198 21
class 0.8224661350250244 188 13 195 22
class 0.4418126344680786 196 11 199 17
class 0.7801880836486816 1 24 6 32
class 0.8111996650695801 16 25 22 33
class 0.6441560387611389 13 26 19 34
class 0.8303338289260864 21 20 27 28
class 0.6671648025512695 42 23 48 31
class 0.5752476453781128 40 18 48 28
class 0.8303698897361755 64 24 71 31
class 0.7550077438354492 80 20 86 28
class 0.7370406985282898 98 23 105 31
class 0.8071491718292236 152 22 158 31
class 0.5258550047874451 148 19 156 29
class 0.5679371356964111 161 21 167 30
class 0.5229736566543579 156 23 164 32
class 0.39919498562812805 160 19 166 27
class 0.39216405153274536 163 21 169 28
class 0.6151320338249207 169 23 176 31
class 0.6536560654640198 165 22 174 34
class 0.3116512596607208 167 19 174 28
class 0.7603644132614136 182 24 188 32
class 0.7756801843643188 195 25 199 33
class 0.5492790341377258 191 24 198 32
class 0.4689469039440155 195 23 199 29
class 0.7647676467895508 36 37 42 44
class 0.6229872107505798 46 29 52 37
class 0.3473685085773468 42 26 52 39
class 0.630744457244873 58 35 64 43
class 0.35494664311408997 55 32 61 42
class 0.7724501490592957 72 29 79 38
class 0.7505668997764587 92 35 99 44
class 0.6209411025047302 121 36 127 44
class 0.5941268801689148 118 34 124 43
class 0.39039894938468933 121 32 128 41
class 0.5043385028839111 130 35 136 43
class 0.6311720609664917 139 33 145 40
class 0.6579196453094482 136 33 143 43
class 0.4654199481010437 137 29 146 41
class 0.7941566109657288 160 34 166 42
class 0.6497274041175842 156 33 164 43
class 0.450469046831131 163 33 169 40
class 0.7001892924308777 170 36 176 44
class 0.6102723479270935 167 34 175 44
class 0.3572779595851898 168 30 176 40
class 0.3212865889072418 173 33 179 40
class 0.8166934847831726 183 36 190 44
class 0.38471195101737976 181 33 188 44
class 0.40295377373695374 196 34 199 41
class 0.918732225894928 3 45 8 52
class 0.8480404019355774 15 46 21 54
class 0.5945373177528381 12 44 18 55
class 0.6918023824691772 25 47 31 54
class 0.5849781632423401 21 46 28 55
class 0.7836486101150513 35 47 41 54
class 0.6333115696907043 32 45 39 55
class 0.34259462356567383 37 44 43 51
class 0.6506240963935852 79 47 86 54
class 0.7367786169052124 86 41 92 49
class 0.40562349557876587 81 41 91 51
class 0.6874415278434753 106 46 112 53
class 0.34822988510131836 103 39 115 54
class 0.6968486309051514 121 41 127 48
class 0.6197404265403748 141 43 147 50
class 0.5468413829803467 137 39 144 48
class 0.6532281041145325 149 45 155 52
class 0.8212382793426514 146 45 153 54
class 0.3719622492790222 151 43 160 51
class 0.624297559261322 155 46 163 55
class 0.3247111439704895 170 38 179 47
class 0.6029707789421082 178 44 185 53
class 0.6701462268829346 177 46 183 55
class 0.5494976043701172 196 41 199 49
class 0.5251091122627258 1 54 6 61
class 0.6730464100837708 14 57 20 65
class 0.6537655591964722 10 56 18 67
class 0.8125662207603455 24 57 30 65
class 0.7692567110061646 20 57 27 65
class 0.43765008449554443 28 55 31 60
class 0.6529988646507263 33 54 40 62
class 0.5125070214271545 29 56 37 66
class 0.5777995586395264 67 57 73 65
class 0.6734836101531982 62 55 69 64
class 0.6237831711769104 74 55 81 63
class 0.7043935656547546 71 57 78 65
class 0.3656882345676422 74 51 80 61
class 0.7928766012191772 85 56 91 64
class 0.6387919783592224 111 56 117 64
class 0.7145954370498657 127 52 134 62
class 0.4311705529689789 131 52 139 61
class 0.8188583254814148 140 55 146 63
class 0.4891831576824188 140 52 149 61
class 0.6343229413032532 162 55 168 63
class 0.5758385062217712 159 52 166 60
class 0.7333762049674988 170 55 176 63
class 0.754153847694397 167 55 173 64
class 0.30106639862060547 174 55 179 60
class 0.6313583850860596 196 57 199 65
class 0.8455482125282288 14 67 20 74
class 0.6150186061859131 11 65 18 73
class 0.34047290682792664 12 62 17 69
class 0.8085775971412659 27 65 32 72
class 0.40037521719932556 28 63 32 69
class 0.8346757292747498 35 66 41 74
class 0.5213250517845154 30 64 38 73
class 0.5437377691268921 37 65 43 72
class 0.4337535798549652 39 68 46 75
class 0.8891850113868713 89 67 95 76
class 0.6037448644638062 87 66 93 75
class 0.6365509629249573 106 64 112 73
class 0.774459958076477 103 66 110 75
class 0.5681848526000977 142 67 147 75
class 0.7082064747810364 152 67 157 74
class 0.4850921928882599 147 65 155 74
class 0.3862825930118561 148 63 162 76
class 0.6480073928833008 160 66 166 74
class 0.6345039010047913 156 67 164 75
class 0.8653947710990906 174 67 180 75
class 0.4944938123226166 172 64 179 72
class 0.449913889169693 175 62 183 73
class 0.31614363193511963 195 62 199 69
class 0.5671213865280151 27 75 33 82
class 0.8621431589126587 35 78 41 86
class 0.6614828705787659 32 77 38 85
class 0.43846750259399414 37 76 43 83
class 0.5826243758201599 55 76 62 84
class 0.7093959450721741 79 73 85 81
class 0.8230725526809692 90 78 96 87
class 0.7346740365028381 108 78 115 85
class 0.5887981057167053 104 75 112 85
class 0.35930171608924866 110 76 116 83
class 0.7892424464225769 115 77 122 85
class 0.509310781955719 134 72 143 81
class 0.6383406519889832 136 70 145 79
class 0.6621039509773254 37 89 43 96
class 0.8101298809051514 47 88 53 96
class 0.3448726236820221 44 86 51 96
class 0.8200303912162781 56 82 62 89
class 0.4775967299938202 52 84 60 93
class 0.7245860695838928 78 83 85 90
class 0.7737453579902649 83 87 91 97
class 0.30180734395980835 89 86 96 92
class 0.7676824927330017 100 88 106 95
class 0.5675584673881531 96 85 104 95
class 0.761802077293396 111 88 117 96
class 0.3545811176300049 111 85 116 92
class 0.7190936207771301 127 88 135 96
class 0.7201606035232544 140 82 146 89
class 0.5314655303955078 135 82 142 91
class 0.3289659917354584 148 85 155 92
class 0.5146062970161438 144 82 152 90
class 0.8319193124771118 181 88 188 95
class 0.5646645426750183 178 86 185 97
class 0.3757725954055786 184 86 189 94
class 0.7333243489265442 192 83 197 91
class 0.8350520730018616 5 98 10 105
class 0.36562228202819824 2 96 5 107
class 0.3090117275714874 5 97 7 105
class 0.607290506362915 15 99 20 107
class 0.5242050290107727 9 98 16 108
class 0.6746352910995483 24 97 30 106
class 0.7444790601730347 20 98 27 107
class 0.4715847969055176 26 97 32 103
class 0.8101081848144531 35 98 41 108
class 0.5025186538696289 31 99 37 107
class 0.5693090558052063 52 98 58 107
class 0.5666093230247498 70 93 78 101
class 0.789442241191864 97 98 103 105
class 0.3029352128505707 95 93 105 104
class 0.8097933530807495 110 95 116 103
class 0.741765022277832 122 99 128 107
class 0.6882075667381287 129 97 136 105
class 0.5584231615066528 124 96 133 105
class 0.30519214272499084 125 92 135 101
class 0.5411624312400818 134 99 140 106
class 0.7361197471618652 156 93 164 101
class 0.6700820922851562 165 92 174 101
class 0.8102766275405884 182 99 188 107
class 0.5090115666389465 179 97 185 106
class 0.3248152732849121 180 94 185 101
class 0.43625375628471375 185 97 189 103
class 0.8443995118141174 194 100 199 107
class 0.5668424963951111 191 97 197 107
class 0.3375387489795685 195 98 199 105
class 0.7442595958709717 1 108 5 115
class 0.6302195191383362 0 108 3 119
class 0.41528433561325073 8 104 16 116
class 0.358642041683197 25 108 31 116
class 0.40572312474250793 32 107 38 114
class 0.6765769124031067 29 106 36 115
class 0.39701080322265625 32 103 37 110
class 0.3979243338108063 39 104 47 112
class 0.7063930630683899 90 109 95 116
class 0.6782639622688293 104 110 111 119
class 0.8486620187759399 121 108 127 116
class 0.6622744798660278 118 106 124 113
class 0.32104355096817017 128 110 135 117
class 0.42698073387145996 124 109 132 118
class 0.6939141750335693 141 106 147 113
class 0.3927781879901886 138 107 145 115
class 0.6865135431289673 145 107 151 115
class 0.7502076029777527 181 106 187 114
class 0.49357640743255615 178 107 185 116
class 0.5031879544258118 180 103 185 111
class 0.6558744311332703 192 108 197 116
class 0.5678125023841858 188 109 197 118
class 0.7643638849258423 1 118 6 124
class 0.5206325054168701 0 116 3 128
class 0.32814058661460876 1 116 3 125
class 0.6393523812294006 9 116 16 126
class 0.6198757290840149 25 117 31 124
class 0.4213356375694275 21 116 29 125
class 0.5316447019577026 22 113 29 121
class 0.6370913982391357 35 119 41 127
class 0.666663408279419 31 118 37 126
class 0.3155749440193176 32 114 39 122
class 0.5770545601844788 37 117 43 123
class 0.48544245958328247 39 119 45 126
class 0.7917489409446716 52 118 60 127
class 0.432715505361557 57 117 65 124
class 0.6722617149353027 60 119 67 127
class 0.5750393271446228 107 116 114 124
class 0.4876861870288849 103 114 112 123
class 0.7733114957809448 115 119 122 128
class 0.33150291442871094 117 117 129 126
class 0.5855693221092224 128 115 135 123
class 0.7395525574684143 124 117 132 126
class 0.3309185206890106 130 114 139 122
class 0.481832355260849 151 114 158 122
class 0.30480366945266724 160 113 167 121
class 0.48311328887939453 154 112 163 122
class 0.5316087603569031 171 116 177 124
class 0.622004508972168 166 113 175 122
class 0.31032925844192505 179 117 184 124
class 0.6402265429496765 177 116 182 126
class 0.5327523946762085 178 114 183 121
class 0.5449697375297546 191 117 197 126
class 0.6848541498184204 189 114 195 123
class 0.858977198600769 2 128 7 135
class 0.5418260097503662 0 126 3 137
class 0.3480774462223053 1 127 3 134
class 0.3387787640094757 5 128 6 136
class 0.6835688948631287 12 127 18 135
class 0.7613426446914673 9 127 16 136
class 0.36660370230674744 14 127 22 136
class 0.8304902911186218 24 130 31 138
class 0.7081975340843201 22 131 28 138
class 0.5102746486663818 27 130 32 135
class 0.5993533134460449 36 129 42 137
class 0.31520727276802063 31 128 38 136
class 0.49206745624542236 43 132 50 139
class 0.4697464406490326 40 132 46 139
class 0.7139423489570618 71 128 78 136
class 0.3778458833694458 73 125 79 133
class 0.6933135390281677 100 131 106 139
class 0.5832405686378479 98 130 104 137
class 0.7431870698928833 109 130 115 137
class 0.5945269465446472 104 129 111 138
class 0.6889536380767822 142 131 148 137
class 0.5575518608093262 151 130 157 138
class 0.3564259707927704 145 127 154 137
class 0.7953408360481262 162 130 168 137
class 0.666544497013092 159 129 165 139
class 0.8864158987998962 182 124 188 131
class 0.7379563450813293 195 130 199 138
class 0.321316123008728 193 128 199 138
class 0.4292401075363159 194 126 199 134
class 0.6732197999954224 5 137 9 144
class 0.7511311173439026 21 139 27 147
class 0.47813504934310913 37 136 43 145
class 0.5751933455467224 44 137 50 144
class 0.6609480381011963 39 138 47 147
class 0.35056909918785095 43 135 48 142
class 0.41975027322769165 56 137 62 145
class 0.7093881964683533 50 136 57 144
class 0.7386639714241028 61 139 68 149
class 0.3207429051399231 62 136 68 144
class 0.5749492645263672 102 140 110 149
class 0.768461287021637 119 135 126 143
class 0.5377621054649353 123 135 131 144
class 0.6872650980949402 141 140 148 149
class 0.7569933533668518 153 139 159 148
class 0.5070582032203674 149 139 155 147
class 0.6355487704277039 173 137 179 144
class 0.8553692698478699 182 140 188 148
class 0.6623530387878418 178 136 185 146
class 0.5330801010131836 191 137 197 145
class 0.6051614284515381 188 136 196 148
class 0.4314146935939789 190 133 198 146
class 0.3031831681728363 193 136 199 145
class 0.7796007990837097 12 149 18 156
class 0.8021359443664551 9 149 16 159
class 0.8697879314422607 26 151 32 160
class 0.585598349571228 24 150 29 158
class 0.3575357496738434 28 150 32 155
class 0.5205342769622803 33 151 39 158
class 0.7962825298309326 30 150 36 158
class 0.4104115962982178 32 146 39 154
class 0.3599880635738373 37 148 43 156
class 0.8903061151504517 47 149 53 157
class 0.5722733736038208 68 146 74 153
class 0.59623122215271 74 151 80 159
class 0.7597910761833191 71 148 79 156
class 0.7630309462547302 98 149 104 157
class 0.6171719431877136 93 149 101 158
class 0.4368622601032257 95 145 102 156
class 0.4655827581882477 99 148 106 156
class 0.3306066393852234 109 151 115 158
class 0.3871341943740845 104 146 111 156
class 0.5619010329246521 112 151 121 160
class 0.8211196064949036 130 149 136 157
class 0.41353440284729004 132 145 142 155
class 0.3679885268211365 155 148 164 158
class 0.7549508810043335 173 149 179 157
class 0.677970290184021 182 152 188 160
class 0.7101579904556274 179 151 185 160
class 0.7669749855995178 196 151 199 159
class 0.7910646796226501 5 158 10 166
class 0.9395091533660889 16 160 22 168
class 0.34472066164016724 14 158 20 166
class 0.38012179732322693 18 160 20 164
class 0.8671157360076904 36 155 42 163
class 0.6911904811859131 63 158 70 166
class 0.5969954133033752 62 155 69 164
class 0.840966522693634 79 155 85 163
class 0.5937461256980896 90 159 96 166
class 0.37812596559524536 88 155 98 165
class 0.6196714043617249 95 162 101 170
class 0.5250275135040283 92 161 99 171
class 0.838792085647583 111 163 117 171
class 0.5069337487220764 120 163 126 171
class 0.7329006195068359 130 162 136 170
class 0.5578519701957703 127 161 134 171
class 0.8158255219459534 149 162 156 170
class 0.8014122843742371 163 160 169 168
class 0.43526124954223633 160 159 167 167
class 0.6167553067207336 170 162 177 169
class 0.6647124290466309 166 160 173 170
class 0.6401269435882568 180 160 186 169
class 0.8368729948997498 177 162 184 170
class 0.3103674650192261 184 159 190 166
class 0.6364391446113586 186 158 195 169
class 0.8276435732841492 2 169 7 175
class 0.377021849155426 0 170 3 178
class 0.7292904257774353 17 169 23 177
class 0.39762553572654724 22 173 29 180
class 0.8082274198532104 18 171 25 178
class 0.7183001637458801 32 172 38 180
class 0.8758392930030823 29 173 36 181
class 0.7744324803352356 41 169 47 179
class 0.5484086871147156 43 166 51 175
class 0.7015783190727234 56 172 62 180
class 0.7531825304031372 51 172 58 180
class 0.33408522605895996 59 171 64 176
class 0.7885016202926636 67 170 73 177
class 0.6563578844070435 63 168 70 177
class 0.6623536944389343 86 170 92 178
class 0.8070625066757202 82 170 89 180
class 0.3764801621437073 88 169 97 177
class 0.5373705625534058 96 168 102 176
class 0.7092375755310059 92 167 99 175
class 0.6630271077156067 106 171 113 179
class 0.3834210932254791 106 167 112 174
class 0.5477335453033447 121 166 127 173
class 0.6824524998664856 151 172 157 180
class 0.7647451758384705 161 173 167 181
class 0.729243814945221 158 172 165 180
class 0.3437974154949188 164 171 168 177
class 0.799850344657898 174 172 179 180
class 0.32859399914741516 169 171 177 181
class 0.6159375905990601 191 165 199 176
class 0.7927879095077515 2 176 8 184
class 0.3160162568092346 10 178 18 187
class 0.7109842300415039 7 176 16 185
class 0.868087649345398 27 179 32 187
class 0.7778353095054626 37 183 43 191
class 0.8582220673561096 47 180 53 188
class 0.35891255736351013 43 179 50 187
class 0.3655809164047241 45 177 50 184
class 0.5182134509086609 69 184 75 192
class 0.7553366422653198 108 182 115 190
class 0.5952653884887695 106 178 113 186
class 0.8762936592102051 121 184 127 191
class 0.5323100090026855 119 183 124 190
class 0.3082147538661957 122 182 126 188
class 0.6858208775520325 137 179 145 186
class 0.7172514796257019 135 176 142 185
class 0.6744454503059387 148 181 154 190
class 0.39862439036369324 147 177 153 185
class 0.4577617347240448 164 178 170 187
class 0.5984457731246948 170 182 177 189
class 0.7346877455711365 165 180 174 190
class 0.338166207075119 168 177 175 186
class 0.39750102162361145 180 182 187 190
class 0.6670526266098022 176 181 186 192
class 0.7096437215805054 187 179 194 190
class 0.5729186534881592 189 177 196 186
class 0.6003729701042175 0 192 5 199
class 0.5568150877952576 16 192 22 199
class 0.5431909561157227 14 192 19 198
class 0.6494847536087036 19 193 25 199
class 0.3000375032424927 37 191 43 198
class 0.45390984416007996 43 193 50 199
class 0.652186393737793 40 192 47 199
class 0.7572437524795532 55 191 62 198
class 0.8079332709312439 52 192 60 199
class 0.7384136915206909 67 188 73 195
class 0.37721773982048035 63 188 70 197
class 0.660186231136322 80 194 86 199
class 0.688006579875946 85 193 91 199
class 0.6878360509872437 82 193 89 199
class 0.6423456072807312 110 187 116 195
class 0.8138468861579895 132 191 138 197
class 0.7545910477638245 143 193 148 199
class 0.6267954707145691 148 192 154 199
class 0.6716448664665222 145 191 151 199
class 0.3623571991920471 147 189 152 196
class 0.6109486818313599 162 194 168 199
class 0.5402158498764038 159 193 165 199
class 0.600315511226654 169 193 175 199
class 0.6328973174095154 166 192 173 199
class 0.7693290710449219 194 193 199 199
class 0.7026230692863464 190 191 196 199
class 0.3102264702320099 191 189 198 197
