class 0.8024145364761353 2 3 7 9
class 0.9188992381095886 16 0 22 7
class 0.8628237843513489 90 0 96 5
class 0.8658351898193359 119 2 125 9
class 0.880290687084198 153 5 159 12
class 0.9176924228668213 170 4 175 12
class 0.8145681023597717 193 4 199 11
class 0.8913200497627258 5 8 10 15
class 0.8181602954864502 73 14 80 22
class 0.8003055453300476 107 13 113 21
class 0.8374326825141907 66 25 72 33
class 0.8276446461677551 86 35 92 42
class 0.8134464621543884 17 44 22 52
class 0.8618718385696411 29 46 36 54
class 0.8206579089164734 78 47 85 55
class 0.857170045375824 107 45 113 54
class 0.8476624488830566 191 42 197 50
class 0.8798820376396179 4 55 10 62
class 0.8107814788818359 8 56 15 65
class 0.8301170468330383 96 55 102 62
class 0.8718684315681458 5 63 9 70
class 0.8119853138923645 122 62 128 69
class 0.81887286901474 2 76 7 82
class 0.8088362216949463 111 74 117 82
class 0.8462117910385132 150 72 156 80
class 0.8175581097602844 189 77 196 86
class 0.8667705655097961 26 88 32 96
class 0.9363553524017334 37 90 43 97
class 0.8772168755531311 121 98 127 106
class 0.8697757720947266 158 99 165 107
class 0.8335655927658081 0 106 3 113
class 0.8281209468841553 27 108 33 117
class 0.8298513889312744 109 103 115 111
class 0.8305540680885315 108 120 114 128
class 0.8014500737190247 44 129 50 137
class 0.8428312540054321 59 131 64 138
class 0.813402533531189 115 131 122 139
class 0.9187566637992859 2 141 7 149
class 0.8456448316574097 148 139 154 146
class 0.8301125168800354 170 141 177 149
class 0.8011428713798523 193 142 198 149
class 0.8559927940368652 78 151 84 158
class 0.8688645958900452 100 151 106 159
class 0.8485898375511169 11 161 17 169
class 0.8760163187980652 57 160 63 168
class 0.8047158718109131 185 160 190 168
class 0.8027414679527283 77 172 83 179
class 0.8101193904876709 120 173 127 181
class 0.8083940148353577 193 170 198 178
class 0.9091411828994751 16 176 22 184
class 0.836164116859436 110 176 116 184
class 0.8733890652656555 2 189 8 196
class 0.8316717147827148 16 195 22 199
class 0.865985095500946 57 188 63 195
class 0.8020969033241272 163 193 169 199
