class 0.9235584735870361 16 0 22 7
class 0.9048867225646973 119 2 126 9
class 0.8349553346633911 152 5 159 12
class 0.9198575019836426 168 3 175 11
class 0.8967759609222412 5 8 11 17
class 0.803770124912262 107 14 113 21
class 0.8803502321243286 179 9 185 16
class 0.8688989877700806 159 24 165 32
class 0.9023264646530151 179 24 184 31
class 0.8151341676712036 85 35 92 42
class 0.8249790668487549 79 47 85 54
class 0.8746203780174255 108 46 114 54
class 0.8218618035316467 26 50 32 57
class 0.823771595954895 96 55 102 63
class 0.8355509638786316 94 57 100 65
class 0.8230712413787842 132 57 137 64
class 0.8043016195297241 182 53 188 60
class 0.8235585689544678 4 62 10 69
class 0.8696868419647217 122 61 128 69
class 0.9310653805732727 0 73 6 80
class 0.8076246380805969 19 78 26 85
class 0.8195387125015259 189 76 197 86
class 0.9185553789138794 37 89 44 97
class 0.8614345788955688 158 87 164 95
class 0.8104941844940186 194 85 199 92
class 0.8198710083961487 77 96 84 103
class 0.878911554813385 122 98 127 105
class 0.8394209742546082 106 104 113 113
class 0.8151852488517761 169 103 176 112
class 0.8461552858352661 188 108 194 118
class 0.8153219223022461 108 120 114 127
class 0.838565468788147 43 129 49 137
class 0.8209986686706543 115 130 123 139
class 0.9493187069892883 2 142 9 149
class 0.8657382726669312 171 141 177 149
class 0.8229630589485168 57 149 63 156
class 0.8665892481803894 78 150 83 158
class 0.8386567234992981 99 150 105 158
class 0.8695887327194214 10 162 18 169
class 0.8494258522987366 57 160 63 168
class 0.8121399283409119 94 161 101 170
class 0.8151217699050903 43 171 49 179
class 0.8216553926467896 65 165 71 174
class 0.8642680048942566 193 170 199 178
class 0.9065679907798767 16 176 22 184
class 0.8201221823692322 110 176 116 184
class 0.8999558687210083 57 186 63 195
