class 0.918698787689209 16 0 22 6
class 0.8433144688606262 89 0 95 5
class 0.8969547152519226 119 2 125 9
class 0.8519526124000549 152 5 159 12
class 0.9094534516334534 170 4 176 11
class 0.8557828664779663 194 4 199 11
class 0.9057658314704895 5 7 11 15
class 0.8177940249443054 107 13 113 20
class 0.8272371888160706 133 15 139 23
class 0.8248866200447083 11 21 18 30
class 0.8351972103118896 66 25 72 33
class 0.807167649269104 85 35 92 42
class 0.8529699444770813 17 44 22 52
class 0.8346312046051025 78 47 84 55
class 0.8577889800071716 108 46 114 54
class 0.9062692523002625 4 55 9 62
class 0.8034236431121826 96 54 102 62
class 0.809339702129364 93 57 101 64
class 0.8018536567687988 132 56 138 64
class 0.8013538122177124 169 51 175 59
class 0.8355607986450195 182 53 188 60
class 0.8892740607261658 5 63 10 70
class 0.8677603006362915 4 75 9 82
class 0.828212320804596 111 74 117 82
class 0.8129100799560547 150 72 156 80
class 0.8877465724945068 27 88 33 96
class 0.9294227957725525 37 89 43 96
class 0.8024285435676575 52 86 59 94
class 0.8335086107254028 158 87 164 95
class 0.8261968493461609 195 84 199 92
class 0.8545995354652405 121 98 127 106
class 0.8227710723876953 109 104 115 112
class 0.8036035895347595 152 110 158 118
class 0.8735628724098206 169 103 176 112
class 0.845056414604187 187 109 194 118
class 0.8416569828987122 108 120 114 128
class 0.8381237983703613 59 131 64 139
class 0.8365461826324463 115 131 123 139
class 0.9296634793281555 3 141 8 149
class 0.870782732963562 148 139 155 147
class 0.8884088397026062 170 141 177 148
class 0.8255795836448669 192 141 198 149
class 0.8610825538635254 78 150 84 158
class 0.8378943204879761 100 151 106 159
class 0.8618543148040771 10 161 17 169
class 0.8719499707221985 57 159 63 168
class 0.82697993516922 71 155 77 164
class 0.8101566433906555 94 160 102 169
class 0.8169804215431213 184 161 190 168
class 0.8022666573524475 43 171 49 179
class 0.8121387958526611 64 165 70 174
class 0.9012737274169922 16 176 22 184
class 0.8933156132698059 111 175 117 184
class 0.8209115862846375 1 189 7 195
class 0.886841356754303 15 195 22 199
class 0.8670995831489563 57 188 63 196
