class 0.9185947179794312 16 0 22 6
class 0.8474596738815308 118 2 125 9
class 0.8462104201316833 152 5 159 12
class 0.9255579710006714 169 3 175 12
class 0.900095522403717 181 1 185 8
class 0.9123499989509583 194 4 199 12
class 0.8986344933509827 5 8 10 17
class 0.8042104244232178 73 15 79 22
class 0.8352631330490112 107 14 114 21
class 0.8160649538040161 118 14 124 21
class 0.869307279586792 179 9 185 16
class 0.8506927490234375 66 26 72 33
class 0.8483069539070129 179 24 184 32
class 0.8346548676490784 85 35 91 43
class 0.8711808323860168 78 47 84 55
class 0.8614857792854309 108 45 114 54
class 0.9207386374473572 4 55 10 62
class 0.8361572623252869 26 50 31 57
class 0.8216833472251892 96 55 102 63
class 0.8363306522369385 94 57 100 65
class 0.8161604404449463 122 61 128 69
class 0.8700597286224365 4 75 9 82
class 0.83237624168396 20 77 26 85
class 0.800173282623291 111 74 117 82
class 0.9152798652648926 37 89 43 97
class 0.8243635892868042 158 87 164 95
class 0.8075734376907349 76 96 83 104
class 0.839200496673584 73 97 79 105
class 0.883985698223114 121 98 127 106
class 0.8062644600868225 35 108 41 116
class 0.8016389012336731 108 103 114 112
class 0.8028075695037842 151 110 158 118
class 0.8530359268188477 169 103 176 112
class 0.854530394077301 188 109 195 118
class 0.8065288662910461 74 118 80 126
class 0.8163012266159058 108 120 114 128
class 0.805733859539032 84 129 90 138
class 0.8445138931274414 115 131 122 138
class 0.9313401579856873 2 141 8 149
class 0.8187289237976074 31 140 37 148
class 0.8389092683792114 148 139 154 146
class 0.8806710839271545 171 141 177 149
class 0.8340088725090027 193 141 198 150
class 0.8868327140808105 78 150 84 159
class 0.8438592553138733 100 151 106 159
class 0.813620388507843 153 151 159 158
class 0.8966919779777527 10 162 17 169
class 0.8385570645332336 57 160 63 168
class 0.8377746939659119 71 155 77 163
class 0.8174944519996643 94 161 101 169
class 0.8129233717918396 184 161 190 168
class 0.8331024646759033 43 171 49 179
class 0.8405003547668457 64 165 71 174
class 0.8209277391433716 193 170 198 178
class 0.9009250998497009 16 176 22 184
class 0.8196148872375488 71 184 78 192
class 0.8183037042617798 111 176 117 184
class 0.8357453346252441 2 189 7 196
class 0.8577648401260376 16 195 22 199
class 0.8934256434440613 57 187 63 195
class 0.8027073740959167 98 188 105 195
class 0.82704097032547 187 194 193 199
