class 0.9299039840698242 16 0 22 6
class 0.8851316571235657 119 2 125 9
class 0.8189675807952881 152 5 158 12
class 0.9200572967529297 168 2 174 11
class 0.9234930872917175 5 8 10 17
class 0.8561462163925171 179 9 185 15
class 0.8266296982765198 66 25 72 33
class 0.8597250580787659 158 24 165 32
class 0.8741873502731323 179 24 184 32
class 0.8488731384277344 85 35 91 42
class 0.8292860388755798 78 47 84 55
class 0.8664792776107788 108 45 114 54
class 0.8719825744628906 13 50 19 59
class 0.8519882559776306 26 50 32 57
class 0.8124325275421143 96 54 102 62
class 0.845944344997406 94 57 100 64
class 0.8410153388977051 182 52 188 60
class 0.8811549544334412 4 61 10 69
class 0.8018274903297424 107 61 114 69
class 0.844049870967865 122 61 128 69
class 0.8204916715621948 179 66 185 74
class 0.9291760325431824 1 73 7 80
class 0.82315593957901 20 78 25 85
class 0.8312318921089172 189 77 197 86
class 0.8958355784416199 38 89 43 97
class 0.8264114856719971 158 87 164 95
class 0.8733795285224915 77 94 83 102
class 0.8579686284065247 121 98 127 106
class 0.8529333472251892 169 103 175 111
class 0.8564572930335999 188 108 194 118
class 0.8036901950836182 108 120 114 127
class 0.8059994578361511 42 128 48 136
class 0.8369158506393433 115 131 123 138
class 0.9434486031532288 3 142 8 149
class 0.8796913623809814 171 141 177 149
class 0.8628982901573181 192 141 197 150
class 0.8777858018875122 78 150 83 158
class 0.839002251625061 100 150 105 158
class 0.8730918765068054 10 162 17 169
class 0.8311457633972168 57 159 63 168
class 0.8449414968490601 71 156 77 164
class 0.806027889251709 120 162 126 170
class 0.8218598961830139 159 158 165 166
class 0.8411678671836853 42 172 49 179
class 0.8170356750488281 78 172 84 180
class 0.8176301717758179 193 170 198 178
class 0.8688062429428101 16 176 22 184
class 0.844700813293457 110 176 116 184
class 0.9165510535240173 56 186 62 195
