class 0.8277024626731873 2 2 7 9
class 0.9127230048179626 16 0 22 6
class 0.8713727593421936 90 0 96 6
class 0.8704836964607239 119 1 125 8
class 0.8647146821022034 153 5 159 12
class 0.9073387384414673 169 4 175 12
class 0.8435145020484924 194 4 199 12
class 0.9227005839347839 5 8 9 16
class 0.8044683337211609 47 14 53 21
class 0.810434877872467 106 13 112 20
class 0.8027361631393433 132 15 138 23
class 0.806833028793335 11 22 18 31
class 0.8337199091911316 66 25 72 33
class 0.8277415633201599 85 35 92 42
class 0.8243677616119385 17 44 22 52
class 0.8634201288223267 29 46 36 55
class 0.8622649312019348 78 47 85 55
class 0.8752944469451904 107 45 113 54
class 0.8256409168243408 191 41 197 50
class 0.887515664100647 4 55 10 62
class 0.8296249508857727 96 55 103 63
class 0.8047490119934082 122 61 127 69
class 0.861587643623352 3 76 8 83
class 0.8397690653800964 111 75 117 83
class 0.827354371547699 26 88 32 96
class 0.904025673866272 37 89 43 96
class 0.8254690766334534 126 87 133 96
class 0.8547415137290955 121 98 127 106
class 0.840415358543396 157 98 164 106
class 0.8550048470497131 0 106 3 113
class 0.839576005935669 27 108 33 116
class 0.8322849273681641 36 108 42 116
class 0.8235915899276733 109 103 115 111
class 0.8001405000686646 187 109 195 118
class 0.8216572403907776 108 120 114 128
class 0.8192154765129089 45 130 51 138
class 0.8853939175605774 58 131 64 138
class 0.8117685317993164 84 130 90 138
class 0.8302150368690491 114 130 122 138
class 0.807199239730835 141 130 147 138
class 0.9160894155502319 2 141 7 148
class 0.8292313814163208 67 137 73 145
class 0.8508108854293823 149 139 155 147
class 0.8441920280456543 172 142 178 149
class 0.8128746747970581 193 142 198 150
class 0.85825115442276 78 150 84 158
class 0.8600541949272156 100 151 106 159
class 0.8518721461296082 153 151 159 158
class 0.8337778449058533 11 161 17 169
class 0.8451299071311951 57 160 63 168
class 0.8268566727638245 93 160 100 169
class 0.8052037358283997 19 171 26 180
class 0.8433354496955872 120 173 126 182
class 0.8142492771148682 165 170 173 181
class 0.8222125172615051 193 170 198 178
class 0.8786255717277527 16 176 22 183
class 0.8034082651138306 110 176 116 184
class 0.8584521412849426 2 190 8 197
class 0.8696854710578918 16 195 22 199
class 0.8670345544815063 57 188 63 195
class 0.8308184146881104 68 188 74 195
