class 0.9446362257003784 16 0 22 6
class 0.8882895112037659 119 2 125 9
class 0.8792910575866699 152 5 159 12
class 0.9134255647659302 167 2 174 11
class 0.9144672155380249 5 8 10 16
class 0.8092857003211975 66 25 72 33
class 0.8273169994354248 159 24 165 32
class 0.8591350317001343 178 23 184 31
class 0.8206376433372498 85 34 91 42
class 0.8417540192604065 78 47 84 54
class 0.8657839298248291 109 46 114 54
class 0.8277150988578796 158 40 164 48
class 0.8604068756103516 13 50 19 59
class 0.8407449126243591 26 50 32 57
class 0.8483867049217224 95 55 102 63
class 0.8087478280067444 94 57 100 64
class 0.8205029368400574 181 54 188 61
class 0.8956331610679626 4 61 11 69
class 0.8109291791915894 107 62 114 70
class 0.8070250153541565 122 61 128 69
class 0.8686531186103821 179 66 185 75
class 0.927974283695221 1 72 8 79
class 0.8255000114440918 18 77 25 84
class 0.8426121473312378 189 76 196 86
class 0.8645563125610352 37 89 43 96
class 0.8578951358795166 158 87 164 95
class 0.8202886581420898 194 85 199 92
class 0.8237670660018921 121 98 127 106
class 0.8284785151481628 0 105 4 113
class 0.8102446794509888 27 108 33 116
class 0.8264689445495605 169 103 176 111
class 0.8452652096748352 188 108 194 118
class 0.8178014755249023 108 119 114 127
class 0.8222663402557373 42 128 48 136
class 0.8502602577209473 115 130 123 138
class 0.820385754108429 143 131 148 139
class 0.9453698396682739 3 141 9 149
class 0.8817723393440247 171 141 177 149
class 0.8470792770385742 78 150 83 158
class 0.868638277053833 100 150 106 158
class 0.8713960647583008 10 162 17 169
class 0.8760531544685364 120 162 126 170
class 0.8344509601593018 43 170 48 179
class 0.8309463262557983 193 170 198 179
class 0.8889257311820984 15 176 22 184
class 0.8293763399124146 110 176 116 184
class 0.8680567741394043 56 186 62 194
