class 0.9130124449729919 16 0 22 6
class 0.8734996914863586 89 0 96 5
class 0.8831161260604858 119 2 126 9
class 0.8730317950248718 152 5 159 12
class 0.9114565849304199 170 4 176 12
class 0.8245187401771545 193 4 199 12
class 0.9293318390846252 4 8 10 15
class 0.8110750317573547 73 15 80 22
class 0.8234258890151978 106 13 113 21
class 0.8043718338012695 133 15 138 23
class 0.8044306039810181 11 22 17 30
class 0.8411276340484619 66 25 72 33
class 0.8295702338218689 35 37 41 44
class 0.8374532461166382 85 34 92 42
class 0.8307086229324341 17 45 22 52
class 0.8100210428237915 29 45 36 54
class 0.856046736240387 78 47 84 55
class 0.8760500550270081 107 45 113 53
class 0.8477675914764404 190 43 196 50
class 0.9060966372489929 4 55 10 62
class 0.8195149898529053 11 55 17 63
class 0.8110291957855225 96 54 103 62
class 0.8116630911827087 164 56 169 63
class 0.8293684124946594 182 54 189 61
class 0.8832294940948486 5 63 10 70
class 0.8072848916053772 68 63 74 71
class 0.8518582582473755 3 76 9 83
class 0.8092641830444336 111 74 117 82
class 0.8382011651992798 150 72 156 79
class 0.8780835866928101 26 88 32 97
class 0.9244295954704285 37 89 43 97
class 0.8125762939453125 126 88 134 96
class 0.8747711181640625 121 99 127 106
class 0.8951409459114075 157 98 164 106
class 0.8681527972221375 0 106 4 113
class 0.836180567741394 109 103 115 111
class 0.8025264739990234 170 103 176 112
class 0.8140304684638977 74 118 80 126
class 0.829217255115509 108 120 114 128
class 0.8274186253547668 131 121 136 128
class 0.8616121411323547 59 131 64 138
class 0.8655009269714355 115 131 122 138
class 0.8177522420883179 141 130 147 138
class 0.9461849927902222 2 141 8 149
class 0.8721180558204651 148 139 155 147
class 0.8313430547714233 170 141 177 149
class 0.82707679271698 192 142 198 149
class 0.8669725656509399 78 150 84 158
class 0.8672550916671753 100 151 106 159
class 0.8639840483665466 10 162 17 169
class 0.8083031177520752 42 162 47 170
class 0.8440949320793152 57 160 63 168
class 0.8160152435302734 184 161 190 168
class 0.8024696707725525 78 172 84 180
class 0.8024137020111084 151 172 157 180
class 0.9308966994285583 16 176 22 184
class 0.858043909072876 110 176 116 184
class 0.8913931846618652 2 190 8 196
class 0.8544278740882874 16 195 22 199
class 0.8498935699462891 57 189 63 196
class 0.828918993473053 123 188 130 196
class 0.8015092015266418 163 193 169 199
