class 0.9267057180404663 16 0 22 7
class 0.8624515533447266 119 2 125 9
class 0.8521550893783569 152 5 159 12
class 0.8414268493652344 169 3 175 11
class 0.9159074425697327 5 8 11 16
class 0.8662883639335632 179 9 185 16
class 0.801982045173645 66 25 71 33
class 0.8675878643989563 160 25 166 33
class 0.8815109729766846 179 24 184 32
class 0.8260241150856018 85 35 91 42
class 0.8501408100128174 78 47 85 54
class 0.8652423024177551 109 46 114 54
class 0.8185882568359375 13 51 19 59
class 0.8153645992279053 26 50 32 57
class 0.8082146644592285 96 54 102 63
class 0.8467453718185425 94 57 100 65
class 0.8282192945480347 132 56 137 65
class 0.802089512348175 181 54 188 61
class 0.8458018898963928 180 67 186 75
class 0.9066199660301208 1 74 7 81
class 0.8309154510498047 19 78 25 85
class 0.8390068411827087 189 77 196 86
class 0.9155030846595764 38 89 44 97
class 0.8280835747718811 158 87 164 95
class 0.8238958716392517 194 85 199 93
class 0.8021782040596008 75 96 82 104
class 0.8728293776512146 121 98 127 105
class 0.8219268918037415 169 103 176 112
class 0.8520953059196472 188 108 194 118
class 0.8221339583396912 74 118 80 126
class 0.8307313919067383 108 120 114 128
class 0.8090525269508362 190 119 195 127
class 0.8600461483001709 42 128 49 136
class 0.8135451674461365 84 129 91 138
class 0.8273662328720093 115 131 123 138
class 0.9334744811058044 2 141 8 149
class 0.8269240260124207 147 139 154 146
class 0.8943048119544983 171 141 177 149
class 0.8357863426208496 192 141 198 150
class 0.8815433979034424 77 150 83 159
class 0.8466001152992249 100 150 106 158
class 0.8245222568511963 153 151 159 158
class 0.8749025464057922 10 161 17 169
class 0.8530488014221191 57 160 63 169
class 0.8038111329078674 120 162 126 170
class 0.82057124376297 42 171 48 179
class 0.8300142288208008 65 165 71 174
class 0.8369508981704712 193 170 198 178
class 0.9173272848129272 16 176 22 184
class 0.8458091616630554 110 176 117 184
class 0.8891746997833252 57 187 63 195
class 0.8138843774795532 188 193 194 199
