class 0.9094027280807495 15 0 21 6
class 0.8404481410980225 90 0 96 5
class 0.8731561303138733 119 2 125 9
class 0.8775131702423096 153 5 159 12
class 0.9181544780731201 170 3 176 11
class 0.832004725933075 180 1 186 8
class 0.8728444576263428 194 4 199 12
class 0.920685350894928 5 7 10 16
class 0.8420274257659912 107 13 113 21
class 0.8289799690246582 67 25 72 33
class 0.8042659759521484 180 24 186 32
class 0.826621949672699 85 35 92 42
class 0.8090749979019165 17 44 22 51
class 0.8454989194869995 78 47 85 55
class 0.869794487953186 108 46 114 54
class 0.8805602788925171 4 55 9 61
class 0.8341436386108398 27 50 32 57
class 0.8885565400123596 5 62 10 69
class 0.8179062604904175 69 63 75 71
class 0.8582127690315247 3 75 9 82
class 0.8477759957313538 111 75 117 83
class 0.8428442478179932 150 72 156 80
class 0.8792427182197571 26 88 32 96
class 0.931428849697113 37 89 43 96
class 0.8049896359443665 159 88 164 95
class 0.8177675008773804 195 84 199 91
class 0.8317915201187134 58 100 64 108
class 0.8736422061920166 121 98 127 106
class 0.9255360960960388 157 98 164 106
class 0.8511964082717896 0 106 4 113
class 0.8041895031929016 108 103 115 112
class 0.8251320123672485 169 103 176 112
class 0.8053328990936279 108 120 114 128
class 0.8000576496124268 130 120 136 128
class 0.8116627931594849 43 128 49 136
class 0.8662879467010498 59 131 64 138
class 0.8169735670089722 115 131 122 138
class 0.9506932497024536 2 141 8 149
class 0.8066716194152832 67 137 73 145
class 0.852234423160553 148 138 155 146
class 0.8826331496238708 171 141 177 148
class 0.8602089285850525 192 142 198 149
class 0.848524272441864 78 150 84 158
class 0.8262670040130615 100 151 106 158
class 0.8063598275184631 153 151 159 158
class 0.8780834674835205 10 162 17 169
class 0.8236045837402344 27 161 33 169
class 0.8411340713500977 57 160 63 168
class 0.8179506659507751 71 155 78 164
class 0.8060376644134521 94 160 102 169
class 0.8350526094436646 184 160 190 167
class 0.8105764985084534 42 171 49 179
class 0.9221065640449524 16 176 22 183
class 0.8663550019264221 110 176 117 184
class 0.8790584206581116 2 189 7 196
class 0.8388493061065674 16 195 22 199
class 0.8847364187240601 57 188 64 196
class 0.8227378129959106 99 188 105 195
