class 0.837277352809906 2 2 8 9
class 0.8903066515922546 16 0 22 6
class 0.877120852470398 90 0 96 5
class 0.8703280687332153 119 2 125 9
class 0.8506228923797607 152 5 159 12
class 0.9045656323432922 170 4 175 12
class 0.8428863883018494 193 4 198 12
class 0.8945347666740417 4 8 10 15
class 0.8474265336990356 163 15 169 23
class 0.8188092112541199 11 22 18 31
class 0.8242520093917847 67 25 73 33
class 0.8085464239120483 86 34 92 42
class 0.83009934425354 17 44 22 53
class 0.8225224614143372 28 46 37 55
class 0.858232855796814 78 47 84 54
class 0.8699101209640503 107 45 113 53
class 0.8950106501579285 4 55 10 63
class 0.8155186772346497 96 55 103 63
class 0.8045608401298523 163 56 169 63
class 0.8196190595626831 22 66 29 74
class 0.8052407503128052 34 67 41 74
class 0.8391389846801758 3 76 8 83
class 0.8296202421188354 111 74 117 82
class 0.8645554184913635 150 71 156 79
class 0.8181154131889343 190 76 197 86
class 0.907288134098053 15 87 21 95
class 0.8304743766784668 26 88 32 97
class 0.8755342364311218 37 89 43 96
class 0.8387280702590942 125 88 133 96
class 0.8156125545501709 174 88 180 96
class 0.8109717965126038 195 84 199 92
class 0.8904536962509155 16 99 21 106
class 0.8010058403015137 67 97 73 104
class 0.864461362361908 121 98 126 106
class 0.8515212535858154 157 99 164 106
class 0.8062537312507629 0 106 4 112
class 0.8357859253883362 27 108 33 116
class 0.8317866325378418 36 109 42 116
class 0.8138257265090942 109 103 115 111
class 0.8194531798362732 170 104 176 112
class 0.8049657940864563 187 110 195 118
class 0.8309164047241211 73 120 79 128
class 0.8357755541801453 109 120 115 128
class 0.8358873128890991 59 130 64 137
class 0.833960235118866 115 130 123 139
class 0.8096653819084167 141 131 147 138
class 0.904666006565094 2 141 8 148
class 0.8183925151824951 67 137 73 145
class 0.8851112127304077 150 138 156 147
class 0.831784725189209 172 142 178 149
class 0.8056901693344116 192 141 198 149
class 0.8078843951225281 48 145 53 153
class 0.8568084239959717 78 151 84 159
class 0.8592814207077026 100 152 106 159
class 0.8780266642570496 152 151 158 158
class 0.8079137206077576 11 161 17 169
class 0.8630369901657104 57 159 63 168
class 0.8331412672996521 184 160 190 168
class 0.8204174637794495 19 172 26 181
class 0.855083703994751 120 173 126 181
class 0.8160873651504517 150 173 157 181
class 0.9130455851554871 2 183 8 191
class 0.8820207715034485 16 176 23 184
class 0.8836655020713806 3 192 9 198
class 0.8867619037628174 15 194 22 199
class 0.8126518130302429 67 189 73 197
class 0.8123129606246948 85 193 92 199
