class 0.596969723701477 4 0 8 5
class 0.6469258069992065 45 0 50 5
class 0.32186248898506165 59 0 64 5
class 0.622802734375 63 0 68 5
class 0.9461416006088257 89 4 95 12
class 0.5129681825637817 96 0 102 5
class 0.4580032527446747 122 2 128 8
class 0.8115228414535522 123 3 130 11
class 0.8467839956283569 137 2 143 10
class 0.9352809190750122 152 0 159 7
class 0.8579899072647095 163 3 170 11
class 0.810610294342041 172 2 178 10
class 0.4369514584541321 168 2 175 10
class 0.3438299000263214 0 14 5 20
class 0.6354360580444336 22 10 28 18
class 0.8247247934341431 18 14 26 22
class 0.7720301747322083 106 11 112 19
class 0.8571324348449707 116 14 122 22
class 0.8248331546783447 139 14 145 21
class 0.31138014793395996 138 10 145 18
class 0.313408762216568 174 9 180 18
class 0.6427255868911743 178 13 184 21
class 0.9538000822067261 4 24 10 33
class 0.8770033717155457 31 25 38 33
class 0.7980175614356995 52 19 59 28
class 0.5497797131538391 68 22 73 30
class 0.5752577781677246 66 17 73 27
class 0.6614137291908264 105 25 112 33
class 0.5784740447998047 132 26 138 33
class 0.8147217035293579 179 20 185 29
class 0.32385632395744324 1 32 6 38
class 0.8771409392356873 22 29 28 38
class 0.44054847955703735 42 35 49 42
class 0.7237690687179565 40 32 47 41
class 0.49549704790115356 41 29 49 38
class 0.7964200973510742 67 29 74 38
class 0.7779733538627625 83 31 90 39
class 0.48295554518699646 107 30 113 39
class 0.4397277235984802 104 28 110 37
class 0.7740034461021423 131 34 137 42
class 0.3582687973976135 136 31 143 39
class 0.377066969871521 136 29 141 35
class 0.4411652386188507 164 31 170 39
class 0.5948611497879028 165 32 174 43
class 0.6208441853523254 167 29 174 38
class 0.792853832244873 179 31 185 39
class 0.33073747158050537 195 36 199 43
class 0.9377172589302063 5 46 11 54
class 0.5313460230827332 17 41 22 49
class 0.6810486912727356 38 46 43 53
class 0.7948585748672485 46 41 52 49
class 0.6882997751235962 41 43 47 51
class 0.35105305910110474 49 42 53 48
class 0.6503768563270569 79 42 85 50
class 0.4519672393798828 78 40 84 47
class 0.7729741930961609 115 44 121 52
class 0.7641388773918152 131 45 136 53
class 0.38055622577667236 131 43 138 51
class 0.4933730661869049 137 43 143 52
class 0.5320911407470703 136 39 142 48
class 0.7904490828514099 151 46 157 53
class 0.505538284778595 151 41 156 48
class 0.3529544174671173 154 43 159 51
class 0.7072939276695251 172 42 178 50
class 0.6320436596870422 168 40 176 50
class 0.5308512449264526 194 41 199 49
class 0.4243037700653076 1 54 6 61
class 0.9041788578033447 12 51 18 60
class 0.6647945642471313 33 56 39 64
class 0.5929660797119141 31 58 37 65
class 0.7776671051979065 52 52 59 60
class 0.7587198615074158 80 56 85 63
class 0.7906882166862488 98 55 104 63
class 0.4411467909812927 100 53 106 62
class 0.8510727286338806 140 56 147 64
class 0.7372226715087891 138 57 144 65
class 0.7312339544296265 151 51 157 58
class 0.41928231716156006 146 50 154 60
class 0.8273573517799377 173 51 179 59
class 0.7581942677497864 195 56 199 64
class 0.3960866630077362 194 53 199 62
class 0.9519649744033813 2 66 8 74
class 0.5555610656738281 29 63 36 71
class 0.6708716750144958 47 66 53 74
class 0.36774975061416626 44 68 51 75
class 0.4273376762866974 54 66 60 73
class 0.6743408441543579 51 64 58 73
class 0.8200808167457581 121 65 127 72
class 0.6554491519927979 131 62 137 69
class 0.44987910985946655 130 61 135 67
class 0.5168688893318176 136 61 143 69
class 0.6827033758163452 157 65 164 74
class 0.803033173084259 174 67 180 75
class 0.6834508776664734 183 67 190 75
class 0.3799842894077301 179 65 186 75
class 0.3495055139064789 195 66 199 73
class 0.7744272351264954 1 77 7 85
class 0.7563014030456543 15 75 21 83
class 0.7582172155380249 13 76 18 84
class 0.7771892547607422 27 73 33 80
class 0.6386538743972778 41 71 48 80
class 0.5953841805458069 39 73 46 81
class 0.5483570694923401 58 71 64 79
class 0.6698840856552124 95 77 102 86
class 0.884315013885498 131 73 137 81
class 0.6609730124473572 152 78 159 86
class 0.8688784837722778 157 76 164 85
class 0.34380781650543213 157 73 163 81
class 0.7706916928291321 196 74 199 82
class 0.9357525706291199 1 86 7 93
class 0.3055080473423004 0 88 3 96
class 0.8972281217575073 16 81 22 88
class 0.7453362941741943 37 85 42 93
class 0.411038339138031 32 86 39 94
class 0.7631216645240784 100 86 106 95
class 0.42179667949676514 97 85 103 93
class 0.39705708622932434 102 84 108 92
class 0.6668641567230225 0 94 5 102
class 0.7235382795333862 26 92 33 99
class 0.7531883716583252 36 99 42 106
class 0.44956374168395996 32 95 40 104
class 0.3371730148792267 37 95 43 103
class 0.8008170127868652 108 99 115 108
class 0.7643737196922302 159 95 165 103
class 0.4441012442111969 159 93 164 99
class 0.7379897832870483 195 99 199 107
class 0.30555322766304016 195 96 199 103
class 0.9262861013412476 2 109 8 117
class 0.8170651197433472 36 103 43 110
class 0.8151422142982483 47 103 54 111
class 0.3496362566947937 44 102 51 112
class 0.8350088596343994 54 110 60 118
class 0.7637604475021362 85 107 91 116
class 0.6496987342834473 116 102 122 111
class 0.35938170552253723 116 103 120 108
class 0.810299277305603 143 102 149 110
class 0.8176547288894653 163 108 169 116
class 0.6738420128822327 194 108 199 116
class 0.32409361004829407 192 103 199 112
class 0.35705500841140747 194 105 199 113
class 0.6830441355705261 27 120 33 127
class 0.7212125062942505 95 119 101 128
class 0.6477684378623962 131 118 137 126
class 0.7499892711639404 129 116 134 124
class 0.31242281198501587 130 115 136 121
class 0.5465608835220337 170 119 177 127
class 0.791455864906311 167 118 174 128
class 0.3567470610141754 174 118 180 125
class 0.7983407974243164 182 120 189 128
class 0.5507546663284302 179 116 187 127
class 0.652916431427002 31 126 38 133
class 0.7287343740463257 65 127 71 136
class 0.6119961738586426 74 124 81 133
class 0.8134212493896484 115 125 122 134
class 0.5936136841773987 153 131 159 139
class 0.40344321727752686 150 130 157 138
class 0.3432984948158264 159 129 165 137
class 0.5517780184745789 155 130 162 140
class 0.5767764449119568 172 130 178 139
class 0.7161712646484375 168 128 175 137
class 0.6157634258270264 179 128 185 136
class 0.7498459219932556 176 130 183 140
class 0.7734559774398804 193 129 199 137
class 0.8458190560340881 12 134 18 142
class 0.3026654124259949 13 135 16 141
class 0.6456727981567383 33 139 39 147
class 0.6583333611488342 30 140 38 149
class 0.35578349232673645 35 137 43 147
class 0.632344126701355 44 139 51 148
class 0.7004707455635071 41 140 48 148
class 0.4058360159397125 51 133 59 144
class 0.6167747378349304 60 141 67 149
class 0.5270702838897705 84 137 90 145
class 0.6871941089630127 82 136 88 145
class 0.36970895528793335 95 139 102 148
class 0.6235425472259521 93 142 100 149
class 0.5322314500808716 108 136 115 144
class 0.5044873952865601 106 134 112 141
class 0.7013304233551025 115 140 121 148
class 0.8945994973182678 162 141 168 149
class 0.6865490078926086 160 139 167 147
class 0.34163331985473633 175 134 184 143
class 0.8529196977615356 0 148 4 155
class 0.3253575563430786 0 148 2 154
class 0.8799166083335876 16 152 22 159
class 0.7131074070930481 31 148 37 156
class 0.3317505419254303 31 145 37 153
class 0.7946298122406006 83 149 90 157
class 0.7474616765975952 132 153 138 160
class 0.7127550840377808 140 145 146 153
class 0.41755494475364685 136 148 143 155
class 0.41516798734664917 163 152 169 159
class 0.7138369083404541 192 152 197 159
class 0.7454488277435303 188 150 194 159
class 0.32072508335113525 195 150 199 156
class 0.7484601736068726 37 161 43 169
class 0.5270923972129822 35 159 41 167
class 0.8273555636405945 52 156 59 165
class 0.8838934302330017 89 162 95 170
class 0.5756007432937622 85 157 92 166
class 0.6846530437469482 111 157 117 164
class 0.3226200044155121 108 157 115 166
class 0.779741644859314 116 159 123 167
class 0.5311262607574463 113 158 120 166
class 0.8009361624717712 133 161 138 169
class 0.4376108944416046 130 160 137 168
class 0.6751434206962585 166 156 172 163
class 0.4077954888343811 195 156 199 164
class 0.4447718858718872 6 171 10 178
class 0.4812508523464203 8 171 15 180
class 0.7764908671379089 46 166 52 174
class 0.8049366474151611 64 171 71 179
class 0.7455701231956482 84 171 91 178
class 0.5904767513275146 1 180 5 187
class 0.34371525049209595 0 180 3 191
class 0.7903866171836853 16 178 22 185
class 0.39699774980545044 13 177 20 186
class 0.7648231387138367 52 181 59 190
class 0.5452056527137756 52 177 58 185
class 0.6488242149353027 101 180 106 187
class 0.6030671000480652 107 183 114 191
class 0.37311384081840515 103 182 111 191
class 0.7389714121818542 183 183 190 190
class 0.6711500287055969 193 183 198 190
class 0.6139461398124695 189 182 196 191
class 0.4345391094684601 194 180 199 188
class 0.8965913653373718 3 193 9 199
class 0.44486790895462036 1 191 5 199
class 0.3782915472984314 5 193 7 199
class 0.3232363164424896 46 193 53 199
class 0.7537766098976135 58 193 64 199
class 0.4469200372695923 54 191 60 198
class 0.47953248023986816 60 193 68 199
class 0.7479126453399658 80 192 86 199
class 0.7927809953689575 93 193 101 199
class 0.5349078178405762 106 187 113 195
class 0.7694748640060425 130 194 136 199
class 0.7315583229064941 127 193 134 199
class 0.54530268907547 136 188 143 195
class 0.30104053020477295 173 194 179 199
class 0.6432586908340454 191 193 197 199
class 0.7168952822685242 188 192 196 199
