class 0.3623262643814087 3 1 8 6
class 0.9275860786437988 13 4 18 11
class 0.8210451602935791 45 0 50 5
class 0.9075506925582886 58 3 65 10
class 0.498530775308609 63 0 69 6
class 0.9349383115768433 89 5 96 12
class 0.6614434123039246 109 2 115 7
class 0.48143211007118225 121 2 127 8
class 0.7441460490226746 124 4 130 11
class 0.8356758952140808 137 3 143 9
class 0.9254562854766846 153 0 159 7
class 0.8924477696418762 163 3 170 11
class 0.7167738080024719 171 3 177 10
class 0.5642304420471191 166 2 175 11
class 0.4451778531074524 17 14 22 21
class 0.644034206867218 23 10 29 18
class 0.822157621383667 19 14 26 22
class 0.32037994265556335 26 10 33 18
class 0.7153062224388123 106 11 112 19
class 0.7268083691596985 103 12 110 22
class 0.8198843598365784 115 14 122 22
class 0.8046602010726929 139 14 146 21
class 0.32952162623405457 138 9 146 19
class 0.6486324667930603 174 10 179 17
class 0.614500105381012 179 13 184 20
class 0.4706685245037079 176 9 185 20
class 0.9319430589675903 3 25 9 33
class 0.8555710911750793 31 24 39 33
class 0.4291532337665558 39 20 47 30
class 0.7690628170967102 53 19 59 28
class 0.5036985874176025 68 23 74 31
class 0.5531754493713379 66 18 73 27
class 0.5436383485794067 70 24 78 33
class 0.7446275353431702 105 25 111 32
class 0.34634190797805786 105 20 110 28
class 0.6639817953109741 132 26 138 34
class 0.6649771928787231 160 22 166 30
class 0.6826695203781128 155 19 165 30
class 0.7592453360557556 178 19 185 27
class 0.6570485234260559 195 22 199 29
class 0.3560369312763214 0 31 5 38
class 0.8940913081169128 22 30 29 38
class 0.5210280418395996 42 35 49 42
class 0.7429699301719666 40 33 47 42
class 0.4669096767902374 41 29 49 38
class 0.8400373458862305 67 29 74 38
class 0.7388965487480164 83 32 91 39
class 0.5982406735420227 106 30 113 39
class 0.6420801281929016 131 34 137 42
class 0.5825260281562805 128 33 134 43
class 0.43552520871162415 136 29 142 36
class 0.463397741317749 164 31 170 38
class 0.6531537175178528 165 33 173 43
class 0.4830579459667206 167 29 174 37
class 0.8269689679145813 179 31 185 38
class 0.3971388339996338 195 35 199 43
class 0.934690535068512 5 45 10 53
class 0.6406880021095276 17 41 22 49
class 0.702753484249115 38 46 43 53
class 0.7763970494270325 46 42 52 49
class 0.6325971484184265 41 43 47 51
class 0.3779342770576477 49 42 53 47
class 0.5872287154197693 79 42 85 50
class 0.4410979151725769 78 39 84 47
class 0.7565692663192749 116 44 122 52
class 0.798149049282074 131 45 136 53
class 0.4356498420238495 132 43 138 50
class 0.5745559930801392 138 43 144 51
class 0.6009930968284607 134 41 141 50
class 0.7610772252082825 151 45 157 52
class 0.5582993030548096 150 40 156 48
class 0.31829360127449036 153 43 159 51
class 0.6547214388847351 173 43 179 50
class 0.6533230543136597 168 41 176 49
class 0.49346405267715454 195 41 199 49
class 0.5513795018196106 0 55 4 61
class 0.429792582988739 0 56 2 65
class 0.8965049386024475 12 52 18 61
class 0.7390965819358826 33 56 39 64
class 0.6350970268249512 31 58 37 66
class 0.7364680767059326 52 52 59 60
class 0.758910059928894 79 55 85 63
class 0.7861841320991516 98 54 104 63
class 0.8005611300468445 141 56 147 63
class 0.7350979447364807 138 57 144 65
class 0.3410758376121521 144 54 147 60
class 0.6510986089706421 149 51 156 58
class 0.6371234059333801 145 50 153 61
class 0.8244655728340149 174 51 180 59
class 0.4886707663536072 172 52 179 61
class 0.7543686628341675 196 56 199 63
class 0.9564077258110046 2 66 8 74
class 0.46011480689048767 32 63 38 70
class 0.5121492147445679 29 63 36 71
class 0.7010751962661743 47 67 53 75
class 0.6399904489517212 56 66 62 73
class 0.523041307926178 51 63 59 72
class 0.7957568168640137 121 66 127 73
class 0.5444993376731873 130 62 136 70
class 0.3632332682609558 125 63 132 71
class 0.5209230184555054 133 60 142 70
class 0.702357292175293 157 65 164 73
class 0.8077629208564758 174 68 180 75
class 0.7323341369628906 184 66 190 74
class 0.3338650166988373 180 65 187 74
class 0.3404242694377899 195 66 199 74
class 0.798003613948822 1 77 7 85
class 0.7586110830307007 16 75 21 82
class 0.6572830677032471 13 76 19 84
class 0.7616837620735168 27 73 33 82
class 0.5070696473121643 41 72 48 80
class 0.5579306483268738 39 73 45 81
class 0.3476339280605316 59 71 65 79
class 0.735587477684021 96 75 102 82
class 0.7893016934394836 93 77 100 86
class 0.8486331105232239 130 73 137 80
class 0.5123511552810669 153 78 159 86
class 0.860046923160553 158 75 164 84
class 0.3908531963825226 157 72 163 80
class 0.6857734322547913 195 75 199 83
class 0.9359187483787537 1 85 8 93
class 0.3125404119491577 1 87 3 96
class 0.9173914790153503 16 81 21 88
class 0.31449827551841736 13 81 19 90
class 0.8386922478675842 27 88 33 97
class 0.34648799896240234 25 86 32 94
class 0.8023472428321838 36 87 42 94
class 0.4717145264148712 31 86 38 94
class 0.40490204095840454 38 84 43 91
class 0.6733530163764954 99 86 105 94
class 0.45995333790779114 95 83 103 93
class 0.31669872999191284 102 85 109 93
class 0.33759552240371704 195 85 199 93
class 0.5921480655670166 0 94 5 102
class 0.5691649317741394 26 92 33 99
class 0.7365447878837585 37 98 43 106
class 0.3808286488056183 34 96 42 104
class 0.7823342680931091 108 99 114 107
class 0.7382168769836426 159 95 165 103
class 0.7181083559989929 194 99 199 106
class 0.3319358825683594 195 96 199 104
class 0.9099168181419373 2 109 8 117
class 0.8316160440444946 36 102 43 110
class 0.7439957857131958 47 103 54 111
class 0.30266764760017395 43 102 51 112
class 0.8781363368034363 53 109 60 118
class 0.8445257544517517 84 107 90 116
class 0.7843793630599976 116 103 123 111
class 0.8119094371795654 142 103 149 110
class 0.8009539246559143 162 108 168 116
class 0.8549511432647705 174 105 181 113
class 0.6734822392463684 195 108 199 115
class 0.34592190384864807 193 103 199 112
class 0.4026275873184204 194 105 199 113
class 0.6788602471351624 27 120 33 127
class 0.6926978230476379 95 118 101 127
class 0.7285836935043335 131 118 137 126
class 0.7145272493362427 129 116 135 124
class 0.6571325063705444 171 120 177 127
class 0.7417802810668945 167 120 174 128
class 0.8374605774879456 183 121 189 128
class 0.5712096095085144 180 118 187 127
class 0.6960703134536743 32 125 38 133
class 0.7803301811218262 65 128 71 136
class 0.7036566734313965 75 125 81 133
class 0.3287934958934784 92 124 99 131
class 0.8042624592781067 115 125 122 133
class 0.5983319282531738 152 131 158 139
class 0.3891060948371887 150 130 157 138
class 0.32501813769340515 160 130 166 138
class 0.43646371364593506 156 130 163 140
class 0.5534985065460205 172 130 179 139
class 0.653448224067688 169 128 175 136
class 0.5556555986404419 179 128 185 136
class 0.7800903916358948 176 130 183 140
class 0.7398912906646729 193 129 199 136
class 0.8810296058654785 12 134 18 142
class 0.7231115698814392 33 138 40 146
class 0.6678991913795471 31 140 39 149
class 0.3480188548564911 35 137 43 147
class 0.6684187054634094 44 140 50 148
class 0.7077996730804443 41 141 47 149
class 0.41325777769088745 56 139 63 147
class 0.44374269247055054 52 134 60 144
class 0.4866027235984802 60 141 67 148
class 0.5364728569984436 85 138 91 145
class 0.7181144952774048 81 136 89 145
class 0.729785680770874 92 142 100 149
class 0.5762437582015991 106 134 112 142
class 0.696380078792572 115 140 121 148
class 0.9015428423881531 162 141 168 149
class 0.4058864116668701 164 139 169 146
class 0.4353853464126587 174 134 180 142
class 0.4791385233402252 194 142 199 149
class 0.417383074760437 191 141 197 150
class 0.8577874898910522 0 148 5 155
class 0.33451762795448303 0 149 2 158
class 0.3006170690059662 1 148 2 154
class 0.8963073492050171 16 152 22 159
class 0.6853217482566833 31 148 37 156
class 0.33655470609664917 31 144 36 153
class 0.7625373005867004 84 149 90 157
class 0.396372526884079 83 146 90 154
class 0.7324149012565613 132 153 138 160
class 0.5844292640686035 140 145 146 153
class 0.4416939318180084 135 147 143 156
class 0.7591235637664795 148 150 155 159
class 0.644275963306427 163 152 169 160
class 0.7206882238388062 192 152 198 159
class 0.7598546147346497 187 150 194 159
class 0.3699379563331604 196 150 199 155
class 0.8170483112335205 36 162 43 169
class 0.6868925094604492 34 159 41 168
class 0.8080503344535828 52 156 59 165
class 0.30666014552116394 80 157 86 164
class 0.8481622934341431 89 162 94 170
class 0.5854663252830505 84 157 92 166
class 0.753883421421051 111 157 117 164
class 0.7513952851295471 116 158 123 166
class 0.7655170559883118 133 161 138 169
class 0.3295256793498993 131 159 137 168
class 0.6842036843299866 166 156 172 163
class 0.44661957025527954 195 156 199 164
class 0.4540441036224365 5 171 9 178
class 0.43606722354888916 8 171 15 180
class 0.7444326877593994 45 166 52 174
class 0.7791106104850769 64 171 71 178
class 0.7586544752120972 84 171 91 178
class 0.5170466899871826 1 180 5 187
class 0.8358716368675232 16 177 22 185
class 0.7280595898628235 53 181 60 190
class 0.5032327175140381 52 177 58 185
class 0.7126733660697937 101 180 107 186
class 0.4270645081996918 107 183 113 191
class 0.3455686569213867 102 182 111 190
class 0.43263018131256104 168 182 174 190
class 0.6127265691757202 165 184 172 192
class 0.764610767364502 184 183 190 190
class 0.6746261715888977 193 183 198 190
class 0.6467591524124146 189 182 195 191
class 0.37983667850494385 195 181 199 188
class 0.9010357856750488 4 193 9 199
class 0.3905419111251831 1 191 5 199
class 0.338029682636261 5 193 7 199
class 0.34158337116241455 47 194 53 199
class 0.8100353479385376 58 193 64 199
class 0.42681145668029785 54 192 60 198
class 0.3976483941078186 60 193 63 198
class 0.523189127445221 60 194 67 199
class 0.6005375981330872 79 193 85 199
class 0.5012893676757812 76 192 82 199
class 0.35598066449165344 85 193 91 199
class 0.6393541097640991 82 192 88 199
class 0.8046764135360718 94 194 101 199
class 0.6690282821655273 108 189 114 196
class 0.8182739615440369 130 194 136 199
class 0.6239417791366577 137 189 143 196
class 0.37967467308044434 152 194 158 199
class 0.777774453163147 171 192 177 199
class 0.4199470281600952 167 188 176 198
class 0.6136165261268616 191 193 196 199
class 0.691419243812561 188 192 195 199
