class 0.5902474522590637 2 0 7 5
class 0.721823513507843 45 0 51 5
class 0.8198574781417847 63 0 69 6
class 0.9282861948013306 89 4 95 12
class 0.3048948049545288 97 0 102 5
class 0.649219810962677 122 2 128 9
class 0.5690619349479675 126 3 132 10
class 0.739448606967926 123 4 130 11
class 0.8303039073944092 138 3 144 10
class 0.9323226809501648 152 0 159 7
class 0.8427541851997375 163 3 170 11
class 0.8885693550109863 172 2 179 10
class 0.359411358833313 168 2 175 9
class 0.7975778579711914 23 11 29 19
class 0.7361501455307007 105 11 112 19
class 0.8385454416275024 116 14 122 22
class 0.7892090082168579 139 14 145 21
class 0.3450230062007904 138 9 146 19
class 0.9177346229553223 5 24 11 32
class 0.8545418381690979 31 24 38 32
class 0.3982279896736145 38 19 47 29
class 0.7236632108688354 52 20 59 29
class 0.6137704849243164 67 22 73 30
class 0.6038814187049866 66 17 74 27
class 0.6008874177932739 105 25 112 33
class 0.7851418852806091 178 21 184 28
class 0.8662617802619934 22 30 28 38
class 0.7846772074699402 67 29 73 38
class 0.6760059595108032 83 32 90 40
class 0.6272656321525574 106 30 113 37
class 0.8006801009178162 130 37 136 44
class 0.5711130499839783 128 36 134 44
class 0.8442400693893433 163 29 169 37
class 0.8638176918029785 179 32 185 40
class 0.46164384484291077 195 37 199 44
class 0.9319796562194824 3 45 9 53
class 0.5933446288108826 17 41 22 49
class 0.6281407475471497 38 46 43 53
class 0.6256803274154663 79 42 85 51
class 0.4786050617694855 78 40 84 47
class 0.6799162030220032 120 40 126 48
class 0.8166500329971313 130 46 137 54
class 0.3734479248523712 133 43 137 49
class 0.5301016569137573 133 40 141 51
class 0.826602578163147 150 40 157 47
class 0.49743783473968506 194 42 199 50
class 0.5337399244308472 0 54 5 61
class 0.34962475299835205 0 56 2 65
class 0.9210395216941833 12 51 17 60
class 0.7481697797775269 32 57 38 64
class 0.662654459476471 52 51 59 60
class 0.7503719329833984 80 55 85 63
class 0.7981415390968323 98 55 104 63
class 0.37804168462753296 101 54 106 61
class 0.8176334500312805 141 50 148 58
class 0.7776344418525696 174 51 180 59
class 0.7758499979972839 195 56 199 63
class 0.9503304362297058 2 66 8 74
class 0.5825364589691162 31 63 38 70
class 0.6981059908866882 47 67 53 75
class 0.4741966426372528 56 67 62 74
class 0.6067600250244141 51 65 58 73
class 0.6904138326644897 121 65 128 72
class 0.4565649926662445 130 62 136 70
class 0.3723042905330658 125 62 132 70
class 0.6016911268234253 133 60 141 69
class 0.7034804821014404 157 67 164 74
class 0.8503921627998352 175 67 180 75
class 0.7574660778045654 184 67 190 74
class 0.3233334422111511 179 64 187 74
class 0.8538883328437805 2 77 8 86
class 0.7601625323295593 15 73 21 82
class 0.601779580116272 13 76 18 83
class 0.704002857208252 27 72 33 80
class 0.6078855395317078 40 72 46 80
class 0.8788422346115112 130 72 137 80
class 0.675972580909729 152 78 158 86
class 0.785781741142273 157 76 164 85
class 0.825139045715332 196 74 199 83
class 0.9353198409080505 2 86 8 93
class 0.9229074716567993 16 81 22 89
class 0.7311888337135315 35 84 41 92
class 0.6745375990867615 31 88 38 95
class 0.6866410374641418 101 86 107 94
class 0.7219777703285217 0 94 5 102
class 0.3159673511981964 27 93 33 101
class 0.6650524139404297 31 93 38 100
class 0.7679201364517212 109 100 115 108
class 0.7353199124336243 106 99 113 107
class 0.38097867369651794 113 99 120 108
class 0.8968474268913269 158 93 165 102
class 0.7181487679481506 194 98 199 106
class 0.37771838903427124 195 96 199 104
class 0.689920961856842 47 103 53 111
class 0.867496132850647 53 109 60 118
class 0.7903370261192322 84 107 91 116
class 0.4737359285354614 113 103 120 111
class 0.8280884027481079 142 103 149 110
class 0.32141607999801636 140 104 147 112
class 0.3365391790866852 194 104 199 111
class 0.734159529209137 92 120 99 128
class 0.7287610173225403 131 118 137 126
class 0.7184340953826904 130 116 136 123
class 0.7224684953689575 166 117 175 128
class 0.3249223232269287 171 117 181 126
class 0.8483056426048279 183 120 189 127
class 0.5874005556106567 180 116 187 126
class 0.5864514708518982 29 124 36 133
class 0.6422189474105835 65 128 71 136
class 0.6289915442466736 74 124 81 132
class 0.8385741114616394 115 125 122 133
class 0.6782731413841248 153 132 159 139
class 0.4753742516040802 158 130 164 137
class 0.6339045763015747 178 128 185 136
class 0.7443284392356873 176 131 184 140
class 0.757134735584259 193 129 199 137
class 0.8290408849716187 11 135 18 143
class 0.6812116503715515 34 140 40 148
class 0.516697108745575 31 141 38 149
class 0.5452132225036621 44 140 50 148
class 0.6957524418830872 41 141 47 149
class 0.48796242475509644 51 133 58 143
class 0.5602384209632874 60 141 68 149
class 0.5336891412734985 84 139 91 147
class 0.6886945366859436 81 137 89 147
class 0.6440469622612 92 141 100 149
class 0.39333176612854004 107 137 115 145
class 0.5508630871772766 105 134 112 143
class 0.752067506313324 115 141 121 149
class 0.897413969039917 162 140 167 149
class 0.4433504045009613 175 135 183 143
class 0.8771637082099915 16 151 22 159
class 0.685223400592804 31 147 38 156
class 0.34448373317718506 31 146 36 151
class 0.7936757802963257 83 149 90 157
class 0.3498583137989044 83 146 89 153
class 0.7148537039756775 138 147 145 155
class 0.7058407068252563 135 149 142 157
class 0.6637973785400391 193 152 198 159
class 0.7599024176597595 37 161 43 169
class 0.6194542646408081 35 160 41 167
class 0.8101104497909546 52 155 59 164
class 0.8402668833732605 89 162 95 170
class 0.5806803703308105 84 157 92 167
class 0.730657696723938 132 161 138 170
class 0.32588836550712585 193 157 198 164
class 0.47225338220596313 5 171 10 179
class 0.4572790563106537 8 171 14 179
class 0.8378944396972656 46 166 52 174
class 0.7958624958992004 65 172 71 179
class 0.7352986931800842 83 171 90 181
class 0.3961358070373535 1 180 5 186
class 0.817326545715332 16 177 22 185
class 0.4397113621234894 13 177 20 186
class 0.7185330986976624 100 181 107 188
class 0.46490955352783203 107 183 113 191
class 0.7190321087837219 183 183 190 190
class 0.6793598532676697 193 183 198 190
class 0.6285132169723511 188 182 196 191
class 0.46862611174583435 194 180 199 189
class 0.9116600751876831 4 193 9 199
class 0.3823442757129669 1 192 5 199
class 0.3235029876232147 5 193 7 199
class 0.49812066555023193 47 193 54 199
class 0.6654394865036011 57 193 62 199
class 0.5981050133705139 52 190 59 199
class 0.592743992805481 59 192 68 199
class 0.6111016869544983 95 194 101 199
class 0.8143738508224487 92 194 100 199
class 0.5410240888595581 106 187 113 195
class 0.7998151183128357 130 194 135 199
class 0.6211203932762146 136 188 143 196
class 0.6012883186340332 192 193 197 199
class 0.7186296582221985 188 192 196 199
class 0.30862903594970703 194 191 199 198
