class 0.5769320130348206 3 0 7 5
class 0.7371775507926941 45 0 50 5
class 0.8283705115318298 62 0 69 6
class 0.9437894821166992 89 5 95 12
class 0.6071469187736511 122 2 128 9
class 0.7378727793693542 123 3 130 11
class 0.8446783423423767 138 2 143 10
class 0.9280415773391724 152 0 159 6
class 0.8455715775489807 163 4 170 11
class 0.8696075677871704 172 2 178 10
class 0.4765018820762634 168 3 175 10
class 0.7497682571411133 22 10 28 18
class 0.8195189833641052 19 13 28 22
class 0.303501695394516 24 10 33 19
class 0.7578992247581482 105 11 112 20
class 0.8384518623352051 115 14 122 22
class 0.7986024022102356 139 14 145 22
class 0.9180381894111633 5 25 10 32
class 0.36034831404685974 3 23 7 33
class 0.7177712917327881 34 24 40 31
class 0.8653960227966309 31 24 38 33
class 0.4703296422958374 38 19 47 28
class 0.7480778694152832 52 19 59 28
class 0.5781952738761902 68 22 74 31
class 0.4878591001033783 67 18 73 27
class 0.547261118888855 106 25 112 33
class 0.43048515915870667 133 27 138 33
class 0.807755708694458 178 20 185 27
class 0.8943340182304382 22 29 28 37
class 0.7846062779426575 67 29 74 38
class 0.7552904486656189 83 32 90 40
class 0.46457159519195557 106 29 112 38
class 0.7258449792861938 131 34 137 41
class 0.5985100865364075 128 35 134 42
class 0.6626788973808289 163 30 169 38
class 0.330768883228302 169 33 175 41
class 0.6361424326896667 165 31 174 41
class 0.8284280300140381 179 31 185 39
class 0.47286221385002136 195 37 199 44
class 0.9425247311592102 4 44 10 52
class 0.46652501821517944 17 41 22 49
class 0.707899272441864 38 45 44 52
class 0.7444565296173096 45 41 51 49
class 0.6677910685539246 40 43 47 51
class 0.6008203029632568 79 42 85 51
class 0.48973894119262695 78 40 84 47
class 0.7275776267051697 117 42 123 51
class 0.7713923454284668 131 45 136 54
class 0.37537944316864014 132 43 138 50
class 0.3916909098625183 136 43 143 51
class 0.6214839816093445 134 40 141 50
class 0.8213652968406677 150 40 156 47
class 0.7641783952713013 172 42 178 50
class 0.548018753528595 170 40 177 46
class 0.49494224786758423 195 42 199 50
class 0.606558620929718 0 55 5 62
class 0.401006281375885 0 56 1 65
class 0.9156060218811035 12 51 18 60
class 0.7319295406341553 33 57 39 64
class 0.6048325300216675 31 58 37 65
class 0.7802897691726685 52 52 59 60
class 0.7505049705505371 79 55 85 63
class 0.7791702747344971 98 55 104 63
class 0.4301506280899048 101 54 106 62
class 0.8206939697265625 140 55 147 62
class 0.7795320749282837 138 56 145 64
class 0.7915473580360413 174 51 180 59
class 0.46787652373313904 172 52 178 61
class 0.7682775259017944 195 56 199 63
class 0.41013264656066895 194 53 199 62
class 0.9381141066551208 2 65 7 73
class 0.30206671357154846 1 66 3 74
class 0.6707351207733154 32 63 38 71
class 0.6553840637207031 47 67 53 75
class 0.3474375009536743 45 68 51 76
class 0.48636019229888916 56 67 62 74
class 0.6013849377632141 51 65 58 73
class 0.8210204243659973 121 66 127 73
class 0.6115420460700989 131 61 137 69
class 0.5597660541534424 133 60 141 69
class 0.78620845079422 157 66 164 74
class 0.8092125654220581 175 67 180 75
class 0.725146472454071 184 67 190 74
class 0.34985798597335815 179 65 187 74
class 0.8697139024734497 1 77 7 85
class 0.7293511629104614 15 74 21 82
class 0.6988341808319092 13 76 18 83
class 0.854648232460022 27 73 33 81
class 0.6465232372283936 39 73 45 81
class 0.3044247031211853 41 72 46 76
class 0.8504241704940796 131 73 137 80
class 0.5824070572853088 152 78 159 86
class 0.8124914765357971 157 75 164 84
class 0.31545957922935486 157 72 163 80
class 0.7997664213180542 196 74 199 82
class 0.9239814281463623 1 86 7 94
class 0.9159722328186035 16 81 21 88
class 0.3594023883342743 13 82 18 90
class 0.7340764999389648 37 85 42 92
class 0.4885702431201935 33 86 40 94
class 0.6886132955551147 100 86 106 93
class 0.34639519453048706 102 84 108 92
class 0.6998186111450195 0 94 5 102
class 0.6513984799385071 26 92 32 99
class 0.7360861897468567 35 94 41 101
class 0.8256006836891174 108 99 115 107
class 0.3047034442424774 111 98 116 105
class 0.3259654939174652 117 98 122 105
class 0.34963828325271606 114 99 120 108
class 0.8850311040878296 158 93 165 102
class 0.7598121762275696 194 99 199 107
class 0.3312038481235504 195 96 199 104
class 0.8637341260910034 1 109 8 117
class 0.7726137042045593 47 103 53 111
class 0.8576899766921997 54 109 60 118
class 0.8288469910621643 84 107 91 116
class 0.7053289413452148 115 103 122 111
class 0.7504366636276245 142 103 149 110
class 0.8598814606666565 162 109 167 117
class 0.6901906728744507 195 107 199 115
class 0.32973164319992065 193 103 199 111
class 0.5692471861839294 27 120 33 127
class 0.7005425095558167 92 120 99 129
class 0.6907992362976074 131 118 137 126
class 0.7534210085868835 129 116 135 124
class 0.5184898972511292 170 119 177 126
class 0.7658488750457764 167 119 175 127
class 0.8024339079856873 182 120 189 128
class 0.5546293258666992 179 117 186 127
class 0.6261098384857178 32 126 38 134
class 0.6955336332321167 65 128 71 136
class 0.5985323190689087 72 123 79 132
class 0.8198055028915405 115 124 122 133
class 0.681299090385437 152 131 159 139
class 0.4187832474708557 155 130 162 140
class 0.6571466326713562 172 131 178 139
class 0.7433064579963684 169 129 175 137
class 0.30006512999534607 174 129 179 135
class 0.5952519178390503 179 128 185 136
class 0.7945069670677185 176 130 183 140
class 0.8015588521957397 193 130 199 137
class 0.8868467211723328 11 134 18 143
class 0.31895825266838074 13 135 16 140
class 0.661231279373169 33 138 39 146
class 0.6966937184333801 31 140 38 149
class 0.39611032605171204 36 137 43 146
class 0.6774150729179382 44 140 50 148
class 0.7211002111434937 41 141 47 149
class 0.3851500451564789 56 139 63 146
class 0.4437764585018158 51 134 60 144
class 0.4578300714492798 62 138 68 147
class 0.6202132701873779 60 141 67 149
class 0.4881611168384552 85 138 91 146
class 0.7192928194999695 81 136 88 145
class 0.38851624727249146 95 140 102 148
class 0.6588619351387024 92 142 100 149
class 0.35058340430259705 107 136 114 144
class 0.49335524439811707 104 134 111 142
class 0.6632944941520691 115 140 121 148
class 0.3472325801849365 151 134 158 142
class 0.8919534087181091 162 141 168 149
class 0.4302341938018799 175 133 183 144
class 0.904656171798706 16 151 22 158
class 0.658159613609314 31 147 38 155
class 0.3235818147659302 31 145 36 152
class 0.7475746870040894 84 149 90 157
class 0.33413395285606384 82 146 90 154
class 0.5940045118331909 132 152 138 159
class 0.7451549768447876 140 146 146 154
class 0.44991031289100647 136 147 144 155
class 0.3830139935016632 163 152 169 159
class 0.6612908244132996 192 151 197 159
class 0.7379261255264282 187 150 194 159
class 0.32665586471557617 190 146 196 155
class 0.3430730402469635 195 149 199 156
class 0.7779116630554199 37 161 43 169
class 0.5573110580444336 35 160 41 167
class 0.8223827481269836 52 156 59 165
class 0.3061386048793793 80 157 86 164
class 0.8798856735229492 89 162 95 170
class 0.6132593750953674 85 158 92 167
class 0.5669747591018677 112 156 120 164
class 0.7762120962142944 132 162 138 169
class 0.7026876211166382 165 156 172 163
class 0.47597625851631165 194 156 199 163
class 0.45940229296684265 6 172 10 178
class 0.3930286765098572 8 172 14 180
class 0.7491925954818726 45 166 51 174
class 0.813952624797821 64 172 71 179
class 0.7562828063964844 84 170 91 178
class 0.531230628490448 1 180 5 187
class 0.8316299319267273 16 178 22 185
class 0.4098174273967743 13 176 20 185
class 0.7269273400306702 52 181 59 189
class 0.534996509552002 51 177 58 185
class 0.6929831504821777 100 180 107 187
class 0.47070977091789246 107 183 113 191
class 0.3719596862792969 103 182 111 191
class 0.754371166229248 183 183 190 190
class 0.7422252893447876 193 183 198 190
class 0.6230595707893372 189 182 196 191
class 0.4452093541622162 194 181 199 188
class 0.9065542221069336 3 193 9 199
class 0.38971012830734253 1 192 5 199
class 0.3264361321926117 5 193 7 199
class 0.34943652153015137 46 193 53 199
class 0.7724037766456604 58 192 64 199
class 0.42837831377983093 54 190 61 198
class 0.6466785669326782 60 193 68 199
class 0.8142635226249695 93 194 100 199
class 0.5097458362579346 106 188 113 195
class 0.7414992451667786 129 194 135 199
class 0.7230841517448425 126 192 134 199
class 0.6142234206199646 137 189 143 196
class 0.6276566982269287 192 193 197 199
class 0.7043687105178833 188 191 196 199
class 0.31582748889923096 193 191 199 199
