class 0.9114575982093811 13 4 19 12
class 0.6358913779258728 34 0 40 5
class 0.8793880939483643 47 1 53 8
class 0.40227219462394714 43 1 50 8
class 0.8534996509552002 57 4 63 11
class 0.6128539443016052 52 2 58 10
class 0.7380614876747131 63 0 69 6
class 0.5498579740524292 61 1 67 7
class 0.9275750517845154 78 0 84 6
class 0.968997061252594 89 4 96 12
class 0.31489700078964233 88 2 94 10
class 0.7751320600509644 110 3 116 10
class 0.3523847758769989 108 2 114 9
class 0.8094826936721802 116 2 123 9
class 0.7416425347328186 114 1 119 9
class 0.8097589015960693 125 2 131 11
class 0.8573632836341858 139 4 145 12
class 0.874677300453186 151 1 157 8
class 0.39808768033981323 148 3 154 10
class 0.8307374715805054 163 2 169 10
class 0.8007659316062927 172 3 178 11
class 0.5082730054855347 168 1 176 10
class 0.8670556545257568 194 4 199 12
class 0.3140023946762085 196 3 199 7
class 0.4852207899093628 16 13 22 21
class 0.3105771541595459 13 9 21 21
class 0.5286638140678406 21 14 28 22
class 0.8192850351333618 19 15 26 24
class 0.8031954169273376 36 14 42 22
class 0.7118043899536133 32 10 40 20
class 0.43539899587631226 104 11 111 20
class 0.6082969307899475 106 8 113 15
class 0.8523128628730774 115 14 122 22
class 0.8420679569244385 140 14 145 22
class 0.3167758882045746 138 10 145 19
class 0.6642511487007141 175 9 180 17
class 0.6320104598999023 180 12 186 20
class 0.6088997721672058 176 11 186 23
class 0.3681086599826813 180 9 192 20
class 0.5576712489128113 191 12 196 20
class 0.771399974822998 187 8 195 18
class 0.9365230798721313 4 24 10 32
class 0.4323121905326843 22 21 28 29
class 0.42593592405319214 19 19 27 28
class 0.8285976052284241 30 25 39 34
class 0.4267897307872772 40 22 48 33
class 0.7150864601135254 53 20 59 29
class 0.5201200842857361 68 22 74 31
class 0.4931260645389557 66 18 72 26
class 0.34038403630256653 71 24 77 33
class 0.7913196682929993 105 23 111 31
class 0.4876013696193695 105 20 110 27
class 0.36003240942955017 132 26 138 33
class 0.6227138638496399 160 21 166 29
class 0.6703335642814636 155 18 165 29
class 0.6372091174125671 180 21 186 28
class 0.7771119475364685 189 23 198 34
class 0.37790846824645996 190 20 199 30
class 0.8631338477134705 22 30 29 38
class 0.5579797029495239 43 35 50 42
class 0.7093245387077332 40 33 47 42
class 0.5215299725532532 41 29 49 38
class 0.8327863216400146 58 35 63 44
class 0.5099296569824219 59 34 64 40
class 0.6414737105369568 66 30 73 38
class 0.6697990894317627 61 31 69 40
class 0.39139312505722046 79 35 85 43
class 0.6096617579460144 84 33 90 40
class 0.5431841611862183 107 31 114 40
class 0.48041388392448425 106 28 112 37
class 0.7635552883148193 119 37 125 45
class 0.5691251754760742 116 36 122 45
class 0.7211552262306213 132 34 138 42
class 0.4959389865398407 128 34 135 43
class 0.39891767501831055 134 31 140 40
class 0.55780029296875 165 31 170 39
class 0.4797001779079437 169 34 175 42
class 0.7002816796302795 165 32 173 43
class 0.47024238109588623 167 29 174 38
class 0.7173984050750732 179 32 185 40
class 0.646079421043396 193 34 198 42
class 0.6139754056930542 190 29 198 38
class 0.882948637008667 6 45 11 53
class 0.5953579545021057 15 45 21 53
class 0.5922831892967224 10 45 16 54
class 0.4611660838127136 17 43 21 51
class 0.47162872552871704 21 45 27 53
class 0.7126342058181763 38 45 43 53
class 0.7244924306869507 45 42 51 49
class 0.615634024143219 40 44 48 52
class 0.31957563757896423 48 42 53 48
class 0.6289883255958557 65 46 72 54
class 0.782749593257904 63 47 69 55
class 0.5385446548461914 76 44 82 52
class 0.821929931640625 72 42 79 50
class 0.3764643371105194 75 41 80 46
class 0.31099507212638855 80 43 84 49
class 0.3485935926437378 80 42 88 50
class 0.7159204483032227 100 47 106 54
class 0.5368383526802063 111 43 117 50
class 0.3300229609012604 108 40 119 50
class 0.7787611484527588 118 45 124 53
class 0.5441777110099792 114 44 122 54
class 0.3440813422203064 115 40 122 50
class 0.7795969247817993 131 45 137 53
class 0.6635023951530457 127 45 134 55
class 0.5822545886039734 138 45 144 53
class 0.6765884160995483 135 44 141 53
class 0.31852003931999207 136 40 142 49
class 0.8101029992103577 152 45 157 52
class 0.45918717980384827 148 43 156 52
class 0.519485354423523 149 40 156 48
class 0.5431455373764038 172 43 178 51
class 0.6127654314041138 168 40 177 50
class 0.5263971090316772 195 43 199 50
class 0.3684318959712982 194 40 199 50
class 0.5581300854682922 0 55 4 62
class 0.621962308883667 0 55 2 66
class 0.5925358533859253 13 55 18 63
class 0.7186404466629028 10 53 16 64
class 0.4529317617416382 12 51 17 59
class 0.6641685366630554 32 57 38 64
class 0.6900872588157654 52 53 59 61
class 0.6149221062660217 63 50 70 60
class 0.7539287805557251 80 54 86 62
class 0.8181051015853882 99 55 105 63
class 0.8146948218345642 110 56 116 63
class 0.509041965007782 108 52 119 63
class 0.808430016040802 141 56 147 64
class 0.7042023539543152 138 57 144 65
class 0.38596153259277344 144 55 148 61
class 0.5376986265182495 148 52 154 59
class 0.6983188986778259 144 50 152 60
class 0.8863750696182251 174 51 180 58
class 0.6244676113128662 193 56 198 64
class 0.7864112257957458 189 55 197 66
class 0.3732171058654785 193 53 199 62
class 0.9299315214157104 3 66 9 73
class 0.3263967037200928 1 64 4 75
class 0.6394018530845642 13 63 19 70
class 0.4555605947971344 10 63 17 72
class 0.6575434803962708 33 63 39 70
class 0.5483840703964233 29 62 37 71
class 0.32882973551750183 31 61 37 67
class 0.7201651930809021 47 67 53 75
class 0.4548143148422241 44 68 51 75
class 0.5150185823440552 56 66 62 73
class 0.4843548536300659 51 62 59 71
class 0.34133148193359375 68 68 74 76
class 0.4857160747051239 62 68 68 75
class 0.6153832077980042 74 66 80 74
class 0.8277088403701782 71 68 78 76
class 0.6823421120643616 98 68 104 75
class 0.8560792207717896 121 65 127 74
class 0.5491828918457031 131 63 136 70
class 0.37170660495758057 125 62 132 71
class 0.4854421019554138 128 60 135 68
class 0.4742358922958374 133 60 142 70
class 0.7316853404045105 157 64 164 72
class 0.7203629612922668 174 68 180 75
class 0.7688336968421936 184 65 190 73
class 0.4887249767780304 180 64 187 74
class 0.3850094676017761 194 66 199 73
class 0.9139885306358337 2 78 9 85
class 0.3027549982070923 1 77 3 87
class 0.778505802154541 14 74 19 82
class 0.5589672923088074 12 72 18 79
class 0.6992210745811462 27 73 33 81
class 0.3566747009754181 37 74 42 82
class 0.7287067174911499 39 75 45 83
class 0.3614709973335266 91 77 96 86
class 0.803199291229248 97 76 103 83
class 0.608335554599762 94 77 101 86
class 0.3750280439853668 100 75 106 82
class 0.7562985420227051 111 75 117 83
class 0.30706003308296204 107 74 114 83
class 0.8052759170532227 131 72 136 80
class 0.6422967314720154 152 78 159 86
class 0.8675376772880554 158 75 163 83
class 0.8118534684181213 180 78 186 86
class 0.7484637498855591 196 74 199 82
class 0.9050299525260925 1 86 7 94
class 0.3392575979232788 0 87 3 96
class 0.8498079180717468 16 82 22 89
class 0.3222140669822693 13 82 19 91
class 0.602815568447113 26 88 32 95
class 0.549333393573761 21 86 30 94
class 0.41195255517959595 25 84 34 93
class 0.6894727945327759 36 88 42 95
class 0.3553997874259949 31 86 38 96
class 0.31197184324264526 36 84 43 92
class 0.690209686756134 46 83 52 90
class 0.302100270986557 41 82 48 91
class 0.30174005031585693 44 81 50 89
class 0.5741367340087891 53 85 60 92
class 0.5519649386405945 50 83 57 91
class 0.6328660845756531 99 86 105 94
class 0.41389524936676025 95 83 103 93
class 0.6209439635276794 101 84 110 94
class 0.5642693638801575 133 88 138 96
class 0.800573468208313 139 88 145 96
class 0.5650455355644226 136 86 144 95
class 0.4007803797721863 140 86 149 95
class 0.6803170442581177 0 94 5 102
class 0.7835304737091064 26 92 32 100
class 0.6652317047119141 37 98 43 105
class 0.42365148663520813 42 100 49 107
class 0.6313530802726746 39 99 47 107
class 0.8351560831069946 108 99 115 107
class 0.5980547666549683 119 99 125 106
class 0.6451863050460815 159 95 165 103
class 0.6557707190513611 157 93 164 101
class 0.7130366563796997 195 98 199 106
class 0.3565920293331146 195 96 199 103
class 0.9181031584739685 2 109 8 117
class 0.7519497871398926 36 103 43 110
class 0.8042869567871094 47 104 53 111
class 0.31723153591156006 44 102 51 110
class 0.8705896735191345 53 109 60 117
class 0.8285824060440063 84 108 90 116
class 0.6650926470756531 117 104 124 111
class 0.8079051971435547 142 102 148 110
class 0.7566949725151062 162 106 168 114
class 0.9202980399131775 175 107 181 114
class 0.36652737855911255 177 105 179 110
class 0.7090192437171936 195 109 199 116
class 0.330277681350708 193 104 199 111
class 0.3377458453178406 195 106 199 113
class 0.8282825946807861 16 120 22 127
class 0.836168110370636 25 120 31 128
class 0.38550809025764465 21 120 28 128
class 0.6094779372215271 69 113 75 121
class 0.49186575412750244 70 114 78 123
class 0.6641035079956055 94 118 101 127
class 0.7775543332099915 108 115 114 122
class 0.7394997477531433 131 118 137 126
class 0.682206928730011 129 116 135 124
class 0.6810418367385864 163 114 169 123
class 0.34083855152130127 159 114 167 123
class 0.6717556715011597 171 120 178 127
class 0.6860671639442444 167 119 175 128
class 0.3255550265312195 173 118 180 124
class 0.8294212818145752 182 120 189 128
class 0.5434874296188354 179 118 187 127
class 0.7928075194358826 32 125 39 133
class 0.786422848701477 64 126 71 134
class 0.6786524057388306 73 125 80 134
class 0.470739483833313 92 124 99 131
class 0.8450738787651062 115 125 122 133
class 0.6782125234603882 143 130 149 137
class 0.6212239265441895 151 131 157 139
class 0.4320438802242279 147 129 153 137
class 0.43692052364349365 159 130 166 138
class 0.6448991894721985 156 130 162 140
class 0.44422855973243713 171 130 178 138
class 0.7548224925994873 167 128 174 137
class 0.44605302810668945 179 128 185 136
class 0.7393537759780884 176 130 183 140
class 0.7615916728973389 194 130 199 137
class 0.7728598713874817 11 134 17 142
class 0.8005449771881104 22 138 30 147
class 0.3387296199798584 24 135 30 144
class 0.32215288281440735 26 137 33 147
class 0.7950736880302429 34 139 41 147
class 0.5266059637069702 31 141 38 149
class 0.41629040241241455 36 137 43 146
class 0.6418904662132263 44 138 50 147
class 0.6572580933570862 41 140 48 149
class 0.5325831174850464 57 139 63 147
class 0.45471131801605225 52 134 60 144
class 0.3878766596317291 60 142 67 149
class 0.6609643697738647 79 138 85 146
class 0.37766337394714355 84 138 90 146
class 0.7174617648124695 81 136 88 145
class 0.548346996307373 96 140 102 148
class 0.7017658352851868 92 141 100 149
class 0.5513028502464294 108 137 115 144
class 0.6223689913749695 105 135 113 143
class 0.6839712858200073 113 142 120 149
class 0.5861997008323669 138 138 144 146
class 0.6386263370513916 135 135 144 144
class 0.9080442786216736 162 141 168 149
class 0.4734596908092499 164 140 169 146
class 0.4512653052806854 176 134 183 144
class 0.6572912335395813 193 142 198 149
class 0.630336582660675 190 141 196 150
class 0.7007878422737122 1 147 6 155
class 0.431357741355896 0 148 3 157
class 0.8387548327445984 14 152 20 159
class 0.5232935547828674 31 149 39 157
class 0.6832582950592041 29 147 37 155
class 0.8670890927314758 43 152 50 160
class 0.7762566208839417 84 150 91 158
class 0.43087121844291687 83 146 90 155
class 0.8594115972518921 131 153 137 159
class 0.5751773118972778 142 145 148 153
class 0.3755284547805786 138 144 147 152
class 0.8552497625350952 148 151 155 159
class 0.7553050518035889 163 152 169 159
class 0.3786683976650238 186 148 191 156
class 0.6979238986968994 192 152 197 159
class 0.7845584154129028 187 150 194 159
class 0.800003170967102 36 161 43 169
class 0.7452189922332764 52 156 59 165
class 0.8536072969436646 88 162 94 170
class 0.6372995376586914 84 157 91 166
class 0.7583039999008179 110 157 117 165
class 0.8609086275100708 118 162 125 170
class 0.48274147510528564 116 159 122 167
class 0.3584224283695221 121 160 127 168
class 0.8709672093391418 132 161 138 169
class 0.7688131332397461 168 157 175 165
class 0.46281275153160095 194 156 199 163
class 0.5807438492774963 8 172 14 179
class 0.7367708086967468 45 167 52 174
class 0.7837188243865967 65 171 71 179
class 0.3211665153503418 63 167 72 179
class 0.6361628174781799 79 170 85 177
class 0.42698168754577637 76 167 88 179
class 0.659016489982605 85 170 92 178
class 0.5819843411445618 82 171 90 180
class 0.7326940298080444 147 169 153 178
class 0.3593011200428009 146 168 151 174
class 0.891055703163147 2 183 8 191
class 0.5126816034317017 0 182 3 192
class 0.8602495789527893 16 178 23 185
class 0.7861740589141846 34 180 40 188
class 0.41826167702674866 38 180 43 187
class 0.6856914758682251 56 183 62 190
class 0.6662458777427673 51 180 59 190
class 0.40207135677337646 52 177 60 186
class 0.4152311384677887 58 181 64 187
class 0.37113162875175476 59 179 68 189
class 0.662949800491333 100 180 107 188
class 0.5726463198661804 109 181 115 189
class 0.45497673749923706 104 182 111 190
class 0.36541077494621277 110 179 117 186
class 0.7673987746238708 115 178 122 187
class 0.46102163195610046 149 183 155 190
class 0.6475659608840942 169 183 175 190
class 0.647544264793396 166 183 173 192
class 0.7580540180206299 184 183 190 190
class 0.746304452419281 193 183 198 190
class 0.624144434928894 189 182 195 191
class 0.435655415058136 194 181 199 189
class 0.9235082864761353 4 193 10 199
class 0.4379642605781555 1 192 5 199
class 0.3086683750152588 7 193 8 198
class 0.8118072152137756 12 193 18 199
class 0.5194206833839417 9 193 16 199
class 0.8091816306114197 35 195 42 199
class 0.7536261677742004 32 194 39 199
class 0.5127073526382446 47 194 53 199
class 0.37118104100227356 42 194 50 199
class 0.609657347202301 58 193 63 199
class 0.4727596044540405 52 191 60 199
class 0.31265756487846375 54 188 61 196
class 0.4861446022987366 59 193 68 199
class 0.7487787008285522 74 192 82 199
class 0.4097912013530731 77 191 86 199
class 0.6212608814239502 81 191 89 199
class 0.7855221033096313 98 194 104 199
class 0.7686297297477722 111 192 117 199
class 0.3039202094078064 107 187 115 196
class 0.6922858357429504 129 194 135 199
class 0.7228089570999146 126 192 133 199
class 0.7083473205566406 142 189 148 196
class 0.4765954911708832 139 187 145 195
class 0.7419148683547974 148 189 155 197
class 0.5783706307411194 145 189 152 197
class 0.4969625473022461 148 188 153 194
class 0.6652094125747681 162 188 168 195
class 0.40564632415771484 159 190 167 199
class 0.6943143606185913 172 192 178 199
class 0.5295994877815247 192 193 196 199
class 0.6758644580841064 188 191 195 199
