class 0.34880223870277405 2 1 7 6
class 0.9180103540420532 12 4 18 11
class 0.3498274087905884 35 0 40 5
class 0.8104451894760132 45 0 50 5
class 0.30314937233924866 42 0 48 6
class 0.911897599697113 57 4 64 11
class 0.41878047585487366 55 2 62 9
class 0.47762030363082886 64 0 69 6
class 0.36267897486686707 60 0 67 7
class 0.9530558586120605 89 4 95 12
class 0.7376729846000671 109 2 116 8
class 0.3139091432094574 120 1 126 7
class 0.7575780153274536 126 3 132 11
class 0.8135491013526917 138 3 144 10
class 0.9440538287162781 153 0 159 6
class 0.912162184715271 163 3 170 11
class 0.7721675634384155 173 3 178 11
class 0.38350725173950195 168 2 175 10
class 0.3188623785972595 192 0 196 6
class 0.6206872463226318 17 14 23 21
class 0.633200466632843 24 9 30 18
class 0.7237139940261841 20 14 27 22
class 0.7253406643867493 105 11 112 19
class 0.8527728319168091 115 15 122 22
class 0.8180695176124573 139 14 146 22
class 0.6612256765365601 174 9 180 17
class 0.6685088872909546 179 13 185 21
class 0.47274118661880493 176 8 186 22
class 0.9421551823616028 3 25 9 33
class 0.8673029541969299 31 24 39 33
class 0.3080206513404846 39 21 47 31
class 0.7703810930252075 53 19 59 28
class 0.5849065780639648 65 22 72 31
class 0.5135680437088013 66 19 72 26
class 0.3747972846031189 69 21 75 29
class 0.44925498962402344 70 24 77 33
class 0.7433786988258362 105 25 111 33
class 0.6582462191581726 132 26 138 33
class 0.6586688756942749 159 22 166 30
class 0.6361413598060608 155 19 165 29
class 0.7303590774536133 179 21 185 29
class 0.7601484060287476 190 23 199 34
class 0.3924240171909332 0 31 5 37
class 0.8789157271385193 22 30 29 38
class 0.5040019154548645 43 35 50 42
class 0.7337096929550171 40 33 47 42
class 0.4499928057193756 41 29 49 38
class 0.7925654649734497 67 29 74 38
class 0.7298550009727478 83 31 90 39
class 0.4980342388153076 104 28 110 37
class 0.6914145946502686 131 35 137 42
class 0.6216757297515869 128 34 134 43
class 0.3737310767173767 135 29 142 35
class 0.40229347348213196 164 30 170 38
class 0.6474466919898987 165 33 173 43
class 0.5154629945755005 168 29 174 38
class 0.7867258191108704 178 31 185 39
class 0.3469099700450897 191 32 199 42
class 0.9480807185173035 4 46 10 53
class 0.473012775182724 17 42 22 50
class 0.6908034086227417 38 46 43 53
class 0.7507482171058655 45 41 51 49
class 0.6957952976226807 40 43 47 51
class 0.3120208978652954 49 42 53 47
class 0.6785731911659241 79 43 85 51
class 0.3899843990802765 78 40 84 47
class 0.3760693669319153 112 42 117 50
class 0.7052941918373108 116 43 122 51
class 0.8029734492301941 131 45 136 53
class 0.4149602949619293 132 43 138 50
class 0.59307861328125 138 42 144 51
class 0.6751352548599243 135 41 141 50
class 0.5751521587371826 136 40 141 47
class 0.8161749839782715 151 46 157 53
class 0.5474696159362793 148 44 155 52
class 0.4829632043838501 149 41 155 47
class 0.6421183347702026 172 43 179 50
class 0.6140165328979492 169 41 176 50
class 0.5342887043952942 192 41 199 50
class 0.5936952233314514 0 55 4 61
class 0.5695063471794128 0 55 2 65
class 0.7665635347366333 12 55 18 63
class 0.4530333876609802 11 52 17 58
class 0.7248740196228027 33 56 38 64
class 0.6185139417648315 31 58 37 65
class 0.7694648504257202 52 52 59 60
class 0.7848414778709412 79 55 85 63
class 0.772291898727417 99 56 105 63
class 0.30247214436531067 98 51 105 61
class 0.8292458653450012 141 56 147 64
class 0.7547183036804199 138 57 144 65
class 0.38854488730430603 144 54 148 60
class 0.7011014223098755 150 51 156 59
class 0.5604716539382935 145 51 153 61
class 0.3187427222728729 149 50 154 57
class 0.8672032356262207 174 50 180 59
class 0.8008430004119873 196 55 199 63
class 0.9556404948234558 3 66 9 74
class 0.3443703055381775 1 66 4 75
class 0.6698462963104248 14 62 20 70
class 0.3947763741016388 11 62 17 70
class 0.42156222462654114 13 61 18 66
class 0.5862529873847961 29 62 36 71
class 0.672754168510437 47 67 53 75
class 0.5194675922393799 56 66 62 73
class 0.5224082469940186 51 63 58 72
class 0.3308015763759613 97 66 104 75
class 0.8311076760292053 121 65 127 73
class 0.6334851384162903 131 62 136 69
class 0.353981614112854 126 62 133 71
class 0.4899590015411377 133 60 141 70
class 0.7261383533477783 157 64 164 73
class 0.8018710017204285 174 67 180 75
class 0.6797090768814087 184 67 190 74
class 0.38804739713668823 179 65 186 74
class 0.7670510411262512 2 77 8 84
class 0.7327466011047363 16 75 21 83
class 0.6513457298278809 13 76 19 85
class 0.7514693140983582 27 74 33 82
class 0.6506748795509338 40 73 45 81
class 0.4062691628932953 59 71 65 79
class 0.7542177438735962 97 75 103 82
class 0.7778523564338684 93 77 100 85
class 0.8308400511741638 131 72 137 80
class 0.5335964560508728 153 78 159 87
class 0.3986656963825226 150 77 157 85
class 0.8584299087524414 157 75 164 83
class 0.4510180354118347 157 72 163 80
class 0.7874140739440918 195 74 199 83
class 0.9176798462867737 1 86 8 94
class 0.3135942816734314 0 88 3 97
class 0.8945180177688599 15 81 21 88
class 0.37207093834877014 13 81 19 91
class 0.8266303539276123 27 88 32 96
class 0.5452812314033508 24 87 31 95
class 0.3943854868412018 27 86 33 93
class 0.8469341993331909 36 88 42 95
class 0.4370722472667694 32 86 39 95
class 0.4166916012763977 38 85 43 92
class 0.726793110370636 99 86 106 94
class 0.4616161286830902 96 83 104 93
class 0.33397743105888367 102 84 109 94
class 0.8668531179428101 136 87 142 95
class 0.6523265838623047 0 94 5 102
class 0.5993930697441101 26 92 32 99
class 0.7401735782623291 36 98 43 106
class 0.3982500433921814 33 96 42 104
class 0.3197329342365265 37 94 43 103
class 0.798626184463501 108 99 115 107
class 0.35358327627182007 118 99 123 106
class 0.6284496188163757 159 95 166 102
class 0.475204735994339 159 92 164 99
class 0.6521750092506409 194 98 199 106
class 0.36709603667259216 193 95 199 104
class 0.8906847238540649 2 109 8 117
class 0.799373209476471 36 103 43 110
class 0.8583873510360718 48 103 54 111
class 0.837655246257782 54 109 61 117
class 0.8322849869728088 84 107 91 116
class 0.7317435145378113 116 102 123 111
class 0.7947931289672852 143 102 149 110
class 0.7902365922927856 162 107 168 115
class 0.9212077856063843 174 106 181 114
class 0.4937050938606262 176 105 179 112
class 0.6987027525901794 195 108 199 115
class 0.33954116702079773 193 103 199 112
class 0.7566124796867371 26 120 32 127
class 0.6689034104347229 95 118 101 127
class 0.6653405427932739 131 118 137 126
class 0.7127560377120972 129 116 135 123
class 0.4101588726043701 133 119 140 127
class 0.4264982342720032 163 114 169 122
class 0.5941655039787292 171 120 178 127
class 0.711337685585022 167 119 175 129
class 0.8161024451255798 183 121 189 128
class 0.5647693276405334 179 118 186 127
class 0.6732805967330933 32 126 38 133
class 0.6776136159896851 65 128 71 136
class 0.6643703579902649 75 124 82 133
class 0.422197550535202 91 124 99 131
class 0.8044833540916443 115 125 122 134
class 0.6062943935394287 152 131 158 139
class 0.4327036142349243 150 130 157 138
class 0.3966783583164215 156 131 163 140
class 0.4701232612133026 172 130 178 139
class 0.6185956597328186 168 127 175 136
class 0.5516722798347473 179 128 185 136
class 0.7528181076049805 176 130 183 140
class 0.7721230983734131 193 130 199 137
class 0.8829806447029114 12 134 18 142
class 0.6930903196334839 33 139 39 147
class 0.7226003408432007 31 141 38 149
class 0.4197865426540375 36 137 44 147
class 0.6736090183258057 44 140 50 148
class 0.7268957495689392 41 141 48 149
class 0.3263292610645294 56 138 63 147
class 0.4426189064979553 51 134 59 143
class 0.6624429821968079 60 141 68 149
class 0.489009827375412 84 137 90 145
class 0.7103114724159241 81 136 88 145
class 0.730930745601654 93 141 100 149
class 0.4808301627635956 107 135 114 144
class 0.5245200395584106 106 134 112 141
class 0.6962327361106873 115 140 121 148
class 0.901177167892456 162 141 168 149
class 0.36506590247154236 164 139 169 146
class 0.3074631690979004 174 135 180 143
class 0.37117236852645874 194 142 199 149
class 0.36103177070617676 191 141 197 150
class 0.8212141394615173 0 147 5 154
class 0.8922790884971619 16 152 22 159
class 0.708502471446991 31 148 38 156
class 0.3555660545825958 31 145 37 153
class 0.7887744903564453 84 149 90 157
class 0.4282818138599396 83 146 90 154
class 0.7185173034667969 132 152 138 159
class 0.5458157658576965 140 145 146 153
class 0.40764427185058594 135 147 143 156
class 0.8605329990386963 148 150 155 159
class 0.6981238722801208 163 152 169 159
class 0.6793486475944519 192 152 198 159
class 0.7570348978042603 188 150 194 159
class 0.38756564259529114 195 150 199 155
class 0.7701658010482788 37 161 43 168
class 0.6105626821517944 35 159 42 167
class 0.8083261251449585 52 156 59 165
class 0.8748928904533386 89 162 95 170
class 0.558763861656189 85 157 92 166
class 0.7770640254020691 111 156 117 164
class 0.53089839220047 108 157 115 166
class 0.7832528948783875 116 158 123 166
class 0.49400749802589417 113 157 121 165
class 0.7928306460380554 133 161 138 170
class 0.3660108745098114 131 160 136 168
class 0.7070488333702087 166 156 172 163
class 0.34216463565826416 194 156 199 163
class 0.4538814425468445 6 172 10 178
class 0.551569938659668 8 171 14 180
class 0.7559908628463745 46 166 52 174
class 0.8107761740684509 64 171 70 178
class 0.7619451284408569 85 171 91 178
class 0.6150677800178528 1 180 5 188
class 0.37609708309173584 0 180 3 192
class 0.8000309467315674 16 178 22 185
class 0.37388086318969727 13 177 20 186
class 0.6549921035766602 55 182 61 190
class 0.6956335306167603 51 180 58 189
class 0.4049360454082489 52 177 60 186
class 0.34676244854927063 58 180 63 187
class 0.6364420652389526 101 180 107 187
class 0.5079866647720337 106 183 113 191
class 0.361435204744339 102 181 111 190
class 0.5954538583755493 167 182 174 190
class 0.7067282795906067 166 184 172 192
class 0.7809692025184631 184 183 190 191
class 0.710424542427063 193 182 198 190
class 0.5885106325149536 189 182 196 191
class 0.4146137237548828 194 181 199 188
class 0.9112122654914856 4 193 9 199
class 0.40512406826019287 1 191 5 199
class 0.35119444131851196 5 193 7 199
class 0.7399126887321472 35 194 41 199
class 0.5782341361045837 31 192 40 199
class 0.5684276223182678 46 194 53 199
class 0.4159664511680603 43 194 51 199
class 0.7443881034851074 58 193 64 199
class 0.4407953917980194 54 191 61 199
class 0.6056343913078308 60 193 67 199
class 0.6109824776649475 79 192 85 199
class 0.5830833911895752 76 192 82 199
class 0.7436796426773071 81 191 88 199
class 0.801672637462616 95 194 102 199
class 0.7337400913238525 109 190 115 197
class 0.45518264174461365 107 187 114 194
class 0.7929189205169678 130 194 136 199
class 0.37108761072158813 139 189 145 196
class 0.3344806134700775 135 188 142 196
class 0.4602976441383362 137 186 144 195
class 0.6601888537406921 148 190 154 198
class 0.6123363375663757 145 188 152 196
class 0.7111291289329529 171 192 177 199
class 0.5073556900024414 166 189 175 198
class 0.5707595944404602 191 192 196 199
class 0.6942992806434631 188 191 195 199
class 0.301984578371048 190 189 196 197
