class 0.3530069589614868 1 1 5 6
class 0.9319811463356018 13 4 18 11
class 0.6629071831703186 34 0 40 5
class 0.3205917179584503 30 0 39 7
class 0.8689764142036438 47 1 53 8
class 0.4145168364048004 43 1 50 7
class 0.8421539664268494 57 4 63 12
class 0.630851686000824 52 2 58 9
class 0.6436086297035217 64 0 70 6
class 0.5295300483703613 61 1 66 7
class 0.9214298129081726 78 0 84 6
class 0.96248859167099 89 4 95 12
class 0.40196722745895386 87 3 94 10
class 0.34797409176826477 98 0 103 4
class 0.7449285387992859 110 3 116 10
class 0.334641695022583 107 2 114 9
class 0.30986687541007996 111 0 115 4
class 0.8149310946464539 116 2 123 9
class 0.7613950967788696 114 1 119 9
class 0.7239967584609985 124 4 130 11
class 0.9016122817993164 139 4 146 12
class 0.9008723497390747 150 2 157 9
class 0.4366140365600586 148 3 155 10
class 0.7866355180740356 163 2 169 9
class 0.8323484063148499 172 3 178 11
class 0.5306850075721741 169 2 176 10
class 0.3103139102458954 174 1 178 5
class 0.8665817975997925 194 4 199 12
class 0.43589431047439575 196 3 199 7
class 0.38499513268470764 0 13 5 20
class 0.6088153123855591 14 14 19 22
class 0.6103201508522034 10 13 18 24
class 0.5351757407188416 22 13 28 22
class 0.8120546340942383 19 15 26 24
class 0.7857471704483032 35 14 41 22
class 0.7587825655937195 31 11 39 20
class 0.42754611372947693 37 13 43 20
class 0.39353394508361816 104 10 113 20
class 0.6424204707145691 106 7 114 16
class 0.8129351735115051 115 14 122 22
class 0.8695776462554932 140 14 146 22
class 0.5999190807342529 175 9 180 17
class 0.6255393624305725 180 12 186 20
class 0.647754967212677 176 12 185 23
class 0.3072531819343567 180 10 192 20
class 0.5426679849624634 191 12 196 20
class 0.7593767046928406 187 8 195 18
class 0.9659681916236877 4 25 11 33
class 0.4271702766418457 23 21 29 29
class 0.7591724991798401 21 18 28 26
class 0.8267835378646851 31 24 38 34
class 0.5319724678993225 45 22 52 30
class 0.4337524473667145 41 22 49 32
class 0.6550072431564331 53 20 59 28
class 0.5972726941108704 50 19 57 29
class 0.5718430280685425 68 22 74 31
class 0.4908652603626251 66 18 73 26
class 0.7717236280441284 94 24 102 33
class 0.7705358266830444 106 23 112 30
class 0.5631034970283508 104 19 111 28
class 0.713058590888977 130 23 137 31
class 0.6332117319107056 128 21 136 29
class 0.5960473418235779 160 22 166 30
class 0.6764164566993713 155 18 165 29
class 0.6180880665779114 177 17 186 28
class 0.7563511729240417 189 23 197 33
class 0.37500128149986267 190 20 199 29
class 0.35550713539123535 193 22 199 30
class 0.8674324750900269 22 30 29 37
class 0.7301737070083618 40 34 47 42
class 0.47724586725234985 41 30 49 38
class 0.840118408203125 58 36 64 44
class 0.6109169125556946 66 30 72 38
class 0.6871506571769714 61 31 69 40
class 0.5503568649291992 79 35 85 44
class 0.6294891834259033 84 32 90 40
class 0.6591425538063049 100 35 106 42
class 0.3148636817932129 109 33 115 40
class 0.4136554002761841 106 28 112 37
class 0.7437407970428467 119 37 124 44
class 0.6094961166381836 115 36 121 44
class 0.7344584465026855 132 34 138 42
class 0.4927375912666321 129 34 135 43
class 0.35063546895980835 134 31 141 40
class 0.6955308318138123 164 31 170 38
class 0.6872398853302002 165 33 173 43
class 0.4341268837451935 168 30 173 37
class 0.7275108695030212 179 32 185 39
class 0.5452945828437805 192 34 198 42
class 0.5939143300056458 190 29 199 38
class 0.8965639472007751 6 45 11 53
class 0.6325063109397888 15 46 21 53
class 0.6182640790939331 10 46 16 54
class 0.4279795289039612 17 44 21 50
class 0.5399729609489441 21 45 27 53
class 0.6167904138565063 38 45 44 53
class 0.7510854601860046 45 41 51 49
class 0.642005205154419 40 44 48 52
class 0.30422618985176086 48 42 53 49
class 0.7216329574584961 66 46 72 54
class 0.3210884630680084 69 44 75 51
class 0.4977407455444336 75 44 82 52
class 0.8303341865539551 71 42 79 50
class 0.437963604927063 74 41 80 46
class 0.674078643321991 100 47 105 54
class 0.6343082189559937 111 43 116 50
class 0.8090233206748962 118 45 124 53
class 0.5866353511810303 114 44 122 54
class 0.31763970851898193 115 41 122 50
class 0.7683913707733154 131 44 137 53
class 0.6722258925437927 127 45 134 55
class 0.41451162099838257 132 43 138 50
class 0.6945316195487976 138 46 144 54
class 0.6485167741775513 135 45 142 53
class 0.8235697150230408 152 44 158 52
class 0.3458671569824219 148 43 156 52
class 0.5249168872833252 150 40 156 47
class 0.5092805027961731 172 43 178 50
class 0.6030934453010559 168 40 176 49
class 0.5466437339782715 192 41 199 51
class 0.6199074983596802 0 55 5 62
class 0.5639840364456177 0 55 2 66
class 0.6980087757110596 14 55 19 63
class 0.7334018349647522 10 54 17 64
class 0.3440808355808258 12 52 18 59
class 0.6822499632835388 33 57 38 64
class 0.6880717277526855 53 52 59 61
class 0.682167649269104 64 51 70 60
class 0.7548795342445374 80 53 86 61
class 0.8134151697158813 99 56 105 63
class 0.8629564642906189 110 56 117 63
class 0.37492474913597107 107 54 115 63
class 0.8045105338096619 141 55 147 64
class 0.6156728863716125 138 56 145 64
class 0.42510709166526794 144 54 148 60
class 0.5543716549873352 148 52 154 59
class 0.7300969958305359 144 51 152 60
class 0.8834431767463684 175 51 180 58
class 0.7084118723869324 193 57 198 64
class 0.7691056132316589 190 56 197 65
class 0.32683849334716797 194 54 199 61
class 0.9249409437179565 3 66 9 73
class 0.449304461479187 9 64 16 73
class 0.553960919380188 11 60 18 69
class 0.5583016872406006 32 63 37 70
class 0.6866406202316284 28 61 36 71
class 0.6906886100769043 47 67 53 75
class 0.5421832203865051 55 66 61 73
class 0.5271557569503784 51 62 59 72
class 0.438381552696228 68 68 74 76
class 0.42662864923477173 63 68 69 75
class 0.6841552257537842 75 66 81 73
class 0.8257256150245667 71 67 78 75
class 0.7137840390205383 98 68 104 75
class 0.8728065490722656 120 66 127 74
class 0.43346965312957764 125 62 132 71
class 0.6023213267326355 128 60 135 68
class 0.3444528877735138 131 62 138 69
class 0.5511767864227295 133 60 142 70
class 0.7159436941146851 157 64 164 72
class 0.6902042031288147 174 67 180 75
class 0.7674561738967896 184 65 190 73
class 0.513131856918335 180 64 188 74
class 0.33595961332321167 194 67 198 74
class 0.8943131566047668 2 78 9 85
class 0.31957414746284485 0 76 3 87
class 0.8091828227043152 14 75 20 83
class 0.6552913784980774 11 74 18 82
class 0.634453535079956 27 74 33 82
class 0.3808319568634033 37 75 43 82
class 0.45324990153312683 42 76 48 84
class 0.7281919121742249 39 75 45 84
class 0.5976395606994629 90 78 96 86
class 0.7199529409408569 97 76 104 84
class 0.5563099980354309 93 77 101 86
class 0.36700981855392456 100 74 106 81
class 0.7738978266716003 111 75 117 83
class 0.8033947944641113 130 72 136 80
class 0.6096002459526062 152 78 158 86
class 0.8678167462348938 158 75 163 83
class 0.798893392086029 180 78 186 86
class 0.7680524587631226 196 73 199 81
class 0.9072543978691101 2 87 8 94
class 0.3348034918308258 0 87 3 96
class 0.7888801097869873 16 82 22 89
class 0.7104121446609497 26 88 31 96
class 0.6533610820770264 21 86 29 95
class 0.4604770243167877 26 85 33 94
class 0.7301661372184753 36 87 42 94
class 0.4043920040130615 31 86 38 96
class 0.7935881018638611 47 83 53 92
class 0.34211254119873047 42 83 49 92
class 0.6692265272140503 53 85 59 93
class 0.5842419266700745 50 83 57 92
class 0.7045917510986328 99 85 105 93
class 0.4719613790512085 95 84 104 92
class 0.4741794168949127 101 84 110 94
class 0.5522127151489258 133 88 138 95
class 0.7838649153709412 139 88 145 96
class 0.5162269473075867 135 81 145 95
class 0.30558696389198303 140 86 148 95
class 0.7452229857444763 0 95 5 102
class 0.7526924014091492 26 92 32 99
class 0.359489768743515 24 94 31 102
class 0.5564699769020081 38 99 43 106
class 0.7736088037490845 39 100 46 107
class 0.5066009163856506 79 98 85 105
class 0.875734269618988 109 99 115 108
class 0.3364589512348175 110 98 117 105
class 0.4559994637966156 119 99 124 106
class 0.32047203183174133 141 96 147 103
class 0.32451340556144714 139 91 147 100
class 0.5722332000732422 159 96 165 104
class 0.7024506330490112 156 94 163 102
class 0.7402104735374451 193 98 199 106
class 0.32377806305885315 196 97 199 103
class 0.911732017993927 2 109 8 117
class 0.7957234382629395 36 103 42 111
class 0.8554282784461975 47 104 54 112
class 0.9010560512542725 54 109 60 117
class 0.8363894820213318 84 108 91 116
class 0.6664146184921265 96 104 102 111
class 0.7470943927764893 118 107 125 114
class 0.4444800019264221 116 103 123 111
class 0.8169466257095337 142 102 148 110
class 0.7611802220344543 162 107 168 114
class 0.37040063738822937 162 103 168 111
class 0.9210593104362488 174 106 181 114
class 0.38644939661026 176 105 179 111
class 0.7314237356185913 195 109 199 116
class 0.3050254285335541 196 106 199 113
class 0.7642408609390259 17 121 22 128
class 0.8203161954879761 25 121 31 128
class 0.3473064601421356 22 120 28 128
class 0.6231148838996887 69 113 75 121
class 0.4233069121837616 70 115 79 124
class 0.6927034854888916 95 119 101 127
class 0.6754608750343323 92 120 100 128
class 0.7497634887695312 105 115 113 125
class 0.35788044333457947 117 111 125 121
class 0.7653013467788696 131 118 137 126
class 0.7048777341842651 129 116 135 124
class 0.6551045179367065 164 113 169 122
class 0.6726136207580566 172 120 178 128
class 0.6664031147956848 167 119 175 128
class 0.3291528522968292 174 118 180 124
class 0.8276230692863464 183 120 190 128
class 0.4451325237751007 179 118 187 127
class 0.8010127544403076 32 125 39 133
class 0.724945068359375 65 126 71 134
class 0.684913158416748 73 124 80 133
class 0.3516335189342499 91 123 99 132
class 0.8614466786384583 115 125 122 133
class 0.6962628960609436 143 128 149 136
class 0.38469600677490234 140 125 151 135
class 0.6990896463394165 151 132 157 139
class 0.5502626299858093 146 129 153 138
class 0.58600252866745 158 130 165 138
class 0.7321102619171143 156 130 162 140
class 0.466443806886673 171 130 178 138
class 0.7757464647293091 168 128 174 137
class 0.5662084221839905 178 128 184 136
class 0.8047540783882141 176 130 183 140
class 0.7179169654846191 193 129 199 136
class 0.3706270456314087 192 127 199 137
class 0.8147544264793396 11 134 17 142
class 0.7611051797866821 25 139 31 146
class 0.33694007992744446 23 135 31 144
class 0.7858200073242188 35 139 41 147
class 0.4924081563949585 31 140 39 149
class 0.646368682384491 44 138 50 147
class 0.689713716506958 41 140 47 148
class 0.6052021980285645 58 140 64 148
class 0.39453810453414917 53 135 61 144
class 0.47399190068244934 59 142 67 149
class 0.7054734826087952 79 138 86 147
class 0.4249867796897888 82 135 89 142
class 0.7207374572753906 93 141 100 149
class 0.6983838677406311 109 137 115 145
class 0.653588593006134 106 135 113 143
class 0.6020040512084961 113 142 120 149
class 0.6609916687011719 138 139 144 147
class 0.6563704013824463 134 135 145 146
class 0.8734744787216187 162 141 167 148
class 0.5292905569076538 174 134 180 143
class 0.6508435010910034 194 142 199 149
class 0.6223222613334656 191 141 197 150
class 0.7539770603179932 1 147 7 154
class 0.37641969323158264 0 148 3 157
class 0.843413770198822 12 152 17 160
class 0.346440851688385 16 151 21 158
class 0.5739949345588684 32 150 39 157
class 0.6402897834777832 29 147 37 156
class 0.8666405081748962 44 152 51 160
class 0.7818710803985596 84 149 90 157
class 0.44698047637939453 83 146 90 154
class 0.8099968433380127 132 153 138 160
class 0.6227387189865112 141 146 147 153
class 0.429752379655838 137 143 147 154
class 0.8402578830718994 150 151 157 159
class 0.7819840908050537 163 152 169 159
class 0.47007063031196594 160 150 166 159
class 0.7032169699668884 192 152 198 159
class 0.7390558123588562 188 150 194 159
class 0.31292739510536194 195 150 199 155
class 0.4281749129295349 9 155 17 165
class 0.7563520073890686 36 161 43 168
class 0.7888772487640381 52 156 59 165
class 0.3641151487827301 79 158 85 166
class 0.85572749376297 88 162 94 170
class 0.6645210981369019 84 158 91 166
class 0.7572853565216064 111 157 117 165
class 0.8604947328567505 118 162 125 170
class 0.4644263684749603 116 160 122 168
class 0.852090060710907 132 161 138 169
class 0.5202056169509888 147 159 153 166
class 0.3715045750141144 146 155 152 163
class 0.7908264994621277 168 158 176 166
class 0.4184522330760956 167 156 174 164
class 0.35246556997299194 194 156 199 164
class 0.7277072668075562 8 171 14 180
class 0.7801690101623535 46 166 52 174
class 0.7632473111152649 65 172 71 179
class 0.6028269529342651 79 169 85 177
class 0.39659905433654785 75 167 84 178
class 0.7205276489257812 85 171 92 178
class 0.4383247494697571 120 167 126 174
class 0.7176126837730408 147 169 153 178
class 0.32496803998947144 146 168 151 174
class 0.8687525391578674 2 183 7 191
class 0.5350252389907837 0 182 3 192
class 0.7977049946784973 16 178 22 185
class 0.801928699016571 36 181 43 188
class 0.7573715448379517 56 183 62 190
class 0.658288300037384 52 180 59 190
class 0.39324700832366943 53 177 60 186
class 0.4182382822036743 58 181 64 187
class 0.351611852645874 59 178 68 188
class 0.7631042003631592 101 179 107 187
class 0.5987497568130493 109 182 116 189
class 0.3982580602169037 105 182 111 190
class 0.7469322085380554 115 177 122 186
class 0.38579773902893066 148 183 154 191
class 0.7863734364509583 168 183 175 190
class 0.7823647856712341 184 183 190 190
class 0.6818342208862305 193 183 198 190
class 0.587292492389679 189 182 196 191
class 0.9218682050704956 4 193 10 199
class 0.4297347366809845 1 192 4 199
class 0.30299919843673706 7 193 8 198
class 0.8137101531028748 12 193 19 199
class 0.5631308555603027 9 193 16 199
class 0.8181413412094116 35 196 41 199
class 0.770082414150238 31 194 38 199
class 0.4067414402961731 46 194 52 199
class 0.36315107345581055 41 194 50 199
class 0.6629198789596558 58 193 63 199
class 0.460470587015152 53 191 61 199
class 0.6236510276794434 59 193 68 199
class 0.6263637542724609 77 193 83 199
class 0.7772741317749023 74 192 82 199
class 0.6096811294555664 81 192 89 199
class 0.7830430269241333 98 194 104 199
class 0.7369635105133057 111 193 117 199
class 0.6648585200309753 129 193 135 199
class 0.7343176007270813 126 193 133 199
class 0.7014498710632324 141 189 147 196
class 0.5145323276519775 139 188 145 194
class 0.7960578799247742 148 189 155 197
class 0.6915938854217529 164 188 170 195
class 0.7202575206756592 172 192 178 199
class 0.6054697036743164 192 193 197 199
class 0.6898229718208313 188 192 195 199
