class 0.9392877221107483 15 0 21 6
class 0.8039920926094055 26 0 32 5
class 0.8238818645477295 42 2 48 10
class 0.8307525515556335 63 1 69 8
class 0.8038272857666016 85 2 91 9
class 0.8902359008789062 95 4 101 12
class 0.8643204569816589 159 5 166 13
class 0.9505038857460022 1 11 8 19
class 0.9487314820289612 4 25 10 32
class 0.804962694644928 15 22 22 30
class 0.8521692752838135 150 24 157 32
class 0.8545138835906982 5 35 12 43
class 0.8141133189201355 66 36 72 43
class 0.9355092644691467 99 36 105 44
class 0.8109924793243408 142 30 148 38
class 0.8233802318572998 90 41 96 49
class 0.8199309706687927 128 41 134 49
class 0.8732527494430542 5 51 11 58
class 0.878750205039978 151 52 157 60
class 0.8706833124160767 183 57 188 64
class 0.8050293922424316 54 66 60 75
class 0.8054315447807312 89 65 95 73
class 0.8290412425994873 120 66 126 73
class 0.8045130968093872 183 66 188 74
class 0.8208754658699036 9 76 17 87
class 0.861782968044281 172 77 178 85
class 0.8932408094406128 3 86 9 93
class 0.8620573282241821 76 87 82 96
class 0.8552494049072266 88 100 95 107
class 0.835925281047821 111 92 117 100
class 0.8276181817054749 127 94 134 102
class 0.8328158855438232 169 98 175 106
class 0.8548821806907654 97 119 102 127
class 0.8422335386276245 195 128 199 136
class 0.8754671216011047 6 141 12 148
class 0.8310562968254089 79 141 85 149
class 0.8851558566093445 87 136 93 143
class 0.8107179999351501 100 151 105 158
class 0.8639551997184753 131 150 138 158
class 0.8784735798835754 34 161 41 169
class 0.8379012942314148 120 162 126 170
class 0.8879132866859436 157 159 164 168
class 0.8199247121810913 78 168 84 176
class 0.8467437028884888 167 174 174 181
class 0.9143415093421936 3 184 9 191
class 0.8536064028739929 69 183 75 191
class 0.9037725329399109 16 192 22 199
class 0.8616011738777161 67 194 74 199
class 0.853137731552124 117 187 124 196
class 0.8420988917350769 132 188 138 196
