class 0.8318082094192505 26 0 32 5
class 0.8766837120056152 63 1 69 8
class 0.9221843481063843 86 0 92 7
class 0.9320741891860962 95 4 101 12
class 0.8390098810195923 159 5 165 13
class 0.8090016841888428 189 3 194 11
class 0.9207050800323486 0 14 5 22
class 0.9613730311393738 3 25 10 33
class 0.8289989829063416 15 22 22 30
class 0.8859894275665283 150 24 156 32
class 0.8890959024429321 5 35 11 43
class 0.9331482648849487 98 36 104 44
class 0.8024864196777344 115 35 123 42
class 0.8299891948699951 90 40 96 49
class 0.9196513295173645 5 50 11 58
class 0.8909064531326294 182 56 188 64
class 0.8413276076316833 34 66 40 73
class 0.8161045908927917 54 67 60 75
class 0.8102430701255798 88 65 95 72
class 0.8118125796318054 68 73 74 81
class 0.8535071015357971 161 78 166 86
class 0.8745620250701904 174 78 179 85
class 0.8254068493843079 193 77 199 84
class 0.9082374572753906 4 86 11 93
class 0.8081797957420349 67 87 73 95
class 0.9075345993041992 76 87 82 95
class 0.841858983039856 111 92 116 100
class 0.8118435144424438 126 93 133 102
class 0.8554120063781738 170 98 176 106
class 0.8170103430747986 29 120 35 128
class 0.8493661880493164 97 119 103 127
class 0.8502174019813538 66 131 73 139
class 0.8620131015777588 195 128 199 136
class 0.8790656924247742 6 141 12 148
class 0.8154298067092896 182 136 188 144
class 0.8044078350067139 100 151 105 159
class 0.8208608627319336 35 163 42 170
class 0.8655514121055603 122 163 127 171
class 0.8256103992462158 158 160 164 168
class 0.849648654460907 35 172 41 180
class 0.8086161017417908 79 167 85 175
class 0.9134942293167114 3 183 9 191
class 0.8653185367584229 69 184 75 192
class 0.8036010265350342 26 190 32 197
class 0.8122596144676208 36 194 42 199
class 0.8304260969161987 67 195 73 199
class 0.8479015231132507 116 187 123 196
