class 0.8716031312942505 26 0 33 6
class 0.874443769454956 63 2 68 9
class 0.895301878452301 85 0 92 7
class 0.9063124656677246 95 4 101 12
class 0.890071451663971 157 4 164 11
class 0.8620929718017578 0 14 5 22
class 0.8086627125740051 62 13 68 21
class 0.9627500176429749 4 25 10 33
class 0.8538480997085571 16 22 22 30
class 0.8341047167778015 5 35 11 42
class 0.9284295439720154 98 35 105 44
class 0.8461307883262634 90 41 96 49
class 0.8087883591651917 111 47 116 55
class 0.8078532814979553 176 43 182 51
class 0.8799049258232117 4 50 10 57
class 0.8510217070579529 184 67 190 75
class 0.8234841823577881 174 78 179 85
class 0.8170451521873474 193 77 199 84
class 0.8903886079788208 76 87 82 95
class 0.8486301898956299 111 92 117 100
class 0.8422106504440308 170 98 176 106
class 0.8280124068260193 97 118 103 127
class 0.8247032761573792 170 114 176 122
class 0.85209721326828 67 130 73 138
class 0.8257273435592651 194 128 199 136
class 0.8721972703933716 6 141 11 149
class 0.8410516977310181 181 135 188 144
class 0.8137645125389099 36 162 42 170
class 0.8138214349746704 121 163 127 171
class 0.8340593576431274 158 160 164 168
class 0.8607224225997925 36 172 42 180
class 0.8130524158477783 45 172 51 180
class 0.8555740118026733 78 167 85 175
class 0.9180838465690613 3 184 9 192
class 0.855736494064331 69 184 75 191
class 0.846507728099823 26 189 32 196
class 0.8118577599525452 67 194 73 199
class 0.8026742935180664 117 187 124 195
class 0.8309355974197388 132 188 138 195
