class 0.9451619982719421 15 0 21 6
class 0.8838473558425903 26 0 33 6
class 0.8219453692436218 41 2 47 10
class 0.8999248147010803 63 2 69 9
class 0.8754277229309082 95 5 101 12
class 0.802291750907898 153 1 159 8
class 0.8546701073646545 159 5 165 13
class 0.933287501335144 1 11 7 19
class 0.9537814855575562 3 25 10 32
class 0.8459844589233398 150 24 157 32
class 0.9186264276504517 5 35 12 43
class 0.9143638610839844 99 35 105 43
class 0.88511061668396 5 50 11 58
class 0.8261875510215759 150 53 156 60
class 0.8620392680168152 183 57 188 64
class 0.8148437142372131 89 65 95 73
class 0.8064533472061157 122 66 127 75
class 0.8023553490638733 183 66 189 74
class 0.8324503302574158 9 76 17 86
class 0.8032870888710022 161 77 166 85
class 0.862133800983429 172 77 178 85
class 0.9172680974006653 3 87 9 94
class 0.8564876317977905 76 87 82 95
class 0.8074448704719543 88 100 95 107
class 0.874817430973053 111 92 117 100
class 0.8181900978088379 127 93 134 102
class 0.854120135307312 170 98 176 106
class 0.8310713171958923 191 109 196 117
class 0.8772300481796265 97 119 102 127
class 0.8257002830505371 76 128 83 136
class 0.8527618646621704 195 128 199 136
class 0.8591030240058899 6 141 12 149
class 0.8484748601913452 79 141 85 149
class 0.8928102850914001 86 136 92 144
class 0.8441706299781799 131 149 137 157
class 0.8437082767486572 35 162 42 170
class 0.827210009098053 107 162 113 171
class 0.8121466040611267 122 162 128 170
class 0.8011562824249268 129 162 135 170
class 0.8895148038864136 157 160 163 168
class 0.8386557698249817 36 172 42 180
class 0.8583375811576843 78 167 85 175
class 0.8477084636688232 168 174 174 181
class 0.9379412531852722 3 184 9 191
class 0.8671734929084778 69 183 75 191
class 0.8952357172966003 15 193 21 199
class 0.8077923655509949 26 190 32 196
class 0.8688520193099976 67 195 74 199
class 0.8240895867347717 117 187 124 195
class 0.8585164546966553 132 187 138 195
