class 0.8190528154373169 42 2 48 10
class 0.8627877831459045 63 1 69 8
class 0.8936871886253357 86 0 92 7
class 0.9144446849822998 95 4 101 12
class 0.8195047974586487 153 1 159 7
class 0.8389575481414795 159 5 165 13
class 0.8211225867271423 189 4 194 11
class 0.9266954064369202 0 14 5 22
class 0.8446334004402161 62 13 68 21
class 0.964737594127655 3 26 10 33
class 0.804841160774231 15 22 22 30
class 0.845045804977417 150 24 156 32
class 0.899011492729187 5 35 11 43
class 0.8005015254020691 64 36 70 43
class 0.9204829335212708 98 35 104 44
class 0.8287926912307739 141 30 148 37
class 0.8254907131195068 90 41 96 49
class 0.8945153951644897 5 50 11 58
class 0.8970738649368286 183 56 189 64
class 0.8386495113372803 160 77 166 85
class 0.8969092965126038 173 78 179 85
class 0.836001992225647 193 77 199 85
class 0.8967834711074829 4 87 10 94
class 0.8842698931694031 76 87 82 95
class 0.8752453327178955 111 92 117 100
class 0.8291483521461487 126 94 133 102
class 0.8100072145462036 170 98 176 106
class 0.8677247762680054 97 119 102 127
class 0.8383644819259644 194 128 199 135
class 0.8796494007110596 6 141 11 149
class 0.8294340968132019 79 141 86 149
class 0.8189824223518372 181 136 188 144
class 0.8435132503509521 35 163 42 170
class 0.8398560881614685 121 163 127 170
class 0.8723540902137756 158 160 164 168
class 0.8597419857978821 36 172 42 180
class 0.8011221885681152 45 172 51 181
class 0.9283505082130432 4 184 10 192
class 0.8475645184516907 69 184 75 191
class 0.8150264024734497 171 177 177 185
class 0.8142630457878113 26 190 32 197
class 0.852393388748169 68 194 74 199
class 0.8270977735519409 117 187 123 195
class 0.8247497081756592 132 187 138 195
