class 0.8015248775482178 26 0 32 5
class 0.8152729868888855 41 2 47 10
class 0.880217432975769 63 1 69 8
class 0.901246964931488 85 1 92 8
class 0.9219173192977905 95 5 101 12
class 0.8063570857048035 153 1 159 7
class 0.8195527195930481 159 5 165 12
class 0.9363430142402649 0 14 5 22
class 0.9538034796714783 4 25 10 33
class 0.80184006690979 16 22 22 30
class 0.8817910552024841 150 23 156 32
class 0.917945921421051 5 35 12 43
class 0.8175606727600098 66 36 72 43
class 0.9217985272407532 99 36 105 44
class 0.8183097839355469 141 30 148 37
class 0.8195090889930725 90 40 96 49
class 0.9183787107467651 5 50 11 58
class 0.8959228992462158 183 57 188 65
class 0.8036662936210632 34 66 40 73
class 0.8476009368896484 88 65 95 73
class 0.8268663287162781 68 73 74 81
class 0.87652188539505 173 78 179 85
class 0.9164572358131409 4 86 10 93
class 0.8147748112678528 67 87 73 95
class 0.8984550833702087 76 87 82 95
class 0.8646783232688904 111 92 117 100
class 0.845180094242096 170 98 176 106
class 0.8794720768928528 97 119 103 127
class 0.8020286560058594 170 116 176 123
class 0.8033772110939026 77 128 82 136
class 0.8005867600440979 195 128 199 135
class 0.851561427116394 6 141 11 149
class 0.8641101717948914 80 141 85 148
class 0.8182151317596436 86 136 92 144
class 0.8196545243263245 35 163 41 170
class 0.8176287412643433 107 162 113 171
class 0.830230176448822 121 163 127 170
class 0.8557094931602478 158 160 164 168
class 0.8599500060081482 36 172 42 180
class 0.8438746333122253 78 167 85 175
class 0.9251639246940613 3 184 9 192
class 0.8807569742202759 69 184 75 192
class 0.8442208170890808 170 177 177 185
class 0.8457016944885254 67 194 73 199
class 0.839824378490448 117 187 123 195
class 0.8346670866012573 132 187 138 195
