class 0.9211046695709229 3 3 8 10
class 0.9259565472602844 15 0 22 6
class 0.8632304072380066 26 0 32 6
class 0.9006796479225159 42 3 48 10
class 0.8015334606170654 64 2 70 10
class 0.8200241327285767 85 3 91 9
class 0.8953073024749756 95 4 101 12
class 0.8576733469963074 131 2 137 10
class 0.8120622038841248 149 4 156 12
class 0.8552643656730652 160 5 166 13
class 0.9453533887863159 2 13 7 21
class 0.8921387195587158 46 16 52 24
class 0.8143576383590698 139 15 145 23
class 0.9384868741035461 3 24 9 32
class 0.817968487739563 16 23 22 32
class 0.9075521230697632 168 24 177 33
class 0.906843364238739 5 35 11 43
class 0.8090900778770447 66 36 72 44
class 0.9054484367370605 99 36 105 44
class 0.8371360898017883 111 35 117 43
class 0.8197141885757446 142 34 148 42
class 0.8154016733169556 163 35 169 43
class 0.8490282893180847 97 45 104 53
class 0.8245370388031006 159 46 165 54
class 0.8086798787117004 151 55 157 63
class 0.8460472226142883 183 57 188 64
class 0.8212274312973022 54 66 60 74
class 0.8315150737762451 89 65 94 73
class 0.832891583442688 122 66 128 74
class 0.8416808247566223 149 68 156 76
class 0.8486067056655884 183 67 189 75
class 0.8342461585998535 68 73 74 81
class 0.8029279112815857 160 77 166 85
class 0.8104006052017212 193 75 199 83
class 0.8990023732185364 3 85 7 93
class 0.8174100518226624 16 85 21 93
class 0.8537668585777283 77 87 83 96
class 0.8649544715881348 87 88 94 96
class 0.9438487887382507 2 98 8 105
class 0.8928481340408325 16 96 22 104
class 0.8737126588821411 88 99 95 107
class 0.8621698617935181 109 93 115 100
class 0.8324032425880432 170 99 176 107
class 0.9037585854530334 63 104 69 112
class 0.8369921445846558 105 109 111 116
class 0.8461534976959229 53 121 59 127
class 0.8670247197151184 97 120 103 127
class 0.8120974898338318 76 128 82 136
class 0.8819970488548279 6 141 12 149
class 0.9027504920959473 56 138 63 146
class 0.8601469397544861 87 137 93 144
class 0.8313953876495361 99 149 105 157
class 0.8280966281890869 162 152 168 160
class 0.8801986575126648 176 150 183 160
class 0.8651251196861267 4 162 10 170
class 0.8413878679275513 33 161 39 169
class 0.8168700933456421 130 162 135 170
class 0.8123953938484192 126 163 133 171
class 0.8156723976135254 157 160 164 168
class 0.8111277222633362 36 171 42 179
class 0.8182761073112488 77 171 83 179
class 0.8558329343795776 142 170 148 178
class 0.8538610935211182 167 173 173 180
class 0.903974175453186 3 184 9 191
class 0.9127658605575562 16 190 22 197
class 0.8014835715293884 68 194 74 199
class 0.8844596147537231 117 187 124 195
class 0.8043580651283264 132 188 138 195
