class 0.9208918809890747 3 3 9 10
class 0.8748103380203247 15 0 21 5
class 0.8871375322341919 41 2 48 10
class 0.8015546798706055 64 1 70 9
class 0.8585808873176575 86 3 92 10
class 0.9132257699966431 95 5 101 12
class 0.8307580947875977 131 2 137 10
class 0.8028619289398193 150 3 156 11
class 0.8782080411911011 159 5 166 13
class 0.9555134773254395 2 13 8 21
class 0.8774433732032776 45 16 51 24
class 0.8114409446716309 62 14 68 22
class 0.950310230255127 4 25 10 32
class 0.8383878469467163 16 22 22 31
class 0.8814271092414856 168 24 177 33
class 0.9116167426109314 5 36 11 43
class 0.8287079930305481 66 36 72 44
class 0.8813965320587158 98 36 105 44
class 0.8472821116447449 111 34 117 42
class 0.8426447510719299 142 34 148 42
class 0.8497892022132874 163 35 169 43
class 0.8048356771469116 189 34 197 43
class 0.8460003733634949 99 45 104 53
class 0.8252394795417786 159 46 166 54
class 0.8388314843177795 182 57 188 64
class 0.8286519050598145 54 66 60 74
class 0.8454675078392029 88 65 94 73
class 0.807565450668335 99 66 105 75
class 0.8219039440155029 110 65 115 74
class 0.8828009963035583 122 65 127 73
class 0.8787617683410645 150 68 156 76
class 0.8151265382766724 183 67 189 75
class 0.8094596266746521 131 71 137 78
class 0.8275237083435059 160 77 166 85
class 0.8305665850639343 195 77 199 85
class 0.9137811660766602 3 86 8 93
class 0.8007168173789978 16 85 21 93
class 0.8649476766586304 76 88 83 96
class 0.8350695371627808 87 88 93 95
class 0.8004685640335083 138 82 145 90
class 0.9412801861763 2 98 8 105
class 0.8924530744552612 16 96 23 104
class 0.8765822649002075 88 99 95 107
class 0.8409464955329895 109 92 115 100
class 0.8696557283401489 170 99 176 107
class 0.8691136837005615 63 103 69 112
class 0.8046576380729675 106 109 112 117
class 0.8135700821876526 53 120 59 127
class 0.8598683476448059 97 119 103 127
class 0.8342738747596741 114 119 120 126
class 0.8486297726631165 76 129 82 137
class 0.8887817859649658 6 141 12 148
class 0.8664149641990662 57 138 63 146
class 0.816545844078064 86 137 92 145
class 0.8043264746665955 178 139 187 149
class 0.8399408459663391 99 150 104 158
class 0.80394446849823 121 151 126 159
class 0.8284062147140503 161 152 168 160
class 0.9128183126449585 176 150 183 160
class 0.8538424968719482 4 162 10 170
class 0.8299872279167175 33 161 39 170
class 0.8367493152618408 131 161 136 169
class 0.8405628204345703 2 166 8 174
class 0.8639798164367676 36 172 42 180
class 0.831973135471344 77 172 83 180
class 0.8049517869949341 115 172 121 181
class 0.8007734417915344 141 170 147 178
class 0.8268756866455078 167 171 173 179
class 0.906297504901886 3 184 9 191
class 0.9253636598587036 15 190 22 198
class 0.8072258234024048 35 192 42 199
class 0.8094969391822815 68 194 74 199
class 0.8534152507781982 116 187 123 195
class 0.8582577109336853 132 187 138 196
