class 0.8604416847229004 26 0 33 5
class 0.8394560217857361 42 1 48 9
class 0.9077560305595398 63 2 69 8
class 0.8966938853263855 85 0 92 7
class 0.9083850383758545 95 4 101 12
class 0.8340898156166077 153 2 159 9
class 0.8811547160148621 158 4 164 11
class 0.9056786894798279 0 14 5 22
class 0.8219922184944153 80 10 86 18
class 0.9605757594108582 4 26 11 33
class 0.8555524945259094 16 22 22 30
class 0.8749260306358337 5 35 12 42
class 0.9110105037689209 98 35 104 43
class 0.8493750691413879 91 40 96 49
class 0.821449339389801 129 41 135 49
class 0.8728298544883728 4 50 10 58
class 0.8203781843185425 183 66 189 74
class 0.8619893789291382 174 78 179 86
class 0.8145536780357361 193 76 199 84
class 0.8600021600723267 4 84 9 91
class 0.8125755786895752 67 87 73 95
class 0.8890679478645325 76 87 82 96
class 0.8737611174583435 111 92 117 100
class 0.8130521178245544 127 93 133 102
class 0.8369521498680115 170 98 176 106
class 0.8490335941314697 97 119 103 127
class 0.8533613681793213 67 131 73 138
class 0.8180583715438843 194 128 199 136
class 0.8792046308517456 6 141 11 149
class 0.80588299036026 181 136 188 144
class 0.8066316246986389 20 144 28 154
class 0.8579670190811157 36 163 42 170
class 0.8159291744232178 107 162 113 171
class 0.8229520320892334 122 163 127 171
class 0.8290248513221741 158 160 164 168
class 0.8746902346611023 35 172 42 181
class 0.8280545473098755 78 167 85 175
class 0.9119049906730652 4 184 9 192
class 0.8398085832595825 69 184 75 192
class 0.8139917850494385 170 177 177 185
class 0.8409693241119385 26 189 32 196
class 0.8550023436546326 68 194 74 199
class 0.8428985476493835 117 187 124 195
class 0.8166381120681763 132 188 138 195
