class 0.8317875266075134 13 1 20 8
class 0.8761517405509949 41 3 47 10
class 0.8750946521759033 68 4 75 11
class 0.9176846146583557 78 4 84 12
class 0.9455408453941345 183 0 188 5
class 0.8316964507102966 13 11 20 19
class 0.852969229221344 83 13 89 21
class 0.9315592646598816 142 15 147 23
class 0.8246499300003052 159 8 166 16
class 0.8705999255180359 3 22 8 29
class 0.8095515966415405 122 25 127 33
class 0.8317978978157043 170 24 176 32
class 0.8521264791488647 189 44 195 52
class 0.8620990514755249 41 51 48 59
class 0.8712058067321777 106 51 113 60
class 0.8073951005935669 172 57 179 65
class 0.8575544357299805 184 49 190 58
class 0.8497241139411926 22 71 29 80
class 0.8805761337280273 89 77 95 86
class 0.8221867084503174 147 78 154 85
class 0.841770589351654 79 82 84 90
class 0.8390432000160217 152 92 159 99
class 0.8086011409759521 32 108 39 116
class 0.8328450918197632 132 110 138 117
class 0.8481070399284363 10 116 16 124
class 0.8213146328926086 30 119 37 128
class 0.8323248624801636 188 118 196 127
class 0.8994671702384949 5 124 11 132
class 0.8401854634284973 47 125 53 133
class 0.8972607254981995 58 130 64 138
class 0.9027540683746338 182 131 188 138
class 0.9199704527854919 68 141 73 150
class 0.8533487319946289 27 149 32 157
class 0.8957085609436035 58 144 64 153
class 0.8395135402679443 88 149 94 158
class 0.8428016304969788 161 163 167 170
class 0.8511931300163269 185 161 190 169
class 0.892297625541687 5 173 10 180
class 0.8940699696540833 16 173 22 180
class 0.9149866700172424 173 170 180 177
class 0.9016075134277344 108 182 115 190
class 0.8257941603660583 162 176 168 184
class 0.8514400124549866 99 188 106 196
class 0.825584352016449 163 194 169 199
