class 0.8013349771499634 13 2 19 8
class 0.8435824513435364 41 2 47 9
class 0.8372796773910522 69 4 75 11
class 0.9211413860321045 77 4 84 12
class 0.9564945101737976 183 0 189 6
class 0.8156366944313049 4 12 9 19
class 0.8246024250984192 14 11 20 19
class 0.8655130863189697 83 13 89 21
class 0.9010100364685059 142 15 147 23
class 0.8405299782752991 159 8 166 16
class 0.883366048336029 3 22 8 29
class 0.8357203602790833 57 19 64 27
class 0.8085646033287048 140 25 146 33
class 0.8281645774841309 170 24 176 32
class 0.8582124710083008 111 29 117 38
class 0.8397656679153442 189 43 195 52
class 0.8253876566886902 42 52 48 60
class 0.8918811678886414 106 51 112 60
class 0.8024097084999084 171 56 178 64
class 0.8550711274147034 184 50 190 58
class 0.8743634223937988 22 71 29 80
class 0.8688050508499146 90 78 95 86
class 0.8588554859161377 79 82 84 90
class 0.8561501502990723 179 84 185 92
class 0.8512673377990723 152 92 158 100
class 0.8296826481819153 32 108 39 116
class 0.8154054880142212 132 110 138 118
class 0.8264787197113037 168 104 174 112
class 0.8245583772659302 10 115 16 123
class 0.8425775170326233 30 119 37 128
class 0.8042218089103699 171 121 177 128
class 0.8763166666030884 5 124 10 132
class 0.8059467673301697 46 125 52 133
class 0.8891578316688538 58 130 64 138
class 0.8420749306678772 184 131 190 139
class 0.8651881814002991 67 141 73 149
class 0.8856092095375061 58 144 64 153
class 0.8086496591567993 88 149 94 157
class 0.820193886756897 162 163 168 170
class 0.8389113545417786 184 162 189 170
class 0.9190051555633545 4 172 10 180
class 0.8707213401794434 16 172 22 180
class 0.8988739252090454 173 170 180 178
class 0.8204156756401062 43 184 50 191
class 0.8725115656852722 108 182 115 190
class 0.8257560133934021 163 176 169 184
class 0.8006646037101746 124 192 131 199
class 0.8375609517097473 163 194 169 199
