class 0.8420813083648682 14 3 20 9
class 0.8729695081710815 42 2 48 9
class 0.8870881795883179 68 4 75 11
class 0.9205681085586548 78 4 84 12
class 0.8961847424507141 111 2 117 10
class 0.9632480144500732 183 0 189 6
class 0.8408873677253723 83 12 89 21
class 0.9037356972694397 141 15 147 22
class 0.8250665664672852 159 8 166 16
class 0.8528590798377991 3 22 7 29
class 0.8144413828849792 57 20 63 27
class 0.8858391642570496 0 34 4 42
class 0.8068172931671143 179 31 186 39
class 0.8392930626869202 190 45 196 53
class 0.8496346473693848 42 51 48 59
class 0.8765793442726135 106 51 113 59
class 0.8191220760345459 152 52 158 60
class 0.836502730846405 184 50 189 57
class 0.9275574088096619 2 67 7 76
class 0.8230732083320618 153 66 158 74
class 0.8717084527015686 23 77 29 84
class 0.8493966460227966 90 78 95 86
class 0.8003572225570679 79 82 84 90
class 0.9088761806488037 3 98 9 107
class 0.842514157295227 14 93 20 101
class 0.8729678988456726 0 106 4 114
class 0.8259942531585693 33 109 39 116
class 0.8475456833839417 73 108 80 117
class 0.8141637444496155 120 102 127 109
class 0.8006681799888611 132 109 138 117
class 0.8497520089149475 10 115 17 123
class 0.8395419716835022 188 118 195 128
class 0.9277124404907227 5 124 12 132
class 0.8351351022720337 25 125 32 133
class 0.9140464067459106 182 130 188 138
class 0.8098568320274353 38 140 44 148
class 0.8793857097625732 69 141 74 150
class 0.8750540614128113 26 149 32 156
class 0.8767055869102478 57 145 63 154
class 0.8539954423904419 88 149 94 157
class 0.8428700566291809 21 160 27 168
class 0.84986811876297 161 162 167 170
class 0.8249276280403137 172 162 178 169
class 0.8966653347015381 4 173 10 180
class 0.8266106247901917 15 172 22 181
class 0.8249360918998718 146 171 153 179
class 0.8473143577575684 174 171 180 179
class 0.8660838603973389 182 173 189 180
class 0.8136382102966309 57 182 63 190
class 0.8785873055458069 109 182 115 189
class 0.8463736772537231 150 184 157 193
class 0.8307968378067017 99 189 106 196
