class 0.8351466059684753 14 3 20 9
class 0.8060446977615356 26 0 32 6
class 0.8906458616256714 42 2 48 9
class 0.9062668681144714 69 4 75 11
class 0.8988229036331177 78 4 84 12
class 0.8162278532981873 111 3 117 10
class 0.9611685872077942 183 0 189 6
class 0.8376117944717407 4 11 9 19
class 0.881076455116272 83 13 89 21
class 0.9036059975624084 141 15 147 22
class 0.8303287029266357 2 22 7 29
class 0.8418420553207397 141 26 147 33
class 0.8216696381568909 170 24 176 32
class 0.8511334657669067 87 35 93 43
class 0.8288042545318604 95 41 101 49
class 0.8037306666374207 190 45 196 53
class 0.8510568141937256 42 51 48 60
class 0.8571075201034546 106 52 113 59
class 0.877221405506134 172 56 178 64
class 0.8346981406211853 184 50 189 58
class 0.9181399941444397 2 67 8 76
class 0.8437552452087402 23 77 29 85
class 0.8539865612983704 89 78 95 86
class 0.8104332089424133 79 82 84 90
class 0.8959011435508728 3 99 9 107
class 0.8174173831939697 14 94 20 101
class 0.8021678924560547 41 98 49 108
class 0.8482386469841003 0 107 4 114
class 0.8329674601554871 32 109 38 116
class 0.8702918887138367 73 108 80 116
class 0.8113002181053162 169 106 174 114
class 0.8048188090324402 9 115 16 123
class 0.9354050159454346 5 125 11 132
class 0.8684636354446411 25 125 32 133
class 0.808563768863678 46 125 52 133
class 0.8002464771270752 90 131 96 138
class 0.884204626083374 182 130 188 137
class 0.883956789970398 69 142 75 150
class 0.8291418552398682 99 141 105 149
class 0.8034908771514893 130 135 136 142
class 0.9043449759483337 25 146 32 154
class 0.8733464479446411 46 147 52 155
class 0.8959169387817383 58 144 64 153
class 0.8666717410087585 88 150 94 158
class 0.8848263621330261 21 160 27 168
class 0.8230206966400146 162 162 167 169
class 0.8620612621307373 172 162 179 170
class 0.8992999792098999 5 173 10 180
class 0.8331629037857056 16 173 22 181
class 0.8480019569396973 174 171 180 179
class 0.8578269481658936 181 173 188 180
class 0.8043771982192993 41 183 48 191
class 0.8826352953910828 108 183 115 190
class 0.8272281289100647 163 176 169 185
class 0.8099896907806396 15 193 21 199
class 0.829583466053009 99 190 106 196
class 0.8225216269493103 136 193 141 199
