class 0.8747159838676453 14 2 20 9
class 0.8831325769424438 42 2 48 10
class 0.9046122431755066 69 4 75 12
class 0.9233528971672058 78 4 84 12
class 0.8527430891990662 111 3 117 10
class 0.9606990814208984 183 0 189 6
class 0.9122627377510071 141 15 147 22
class 0.832394540309906 160 8 167 16
class 0.8094407320022583 2 22 6 30
class 0.8153116703033447 57 20 63 27
class 0.8055632710456848 141 26 147 33
class 0.8164494037628174 42 51 48 59
class 0.8800477981567383 106 51 113 59
class 0.8403924703598022 171 57 178 64
class 0.8209341764450073 184 49 189 57
class 0.9140272736549377 2 67 7 75
class 0.8334678411483765 153 66 158 74
class 0.8321236371994019 23 77 29 85
class 0.9029713869094849 90 78 96 86
class 0.8355104923248291 79 82 84 90
class 0.9278200268745422 3 99 9 107
class 0.838843822479248 14 93 20 101
class 0.8054246306419373 54 98 61 105
class 0.8139317035675049 137 99 144 107
class 0.8233637809753418 32 108 38 116
class 0.8542982339859009 73 108 80 117
class 0.8050997853279114 119 103 126 110
class 0.8035422563552856 155 106 164 116
class 0.8518974184989929 10 115 16 123
class 0.844019889831543 30 119 37 128
class 0.8293824791908264 188 118 196 128
class 0.9194825887680054 5 125 12 132
class 0.8488596081733704 25 125 32 133
class 0.8233944177627563 46 124 52 133
class 0.9168601036071777 182 130 188 138
class 0.8343689441680908 38 139 44 148
class 0.8706254959106445 68 142 74 150
class 0.8161440491676331 98 141 105 149
class 0.8611180186271667 25 148 32 155
class 0.8643811345100403 57 145 63 153
class 0.8618924021720886 89 150 94 158
class 0.8675091862678528 21 160 27 168
class 0.8506324887275696 162 162 167 170
class 0.8914712071418762 172 162 178 169
class 0.8330819010734558 5 173 10 180
class 0.8506776690483093 16 173 22 181
class 0.8684940934181213 174 171 180 179
class 0.8507735729217529 181 173 188 180
class 0.8189801573753357 58 183 63 190
class 0.8849461674690247 108 183 115 190
class 0.8065308332443237 122 181 127 188
class 0.8186196088790894 99 189 106 196
