class 0.8358909487724304 14 3 20 9
class 0.8710547089576721 42 2 48 9
class 0.8736017942428589 69 5 75 12
class 0.8883387446403503 78 4 84 11
class 0.8353504538536072 111 3 117 10
class 0.9529106020927429 182 0 188 6
class 0.867594838142395 83 13 90 21
class 0.8830119967460632 140 14 146 21
class 0.8168017864227295 160 8 167 16
class 0.8784965872764587 174 14 180 22
class 0.816311240196228 3 22 7 30
class 0.823665976524353 142 26 147 34
class 0.8053406476974487 87 34 93 42
class 0.8311348557472229 94 41 101 49
class 0.8080726861953735 120 45 126 53
class 0.8202843070030212 190 46 196 54
class 0.8174582123756409 42 51 48 59
class 0.8653662800788879 106 52 113 59
class 0.8227308988571167 171 55 178 64
class 0.8422644734382629 184 50 189 57
class 0.9104350209236145 2 68 7 76
class 0.8143735527992249 98 66 104 73
class 0.8201450109481812 153 67 158 75
class 0.8474547266960144 23 77 29 85
class 0.9001021385192871 89 78 95 86
class 0.8045614957809448 185 78 190 85
class 0.8369488716125488 79 82 84 90
class 0.8874034285545349 3 98 9 107
class 0.8050904870033264 14 94 20 102
class 0.8262051939964294 44 99 50 107
class 0.8889841437339783 0 107 4 114
class 0.8359078764915466 33 108 39 116
class 0.8648294806480408 73 109 80 117
class 0.8150047063827515 117 103 124 111
class 0.820379376411438 132 109 138 117
class 0.8245786428451538 193 107 199 116
class 0.8049554228782654 10 115 16 123
class 0.8002381324768066 78 121 84 129
class 0.8030504584312439 145 121 152 129
class 0.8094689249992371 188 119 196 128
class 0.9047062397003174 5 125 12 132
class 0.8618751764297485 25 125 32 133
class 0.8574348092079163 89 131 96 138
class 0.8779594302177429 183 130 188 137
class 0.8480936288833618 38 139 44 148
class 0.8556339740753174 68 142 75 150
class 0.808944582939148 98 140 104 148
class 0.8074511885643005 130 135 136 143
class 0.8880322575569153 25 146 32 154
class 0.8682087063789368 45 148 52 156
class 0.9065868258476257 57 144 64 153
class 0.859656035900116 89 150 94 158
class 0.8899742960929871 21 160 27 168
class 0.8680188655853271 172 162 179 170
class 0.8827506303787231 5 173 10 179
class 0.8255102634429932 16 172 22 180
class 0.8067855834960938 52 171 59 178
class 0.8451518416404724 174 172 179 179
class 0.8313215970993042 181 173 188 180
class 0.8307449221611023 42 183 48 191
class 0.8514692783355713 57 183 63 191
class 0.8985359072685242 108 183 115 190
class 0.81434166431427 163 177 169 184
class 0.8197630047798157 190 177 196 186
class 0.8524627089500427 2 194 8 199
class 0.8503127098083496 15 192 21 199
class 0.8128491044044495 136 193 142 199
