class 0.8837818503379822 41 3 47 10
class 0.8644063472747803 68 4 75 11
class 0.9456579685211182 77 4 84 12
class 0.964536726474762 183 0 189 6
class 0.8404170870780945 83 13 90 22
class 0.9001468420028687 142 15 148 23
class 0.8640761971473694 159 8 166 17
class 0.8912535309791565 3 21 8 29
class 0.8446556925773621 170 24 175 32
class 0.8047822713851929 111 29 117 37
class 0.8076255917549133 150 40 156 49
class 0.8040614724159241 190 44 196 52
class 0.8331398367881775 42 51 48 59
class 0.8042330741882324 67 57 73 65
class 0.8445085883140564 106 52 112 60
class 0.8334408402442932 184 50 190 58
class 0.8151892423629761 90 62 96 69
class 0.8665028214454651 22 71 29 80
class 0.8936027884483337 89 78 94 86
class 0.8030543327331543 148 78 154 86
class 0.8305841088294983 79 82 85 90
class 0.8301137089729309 179 84 186 91
class 0.82599937915802 152 92 158 99
class 0.8160692453384399 33 108 39 116
class 0.8523532152175903 132 110 138 118
class 0.8265102505683899 9 115 17 123
class 0.8559438586235046 31 119 38 128
class 0.882721483707428 5 125 10 132
class 0.8816205859184265 57 130 63 138
class 0.803781270980835 159 129 165 137
class 0.8394455313682556 184 132 190 139
class 0.9160200357437134 68 142 74 150
class 0.8241745233535767 27 150 32 157
class 0.8632696270942688 57 144 64 153
class 0.8232623934745789 162 162 168 170
class 0.8332397937774658 184 161 189 170
class 0.9054550528526306 5 172 10 180
class 0.8479329943656921 16 172 22 180
class 0.9005661606788635 173 170 179 178
class 0.8775366544723511 108 183 115 190
