class 0.8071475625038147 13 1 20 7
class 0.8832083344459534 41 2 48 9
class 0.8862110376358032 69 4 75 11
class 0.9136055111885071 77 4 83 11
class 0.8981356024742126 111 3 117 11
class 0.9435268044471741 183 0 188 6
class 0.8394127488136292 13 11 20 19
class 0.8218541741371155 9 13 16 22
class 0.8541795611381531 83 13 90 21
class 0.9344149231910706 141 15 147 23
class 0.8491856455802917 159 7 167 16
class 0.877061665058136 2 21 8 28
class 0.8302338719367981 11 23 17 31
class 0.8093639612197876 170 24 176 32
class 0.8100751042366028 179 31 186 39
class 0.8003819584846497 120 44 126 52
class 0.8148159384727478 150 40 156 48
class 0.8115111589431763 42 52 48 59
class 0.8889719247817993 106 51 113 60
class 0.802040696144104 172 56 178 64
class 0.8025237321853638 184 50 190 58
class 0.8249121904373169 22 72 28 80
class 0.865050196647644 89 77 95 85
class 0.8376359939575195 79 82 84 90
class 0.8951878547668457 2 99 8 107
class 0.8398813605308533 53 97 60 105
class 0.824729323387146 137 98 143 106
class 0.8117640018463135 152 92 158 99
class 0.8145849108695984 33 109 39 116
class 0.8419120907783508 131 110 138 118
class 0.8845111131668091 9 115 16 123
class 0.8114778995513916 31 120 38 128
class 0.8183740377426147 188 118 195 128
class 0.8987480401992798 5 125 11 132
class 0.8188362121582031 46 125 52 133
class 0.8093657493591309 43 130 49 136
class 0.8462229371070862 58 130 64 138
class 0.9183521866798401 182 130 188 137
class 0.8235114812850952 68 141 74 149
class 0.8387669920921326 27 149 33 157
class 0.882957935333252 57 145 63 153
class 0.8637844324111938 88 150 94 158
class 0.8296504616737366 21 160 27 168
class 0.8527384400367737 162 163 168 170
class 0.8487777709960938 184 162 190 169
class 0.9149317741394043 5 172 10 180
class 0.821755051612854 16 173 22 181
class 0.9073559641838074 173 169 180 177
class 0.8607053160667419 183 172 190 179
class 0.8604848384857178 109 183 116 190
class 0.8436548113822937 99 188 106 195
class 0.8317538499832153 136 194 141 199
class 0.8105725049972534 163 194 169 199
