class 0.8186430335044861 13 2 19 8
class 0.8928238749504089 42 2 47 9
class 0.8998334407806396 68 4 75 11
class 0.9185141921043396 78 4 84 12
class 0.8810139298439026 111 3 117 10
class 0.9468494653701782 183 0 189 6
class 0.8444790840148926 13 11 19 18
class 0.8377928137779236 83 13 89 21
class 0.9280374646186829 141 15 146 23
class 0.9174955487251282 3 22 9 29
class 0.8050685524940491 11 23 18 31
class 0.8316247463226318 57 20 63 27
class 0.8511009812355042 122 26 127 33
class 0.8130728602409363 140 25 146 33
class 0.8116317987442017 195 35 199 43
class 0.806672990322113 120 45 126 53
class 0.8223153352737427 150 40 156 48
class 0.8026331067085266 190 45 196 52
class 0.8436188101768494 42 51 48 59
class 0.9014050960540771 106 51 113 59
class 0.8420328497886658 172 56 178 64
class 0.8559842705726624 184 49 190 57
class 0.8015080690383911 152 66 158 73
class 0.8336880207061768 22 75 28 83
class 0.8909940123558044 89 77 95 86
class 0.8176318407058716 79 82 84 90
class 0.9249074459075928 3 99 9 107
class 0.8699989318847656 14 93 20 101
class 0.8492761254310608 53 97 60 106
class 0.8541540503501892 0 106 4 114
class 0.807457685470581 32 109 39 116
class 0.8035573959350586 68 104 74 111
class 0.8748542070388794 10 116 17 124
class 0.8022066950798035 30 119 37 127
class 0.820332407951355 188 118 196 128
class 0.9287641048431396 5 124 11 132
class 0.8109576106071472 59 130 64 138
class 0.9039626121520996 182 130 188 137
class 0.8625061511993408 68 142 74 149
class 0.8422049880027771 26 149 32 157
class 0.8699197173118591 58 145 64 154
class 0.8581321835517883 88 150 94 158
class 0.8193313479423523 20 160 27 168
class 0.86269611120224 162 163 167 170
class 0.8485704064369202 184 161 190 169
class 0.8833260536193848 5 172 11 180
class 0.8459714651107788 15 173 22 181
class 0.8101565837860107 128 172 134 180
class 0.89117830991745 174 170 180 177
class 0.8977874517440796 183 172 190 180
class 0.8769541382789612 109 182 115 189
class 0.8702712655067444 150 184 157 193
class 0.8379207253456116 99 188 106 196
