class 0.8389678001403809 14 2 20 8
class 0.8480222821235657 42 2 48 9
class 0.8777169585227966 69 4 75 11
class 0.9043455123901367 77 4 83 12
class 0.8708996176719666 111 3 117 10
class 0.9566118121147156 183 0 189 6
class 0.8009724617004395 4 12 10 20
class 0.8379572629928589 14 11 19 18
class 0.8260395526885986 83 13 90 21
class 0.9267352819442749 141 15 147 23
class 0.8299843668937683 158 8 165 16
class 0.8732132315635681 4 22 9 29
class 0.8030319809913635 11 23 17 30
class 0.8262900710105896 57 20 63 27
class 0.8218293190002441 140 25 146 33
class 0.8066022396087646 170 24 176 32
class 0.8200302124023438 69 30 75 38
class 0.8000895977020264 24 44 31 52
class 0.8162933588027954 120 44 126 53
class 0.8119244575500488 150 40 156 49
class 0.8431874513626099 190 43 195 51
class 0.8625001907348633 41 51 48 59
class 0.8026063442230225 67 57 73 65
class 0.8844050168991089 106 51 113 60
class 0.8845276832580566 184 49 190 57
class 0.8012861013412476 74 68 80 75
class 0.8117359280586243 98 66 104 74
class 0.8658552169799805 22 71 29 79
class 0.8883258700370789 90 77 95 86
class 0.8636572360992432 79 82 85 89
class 0.8052034378051758 152 92 159 99
class 0.8172349333763123 0 105 5 113
class 0.8519759774208069 132 110 138 118
class 0.8677074313163757 10 115 17 123
class 0.8236353993415833 188 117 196 127
class 0.8859257698059082 5 125 11 132
class 0.8275012373924255 47 124 53 133
class 0.852637529373169 59 130 64 138
class 0.8335937857627869 117 124 123 132
class 0.9015834331512451 182 130 188 138
class 0.8806173205375671 68 142 74 149
class 0.8126022815704346 27 150 32 157
class 0.8853938579559326 57 145 63 153
class 0.8421518802642822 88 149 94 157
class 0.8116757869720459 20 160 27 168
class 0.8386313915252686 161 163 168 170
class 0.8300319314002991 185 161 190 169
class 0.8137858510017395 5 173 10 180
class 0.8450461030006409 15 173 21 181
class 0.8276519179344177 146 171 152 179
class 0.8870612382888794 173 169 180 177
class 0.8694063425064087 108 182 115 190
class 0.8120484352111816 99 188 106 196
