class 0.8574786186218262 41 4 47 11
class 0.8558351993560791 68 4 75 11
class 0.9168573617935181 77 4 83 12
class 0.8071368932723999 146 2 153 10
class 0.9461081624031067 183 0 189 5
class 0.8120753169059753 4 11 9 19
class 0.8197115063667297 14 11 20 18
class 0.8566118478775024 83 13 90 21
class 0.9204422831535339 142 15 148 22
class 0.8091769814491272 159 7 166 16
class 0.906669557094574 2 22 7 30
class 0.8162276744842529 57 19 63 27
class 0.8511144518852234 169 24 175 32
class 0.8521338105201721 179 30 186 38
class 0.8176881670951843 150 40 156 48
class 0.8753153681755066 41 51 48 59
class 0.852882981300354 67 57 73 65
class 0.8620947599411011 77 51 83 59
class 0.8278303146362305 106 52 112 60
class 0.8484948873519897 184 50 190 58
class 0.8116637468338013 152 67 158 74
class 0.8543796539306641 22 71 29 80
class 0.8870592713356018 89 78 95 86
class 0.8376975059509277 79 81 85 90
class 0.8625513911247253 179 83 186 91
class 0.8149892091751099 151 92 157 99
class 0.8122900128364563 32 108 38 116
class 0.8359575271606445 132 110 137 118
class 0.8508745431900024 10 115 16 123
class 0.901067852973938 5 125 11 133
class 0.8582114577293396 55 130 62 138
class 0.8385249376296997 184 131 190 139
class 0.8899139165878296 67 141 73 150
class 0.8103201985359192 27 149 33 156
class 0.8150026202201843 57 145 63 154
class 0.8015294671058655 162 163 168 170
class 0.8714282512664795 184 161 190 169
class 0.8843371272087097 5 172 10 180
class 0.8274802565574646 16 172 22 180
class 0.8781815767288208 173 170 180 177
class 0.865881085395813 108 183 114 190
class 0.8365543484687805 163 176 169 184
class 0.8184913992881775 124 192 130 199
