class 0.8737558126449585 23 3 29 11
class 0.7216601371765137 33 0 39 5
class 0.9267509579658508 88 5 94 12
class 0.8721461892127991 100 0 106 7
class 0.8359707593917847 139 5 146 12
class 0.5800667405128479 152 2 158 9
class 0.690834105014801 155 0 161 6
class 0.8017532229423523 170 1 176 8
class 0.33921948075294495 169 0 175 5
class 0.6407315731048584 179 5 185 12
class 0.7063458561897278 189 5 195 12
class 0.8132997155189514 33 15 39 22
class 0.804950475692749 120 13 126 21
class 0.510964572429657 132 16 138 23
class 0.47274982929229736 139 9 145 16
class 0.41367781162261963 134 9 143 19
class 0.6146517395973206 149 11 156 18
class 0.7691897749900818 147 7 154 16
class 0.7105153203010559 157 14 164 22
class 0.8532862067222595 183 14 189 22
class 0.3497750759124756 180 9 189 19
class 0.47875863313674927 183 12 192 20
class 0.3366525173187256 190 10 196 17
class 0.4275038242340088 187 7 197 16
class 0.8232178688049316 11 23 17 31
class 0.47640088200569153 60 18 70 28
class 0.5537320971488953 80 25 86 33
class 0.760518491268158 105 23 112 31
class 0.7457506060600281 127 21 134 28
class 0.8519965410232544 150 18 156 27
class 0.6871713995933533 171 22 177 30
class 0.7114362120628357 167 22 175 32
class 0.4047163128852844 172 22 181 31
class 0.7942823767662048 38 31 44 39
class 0.4318797290325165 47 35 53 43
class 0.40845391154289246 53 36 59 44
class 0.6386265754699707 51 36 56 45
class 0.8202423453330994 64 34 71 43
class 0.32491421699523926 69 32 74 40
class 0.7827884554862976 88 33 94 41
class 0.3824019432067871 85 30 93 39
class 0.5032132267951965 92 36 101 44
class 0.8127470016479492 146 35 153 43
class 0.411878764629364 161 28 169 36
class 0.8640927076339722 168 36 175 44
class 0.8217473030090332 184 29 190 37
class 0.7843844890594482 3 44 10 52
class 0.8204437494277954 15 46 21 54
class 0.5817288160324097 10 42 17 53
class 0.7075559496879578 21 42 28 50
class 0.5690209865570068 19 44 26 52
class 0.8596469163894653 54 41 61 49
class 0.4373691976070404 51 43 58 51
class 0.6347083449363708 68 42 74 50
class 0.48247048258781433 65 40 72 47
class 0.5564738512039185 74 41 81 50
class 0.6673560738563538 71 41 78 49
class 0.7216048240661621 85 45 91 54
class 0.6754766702651978 99 46 105 54
class 0.5812692046165466 96 45 103 53
class 0.4233582019805908 97 40 103 48
class 0.37566885352134705 101 43 106 51
class 0.7801470160484314 131 47 137 55
class 0.5009948015213013 127 47 134 55
class 0.836758553981781 159 40 165 49
class 0.446845680475235 160 40 163 45
class 0.6844192147254944 193 45 199 53
class 0.5886842608451843 189 42 197 52
class 0.646126925945282 0 55 5 62
class 0.35717692971229553 0 54 2 62
class 0.6171932816505432 49 55 57 64
class 0.7633975744247437 64 51 70 59
class 0.7366966009140015 98 52 104 60
class 0.3929372727870941 94 53 102 61
class 0.48284009099006653 95 50 103 57
class 0.8422005772590637 109 57 116 65
class 0.4179328680038452 107 55 114 64
class 0.3272269368171692 121 54 127 61
class 0.6367238163948059 123 50 130 60
class 0.7341903448104858 141 54 147 61
class 0.5037707686424255 146 50 153 57
class 0.7829811573028564 162 57 168 64
class 0.326081246137619 164 55 169 61
class 0.7572683095932007 172 55 178 62
class 0.40466567873954773 168 51 174 61
class 0.6602606177330017 180 52 186 60
class 0.49578991532325745 177 53 184 62
class 0.7043235898017883 190 55 198 63
class 0.32509830594062805 191 51 198 60
class 0.3797295391559601 195 53 199 61
class 0.8776501417160034 1 62 6 69
class 0.40768247842788696 0 63 2 72
class 0.8378325700759888 36 68 42 75
class 0.519839346408844 48 64 54 72
class 0.3089107573032379 46 60 56 71
class 0.7382528781890869 66 68 71 75
class 0.6903736591339111 63 64 70 73
class 0.7016409039497375 74 64 80 73
class 0.7157352566719055 72 66 78 75
class 0.7198970913887024 89 66 94 74
class 0.6053150296211243 85 63 93 72
class 0.5660226941108704 91 61 99 71
class 0.8205201029777527 115 61 122 70
class 0.474749892950058 144 61 152 69
class 0.4747055470943451 171 66 177 74
class 0.5840602517127991 168 68 175 76
class 0.6999887228012085 176 62 182 70
class 0.3178047239780426 191 60 198 68
class 0.8139863014221191 0 77 5 84
class 0.7638245224952698 24 77 30 84
class 0.7643308639526367 32 77 38 85
class 0.7620655298233032 47 75 52 83
class 0.45377209782600403 44 71 52 80
class 0.7931392788887024 56 76 62 84
class 0.3370303809642792 55 72 61 83
class 0.5672041177749634 57 75 65 83
class 0.7684532999992371 69 74 74 82
class 0.48886704444885254 72 77 78 86
class 0.7986845970153809 84 77 90 86
class 0.8092207312583923 97 78 103 86
class 0.6034500598907471 104 69 113 80
class 0.7078773975372314 135 70 143 80
class 0.4061683118343353 154 71 163 80
class 0.8163025379180908 168 75 174 84
class 0.6794184446334839 196 78 199 85
class 0.38068804144859314 194 76 199 83
class 0.7683181166648865 0 84 5 91
class 0.8124254941940308 15 83 20 90
class 0.4215460419654846 12 85 20 94
class 0.7181356549263 31 81 37 89
class 0.7934998869895935 44 87 50 95
class 0.5292546153068542 43 83 51 90
class 0.8424898386001587 58 86 64 95
class 0.36569979786872864 54 85 62 95
class 0.4749852418899536 65 86 71 93
class 0.5177603363990784 60 84 69 95
class 0.5810752511024475 62 80 71 91
class 0.6981258988380432 77 83 83 90
class 0.7483237385749817 85 84 91 91
class 0.8391093015670776 107 83 114 90
class 0.4829689562320709 104 84 111 92
class 0.8180813789367676 120 87 127 95
class 0.8408414721488953 128 88 135 96
class 0.8238592147827148 143 82 149 90
class 0.8523877263069153 151 82 158 90
class 0.4761471748352051 146 82 155 92
class 0.3917655944824219 196 83 199 90
class 0.3501356244087219 4 94 9 101
class 0.7261549234390259 8 91 15 100
class 0.7573118209838867 34 93 40 101
class 0.43523073196411133 31 95 39 104
class 0.7415725588798523 41 98 49 107
class 0.7334140539169312 65 93 72 101
class 0.7461405992507935 83 96 90 104
class 0.39870700240135193 101 94 107 102
class 0.7478584051132202 120 95 126 104
class 0.7133927345275879 132 99 138 107
class 0.6801213622093201 171 90 177 100
class 0.8633922338485718 17 110 22 118
class 0.799377977848053 28 106 36 115
class 0.8639450073242188 46 109 52 116
class 0.7590060830116272 64 108 70 115
class 0.7729941606521606 83 104 91 112
class 0.796829342842102 100 108 106 116
class 0.3913217782974243 102 105 109 113
class 0.7466240525245667 131 108 137 116
class 0.3612142503261566 132 106 138 113
class 0.30961570143699646 133 107 141 117
class 0.7579027414321899 171 104 178 112
class 0.7450383305549622 168 102 175 111
class 0.755551278591156 182 109 187 117
class 0.5107814073562622 178 108 185 117
class 0.3828401267528534 179 105 186 112
class 0.32140010595321655 185 107 189 114
class 0.6933532953262329 190 107 195 115
class 0.8691028952598572 38 119 44 126
class 0.47890082001686096 49 114 57 123
class 0.8220973610877991 64 115 70 123
class 0.7454193830490112 126 118 133 127
class 0.8324131369590759 144 116 152 128
class 0.5968305468559265 157 115 163 123
class 0.685917317867279 177 112 183 121
class 0.30701106786727905 179 113 183 119
class 0.582093358039856 1 129 6 136
class 0.41755300760269165 0 127 3 139
class 0.7413538098335266 10 129 16 136
class 0.8816922903060913 26 126 32 134
class 0.30900514125823975 26 125 30 130
class 0.5344247221946716 143 130 148 138
class 0.6408408284187317 152 130 158 138
class 0.5025978088378906 146 128 153 138
class 0.7730798721313477 155 128 162 138
class 0.33071523904800415 156 124 163 134
class 0.6049349904060364 171 126 177 134
class 0.5980157256126404 168 124 176 134
class 0.8043120503425598 177 130 183 139
class 0.7980146408081055 192 130 197 137
class 0.7480948567390442 189 128 196 137
class 0.7831341028213501 44 135 50 144
class 0.6653834581375122 41 136 47 144
class 0.5858213901519775 66 137 72 145
class 0.5468971133232117 61 136 68 144
class 0.32068467140197754 64 135 70 143
class 0.4690708816051483 70 136 78 144
class 0.7002660632133484 99 138 105 145
class 0.48908326029777527 98 134 106 142
class 0.5676794052124023 111 135 116 143
class 0.5986408591270447 118 141 125 149
class 0.5318936705589294 114 137 121 146
class 0.45069193840026855 142 135 148 142
class 0.8338618874549866 153 140 159 148
class 0.35693028569221497 150 138 157 147
class 0.8282535076141357 162 141 168 149
class 0.5333784818649292 157 140 165 149
class 0.7866067886352539 181 138 188 145
class 0.7139607667922974 6 147 12 154
class 0.6280432939529419 7 150 15 159
class 0.6010729670524597 24 146 30 154
class 0.5020829439163208 21 145 28 153
class 0.7798766493797302 63 150 69 158
class 0.8174530863761902 101 145 107 153
class 0.7281923294067383 120 145 126 152
class 0.7954873442649841 133 151 138 158
class 0.4080173671245575 136 149 142 156
class 0.6358375549316406 159 145 165 153
class 0.6438098549842834 12 159 19 166
class 0.6708362102508545 10 157 18 165
class 0.35476115345954895 28 156 36 164
class 0.8726967573165894 69 162 74 170
class 0.4807778298854828 66 159 73 168
class 0.4244435429573059 71 160 79 169
class 0.7297914624214172 86 161 93 169
class 0.575612485408783 83 158 91 168
class 0.7143809199333191 107 159 114 167
class 0.46217161417007446 108 158 119 169
class 0.7388810515403748 117 162 122 169
class 0.7243309617042542 190 160 196 169
class 0.515095055103302 189 156 196 166
class 0.7672815918922424 0 170 5 177
class 0.4742799997329712 16 166 22 173
class 0.4240720570087433 31 167 38 175
class 0.6360085010528564 28 166 36 173
class 0.5568801760673523 55 172 62 179
class 0.6649683117866516 51 170 59 179
class 0.3716489374637604 57 170 64 178
class 0.44632917642593384 60 170 67 179
class 0.619719922542572 88 166 94 173
class 0.7379067540168762 138 172 144 179
class 0.7848390340805054 149 170 156 177
class 0.7745057344436646 172 173 178 180
class 0.8440862894058228 195 171 199 179
class 0.634223222732544 16 183 23 191
class 0.8251689076423645 53 181 59 189
class 0.8870308995246887 76 183 82 190
class 0.5647616982460022 72 179 80 188
class 0.7550674080848694 101 183 106 191
class 0.31322982907295227 99 180 107 189
class 0.6792113184928894 109 179 115 187
class 0.521457314491272 103 178 110 187
class 0.6956830620765686 137 181 143 189
class 0.8263189196586609 150 183 156 190
class 0.7283543944358826 184 178 190 186
class 0.8845823407173157 3 191 9 198
class 0.5169704556465149 0 192 4 199
class 0.6666797399520874 34 194 39 199
class 0.7627497315406799 73 193 80 199
class 0.7436985373497009 122 193 127 199
class 0.7686837315559387 129 190 135 197
class 0.5325522422790527 124 189 133 198
class 0.30512532591819763 159 194 165 199
class 0.8170636892318726 155 194 162 199
class 0.35738757252693176 169 194 175 199
class 0.5841492414474487 166 194 173 199
class 0.6064508557319641 185 188 191 195
class 0.7270389795303345 190 191 196 198
class 0.6973788738250732 187 189 194 198
