class 0.8895136713981628 23 3 29 10
class 0.8026164174079895 36 0 41 5
class 0.8957289457321167 88 4 95 11
class 0.8460776805877686 100 1 106 7
class 0.32233861088752747 102 0 109 6
class 0.8343548774719238 139 5 145 12
class 0.3994911015033722 152 2 158 9
class 0.6539335250854492 155 0 162 6
class 0.7827713489532471 170 0 177 8
class 0.4597836136817932 180 5 186 13
class 0.4214797019958496 178 6 183 12
class 0.6250962018966675 191 3 196 11
class 0.5934452414512634 189 5 195 11
class 0.83087158203125 120 14 126 21
class 0.6582137942314148 138 8 145 17
class 0.802039384841919 146 6 155 18
class 0.8047495484352112 157 14 164 22
class 0.6995017528533936 183 8 189 16
class 0.33106040954589844 190 10 196 18
class 0.4910352826118469 187 9 194 17
class 0.8418656587600708 11 22 18 31
class 0.34193187952041626 63 22 70 30
class 0.5582812428474426 62 18 69 25
class 0.6032812595367432 80 25 86 34
class 0.8073768615722656 106 23 112 31
class 0.8570730090141296 126 20 133 29
class 0.8500039577484131 150 19 157 27
class 0.4054102599620819 162 25 168 33
class 0.5478138327598572 170 23 176 30
class 0.7464969158172607 166 23 175 33
class 0.6176754236221313 174 21 184 31
class 0.41892948746681213 51 37 56 44
class 0.7299663424491882 67 30 74 38
class 0.5628071427345276 95 36 102 44
class 0.8506338596343994 146 34 153 43
class 0.8742561936378479 169 36 175 44
class 0.8197571635246277 185 29 190 37
class 0.8238954544067383 3 45 10 52
class 0.32664716243743896 0 46 3 55
class 0.7778685092926025 15 46 21 54
class 0.6067143678665161 10 43 16 53
class 0.7155827283859253 22 43 28 50
class 0.6199212074279785 19 45 26 52
class 0.8472225666046143 54 41 61 48
class 0.5000098347663879 51 43 58 50
class 0.6178752183914185 69 42 75 50
class 0.5161888003349304 74 41 81 50
class 0.6970457434654236 71 40 78 49
class 0.7298905253410339 85 46 92 54
class 0.6431801915168762 98 46 105 54
class 0.5109919905662537 95 45 102 54
class 0.39439597725868225 96 40 103 49
class 0.3866795003414154 100 43 106 52
class 0.8178195357322693 132 47 138 55
class 0.39342546463012695 129 46 136 55
class 0.7670173645019531 159 40 165 49
class 0.7679772973060608 193 44 199 53
class 0.5908175110816956 191 40 198 50
class 0.6183924674987793 0 52 5 59
class 0.3565814197063446 48 52 55 60
class 0.5453665256500244 52 55 59 62
class 0.5498455762863159 49 55 57 65
class 0.7619771361351013 65 50 71 59
class 0.7918325066566467 98 52 104 60
class 0.5207316279411316 95 49 103 57
class 0.7937713265419006 109 57 116 65
class 0.44022053480148315 106 54 115 64
class 0.4933428466320038 120 54 126 61
class 0.43122634291648865 122 49 131 59
class 0.6766840219497681 139 53 146 61
class 0.7899263501167297 161 56 167 65
class 0.3493920564651489 163 54 169 61
class 0.7854703664779663 172 54 178 61
class 0.4907817840576172 167 50 174 61
class 0.5743778944015503 178 54 184 61
class 0.8227149248123169 191 56 198 64
class 0.37370431423187256 195 54 199 61
class 0.7871748805046082 36 68 42 75
class 0.5285930037498474 48 64 54 72
class 0.30368492007255554 45 61 56 71
class 0.7580009698867798 66 68 72 76
class 0.7713354229927063 63 66 70 74
class 0.8032652139663696 74 64 80 73
class 0.724538266658783 72 66 79 75
class 0.6137321591377258 89 64 94 72
class 0.5412327647209167 84 62 92 70
class 0.6726413369178772 90 62 100 71
class 0.7009934782981873 116 60 122 69
class 0.6406261324882507 170 67 176 74
class 0.7650562524795532 167 68 175 76
class 0.5729825496673584 176 62 183 69
class 0.7408294677734375 1 76 5 84
class 0.730405867099762 32 78 38 85
class 0.7322293519973755 47 75 52 83
class 0.39097148180007935 45 71 52 80
class 0.8113921284675598 56 76 62 84
class 0.444403737783432 57 75 65 83
class 0.8205757141113281 69 74 75 82
class 0.37377700209617615 71 77 78 86
class 0.8087876439094543 85 77 91 86
class 0.5759507417678833 103 71 111 79
class 0.6452800035476685 136 71 143 80
class 0.6658620834350586 154 71 162 80
class 0.7290762066841125 168 75 174 84
class 0.6160995364189148 196 77 199 84
class 0.7727980017662048 1 83 6 90
class 0.3304224908351898 0 84 3 91
class 0.901455283164978 16 82 21 90
class 0.4838821291923523 13 86 20 94
class 0.35224005579948425 31 85 38 92
class 0.636654794216156 28 83 37 91
class 0.5271798372268677 31 82 36 88
class 0.7800017595291138 45 88 51 95
class 0.716780424118042 42 85 50 94
class 0.7540493607521057 59 86 64 94
class 0.4312070608139038 63 86 69 93
class 0.7568629384040833 59 83 68 94
class 0.7179447412490845 76 82 83 91
class 0.7365692853927612 85 84 91 91
class 0.8876990079879761 107 82 113 89
class 0.4101775884628296 122 88 128 95
class 0.8244426250457764 128 89 135 96
class 0.6338533759117126 143 83 149 89
class 0.8047309517860413 149 82 156 90
class 0.5527275204658508 146 82 154 91
class 0.35201334953308105 196 82 199 89
class 0.7523494958877563 8 92 15 100
class 0.6726637482643127 34 94 41 102
class 0.7253372669219971 41 97 48 107
class 0.831237256526947 66 92 73 100
class 0.6822506189346313 83 97 90 105
class 0.6455243229866028 100 93 107 101
class 0.8012233972549438 119 94 126 102
class 0.7773951292037964 132 99 138 107
class 0.6757503747940063 172 92 177 100
class 0.8470923900604248 17 110 22 118
class 0.8383120894432068 46 107 52 115
class 0.3336874544620514 44 102 51 112
class 0.7232245802879333 65 110 71 117
class 0.6284031867980957 84 103 91 112
class 0.7584688067436218 131 108 137 116
class 0.357802152633667 132 106 137 113
class 0.5139034986495972 133 107 141 117
class 0.6068361401557922 170 104 177 112
class 0.7051424384117126 167 101 175 111
class 0.7234666347503662 182 109 188 116
class 0.5287803411483765 178 108 187 118
class 0.6880778670310974 190 106 195 114
class 0.6911402344703674 188 107 194 117
class 0.8546267747879028 38 119 43 127
class 0.6757901906967163 49 114 57 124
class 0.728162944316864 63 115 70 123
class 0.7549346089363098 124 119 131 129
class 0.7892018556594849 144 117 152 128
class 0.6143956780433655 155 113 163 123
class 0.7005671858787537 179 113 186 121
class 0.5010149478912354 2 128 7 136
class 0.3891865313053131 0 127 3 138
class 0.6452571749687195 10 128 16 135
class 0.8529728651046753 26 125 32 133
class 0.6398522257804871 143 131 149 139
class 0.5515509843826294 142 130 147 138
class 0.44537433981895447 145 128 151 138
class 0.7270515561103821 155 129 162 138
class 0.6355831027030945 168 124 176 133
class 0.6141796708106995 177 131 183 139
class 0.8058310747146606 196 130 199 138
class 0.7870242595672607 44 136 50 144
class 0.6342492699623108 41 136 47 145
class 0.6234633326530457 66 137 73 146
class 0.6430774331092834 61 135 68 144
class 0.6712960004806519 99 137 105 145
class 0.45838165283203125 98 134 105 142
class 0.47137853503227234 142 135 148 142
class 0.8369285464286804 153 139 159 147
class 0.38226792216300964 151 138 157 147
class 0.5942772030830383 159 140 165 148
class 0.46183496713638306 155 141 162 148
class 0.7547949552536011 181 137 188 145
class 0.6811195015907288 8 151 16 161
class 0.6779890060424805 23 146 29 153
class 0.7693725228309631 63 151 69 158
class 0.7873579263687134 101 145 107 154
class 0.7469908595085144 120 145 126 152
class 0.6438890695571899 158 144 165 153
class 0.6286978125572205 11 157 18 165
class 0.7481281757354736 86 161 93 170
class 0.5754044651985168 83 159 91 168
class 0.5849661827087402 111 160 117 168
class 0.5852771401405334 108 160 114 167
class 0.8081944584846497 117 162 122 170
class 0.5349032878875732 114 162 120 169
class 0.6568218469619751 0 171 4 178
class 0.514910101890564 16 166 23 173
class 0.6178775429725647 28 166 36 173
class 0.6136340498924255 55 171 62 179
class 0.7480398416519165 52 170 59 178
class 0.4657008945941925 60 169 66 178
class 0.5844089984893799 88 166 95 173
class 0.8044617176055908 137 171 144 179
class 0.7873801589012146 150 170 156 177
class 0.7604328989982605 172 173 178 180
class 0.8230183124542236 195 171 199 178
class 0.3265547752380371 193 167 199 175
class 0.6882883310317993 16 184 23 191
class 0.5066660046577454 15 182 20 190
class 0.8478058576583862 74 178 80 187
class 0.30372750759124756 74 178 78 183
class 0.7444719672203064 101 183 106 190
class 0.6860473155975342 109 180 115 188
class 0.5036839842796326 103 179 110 188
class 0.40891486406326294 106 177 113 186
class 0.6962074041366577 136 182 142 190
class 0.8418363332748413 150 183 156 190
class 0.7327995896339417 184 178 189 186
class 0.6557203531265259 34 194 40 199
class 0.7747305035591125 73 193 80 199
class 0.6821876168251038 121 193 127 199
class 0.7219488620758057 129 190 135 197
class 0.6236313581466675 124 190 133 199
class 0.40606746077537537 159 194 165 199
class 0.7955340147018433 155 194 163 199
class 0.555149495601654 166 194 173 199
class 0.7316190004348755 190 191 196 199
class 0.653226912021637 187 189 194 197
