class 0.8800298571586609 34 0 40 5
class 0.9136460423469543 88 5 94 12
class 0.8346608281135559 100 0 106 7
class 0.724159300327301 140 5 146 11
class 0.3332362174987793 152 2 157 8
class 0.6240781545639038 155 0 162 4
class 0.7566336989402771 191 5 195 12
class 0.38568925857543945 189 8 191 11
class 0.7966296076774597 119 14 125 21
class 0.6105706095695496 135 8 145 18
class 0.8079403042793274 147 6 155 17
class 0.8345436453819275 157 14 164 22
class 0.5926387906074524 189 9 195 17
class 0.3934100270271301 188 9 192 14
class 0.8587443232536316 11 23 17 31
class 0.350308358669281 63 22 70 30
class 0.5905223488807678 61 19 69 28
class 0.5700224041938782 80 25 86 33
class 0.7599061131477356 106 23 112 31
class 0.8368142247200012 127 21 133 29
class 0.8553152084350586 150 19 157 27
class 0.5033097863197327 162 26 168 33
class 0.42790651321411133 170 22 176 28
class 0.6055466532707214 166 23 174 32
class 0.4006105661392212 175 21 184 30
class 0.6657872200012207 67 31 74 39
class 0.6126208305358887 93 36 101 44
class 0.8468672633171082 146 35 153 43
class 0.8549050092697144 169 36 176 44
class 0.8178229331970215 184 29 190 37
class 0.868998110294342 2 45 9 53
class 0.4330000579357147 1 46 3 56
class 0.4595956802368164 15 46 21 54
class 0.3782215118408203 10 42 16 51
class 0.684732973575592 22 43 28 51
class 0.6272855401039124 19 45 26 53
class 0.8330963253974915 53 41 61 49
class 0.542236328125 51 43 58 51
class 0.6921286582946777 69 42 74 49
class 0.4062625467777252 67 40 73 46
class 0.39959147572517395 73 41 81 50
class 0.7097751498222351 70 40 78 49
class 0.7620729207992554 85 45 91 54
class 0.6915369033813477 99 46 105 54
class 0.5467345118522644 96 45 102 54
class 0.3823630213737488 97 41 102 48
class 0.34396180510520935 101 44 106 51
class 0.8158866763114929 132 47 138 54
class 0.6087661385536194 130 45 137 52
class 0.8235629796981812 159 40 165 49
class 0.6959066987037659 191 41 198 50
class 0.7263743877410889 0 51 4 59
class 0.37680384516716003 0 52 2 61
class 0.47308364510536194 52 55 59 62
class 0.5432393550872803 50 55 57 65
class 0.7740545868873596 64 50 70 59
class 0.7528694868087769 98 52 105 60
class 0.5960466265678406 95 51 102 58
class 0.8018934726715088 110 57 116 65
class 0.44337400794029236 106 54 114 63
class 0.7218297719955444 138 54 146 61
class 0.35899487137794495 139 51 146 59
class 0.38528889417648315 142 53 149 61
class 0.7575209736824036 161 56 167 65
class 0.3339681029319763 163 54 169 62
class 0.7564435005187988 171 54 177 61
class 0.635255753993988 167 51 174 62
class 0.542819619178772 177 49 185 61
class 0.7667120099067688 191 56 198 65
class 0.33182787895202637 194 54 199 62
class 0.8115374445915222 36 68 42 75
class 0.7121745944023132 48 66 54 73
class 0.4312361478805542 45 62 56 72
class 0.3510359823703766 51 59 58 68
class 0.7227756977081299 66 69 72 75
class 0.6765053272247314 64 66 70 75
class 0.6073367595672607 78 61 84 69
class 0.3146078884601593 73 63 81 73
class 0.3493380844593048 84 62 90 70
class 0.475466787815094 81 60 89 69
class 0.7327058911323547 116 61 122 70
class 0.775728702545166 167 67 175 77
class 0.6328312754631042 176 62 183 70
class 0.7955667972564697 0 77 5 85
class 0.6352425217628479 31 77 38 85
class 0.7651215195655823 55 74 61 82
class 0.7871124148368835 53 73 60 84
class 0.3019784390926361 58 74 65 82
class 0.7032014727592468 68 73 74 80
class 0.6390759348869324 105 75 111 83
class 0.5971989035606384 154 70 162 80
class 0.7439456582069397 168 76 174 84
class 0.45864155888557434 196 77 199 83
class 0.6930564641952515 0 83 4 89
class 0.8515346050262451 15 82 21 90
class 0.4550667107105255 13 86 21 94
class 0.5747337937355042 30 81 36 89
class 0.7744487524032593 45 87 52 95
class 0.5443606376647949 43 82 52 91
class 0.7838669419288635 60 84 68 94
class 0.543867826461792 61 81 69 91
class 0.7469819784164429 76 83 83 91
class 0.7847053408622742 86 83 92 90
class 0.3373473286628723 101 88 107 95
class 0.8088909983634949 105 82 112 90
class 0.4882681667804718 103 84 110 93
class 0.34565436840057373 122 89 127 96
class 0.836056113243103 127 88 133 96
class 0.7732031941413879 149 82 155 92
class 0.7652906775474548 10 92 17 101
class 0.6681047081947327 34 94 41 102
class 0.7107776999473572 40 97 49 106
class 0.8094605207443237 66 92 73 100
class 0.8231775164604187 84 98 90 105
class 0.39926421642303467 101 93 107 100
class 0.8158610463142395 119 93 126 101
class 0.7483860850334167 172 92 177 100
class 0.7790479063987732 17 110 22 117
class 0.7859497666358948 45 107 52 114
class 0.31538674235343933 43 102 51 112
class 0.7091759443283081 65 110 71 118
class 0.7731665372848511 129 108 135 116
class 0.5715794563293457 133 108 141 116
class 0.4996107518672943 169 104 176 112
class 0.7394266724586487 166 102 174 111
class 0.7701110243797302 182 109 188 117
class 0.3445766866207123 179 104 188 115
class 0.3102354109287262 182 106 191 116
class 0.6954086422920227 191 105 196 113
class 0.7047854661941528 188 106 195 115
class 0.8252443671226501 38 119 43 126
class 0.47053810954093933 53 115 59 123
class 0.7243755459785461 49 114 57 124
class 0.4323505759239197 61 114 69 122
class 0.736890971660614 157 114 164 122
class 0.3272940218448639 158 114 161 119
class 0.582791268825531 176 113 184 121
class 0.5748212337493896 2 129 6 136
class 0.5274327993392944 0 126 3 138
class 0.7278419733047485 9 128 16 135
class 0.6749574542045593 143 130 148 138
class 0.6012552976608276 141 129 146 137
class 0.355517715215683 145 129 151 137
class 0.698901355266571 157 129 163 136
class 0.7341359257698059 155 130 162 139
class 0.5984779596328735 171 126 177 134
class 0.6264746785163879 168 124 175 132
class 0.48421233892440796 177 131 183 139
class 0.7463988661766052 196 130 199 137
class 0.6569709777832031 67 138 74 146
class 0.5883703827857971 63 136 69 143
class 0.8338832259178162 100 135 106 142
class 0.3478764295578003 120 142 126 149
class 0.6685645580291748 154 140 160 149
class 0.7825053930282593 158 141 164 148
class 0.7495962381362915 181 137 187 145
class 0.676486611366272 8 151 16 161
class 0.6119335889816284 24 146 30 154
class 0.7267487049102783 119 145 126 152
class 0.5664017796516418 13 159 20 166
class 0.617638885974884 10 156 18 164
class 0.3624158501625061 28 156 36 164
class 0.6093632578849792 86 161 93 169
class 0.5900505781173706 82 158 91 167
class 0.553695559501648 111 161 117 168
class 0.4123498797416687 109 159 115 167
class 0.6313744187355042 113 162 120 169
class 0.827745258808136 0 170 4 177
class 0.4512011706829071 17 166 23 173
class 0.6373974680900574 28 166 35 173
class 0.7110942006111145 89 165 95 174
class 0.8368970155715942 137 172 144 180
class 0.8044226169586182 151 172 157 179
class 0.7381004691123962 172 173 178 180
class 0.8338137865066528 195 170 199 178
class 0.7067503929138184 17 184 22 191
class 0.535041868686676 15 182 20 190
class 0.8242642283439636 73 178 80 186
class 0.31288212537765503 74 177 78 183
class 0.7071537971496582 101 183 107 190
class 0.6811988353729248 109 180 115 188
class 0.5911331176757812 103 179 110 188
class 0.3930637538433075 106 176 113 186
class 0.7408167123794556 136 181 143 189
class 0.8109333515167236 150 182 155 190
class 0.8156983852386475 184 176 190 185
class 0.7901614904403687 34 194 40 199
class 0.7370868921279907 73 193 79 199
class 0.8148768544197083 130 188 136 196
class 0.5918440222740173 155 194 163 199
class 0.7445777654647827 190 190 196 198
class 0.743211567401886 187 188 193 196
