class 0.817155122756958 34 0 40 5
class 0.9121854305267334 88 5 95 12
class 0.8580467700958252 100 1 106 7
class 0.33791980147361755 102 1 108 6
class 0.8394815325737 140 5 146 12
class 0.3645201623439789 152 3 157 9
class 0.7011489272117615 155 0 162 6
class 0.8180020451545715 169 0 176 6
class 0.6822329163551331 188 6 194 12
class 0.8417681455612183 120 14 126 21
class 0.627488374710083 135 7 144 17
class 0.7812842130661011 147 6 155 17
class 0.803082287311554 157 14 164 22
class 0.5739108920097351 187 9 194 17
class 0.8340333104133606 11 23 17 32
class 0.3639427125453949 63 21 70 29
class 0.5991308093070984 60 19 69 27
class 0.5721967220306396 80 25 86 33
class 0.803348958492279 106 23 112 31
class 0.8492612838745117 126 21 133 29
class 0.8254871368408203 150 19 157 27
class 0.4806773364543915 147 20 155 28
class 0.4676138162612915 162 26 169 34
class 0.5457693934440613 169 22 176 29
class 0.7148116230964661 166 23 175 32
class 0.4715108573436737 175 21 184 30
class 0.6907581090927124 67 31 74 38
class 0.572586715221405 93 36 101 44
class 0.842610776424408 146 35 153 43
class 0.8834335803985596 168 36 175 44
class 0.8190063238143921 184 29 190 37
class 0.9016619324684143 2 45 9 53
class 0.4262944161891937 0 46 3 55
class 0.7823400497436523 15 46 21 55
class 0.5938346982002258 10 43 17 52
class 0.7310356497764587 21 43 28 51
class 0.6011902093887329 19 45 26 52
class 0.8630650639533997 54 41 61 48
class 0.4865328371524811 51 42 59 50
class 0.6471224427223206 69 41 74 50
class 0.32723793387413025 66 40 72 46
class 0.5228346586227417 73 41 81 50
class 0.7514730095863342 71 40 77 48
class 0.7728519439697266 85 45 91 53
class 0.719356119632721 99 46 105 54
class 0.5055440664291382 96 45 102 54
class 0.37783175706863403 97 41 102 47
class 0.3824373781681061 101 44 106 51
class 0.8147205710411072 132 47 138 55
class 0.7493624091148376 159 39 165 49
class 0.6892293691635132 192 41 198 50
class 0.714817464351654 0 52 5 60
class 0.6430327892303467 49 55 57 64
class 0.7355872988700867 65 51 71 59
class 0.7473452687263489 98 51 104 60
class 0.6358103156089783 94 51 102 58
class 0.8218647837638855 110 57 116 65
class 0.4752146601676941 106 54 115 63
class 0.7183398008346558 138 54 146 61
class 0.40386489033699036 142 53 149 61
class 0.3709200918674469 144 57 151 66
class 0.788676917552948 161 57 167 64
class 0.3418003022670746 164 54 169 61
class 0.8113055229187012 172 54 178 61
class 0.4205745458602905 168 51 175 61
class 0.5890504717826843 178 50 185 60
class 0.7952044606208801 191 56 198 65
class 0.33249786496162415 194 55 199 62
class 0.7931177616119385 36 67 42 74
class 0.6413198113441467 47 65 54 73
class 0.34120506048202515 45 62 56 72
class 0.7956018447875977 66 69 72 76
class 0.7579275965690613 64 66 69 75
class 0.7263716459274292 75 64 81 72
class 0.6503864526748657 72 66 79 75
class 0.527013897895813 85 63 90 71
class 0.5689917206764221 82 62 89 70
class 0.7748745679855347 116 62 122 70
class 0.6418944001197815 170 67 176 74
class 0.6967846751213074 167 67 175 76
class 0.628517746925354 176 62 183 70
class 0.7736570239067078 0 77 5 84
class 0.6854345202445984 32 77 38 85
class 0.7349884510040283 47 77 52 85
class 0.810827910900116 56 74 61 82
class 0.7678483724594116 53 73 60 84
class 0.7094464898109436 69 74 74 81
class 0.45288965106010437 71 77 78 85
class 0.4104432761669159 87 76 92 84
class 0.6171999573707581 103 72 110 82
class 0.4591579735279083 154 71 162 80
class 0.7564079165458679 168 75 174 84
class 0.6194219589233398 196 77 199 85
class 0.799098789691925 0 83 5 90
class 0.3430749773979187 0 84 3 92
class 0.8349118232727051 14 83 20 91
class 0.5552960634231567 12 87 19 95
class 0.5818620324134827 30 80 37 89
class 0.7760664224624634 45 88 51 95
class 0.49389299750328064 43 82 51 90
class 0.6393212080001831 59 87 65 95
class 0.830054521560669 60 84 67 93
class 0.5479267239570618 61 82 68 89
class 0.715567946434021 76 82 83 91
class 0.7864434719085693 86 83 92 91
class 0.8776013851165771 107 82 113 90
class 0.4561319053173065 104 83 112 92
class 0.4571586847305298 122 89 128 96
class 0.8075207471847534 128 88 134 95
class 0.632455587387085 143 82 149 89
class 0.8159424066543579 149 83 155 91
class 0.6320682168006897 145 83 153 92
class 0.8164520859718323 10 93 17 100
class 0.7256788611412048 34 93 41 102
class 0.7043140530586243 41 98 49 106
class 0.8687286376953125 67 92 73 100
class 0.8627640008926392 84 97 90 105
class 0.4076343774795532 83 95 90 102
class 0.46883851289749146 100 93 107 100
class 0.8103912472724915 119 93 126 101
class 0.867811381816864 131 100 138 108
class 0.8127173185348511 171 92 177 101
class 0.33934736251831055 169 94 176 103
class 0.840114951133728 17 110 22 118
class 0.8336319327354431 46 105 52 113
class 0.3464421033859253 45 102 50 111
class 0.7612836360931396 65 110 71 117
class 0.5284231901168823 84 104 91 112
class 0.7681344151496887 130 108 137 117
class 0.3309614658355713 133 107 138 114
class 0.4883834719657898 133 108 141 117
class 0.5797444581985474 170 104 177 112
class 0.6764616370201111 167 102 174 111
class 0.7014234662055969 181 109 187 117
class 0.4289584159851074 179 104 187 115
class 0.6876451969146729 190 106 196 114
class 0.7611340880393982 188 107 195 116
class 0.8813124895095825 38 119 44 126
class 0.6884526610374451 49 114 57 124
class 0.709894061088562 64 117 70 124
class 0.3583398759365082 64 113 70 121
class 0.753836989402771 157 114 163 122
class 0.7177479863166809 179 113 186 121
class 0.5476464033126831 1 129 6 136
class 0.4429048001766205 0 128 2 138
class 0.7123258709907532 10 128 16 135
class 0.38063663244247437 26 125 32 132
class 0.6796820163726807 142 131 148 139
class 0.3552061915397644 151 130 158 137
class 0.4838046729564667 146 128 152 137
class 0.7114859819412231 155 129 162 138
class 0.5689952969551086 168 124 176 132
class 0.5666874647140503 177 131 183 139
class 0.692503035068512 196 130 199 136
class 0.4466257691383362 45 135 51 143
class 0.30469849705696106 42 136 49 144
class 0.6532734036445618 67 138 74 145
class 0.6247015595436096 63 136 69 143
class 0.5029690861701965 71 136 77 143
class 0.7073972225189209 100 136 106 144
class 0.479405015707016 99 134 105 141
class 0.8056279420852661 154 141 159 148
class 0.7516576647758484 158 140 164 148
class 0.3222482204437256 156 136 162 144
class 0.746694028377533 181 137 188 144
class 0.658085286617279 7 151 16 161
class 0.6176537275314331 24 146 30 154
class 0.4522484540939331 23 144 28 151
class 0.8110564947128296 101 145 107 153
class 0.7328739166259766 120 145 126 152
class 0.552319347858429 12 159 20 166
class 0.6534776091575623 10 157 18 164
class 0.635752260684967 86 160 93 169
class 0.6272713541984558 82 158 91 166
class 0.5737825632095337 111 160 117 168
class 0.7584705352783203 116 161 122 169
class 0.7946183085441589 0 170 4 177
class 0.3729497790336609 17 166 23 173
class 0.508600115776062 28 166 35 174
class 0.6354008913040161 56 172 63 179
class 0.7432463765144348 54 170 60 178
class 0.744704008102417 89 165 95 173
class 0.8303970694541931 137 172 144 180
class 0.8059715032577515 151 172 157 178
class 0.5643516778945923 173 173 179 180
class 0.8360057473182678 195 170 199 178
class 0.6738582253456116 16 183 22 191
class 0.8500415682792664 73 178 80 186
class 0.32605302333831787 74 177 78 183
class 0.7287195920944214 101 183 107 191
class 0.6528093218803406 109 178 115 187
class 0.5025539994239807 103 178 110 187
class 0.35172414779663086 106 177 112 185
class 0.34485945105552673 112 176 119 185
class 0.7323861122131348 136 181 143 189
class 0.8353673219680786 150 183 156 190
class 0.7618064284324646 183 178 189 186
class 0.6911173462867737 35 194 41 199
class 0.7148467898368835 71 192 79 199
class 0.7722727656364441 129 189 136 197
class 0.6825665235519409 127 190 134 199
class 0.49603480100631714 159 194 165 199
class 0.7516693472862244 155 193 163 199
class 0.6702714562416077 185 189 191 196
class 0.6818119287490845 190 191 196 199
class 0.6118700504302979 187 189 194 198
