class 0.5310298204421997 1 1 5 7
class 0.8078922629356384 23 4 29 12
class 0.6461277008056641 32 0 38 5
class 0.5861236453056335 57 0 62 6
class 0.7677839994430542 68 0 75 7
class 0.3124787211418152 74 0 80 6
class 0.44839784502983093 70 0 78 6
class 0.9498209953308105 88 5 94 12
class 0.8963226079940796 100 0 106 7
class 0.7063353657722473 120 3 126 11
class 0.38859495520591736 118 1 124 8
class 0.844014585018158 140 5 145 12
class 0.651107132434845 152 2 158 10
class 0.6918994784355164 155 0 162 8
class 0.7729811668395996 168 1 174 9
class 0.7331017851829529 166 3 172 11
class 0.735811710357666 177 2 183 9
class 0.6635366678237915 189 4 195 12
class 0.898228645324707 0 12 5 20
class 0.5634362101554871 0 12 3 21
class 0.343936562538147 3 12 5 21
class 0.7972744703292847 28 13 33 21
class 0.8574914336204529 31 14 38 22
class 0.34886741638183594 53 12 58 20
class 0.7934614419937134 49 11 56 21
class 0.6811515688896179 79 15 84 23
class 0.6743919849395752 76 13 83 22
class 0.8659037351608276 120 12 126 20
class 0.6016539335250854 131 15 137 24
class 0.6104743480682373 137 9 143 17
class 0.6017493605613708 135 11 141 20
class 0.7550708055496216 147 6 155 17
class 0.7340077757835388 159 11 166 19
class 0.7812255024909973 157 13 164 23
class 0.7884770035743713 173 14 178 22
class 0.5495468974113464 169 9 178 20
class 0.4027892053127289 172 11 181 20
class 0.7942907214164734 182 14 188 21
class 0.6309443712234497 177 13 186 23
class 0.33520999550819397 179 9 187 19
class 0.5020747780799866 183 11 191 19
class 0.6488710641860962 193 14 199 21
class 0.515856146812439 189 12 196 22
class 0.41668465733528137 190 8 198 17
class 0.477526992559433 193 11 199 19
class 0.8439188599586487 11 23 17 30
class 0.3264394998550415 36 24 42 32
class 0.5589807629585266 61 17 69 26
class 0.6484125256538391 79 24 85 32
class 0.6422868371009827 95 22 102 30
class 0.6478206515312195 92 19 100 30
class 0.7968080043792725 105 23 111 31
class 0.7019691467285156 129 21 136 29
class 0.6893932223320007 126 20 133 29
class 0.36008766293525696 129 19 134 26
class 0.8336219787597656 151 18 157 27
class 0.5878632664680481 147 19 154 28
class 0.5649164915084839 162 25 168 34
class 0.3510860502719879 158 23 166 32
class 0.7182585597038269 171 23 178 30
class 0.757231593132019 167 24 175 33
class 0.40604469180107117 174 22 180 28
class 0.5362040400505066 174 20 185 31
class 0.4615578055381775 4 35 7 42
class 0.7919536232948303 16 36 21 44
class 0.343244731426239 12 35 18 45
class 0.6522753834724426 25 37 31 44
class 0.49614396691322327 22 36 28 44
class 0.7654861807823181 38 32 44 40
class 0.3011500835418701 44 36 51 42
class 0.44853460788726807 53 36 59 44
class 0.6739460229873657 50 35 57 45
class 0.8485639691352844 64 34 70 43
class 0.7549802660942078 87 33 93 41
class 0.5159804821014404 84 29 91 38
class 0.625973105430603 94 36 101 44
class 0.7682299017906189 125 35 132 44
class 0.4830130338668823 141 32 147 39
class 0.5473044514656067 136 28 144 38
class 0.7485053539276123 147 35 153 43
class 0.8768249750137329 169 36 175 44
class 0.7085617184638977 185 31 190 39
class 0.3417951464653015 183 29 189 37
class 0.3951558768749237 191 36 196 43
class 0.6789092421531677 186 35 194 44
class 0.8167563676834106 4 45 9 52
class 0.4744163751602173 1 43 4 54
class 0.43658873438835144 5 44 7 51
class 0.7271617650985718 13 45 19 54
class 0.6720794439315796 9 44 16 54
class 0.334841787815094 16 44 21 51
class 0.7376351356506348 22 42 29 50
class 0.7454736828804016 19 45 27 54
class 0.7497640252113342 45 45 51 53
class 0.3971085548400879 47 43 54 51
class 0.8374435901641846 54 42 60 50
class 0.4115622937679291 51 44 58 52
class 0.5042474269866943 53 40 58 47
class 0.6881581544876099 68 44 74 52
class 0.38865599036216736 66 41 72 47
class 0.440826952457428 69 42 75 49
class 0.47625333070755005 75 41 82 49
class 0.5686475038528442 71 40 78 49
class 0.7518423199653625 84 44 90 52
class 0.6466381549835205 98 45 105 54
class 0.5073089003562927 96 40 103 48
class 0.4312359690666199 122 47 128 54
class 0.7708004713058472 130 46 136 54
class 0.3130536675453186 126 45 134 55
class 0.583720862865448 151 46 157 54
class 0.36987361311912537 147 45 156 55
class 0.7610629796981812 159 41 165 49
class 0.6346262097358704 184 46 189 54
class 0.61106276512146 193 45 198 52
class 0.5276543498039246 188 43 196 52
class 0.4485612213611603 191 40 196 47
class 0.34736621379852295 195 43 199 49
class 0.8382771611213684 2 56 7 63
class 0.5104476809501648 0 54 3 64
class 0.30008095502853394 4 55 6 61
class 0.3138546943664551 16 54 21 61
class 0.5014398694038391 27 57 32 64
class 0.556734025478363 33 57 39 63
class 0.3448929190635681 52 54 59 61
class 0.5479844808578491 49 55 57 63
class 0.34740087389945984 51 50 57 58
class 0.7823150753974915 64 51 70 59
class 0.31674203276634216 78 57 83 65
class 0.7132707238197327 98 52 104 60
class 0.5250516533851624 94 52 102 61
class 0.8794022798538208 109 57 115 66
class 0.7315332889556885 123 51 130 59
class 0.628192663192749 141 55 147 63
class 0.5440064668655396 147 51 153 59
class 0.48051396012306213 144 53 153 63
class 0.7080375552177429 163 56 168 64
class 0.305755615234375 161 54 170 61
class 0.7941280007362366 172 57 178 64
class 0.3921283185482025 169 54 175 63
class 0.6887646317481995 181 52 186 60
class 0.49705857038497925 177 54 185 63
class 0.7357151508331299 193 55 198 63
class 0.6870007514953613 190 54 197 62
class 0.43576163053512573 191 51 197 59
class 0.39385145902633667 195 53 199 61
class 0.7981918454170227 3 63 8 70
class 0.43393006920814514 0 64 3 74
class 0.3309996426105499 1 63 3 70
class 0.8704989552497864 12 66 18 75
class 0.8433688282966614 27 67 32 75
class 0.4384668171405792 24 67 30 75
class 0.32919320464134216 27 64 33 71
class 0.762573778629303 34 68 41 76
class 0.5083358883857727 30 66 38 75
class 0.41798514127731323 47 63 53 71
class 0.4253964126110077 49 60 58 70
class 0.8211357593536377 66 67 72 75
class 0.5813039541244507 63 65 70 73
class 0.5247324705123901 74 65 80 72
class 0.7094420194625854 72 66 78 74
class 0.5766014456748962 75 61 80 69
class 0.7043130993843079 89 66 94 74
class 0.45947110652923584 85 64 93 72
class 0.7189892530441284 98 67 104 74
class 0.4684705138206482 93 65 100 74
class 0.32484662532806396 94 62 101 71
class 0.34664392471313477 100 65 105 72
class 0.5731872916221619 102 67 109 75
class 0.8068075776100159 116 62 122 70
class 0.5380036234855652 142 63 148 70
class 0.5128452777862549 139 59 148 68
class 0.5258049368858337 143 61 153 70
class 0.3211495876312256 174 64 179 72
class 0.7066187858581543 175 61 183 71
class 0.72630375623703 1 76 5 84
class 0.3308086395263672 0 76 3 86
class 0.7932834029197693 24 77 30 86
class 0.7441332340240479 21 78 28 86
class 0.8179731369018555 33 75 40 83
class 0.7181439995765686 31 78 37 85
class 0.8114802837371826 47 74 53 81
class 0.30225256085395813 44 71 51 80
class 0.77769935131073 57 76 62 84
class 0.6704025864601135 53 76 60 85
class 0.3219173848628998 55 72 62 83
class 0.5082293748855591 69 74 74 83
class 0.5280075669288635 75 76 81 84
class 0.7935425639152527 72 76 78 83
class 0.47018730640411377 74 72 79 79
class 0.3039701282978058 80 75 84 81
class 0.54537034034729 85 76 92 84
class 0.8130088448524475 82 77 88 85
class 0.8535910844802856 96 78 102 86
class 0.6212970614433289 107 76 113 85
class 0.43822723627090454 103 71 112 81
class 0.7630656957626343 138 71 144 79
class 0.7898434996604919 135 70 142 79
class 0.48703646659851074 154 72 162 80
class 0.8606475591659546 169 75 175 83
class 0.3771882951259613 196 77 199 84
class 0.8157979846000671 1 85 6 92
class 0.4155789613723755 0 83 3 93
class 0.6194702982902527 16 83 21 91
class 0.3319424092769623 12 85 18 94
class 0.334830105304718 13 81 20 89
class 0.6747885346412659 23 83 30 90
class 0.5344690084457397 18 83 27 92
class 0.7708838582038879 35 88 41 96
class 0.5594647526741028 31 86 38 95
class 0.4361404776573181 32 83 39 92
class 0.477324515581131 36 86 43 94
class 0.817125678062439 44 88 50 95
class 0.6701977849006653 40 87 48 96
class 0.4051350951194763 42 83 49 93
class 0.8230041861534119 57 85 63 93
class 0.4527219831943512 53 85 61 94
class 0.3474980890750885 55 82 61 90
class 0.5607157349586487 65 85 71 93
class 0.7127624750137329 78 83 84 91
class 0.5167213082313538 78 81 82 88
class 0.7072039842605591 86 85 92 92
class 0.4291522204875946 84 82 91 91
class 0.5193479061126709 101 85 106 93
class 0.3046800494194031 106 84 112 91
class 0.6483421325683594 102 84 110 92
class 0.6388715505599976 105 81 112 89
class 0.8070518970489502 119 88 125 95
class 0.40069761872291565 122 87 127 92
class 0.6737997531890869 130 89 136 97
class 0.34799250960350037 126 88 133 97
class 0.8041882514953613 142 87 148 94
class 0.5742676258087158 138 88 145 96
class 0.7138001322746277 151 83 157 91
class 0.46032997965812683 146 82 155 93
class 0.3880198001861572 187 84 190 90
class 0.6032916903495789 190 86 195 94
class 0.8309220671653748 186 86 193 95
class 0.5357078909873962 5 94 11 101
class 0.8612538576126099 14 93 20 100
class 0.722959041595459 10 92 16 102
class 0.3297516703605652 16 94 21 102
class 0.6047793030738831 34 94 40 102
class 0.4886113703250885 31 95 39 104
class 0.8223519325256348 42 98 49 105
class 0.831754744052887 58 99 64 107
class 0.6286488175392151 66 93 73 101
class 0.31407222151756287 62 96 69 104
class 0.852744996547699 77 96 84 105
class 0.569124698638916 74 94 81 102
class 0.6771754026412964 84 96 91 104
class 0.4571232199668884 82 97 88 107
class 0.5586778521537781 83 92 89 102
class 0.7378864288330078 95 98 103 107
class 0.8105279207229614 110 94 116 102
class 0.804745078086853 119 96 125 104
class 0.4608134627342224 115 95 123 105
class 0.6346822381019592 132 97 138 105
class 0.3937285244464874 132 94 139 102
class 0.49195125699043274 136 96 142 104
class 0.6501011848449707 171 93 177 101
class 0.8296994566917419 16 110 22 118
class 0.5227976441383362 27 104 33 112
class 0.6328475475311279 32 106 39 115
class 0.8168309330940247 47 109 53 117
class 0.7450903654098511 63 107 70 115
class 0.7548500299453735 83 104 90 112
class 0.7704147696495056 99 108 105 116
class 0.5933937430381775 105 104 112 112
class 0.704416811466217 130 107 136 115
class 0.474445641040802 128 102 137 113
class 0.8139602541923523 172 104 178 112
class 0.7119458913803101 169 103 176 111
class 0.7833490967750549 183 109 189 118
class 0.37373316287994385 179 109 185 117
class 0.3457983136177063 185 107 190 114
class 0.6280379891395569 191 106 196 114
class 0.5007147789001465 189 106 194 114
class 0.6571139693260193 190 103 195 110
class 0.9203492403030396 1 115 6 123
class 0.3545385003089905 0 116 2 125
class 0.8573005795478821 24 121 30 128
class 0.8150907754898071 38 119 43 127
class 0.7038773894309998 46 116 53 124
class 0.4702000021934509 41 117 47 126
class 0.8565481305122375 66 120 73 127
class 0.7280166745185852 64 119 70 126
class 0.4300318658351898 68 118 74 126
class 0.7304339408874512 95 119 101 127
class 0.7085440754890442 127 117 133 125
class 0.5531694293022156 123 119 131 128
class 0.8118610382080078 144 116 152 126
class 0.32131361961364746 147 115 153 123
class 0.6889099478721619 157 115 163 123
class 0.4202897250652313 157 114 162 119
class 0.6714059114456177 177 115 183 124
class 0.4232969582080841 179 114 183 119
class 0.5716847777366638 193 116 198 124
class 0.5739271640777588 191 113 197 121
class 0.6146798729896545 1 128 5 135
class 0.5514891743659973 0 126 2 139
class 0.5523270964622498 10 129 17 136
class 0.8372398018836975 27 129 33 137
class 0.3294847309589386 68 128 73 135
class 0.6890631318092346 111 131 117 139
class 0.3763276934623718 108 128 115 138
class 0.49213165044784546 124 123 131 131
class 0.6447056531906128 141 131 146 139
class 0.7381490468978882 138 129 145 138
class 0.34516939520835876 141 129 149 137
class 0.6778168082237244 151 131 157 138
class 0.5693991184234619 147 128 153 137
class 0.3091517984867096 157 127 163 135
class 0.7986345291137695 155 128 161 137
class 0.5925573110580444 170 126 177 134
class 0.6040787696838379 167 124 175 133
class 0.8148389458656311 177 128 183 137
class 0.4378267526626587 178 125 184 133
class 0.7690336108207703 192 130 197 137
class 0.3826538622379303 191 126 196 133
class 0.3043456971645355 4 140 7 147
class 0.7754564881324768 44 136 50 144
class 0.7440893650054932 41 137 47 146
class 0.3917306065559387 66 138 73 146
class 0.3697107136249542 61 136 69 145
class 0.4256553649902344 71 136 77 144
class 0.6826038956642151 100 137 105 146
class 0.484325647354126 97 133 106 144
class 0.7594236135482788 111 137 117 146
class 0.4892655313014984 120 141 126 149
class 0.5923259258270264 114 139 121 149
class 0.4278838336467743 127 140 134 147
class 0.6144940257072449 124 136 131 146
class 0.43967026472091675 139 139 145 147
class 0.36004823446273804 137 140 143 149
class 0.839789092540741 154 139 159 148
class 0.528127908706665 151 140 157 147
class 0.8298136591911316 162 141 168 148
class 0.552706778049469 157 141 164 148
class 0.7898668646812439 182 137 188 145
class 0.3087056875228882 188 135 195 143
class 0.6540762782096863 6 147 10 155
class 0.45654210448265076 11 151 17 158
class 0.6367624998092651 8 149 14 159
class 0.5476973652839661 24 147 30 154
class 0.4600776731967926 21 145 28 152
class 0.6896716356277466 63 150 70 158
class 0.7163761854171753 60 150 67 159
class 0.3285641372203827 61 145 68 156
class 0.6619524359703064 76 152 83 160
class 0.6266680359840393 73 152 80 160
class 0.8380693197250366 101 146 107 154
class 0.7470467686653137 120 145 126 152
class 0.8232119083404541 132 151 138 158
class 0.46247580647468567 130 148 136 157
class 0.7204922437667847 137 148 143 156
class 0.5480824708938599 134 149 141 157
class 0.7803177237510681 158 146 164 154
class 0.3728850483894348 191 152 196 158
class 0.4914708435535431 188 151 195 161
class 0.7954089641571045 14 161 20 169
class 0.5137050747871399 10 159 18 168
class 0.35212644934654236 12 157 17 164
class 0.3827565014362335 28 157 36 165
class 0.8823927044868469 69 162 74 170
class 0.49436822533607483 66 159 74 167
class 0.3518281579017639 76 159 82 167
class 0.5390294790267944 70 159 79 169
class 0.6948764324188232 81 157 90 166
class 0.5326643586158752 109 160 115 168
class 0.3700748085975647 106 155 114 165
class 0.8278376460075378 117 162 122 169
class 0.7725887298583984 174 163 180 171
class 0.6653677821159363 173 162 178 169
class 0.7565142512321472 187 158 195 169
class 0.3925069570541382 189 156 195 165
class 0.8463778495788574 0 171 6 179
class 0.4511773884296417 0 171 2 181
class 0.8173272013664246 13 166 19 174
class 0.3678464889526367 25 167 33 174
class 0.5912050008773804 31 168 37 175
class 0.7035568356513977 28 165 36 174
class 0.6389008164405823 56 172 62 180
class 0.681644856929779 52 170 59 179
class 0.5628541707992554 60 169 67 179
class 0.8736140727996826 89 166 94 174
class 0.8356280326843262 109 171 115 180
class 0.3464623987674713 107 168 113 174
class 0.30939629673957825 111 171 116 176
class 0.8023831248283386 139 172 145 180
class 0.7912060022354126 150 169 157 176
class 0.6971215009689331 147 169 155 178
class 0.3344539403915405 158 169 164 176
class 0.5247943997383118 154 166 163 174
class 0.7583280801773071 173 171 179 178
class 0.8430827260017395 195 170 199 178
class 0.7392768859863281 16 184 22 191
class 0.3951583206653595 13 183 20 192
class 0.8382924199104309 53 182 59 190
class 0.8353556394577026 77 183 84 191
class 0.4920438528060913 74 180 81 189
class 0.4347284436225891 79 181 85 188
class 0.7449877858161926 101 183 107 191
class 0.5352073907852173 109 178 115 187
class 0.32462820410728455 103 179 111 188
class 0.6831591129302979 136 181 143 190
class 0.8559631109237671 150 183 156 191
class 0.7502713799476624 169 179 176 187
class 0.6390929222106934 166 180 173 187
class 0.7832363843917847 185 178 191 186
class 0.9097245931625366 2 192 9 199
class 0.48991456627845764 0 192 4 199
class 0.4034966826438904 23 190 30 197
class 0.530430793762207 18 187 26 196
class 0.6310479640960693 33 193 39 199
class 0.5018622279167175 30 191 38 199
class 0.8205116987228394 48 194 53 199
class 0.6275467276573181 74 192 80 199
class 0.7733060717582703 71 191 78 199
class 0.42342641949653625 74 187 80 196
class 0.8386908769607544 87 194 93 199
class 0.7767214775085449 99 194 104 199
class 0.7753763198852539 95 194 102 199
class 0.8033230304718018 118 193 124 199
class 0.4880332946777344 121 192 127 199
class 0.8248500823974609 129 190 135 196
class 0.522550642490387 125 190 133 198
class 0.3097086548805237 131 191 137 198
class 0.4541580379009247 159 194 165 199
class 0.8605858087539673 156 194 162 199
class 0.6263164281845093 169 193 175 199
class 0.7324295043945312 166 194 173 199
class 0.634221076965332 184 189 191 196
class 0.5720347166061401 192 193 197 199
class 0.6191619038581848 187 191 195 198
