class 0.8849992752075195 22 3 28 10
class 0.7156516313552856 34 0 39 6
class 0.3890003263950348 55 0 60 4
class 0.9200505614280701 88 5 95 12
class 0.8279613852500916 100 1 106 8
class 0.3030441999435425 102 0 109 6
class 0.8547093868255615 140 5 146 12
class 0.4236585795879364 152 2 157 9
class 0.49065738916397095 158 0 164 5
class 0.7020843625068665 155 0 162 6
class 0.8333669900894165 170 1 176 8
class 0.6884651780128479 179 5 185 12
class 0.7364581227302551 190 5 196 12
class 0.755681037902832 31 14 37 23
class 0.8336449265480042 119 13 126 21
class 0.5534713268280029 135 8 144 17
class 0.6202120780944824 149 11 155 18
class 0.7627222537994385 147 7 155 17
class 0.8081852793693542 158 15 164 22
class 0.8467354774475098 184 13 189 21
class 0.39995574951171875 180 8 189 18
class 0.5126272439956665 182 11 193 19
class 0.3735498785972595 191 10 196 17
class 0.4570865035057068 187 7 196 16
class 0.8639658689498901 11 23 17 31
class 0.5425975918769836 60 19 69 27
class 0.5953324437141418 80 25 86 33
class 0.8178697228431702 105 23 111 31
class 0.8591996431350708 126 20 132 29
class 0.8318600058555603 150 19 156 27
class 0.4856197237968445 147 19 154 28
class 0.43733716011047363 162 25 168 33
class 0.6176763772964478 170 23 177 30
class 0.7440794706344604 166 23 175 33
class 0.6303659677505493 175 21 184 30
class 0.4444746673107147 5 36 10 43
class 0.3281826078891754 53 37 59 44
class 0.5665079355239868 51 37 56 44
class 0.6846986413002014 67 31 73 38
class 0.6694290041923523 93 36 101 44
class 0.818579375743866 146 34 153 43
class 0.8540156483650208 169 36 175 44
class 0.8178390860557556 184 29 190 37
class 0.8226918578147888 3 45 9 52
class 0.36881542205810547 0 45 4 55
class 0.7747622728347778 14 46 21 54
class 0.6335171461105347 10 44 16 53
class 0.7538904547691345 22 43 28 50
class 0.6565417647361755 19 44 26 53
class 0.8667371869087219 54 41 61 48
class 0.4585965573787689 51 43 58 51
class 0.36276403069496155 53 41 58 46
class 0.7450613975524902 69 42 75 49
class 0.4392526149749756 67 40 72 46
class 0.5092963576316833 74 40 81 49
class 0.6533158421516418 71 40 78 48
class 0.7211578488349915 85 45 91 53
class 0.6787770986557007 99 46 105 54
class 0.5314937233924866 96 45 103 53
class 0.34317880868911743 97 41 103 48
class 0.3927353620529175 101 44 106 50
class 0.815575122833252 132 47 138 55
class 0.4062821567058563 129 47 135 55
class 0.7862794995307922 159 40 165 49
class 0.7696700096130371 194 45 199 53
class 0.6412258744239807 191 40 199 50
class 0.6547054648399353 0 52 5 59
class 0.3139483630657196 0 52 2 61
class 0.5965499877929688 52 55 59 63
class 0.7654451727867126 64 51 70 60
class 0.7406845092773438 98 52 104 60
class 0.5395755171775818 95 49 103 57
class 0.7271440625190735 110 57 116 65
class 0.30805012583732605 107 54 115 62
class 0.4198310971260071 121 53 127 61
class 0.7245936393737793 122 50 130 58
class 0.7160612940788269 140 54 147 62
class 0.7451230883598328 163 57 168 65
class 0.8328229188919067 172 55 178 62
class 0.48201680183410645 167 52 174 61
class 0.6505548357963562 178 49 185 60
class 0.8186150193214417 191 56 198 64
class 0.38854414224624634 195 54 199 61
class 0.46653011441230774 0 63 4 71
class 0.8234580159187317 36 68 42 75
class 0.47103211283683777 48 64 54 72
class 0.7673110961914062 66 68 71 76
class 0.7450042963027954 63 65 69 74
class 0.3351319432258606 64 63 69 70
class 0.7714512348175049 74 64 81 73
class 0.6899619102478027 72 67 79 75
class 0.668038547039032 89 66 94 73
class 0.5747374296188354 85 63 93 72
class 0.7083643078804016 91 61 99 71
class 0.735420286655426 115 60 122 70
class 0.45902103185653687 144 61 152 69
class 0.47628435492515564 171 66 177 74
class 0.5989727973937988 168 67 175 76
class 0.6739959120750427 176 62 183 70
class 0.8470920920372009 0 77 5 84
class 0.31088608503341675 0 76 2 86
class 0.7277273535728455 31 77 37 85
class 0.7948294878005981 47 75 52 83
class 0.39421790838241577 45 71 52 80
class 0.8168777823448181 56 76 62 84
class 0.4703817367553711 58 75 64 83
class 0.7674547433853149 69 74 74 81
class 0.42440953850746155 71 77 78 86
class 0.7685458660125732 84 77 91 86
class 0.31183061003685 86 73 93 80
class 0.624414324760437 104 70 112 80
class 0.6273927688598633 135 71 144 80
class 0.6436448097229004 154 71 163 79
class 0.8025603890419006 168 75 174 84
class 0.3084583580493927 168 72 174 80
class 0.6305806040763855 196 77 199 84
class 0.7599472999572754 0 84 5 91
class 0.8554757833480835 15 82 21 90
class 0.490367591381073 12 86 20 94
class 0.6314088702201843 31 80 37 90
class 0.8176463842391968 44 87 50 95
class 0.44742611050605774 43 83 50 90
class 0.596680760383606 58 84 63 91
class 0.48024749755859375 64 85 70 93
class 0.7239755392074585 60 82 68 94
class 0.6886290907859802 76 83 83 91
class 0.7171208262443542 85 84 91 92
class 0.853554904460907 107 82 114 89
class 0.49024438858032227 104 83 112 92
class 0.322396457195282 110 83 116 92
class 0.7452754378318787 121 88 127 95
class 0.822316586971283 129 89 135 96
class 0.7401908040046692 143 83 149 89
class 0.8337442874908447 150 82 157 90
class 0.5017032027244568 147 82 155 91
class 0.4588417112827301 196 82 199 90
class 0.3761589527130127 4 94 9 101
class 0.7583826184272766 8 92 15 100
class 0.7975426316261292 34 93 40 101
class 0.6036366820335388 44 97 50 104
class 0.6798301339149475 41 98 48 106
class 0.7833876609802246 66 93 73 100
class 0.7249478101730347 83 97 90 105
class 0.4707001745700836 101 93 106 101
class 0.7596728801727295 119 96 126 104
class 0.5631000399589539 133 99 141 108
class 0.677339494228363 172 92 177 100
class 0.8557742238044739 17 110 22 117
class 0.4550230801105499 28 104 37 113
class 0.8355854749679565 46 108 52 115
class 0.7571448683738708 64 109 70 117
class 0.3704794645309448 62 103 71 116
class 0.7975822687149048 84 103 91 112
class 0.808184802532196 101 106 106 115
class 0.7530473470687866 131 109 137 117
class 0.4090539813041687 132 106 138 114
class 0.45509305596351624 133 107 141 117
class 0.6197656989097595 171 104 177 112
class 0.7207710146903992 167 101 175 111
class 0.7564098834991455 181 109 187 117
class 0.4447547197341919 179 104 187 113
class 0.3392082154750824 184 107 190 115
class 0.6795333027839661 190 106 196 114
class 0.679419219493866 188 107 194 117
class 0.8820784687995911 38 119 43 126
class 0.6008840203285217 49 114 58 124
class 0.7615228891372681 63 115 69 123
class 0.7289147973060608 124 120 131 129
class 0.8218373656272888 144 117 153 127
class 0.6348864436149597 157 115 163 123
class 0.6905084848403931 176 112 184 121
class 0.5427526235580444 1 128 6 135
class 0.4545747935771942 0 126 3 138
class 0.7429447770118713 10 129 16 136
class 0.8674139380455017 26 126 32 134
class 0.3062920868396759 27 125 31 130
class 0.5542219281196594 143 131 148 139
class 0.5064266920089722 141 130 146 138
class 0.5070240497589111 150 130 156 138
class 0.5995171070098877 146 128 152 138
class 0.7458937764167786 155 127 162 138
class 0.3197227120399475 156 124 163 134
class 0.6009288430213928 171 126 177 134
class 0.7312167882919312 177 130 183 139
class 0.7385939955711365 192 130 198 137
class 0.7752465605735779 190 127 196 138
class 0.7764905095100403 44 135 50 143
class 0.6548497080802917 41 136 47 144
class 0.5351718068122864 66 137 72 145
class 0.5746825337409973 61 135 69 144
class 0.4394872486591339 70 135 77 143
class 0.6360509395599365 99 137 105 145
class 0.474173367023468 98 134 105 142
class 0.46629247069358826 142 135 148 142
class 0.7636662721633911 153 140 159 148
class 0.38558724522590637 150 139 156 147
class 0.8606569766998291 162 141 168 149
class 0.5808716416358948 157 140 164 148
class 0.8028184175491333 181 137 188 144
class 0.6431970596313477 6 147 12 155
class 0.6550237536430359 7 150 15 160
class 0.5794858932495117 23 146 29 153
class 0.8049495220184326 63 150 69 158
class 0.8379056453704834 101 145 107 154
class 0.7556767463684082 120 144 126 152
class 0.7499251365661621 133 150 138 158
class 0.4539734125137329 159 145 165 153
class 0.47406643629074097 156 145 164 154
class 0.5491452813148499 12 159 19 166
class 0.6498329043388367 9 156 18 164
class 0.3535062372684479 30 156 38 164
class 0.7073590159416199 86 161 93 169
class 0.5663209557533264 83 158 91 167
class 0.484350323677063 111 159 117 167
class 0.3658747375011444 109 159 114 165
class 0.7991190552711487 116 162 122 169
class 0.4014478325843811 192 160 197 168
class 0.4436851441860199 189 156 198 168
class 0.8485631942749023 0 170 4 177
class 0.6395541429519653 17 166 23 173
class 0.6227633953094482 28 166 35 173
class 0.6027306318283081 55 172 61 179
class 0.7094727158546448 52 170 59 179
class 0.34618109464645386 57 170 64 177
class 0.4394177496433258 60 169 67 178
class 0.7385274767875671 89 166 95 174
class 0.7858814597129822 137 172 143 179
class 0.8284143805503845 149 170 156 177
class 0.7172751426696777 173 173 179 180
class 0.8329724073410034 195 170 199 177
class 0.7427053451538086 16 183 23 191
class 0.46636104583740234 14 182 19 191
class 0.8121293783187866 54 183 60 190
class 0.8441668152809143 73 178 80 187
class 0.38383039832115173 74 178 78 183
class 0.7328318357467651 100 183 106 190
class 0.3130618929862976 98 179 108 189
class 0.7241422533988953 109 180 115 188
class 0.4860895872116089 103 179 111 188
class 0.6624351143836975 136 181 142 189
class 0.8536339998245239 151 183 156 190
class 0.7799026370048523 184 177 190 186
class 0.889855682849884 2 190 9 197
class 0.3935369849205017 0 190 4 198
class 0.6761753559112549 34 194 40 199
class 0.8031756281852722 74 193 80 199
class 0.7315667867660522 122 193 128 199
class 0.7507692575454712 129 190 135 197
class 0.6206060647964478 124 190 133 199
class 0.31257933378219604 131 190 137 198
class 0.7362838387489319 155 193 163 199
class 0.4019264876842499 170 194 176 199
class 0.6077117919921875 167 194 173 199
class 0.7520854473114014 190 191 196 199
class 0.6715041995048523 187 189 194 197
