class 0.501235842704773 1 2 5 7
class 0.887820839881897 22 3 28 11
class 0.7743927836418152 34 0 40 6
class 0.9288610219955444 88 5 95 12
class 0.8537124395370483 100 1 106 7
class 0.8496403098106384 139 5 146 12
class 0.40298062562942505 152 2 157 9
class 0.49625709652900696 158 0 164 5
class 0.7477003931999207 155 0 162 6
class 0.7955664396286011 170 1 177 9
class 0.3016416132450104 169 0 175 5
class 0.6240102648735046 180 5 186 12
class 0.5634642243385315 177 5 183 12
class 0.7604253888130188 188 5 194 12
class 0.8006221055984497 0 11 4 18
class 0.4710443317890167 28 14 33 22
class 0.8143216371536255 32 15 38 22
class 0.8010510206222534 120 12 126 20
class 0.6868008375167847 131 16 137 23
class 0.5149792432785034 138 9 144 16
class 0.5040273070335388 134 9 142 21
class 0.8115289807319641 147 6 155 17
class 0.7867371439933777 158 14 165 21
class 0.8689754009246826 183 14 189 22
class 0.30864790081977844 180 9 188 18
class 0.4912378191947937 192 11 197 19
class 0.47402438521385193 187 11 194 20
class 0.3919160068035126 189 8 196 16
class 0.8037914633750916 11 22 17 30
class 0.4802643060684204 60 18 70 28
class 0.5172640085220337 80 25 86 33
class 0.763482928276062 105 23 111 31
class 0.7268555164337158 128 21 134 28
class 0.8539584279060364 150 19 157 27
class 0.6106202602386475 171 23 177 30
class 0.7385345697402954 167 22 176 32
class 0.567317545413971 175 21 185 31
class 0.35092514753341675 4 36 10 43
class 0.8197340369224548 37 31 43 38
class 0.6017767190933228 48 34 54 42
class 0.3546282947063446 53 36 59 44
class 0.5874347686767578 50 36 57 45
class 0.7807178497314453 64 33 71 43
class 0.3174435496330261 65 30 72 39
class 0.3394755721092224 68 32 75 40
class 0.8226632475852966 87 33 93 41
class 0.37698331475257874 85 29 92 39
class 0.6206457614898682 96 36 102 44
class 0.8491218686103821 147 35 153 43
class 0.4157654941082001 160 27 169 36
class 0.8648876547813416 168 36 175 44
class 0.8164964914321899 184 29 190 37
class 0.8215345740318298 3 44 9 52
class 0.7782873511314392 15 46 21 54
class 0.5466325283050537 10 43 17 53
class 0.6910755634307861 21 41 28 49
class 0.6070992350578308 19 43 26 52
class 0.8944423794746399 54 42 61 49
class 0.511563241481781 51 43 58 51
class 0.38389649987220764 53 40 59 47
class 0.647158145904541 68 43 74 51
class 0.34762004017829895 64 42 71 51
class 0.5166785717010498 65 40 71 47
class 0.5100144743919373 74 41 81 50
class 0.6414231657981873 71 40 78 49
class 0.7650012969970703 85 46 91 54
class 0.6281923651695251 99 46 105 54
class 0.5969123244285583 96 45 102 53
class 0.43128353357315063 97 41 104 48
class 0.3601977527141571 101 43 106 51
class 0.40750962495803833 122 48 127 54
class 0.7418370246887207 131 47 137 55
class 0.4802243411540985 127 47 134 55
class 0.7757502198219299 159 40 165 50
class 0.6315269470214844 192 44 198 52
class 0.5941092371940613 188 41 196 52
class 0.7101081013679504 1 55 6 62
class 0.39920493960380554 0 54 2 63
class 0.6442436575889587 27 57 33 65
class 0.3978918492794037 49 52 54 60
class 0.5217118263244629 49 55 58 64
class 0.7179943919181824 65 51 71 59
class 0.7769267559051514 99 52 104 60
class 0.36608755588531494 94 53 103 61
class 0.515300989151001 95 50 104 58
class 0.8103245496749878 109 57 115 65
class 0.3146718144416809 121 53 127 60
class 0.7652778625488281 123 51 130 59
class 0.7420902252197266 141 55 147 62
class 0.6292276978492737 146 50 153 57
class 0.8095847964286804 161 57 167 65
class 0.837138831615448 172 56 178 63
class 0.3784242868423462 168 52 175 61
class 0.7192647457122803 180 52 186 60
class 0.45669886469841003 177 54 185 63
class 0.7260196805000305 192 55 198 63
class 0.38653063774108887 191 51 198 60
class 0.4443410634994507 194 53 199 61
class 0.7934285998344421 2 62 7 69
class 0.36615321040153503 0 63 3 73
class 0.863667368888855 11 66 17 74
class 0.8427599668502808 36 68 43 75
class 0.40887007117271423 34 65 42 74
class 0.4950331747531891 48 64 54 72
class 0.41307657957077026 49 60 57 70
class 0.775596022605896 66 68 71 75
class 0.6765613555908203 63 64 70 73
class 0.7950759530067444 74 64 80 73
class 0.6890153884887695 72 66 78 75
class 0.7392321228981018 89 66 94 75
class 0.5497809052467346 85 63 93 72
class 0.5788856148719788 91 61 99 71
class 0.8361117839813232 115 61 122 69
class 0.39647960662841797 147 63 154 71
class 0.6215604543685913 144 61 152 69
class 0.31887584924697876 172 66 178 73
class 0.45545655488967896 168 68 175 76
class 0.6670233011245728 176 62 182 70
class 0.8231714963912964 0 76 5 84
class 0.8341490626335144 23 77 29 85
class 0.6804622411727905 33 77 38 84
class 0.7950310111045837 47 75 52 83
class 0.37839093804359436 44 70 52 81
class 0.7669077515602112 57 77 62 84
class 0.3708769679069519 54 72 61 83
class 0.7371622323989868 69 74 74 82
class 0.38548538088798523 74 78 81 86
class 0.46160751581192017 72 77 78 86
class 0.8202962875366211 84 77 89 85
class 0.35162219405174255 86 73 92 79
class 0.7996749877929688 96 77 103 86
class 0.4992199242115021 106 73 112 81
class 0.6811696290969849 103 69 113 80
class 0.7327765822410583 135 71 142 79
class 0.4936979115009308 154 71 162 80
class 0.8204097747802734 168 75 174 84
class 0.30838942527770996 168 72 174 80
class 0.732798159122467 196 77 199 85
class 0.8222565650939941 0 85 6 92
class 0.3548063635826111 0 84 3 93
class 0.6604548096656799 16 83 21 91
class 0.7196135520935059 31 80 38 90
class 0.8188247084617615 45 87 51 95
class 0.43401193618774414 43 83 51 90
class 0.863513708114624 58 86 64 94
class 0.3977678716182709 55 85 61 94
class 0.5882073640823364 65 86 71 93
class 0.4657333493232727 61 85 69 95
class 0.5401549339294434 63 80 70 92
class 0.7273222804069519 76 80 82 89
class 0.7428337931632996 85 84 92 92
class 0.8135435581207275 107 82 114 90
class 0.5133267045021057 104 84 111 92
class 0.7648715376853943 119 88 126 95
class 0.6339647173881531 116 87 123 95
class 0.37541502714157104 121 86 127 93
class 0.7963391542434692 129 88 135 96
class 0.8379359245300293 143 83 149 90
class 0.8238491415977478 151 82 158 90
class 0.41419005393981934 147 82 155 91
class 0.44122809171676636 196 83 199 91
class 0.4501807987689972 4 94 10 101
class 0.8743531703948975 13 92 19 100
class 0.7006328105926514 10 92 16 101
class 0.7501027584075928 34 93 40 101
class 0.7850093841552734 41 98 49 107
class 0.6315844655036926 66 93 73 100
class 0.7811105251312256 77 95 83 103
class 0.6449439525604248 74 92 81 102
class 0.7744951248168945 83 96 90 104
class 0.5511661767959595 101 94 107 102
class 0.7871702909469604 120 96 126 104
class 0.665144145488739 132 99 139 107
class 0.6605982184410095 171 93 177 101
class 0.8352266550064087 16 110 22 118
class 0.5726355910301208 27 105 33 113
class 0.763870358467102 28 106 36 115
class 0.3064022958278656 30 104 36 112
class 0.8643866181373596 47 109 53 116
class 0.7036070823669434 65 107 71 115
class 0.44540655612945557 63 101 71 115
class 0.7412937879562378 84 103 91 112
class 0.786154568195343 100 107 106 116
class 0.3497500717639923 102 104 109 113
class 0.7903508543968201 131 108 137 116
class 0.3429301679134369 133 106 137 113
class 0.7300617694854736 171 104 178 112
class 0.7326837182044983 168 102 175 111
class 0.777293860912323 182 109 188 117
class 0.3894760310649872 178 109 186 117
class 0.3325978219509125 180 105 186 113
class 0.33309733867645264 184 107 189 114
class 0.6773943305015564 190 106 195 114
class 0.9102184176445007 38 118 44 126
class 0.5995548367500305 49 114 57 123
class 0.8068115711212158 64 115 70 123
class 0.7241200804710388 126 118 132 126
class 0.8170477747917175 144 117 153 127
class 0.7383193969726562 157 114 163 122
class 0.7161523699760437 177 112 183 122
class 0.3529304265975952 189 111 197 123
class 0.5320631265640259 1 128 6 136
class 0.392389714717865 0 127 3 138
class 0.6981567740440369 10 129 16 136
class 0.8810370564460754 27 127 32 135
class 0.4337940514087677 143 130 148 139
class 0.6021549105644226 151 130 157 138
class 0.5869392156600952 147 128 153 138
class 0.36966991424560547 157 128 163 136
class 0.7861220240592957 155 129 161 138
class 0.6076058149337769 170 125 177 133
class 0.8099837899208069 177 130 183 139
class 0.7931458950042725 192 130 198 137
class 0.7454674243927002 189 128 196 137
class 0.304665207862854 195 129 199 136
class 0.790543794631958 44 136 50 144
class 0.6819382309913635 41 137 47 144
class 0.5341687798500061 66 138 72 145
class 0.5833865404129028 61 136 68 145
class 0.42783495783805847 70 136 77 144
class 0.6660436987876892 99 138 105 145
class 0.5091481804847717 98 134 106 143
class 0.6556270122528076 111 136 117 143
class 0.49899134039878845 118 141 124 149
class 0.5219939947128296 113 136 121 146
class 0.8281323313713074 153 140 159 148
class 0.8576576709747314 162 141 168 149
class 0.5919290781021118 157 140 165 148
class 0.7458764314651489 181 138 187 146
class 0.6347469687461853 6 147 12 155
class 0.6404590010643005 7 150 15 159
class 0.5461476445198059 23 146 30 153
class 0.6358661651611328 59 150 65 158
class 0.4237701892852783 56 150 62 157
class 0.7135302424430847 63 150 70 158
class 0.3270951509475708 62 146 68 155
class 0.8410250544548035 101 145 107 153
class 0.7943251132965088 120 145 126 152
class 0.8709112405776978 132 151 138 158
class 0.3787117004394531 130 148 137 157
class 0.5404199361801147 136 149 142 157
class 0.6608507633209229 155 145 163 154
class 0.647488534450531 13 159 19 166
class 0.6297297477722168 9 156 18 164
class 0.4804944097995758 28 156 36 165
class 0.8679606318473816 69 161 74 170
class 0.431192547082901 66 158 72 166
class 0.451011061668396 70 160 74 167
class 0.35111451148986816 76 160 82 168
class 0.7207171320915222 71 160 78 169
class 0.6428489685058594 85 161 92 169
class 0.7057172656059265 82 158 90 167
class 0.4493841826915741 110 159 116 166
class 0.5532035827636719 107 158 114 166
class 0.34313449263572693 108 157 119 169
class 0.8324552774429321 116 162 121 169
class 0.685086727142334 190 160 196 169
class 0.5641408562660217 189 156 196 166
class 0.7330556511878967 0 170 4 177
class 0.33482861518859863 0 170 2 180
class 0.45226606726646423 26 166 32 174
class 0.4010542035102844 32 168 39 175
class 0.6152661442756653 28 166 36 174
class 0.5529592633247375 56 172 62 179
class 0.6771658062934875 51 170 59 179
class 0.4387422800064087 59 169 67 178
class 0.7372061014175415 90 166 95 173
class 0.7526394128799438 137 172 144 180
class 0.764726996421814 150 171 156 177
class 0.7890891432762146 172 173 178 180
class 0.8394489884376526 195 171 199 179
class 0.6237552762031555 16 183 23 191
class 0.7695318460464478 53 181 59 188
class 0.8895490169525146 75 183 82 190
class 0.5142436027526855 73 179 79 189
class 0.7744325399398804 100 183 106 191
class 0.3268463611602783 99 180 107 189
class 0.6685146689414978 109 179 115 188
class 0.47791215777397156 103 178 110 188
class 0.3808041512966156 105 176 113 187
class 0.35035043954849243 112 177 120 186
class 0.743148148059845 136 181 142 189
class 0.848893404006958 151 183 156 190
class 0.7710336446762085 184 177 190 185
class 0.9023377299308777 3 192 9 199
class 0.5341429114341736 0 192 4 199
class 0.7004050612449646 34 194 40 199
class 0.7659137845039368 73 193 80 199
class 0.7584006786346436 122 194 128 199
class 0.7646660804748535 128 189 135 196
class 0.6481187343597412 124 190 132 198
class 0.3053274154663086 159 194 165 199
class 0.8101961612701416 155 194 162 199
class 0.44241392612457275 170 194 175 199
class 0.5929860472679138 167 194 173 199
class 0.4785652756690979 185 188 191 196
class 0.7577072978019714 190 191 196 199
class 0.6905449628829956 187 189 194 198
