class 0.8597459197044373 34 0 40 5
class 0.9107456207275391 88 5 94 11
class 0.8186118006706238 100 0 106 6
class 0.6330306529998779 158 0 164 4
class 0.8237285017967224 189 5 194 12
class 0.8246037364006042 119 14 125 22
class 0.702739417552948 138 9 145 17
class 0.7420071959495544 147 7 156 16
class 0.7466853857040405 157 14 163 21
class 0.3796607553958893 189 9 195 16
class 0.48148855566978455 187 8 193 15
class 0.8282595276832581 11 23 17 31
class 0.6021182537078857 60 18 69 27
class 0.5910921096801758 80 25 86 33
class 0.7705327868461609 106 23 112 31
class 0.8489697575569153 126 21 133 29
class 0.8683876395225525 150 19 157 27
class 0.44857701659202576 147 20 154 27
class 0.479983925819397 162 26 168 34
class 0.47360190749168396 170 22 177 29
class 0.6811848878860474 166 23 175 33
class 0.3331470489501953 172 21 181 30
class 0.499723881483078 175 22 183 31
class 0.40165433287620544 5 37 11 44
class 0.647905707359314 67 31 74 38
class 0.5969732403755188 93 36 100 44
class 0.8392603397369385 146 35 153 43
class 0.8754240274429321 169 36 176 44
class 0.7756098508834839 184 29 190 37
class 0.8431842923164368 2 44 8 52
class 0.5228772759437561 0 46 3 56
class 0.4427623450756073 16 46 21 54
class 0.3782796561717987 10 41 17 51
class 0.6836826205253601 21 43 28 52
class 0.6560635566711426 19 45 26 53
class 0.7762545943260193 56 41 62 49
class 0.37622907757759094 53 44 60 52
class 0.731991708278656 69 42 75 49
class 0.4799821376800537 74 41 81 50
class 0.7209668159484863 70 40 78 49
class 0.7224195003509521 85 45 92 54
class 0.7268242835998535 99 46 105 54
class 0.5017728805541992 96 45 102 53
class 0.4007992744445801 97 41 102 48
class 0.4059799015522003 101 44 106 51
class 0.821792483329773 132 47 138 55
class 0.811764121055603 159 40 165 49
class 0.7249497175216675 188 38 195 48
class 0.7326687574386597 0 52 4 60
class 0.6128013730049133 49 56 57 64
class 0.7663998603820801 65 51 71 59
class 0.6994798183441162 97 51 104 59
class 0.6037732362747192 93 51 101 58
class 0.7202303409576416 110 57 116 65
class 0.3413826525211334 107 54 114 63
class 0.6580135822296143 138 53 146 61
class 0.3544842004776001 142 52 149 61
class 0.4404573440551758 144 57 151 64
class 0.7859918475151062 160 57 166 65
class 0.785000741481781 170 54 176 61
class 0.6175276637077332 166 52 174 62
class 0.6032750010490417 178 49 186 61
class 0.7936171889305115 190 56 197 65
class 0.33015406131744385 194 55 199 62
class 0.779741108417511 35 67 41 75
class 0.7927997708320618 48 66 54 74
class 0.4486643970012665 52 60 58 67
class 0.7434889078140259 66 69 72 76
class 0.7543341517448425 63 68 70 75
class 0.6939399242401123 113 60 121 69
class 0.7610324025154114 167 66 174 76
class 0.6300593018531799 176 62 184 70
class 0.6701951622962952 31 77 38 85
class 0.33824068307876587 47 76 53 84
class 0.8564125895500183 55 75 61 83
class 0.3031458258628845 58 75 64 82
class 0.7252675890922546 69 72 75 79
class 0.6141082048416138 105 74 111 83
class 0.45890846848487854 153 72 158 80
class 0.5232430696487427 154 70 162 79
class 0.720234751701355 168 76 174 85
class 0.8198068141937256 15 83 20 90
class 0.44216591119766235 12 84 22 94
class 0.635623037815094 30 81 36 88
class 0.7650811672210693 45 87 52 96
class 0.5549961924552917 44 82 51 90
class 0.8853343725204468 76 82 83 90
class 0.8359155654907227 85 83 92 91
class 0.31184154748916626 101 87 108 95
class 0.8259682655334473 104 82 112 91
class 0.5570224523544312 122 89 128 97
class 0.7788646221160889 127 88 133 96
class 0.6800102591514587 147 84 154 93
class 0.6934593319892883 144 83 152 91
class 0.8476037979125977 11 93 17 101
class 0.7136715650558472 34 93 41 102
class 0.4323888421058655 45 95 50 103
class 0.4478234052658081 41 97 49 106
class 0.8233034014701843 66 92 73 100
class 0.7845438122749329 84 98 90 105
class 0.7984939813613892 120 93 126 101
class 0.7516776919364929 172 92 177 101
class 0.7946390509605408 17 110 22 117
class 0.6727163791656494 44 105 51 112
class 0.5603558421134949 41 103 49 112
class 0.666336178779602 129 108 135 117
class 0.4949168562889099 133 109 141 117
class 0.5677193999290466 170 104 176 112
class 0.7334496378898621 167 102 174 111
class 0.7376018166542053 181 109 187 117
class 0.3328705132007599 179 104 188 116
class 0.32117998600006104 183 107 191 116
class 0.7346302270889282 191 105 196 112
class 0.7011814117431641 188 106 195 115
class 0.823356032371521 37 119 43 127
class 0.3580062985420227 47 115 53 124
class 0.6943156123161316 49 114 56 123
class 0.7253854870796204 157 114 164 122
class 0.5539515018463135 179 113 186 121
class 0.4964776039123535 2 128 6 136
class 0.46284234523773193 0 126 3 138
class 0.6736818552017212 10 128 16 135
class 0.6171272993087769 171 126 178 133
class 0.5670828819274902 168 124 175 132
class 0.3865124583244324 177 131 184 139
class 0.7876173257827759 196 130 199 137
class 0.7559294700622559 67 138 73 146
class 0.5378566980361938 63 135 70 144
class 0.8754926323890686 100 135 106 142
class 0.5869345664978027 154 141 160 148
class 0.7361973524093628 158 141 164 149
class 0.7737569212913513 181 137 187 145
class 0.48814406991004944 12 151 18 158
class 0.6275272965431213 8 151 16 161
class 0.6323269605636597 24 146 30 153
class 0.5526901483535767 21 144 28 153
class 0.7506253719329834 119 145 126 153
class 0.537046492099762 12 159 19 166
class 0.5922229886054993 10 156 17 165
class 0.4328743517398834 31 156 39 164
class 0.6738223433494568 86 161 93 169
class 0.6151080131530762 83 158 91 167
class 0.6425597071647644 113 162 119 170
class 0.8170385956764221 0 170 4 177
class 0.5842704772949219 17 166 23 173
class 0.329154372215271 20 166 26 174
class 0.5594391226768494 28 166 35 173
class 0.7511624693870544 89 165 96 173
class 0.8366279602050781 137 171 143 179
class 0.700688362121582 151 173 157 180
class 0.5815001726150513 173 173 179 180
class 0.8476204872131348 195 171 199 178
class 0.8319903016090393 73 178 80 187
class 0.73402339220047 101 182 107 190
class 0.7445899248123169 109 178 115 187
class 0.5017724633216858 103 178 110 187
class 0.3482452929019928 106 177 112 185
class 0.40270233154296875 112 180 116 186
class 0.7496671676635742 136 181 142 189
class 0.8039003610610962 150 182 156 190
class 0.3921392261981964 173 176 179 183
class 0.8001932501792908 183 177 189 185
class 0.7431705594062805 35 194 41 199
class 0.736865758895874 71 192 78 199
class 0.833537220954895 130 188 137 196
class 0.3398551046848297 155 193 163 199
class 0.7274405360221863 190 190 196 198
class 0.6905744671821594 187 188 194 197
