class 0.853758692741394 23 3 29 10
class 0.5558867454528809 32 0 39 5
class 0.8283147811889648 69 1 75 7
class 0.9311397075653076 88 5 94 12
class 0.8678273558616638 100 1 106 7
class 0.6890202164649963 119 4 125 11
class 0.37297284603118896 117 1 123 9
class 0.8601268529891968 139 5 146 12
class 0.6487929821014404 152 2 159 10
class 0.3062765896320343 159 2 166 9
class 0.7280222773551941 155 0 162 7
class 0.7993223667144775 169 1 174 9
class 0.6816978454589844 166 3 173 12
class 0.7284224033355713 177 2 183 10
class 0.6911476254463196 189 4 196 12
class 0.8922325968742371 0 11 5 18
class 0.4698198437690735 0 12 3 20
class 0.6744462847709656 28 14 33 22
class 0.891348123550415 32 14 38 22
class 0.8163464665412903 49 12 54 20
class 0.8472240567207336 120 12 126 20
class 0.6932905912399292 131 16 137 24
class 0.5183899998664856 139 10 145 17
class 0.45787134766578674 134 11 142 21
class 0.45476895570755005 148 11 155 18
class 0.7444809675216675 146 6 155 17
class 0.7364280223846436 160 12 167 20
class 0.8027836680412292 157 14 165 23
class 0.6638829708099365 172 13 178 21
class 0.5477613806724548 167 8 177 19
class 0.8161764144897461 182 14 188 21
class 0.6685100197792053 178 13 186 22
class 0.3686752915382385 179 9 188 19
class 0.48109355568885803 183 12 192 19
class 0.5331838130950928 191 11 197 19
class 0.5655667185783386 187 12 195 21
class 0.5185180306434631 189 8 197 17
class 0.8369480967521667 11 23 17 30
class 0.4998811185359955 61 17 70 26
class 0.7595654129981995 79 25 85 33
class 0.6390835046768188 95 20 102 29
class 0.8082553744316101 105 23 111 31
class 0.6592147946357727 125 21 133 29
class 0.43907007575035095 127 18 134 27
class 0.8515443801879883 150 18 157 27
class 0.44058191776275635 162 25 169 34
class 0.6717429161071777 171 23 177 30
class 0.759729266166687 167 24 175 33
class 0.49033859372138977 174 21 185 31
class 0.6071287393569946 5 36 9 42
class 0.8882796168327332 15 36 22 44
class 0.38016247749328613 12 34 18 45
class 0.300134539604187 17 34 20 41
class 0.8071849942207336 38 30 44 37
class 0.4043479859828949 47 35 53 42
class 0.39088571071624756 54 36 59 44
class 0.6664510369300842 50 35 58 45
class 0.8458971381187439 64 33 70 43
class 0.32560521364212036 64 30 72 39
class 0.33087533712387085 68 32 75 41
class 0.8036665916442871 87 33 93 41
class 0.4432615041732788 84 29 92 39
class 0.3834487497806549 89 33 96 41
class 0.4231100380420685 95 37 102 44
class 0.3967612683773041 132 30 138 38
class 0.42895039916038513 140 32 147 40
class 0.6163538098335266 135 28 143 39
class 0.7846511006355286 147 35 153 42
class 0.8687984347343445 169 36 175 44
class 0.692394495010376 185 30 190 38
class 0.3593057096004486 191 36 197 43
class 0.544373631477356 186 35 194 44
class 0.7878966331481934 3 45 8 52
class 0.3656684160232544 0 45 3 55
class 0.8174409866333008 15 45 21 53
class 0.5607172846794128 10 43 18 53
class 0.7102392315864563 23 41 29 50
class 0.6134323477745056 19 44 27 54
class 0.7453762292861938 42 45 50 54
class 0.35534241795539856 46 43 55 51
class 0.8463123440742493 55 41 61 49
class 0.4416758418083191 52 44 59 52
class 0.4762171506881714 54 40 60 46
class 0.6933966875076294 69 43 74 52
class 0.3392338752746582 66 40 72 47
class 0.4488319754600525 75 41 81 50
class 0.6280247569084167 71 40 78 49
class 0.7814480066299438 85 45 91 54
class 0.7295634746551514 99 46 105 54
class 0.5743448734283447 97 45 102 53
class 0.4424094259738922 97 41 103 47
class 0.34966209530830383 102 44 106 51
class 0.4100164771080017 122 48 127 54
class 0.731968104839325 131 47 137 55
class 0.4591561257839203 126 47 133 55
class 0.45576679706573486 151 46 157 54
class 0.6912913918495178 159 41 165 49
class 0.6517451405525208 185 46 190 53
class 0.6461900472640991 193 44 199 52
class 0.38555392622947693 189 42 196 52
class 0.42022520303726196 191 39 197 48
class 0.3678520917892456 195 42 199 49
class 0.8541834354400635 1 55 6 62
class 0.38311997056007385 0 54 3 63
class 0.5399396419525146 27 57 33 64
class 0.4371761381626129 33 56 39 63
class 0.4356580376625061 29 57 38 65
class 0.5370379686355591 53 54 59 62
class 0.31897586584091187 51 50 58 59
class 0.7254241704940796 64 50 70 59
class 0.7221462726593018 98 52 104 60
class 0.4466201066970825 94 53 102 61
class 0.5478266477584839 95 50 103 57
class 0.8716054558753967 109 57 115 66
class 0.7169104814529419 123 50 130 59
class 0.6715272068977356 141 54 147 62
class 0.4433812201023102 139 52 151 61
class 0.6046788692474365 147 52 153 60
class 0.5467411875724792 145 54 152 62
class 0.7236862778663635 163 56 168 64
class 0.3245835602283478 162 54 170 61
class 0.8639822602272034 172 57 178 64
class 0.41732922196388245 169 53 175 62
class 0.6776260137557983 181 51 187 59
class 0.41795703768730164 177 54 185 63
class 0.7732731699943542 193 56 198 64
class 0.41175493597984314 191 51 198 60
class 0.4305562376976013 195 53 199 61
class 0.7611972093582153 3 62 8 69
class 0.31250709295272827 0 63 3 72
class 0.882124125957489 12 67 18 75
class 0.7946906089782715 27 67 32 74
class 0.4343806803226471 24 67 30 75
class 0.3191370368003845 27 64 33 71
class 0.7759737372398376 36 68 42 76
class 0.4613325297832489 47 63 53 71
class 0.550557017326355 49 60 57 69
class 0.7901930212974548 66 67 72 75
class 0.6420239210128784 63 64 70 73
class 0.5449730157852173 74 65 81 73
class 0.7030017971992493 72 66 78 74
class 0.5746045708656311 75 61 80 69
class 0.6508069634437561 89 66 94 74
class 0.5314334034919739 85 65 91 72
class 0.3176202178001404 86 62 92 69
class 0.3702264726161957 90 64 95 71
class 0.5612605214118958 92 63 99 72
class 0.34597018361091614 94 61 99 68
class 0.7385153770446777 116 61 122 70
class 0.5109240412712097 142 62 147 70
class 0.5017033219337463 140 59 148 68
class 0.3495250344276428 144 62 153 70
class 0.3295898735523224 173 64 179 72
class 0.7107028961181641 175 61 183 70
class 0.7025902271270752 1 77 6 84
class 0.7978389263153076 25 78 30 86
class 0.7242096662521362 22 79 28 86
class 0.7904335260391235 33 75 39 83
class 0.7643772959709167 30 78 37 86
class 0.7767981886863708 47 75 53 82
class 0.32634231448173523 44 70 51 82
class 0.7595019340515137 57 76 62 84
class 0.6671330332756042 53 76 61 85
class 0.5884343981742859 68 74 74 82
class 0.6493958234786987 76 76 82 84
class 0.6757093667984009 72 76 79 83
class 0.4359802305698395 74 72 79 79
class 0.3390546143054962 80 75 84 80
class 0.6249960660934448 86 76 93 84
class 0.7380773425102234 83 77 89 85
class 0.8297078609466553 97 77 103 86
class 0.5369222164154053 106 75 112 84
class 0.658706545829773 104 70 112 80
class 0.6936692595481873 137 71 144 79
class 0.8020331263542175 134 70 141 79
class 0.43810132145881653 154 71 163 80
class 0.8728359341621399 168 74 174 83
class 0.6966741681098938 196 77 199 84
class 0.7756226658821106 0 84 6 91
class 0.32145535945892334 0 84 3 94
class 0.6672836542129517 16 83 21 91
class 0.3037055730819702 13 85 19 94
class 0.348421186208725 14 82 20 89
class 0.7099169492721558 23 83 29 91
class 0.5959932208061218 18 84 27 93
class 0.30256029963493347 21 82 27 89
class 0.7878373861312866 34 88 41 96
class 0.4195083975791931 32 83 39 92
class 0.4005056321620941 36 85 43 94
class 0.8000529408454895 45 87 51 94
class 0.529596209526062 43 81 50 92
class 0.871481716632843 57 86 63 94
class 0.34338197112083435 55 82 62 91
class 0.5320752263069153 66 85 72 93
class 0.36133742332458496 62 85 69 95
class 0.5113404989242554 64 81 71 92
class 0.7344802021980286 78 83 84 91
class 0.5544376373291016 77 82 82 88
class 0.7087612152099609 86 84 92 91
class 0.46788057684898376 85 82 90 89
class 0.4309616982936859 101 86 106 94
class 0.5247386693954468 106 84 113 91
class 0.6416258215904236 103 84 109 91
class 0.6661569476127625 106 82 111 88
class 0.7779688239097595 119 88 125 95
class 0.7662906646728516 116 87 123 96
class 0.3617851734161377 122 86 127 93
class 0.6900414228439331 129 89 136 97
class 0.44416338205337524 125 88 132 96
class 0.7077348232269287 141 85 147 93
class 0.4997326135635376 137 88 144 96
class 0.8045891523361206 151 83 157 90
class 0.8124327063560486 186 84 191 93
class 0.33613359928131104 187 84 190 89
class 0.46627140045166016 191 85 196 93
class 0.3211595416069031 5 94 10 101
class 0.8600022792816162 14 93 20 100
class 0.7378284335136414 10 92 17 102
class 0.3561720550060272 16 94 22 102
class 0.567078173160553 34 95 41 102
class 0.3514048755168915 31 95 39 105
class 0.8220118284225464 43 98 49 105
class 0.640725314617157 58 98 64 106
class 0.6234116554260254 65 92 72 100
class 0.32437804341316223 68 93 75 100
class 0.8568705320358276 77 96 84 105
class 0.5776060819625854 74 94 81 102
class 0.7406752109527588 84 96 90 104
class 0.5250335931777954 83 93 89 101
class 0.502064049243927 101 93 106 101
class 0.7865132093429565 110 95 116 102
class 0.8477290868759155 120 97 126 106
class 0.4707680344581604 116 95 123 105
class 0.30292630195617676 121 96 127 102
class 0.6320197582244873 132 98 138 106
class 0.48489055037498474 135 97 142 104
class 0.6895930767059326 172 93 177 100
class 0.8415822982788086 17 110 22 118
class 0.5747115612030029 27 104 33 112
class 0.7310989499092102 31 107 37 114
class 0.8041625022888184 46 109 53 117
class 0.8008626103401184 63 107 70 115
class 0.7680185437202454 83 103 90 112
class 0.8160131573677063 100 108 106 117
class 0.36878159642219543 105 103 112 111
class 0.3577270805835724 101 103 110 112
class 0.6872543692588806 130 108 136 116
class 0.3647655248641968 128 103 136 113
class 0.3533361852169037 131 106 139 113
class 0.3654678463935852 134 109 140 117
class 0.7990337014198303 172 104 178 112
class 0.7301326990127563 168 102 175 110
class 0.732326328754425 182 109 188 117
class 0.4304450750350952 179 109 185 117
class 0.3188250958919525 180 105 186 112
class 0.3022722005844116 185 107 189 114
class 0.6270003318786621 191 106 196 114
class 0.5802513360977173 188 106 194 115
class 0.5541573762893677 190 104 195 110
class 0.9213894605636597 0 116 6 123
class 0.3447982668876648 0 116 3 125
class 0.7652109265327454 24 121 30 128
class 0.8802796602249146 38 119 43 127
class 0.7202178835868835 47 116 53 124
class 0.3381277918815613 41 116 48 125
class 0.8728928565979004 64 118 70 126
class 0.6799538135528564 93 119 101 128
class 0.6817848682403564 127 117 133 125
class 0.6417225003242493 124 119 131 128
class 0.7858688831329346 144 116 152 126
class 0.7296581864356995 157 114 163 122
class 0.7192713022232056 177 113 183 122
class 0.5080521106719971 193 116 197 124
class 0.5168768167495728 190 113 197 121
class 0.6784399151802063 0 127 5 135
class 0.5889917612075806 0 127 2 138
class 0.5251066088676453 10 129 17 136
class 0.8519935011863708 26 128 33 136
class 0.7224919199943542 111 131 117 139
class 0.42106661200523376 123 123 132 133
class 0.5663309097290039 141 131 146 138
class 0.7473613619804382 137 129 145 139
class 0.3853425979614258 140 128 150 138
class 0.6509698033332825 151 131 158 138
class 0.6067451238632202 147 128 153 137
class 0.8290433287620544 155 129 161 137
class 0.5726306438446045 171 126 178 134
class 0.5418583750724792 168 124 176 133
class 0.8209288120269775 177 130 182 139
class 0.773115873336792 192 130 197 137
class 0.7483123540878296 189 128 196 137
class 0.34709179401397705 191 127 196 133
class 0.7638903260231018 44 136 50 144
class 0.6701378226280212 40 137 47 146
class 0.5723087191581726 67 139 73 146
class 0.4627777934074402 61 136 70 146
class 0.4170305132865906 70 137 77 145
class 0.7113534808158875 100 137 106 146
class 0.4921542704105377 98 134 106 143
class 0.6421955823898315 111 138 117 146
class 0.4947129189968109 118 141 124 149
class 0.6295652985572815 114 139 121 149
class 0.8076378107070923 154 140 159 149
class 0.49436312913894653 151 140 157 147
class 0.8158966302871704 162 140 168 147
class 0.6128568649291992 157 141 164 148
class 0.3138042390346527 159 136 165 144
class 0.47809725999832153 164 138 169 146
class 0.7872409820556641 182 137 188 144
class 0.7513934969902039 6 147 12 155
class 0.5232423543930054 10 151 16 159
class 0.6772251129150391 7 149 15 159
class 0.41803282499313354 24 146 30 154
class 0.3974950313568115 20 145 28 152
class 0.6914703249931335 59 150 65 158
class 0.6276295781135559 64 150 70 158
class 0.7674548029899597 76 152 82 160
class 0.6878899931907654 73 152 80 159
class 0.8637489080429077 102 145 107 154
class 0.8183020949363708 120 145 126 152
class 0.8453919291496277 132 151 138 158
class 0.4534984529018402 129 148 137 157
class 0.7462357878684998 137 148 143 156
class 0.7083957195281982 158 146 165 154
class 0.7030662894248962 13 161 19 168
class 0.5616017580032349 9 159 17 168
class 0.37474891543388367 11 156 17 164
class 0.422075480222702 27 156 36 166
class 0.8742961883544922 69 162 75 170
class 0.48636019229888916 66 160 74 167
class 0.4366488456726074 75 160 81 168
class 0.5118371248245239 85 160 91 168
class 0.6765673160552979 81 157 90 166
class 0.5640165209770203 106 159 114 167
class 0.3446536362171173 109 157 118 168
class 0.7773193717002869 116 163 122 169
class 0.8018708229064941 174 163 180 170
class 0.7386347055435181 172 161 178 169
class 0.3482460379600525 176 161 179 167
class 0.7211023569107056 187 157 195 169
class 0.8303481340408325 0 171 6 178
class 0.3603387475013733 0 171 3 181
class 0.8356742262840271 13 166 20 174
class 0.33047419786453247 25 167 33 174
class 0.6980990767478943 28 166 36 174
class 0.5832736492156982 56 172 62 179
class 0.6435662508010864 52 170 59 179
class 0.6508710980415344 60 169 68 179
class 0.8304324746131897 89 166 95 173
class 0.8265411257743835 109 172 115 180
class 0.32158663868904114 106 167 114 175
class 0.7271676659584045 138 172 144 180
class 0.8034374713897705 151 169 157 176
class 0.3040759265422821 158 169 165 177
class 0.4693669080734253 154 165 164 175
class 0.6290759444236755 172 172 178 179
class 0.3425014913082123 170 172 177 181
class 0.8499488234519958 195 171 199 178
class 0.6213257908821106 16 183 22 191
class 0.4093594551086426 13 182 20 192
class 0.8326823115348816 53 181 59 189
class 0.8210646510124207 78 184 84 191
class 0.45823904871940613 74 180 81 189
class 0.6457874774932861 101 183 107 191
class 0.6496837139129639 109 179 115 187
class 0.4327908754348755 103 179 112 188
class 0.6790997982025146 136 182 142 189
class 0.8479043841362 150 183 156 191
class 0.8062446117401123 169 179 176 187
class 0.6842551231384277 166 180 173 187
class 0.7720499038696289 184 178 190 185
class 0.88673335313797 2 192 9 199
class 0.5276209712028503 0 192 4 199
class 0.6220927834510803 18 186 26 195
class 0.7112452983856201 33 194 39 199
class 0.6445936560630798 74 192 81 199
class 0.7656304240226746 71 191 79 199
class 0.3937010169029236 73 187 81 197
class 0.6177405118942261 86 194 93 199
class 0.6894012689590454 99 193 105 199
class 0.5863903760910034 96 193 103 199
class 0.6994551420211792 120 194 126 199
class 0.7384777069091797 117 192 124 199
class 0.7571378350257874 129 190 135 197
class 0.6217027306556702 124 190 133 198
class 0.36181050539016724 159 194 165 199
class 0.8325912356376648 156 193 162 199
class 0.7322338819503784 166 194 173 199
class 0.6579456329345703 185 188 191 196
class 0.6673906445503235 190 192 195 199
class 0.6805524230003357 187 190 194 198
