class 0.9349513053894043 76 0 82 7
class 0.8463901877403259 85 0 92 4
class 0.947263240814209 118 4 124 11
class 0.808591365814209 141 0 148 5
class 0.8937571048736572 153 2 159 9
class 0.9566839933395386 0 15 7 22
class 0.8108859062194824 20 9 27 18
class 0.8552637100219727 73 14 79 21
class 0.8438768982887268 130 14 135 21
class 0.8206886649131775 183 11 188 18
class 0.8799001574516296 13 20 19 28
class 0.8626606464385986 33 24 40 32
class 0.8010667562484741 137 24 143 32
class 0.8414310812950134 153 26 159 34
class 0.8036395311355591 151 34 157 42
class 0.8146473169326782 1 43 6 51
class 0.8372631669044495 16 46 22 55
class 0.8305099606513977 67 40 73 48
class 0.8166602253913879 95 55 102 64
class 0.8340440392494202 150 57 157 66
class 0.8280159831047058 167 55 174 64
class 0.8250033855438232 58 62 64 70
class 0.838534414768219 163 65 169 74
class 0.823154628276825 182 67 188 75
class 0.8304683566093445 149 73 155 82
class 0.8537413477897644 14 89 21 95
class 0.8154721856117249 24 88 30 97
class 0.8009530305862427 32 94 40 103
class 0.804702639579773 130 99 136 106
class 0.8320713043212891 151 98 156 106
class 0.9406368732452393 6 108 13 116
class 0.8100395202636719 157 108 165 117
class 0.8044648766517639 90 114 96 122
class 0.8368264436721802 85 125 91 133
class 0.8374472856521606 163 128 169 135
class 0.9260939359664917 4 140 9 148
class 0.8226355314254761 45 151 51 159
class 0.8201934695243835 95 146 102 154
class 0.8416835069656372 157 163 162 170
class 0.8857150077819824 2 171 8 179
class 0.8045355081558228 149 166 155 174
class 0.8455061316490173 195 183 199 191
class 0.8107684850692749 78 190 85 198
class 0.8663783073425293 120 194 126 199
class 0.8219867944717407 183 192 189 199
