class 0.9005516767501831 78 2 84 10
class 0.9450737833976746 118 4 124 11
class 0.8146435618400574 141 0 147 6
class 0.8402619957923889 152 1 159 8
class 0.9293723106384277 3 13 9 21
class 0.8215382099151611 74 14 81 21
class 0.874106228351593 131 15 136 22
class 0.8152215480804443 15 21 21 29
class 0.8055658936500549 43 21 50 29
class 0.8603295087814331 58 25 63 33
class 0.8062492609024048 68 25 74 32
class 0.8024771213531494 137 23 144 31
class 0.8456456661224365 152 26 159 34
class 0.8447390198707581 110 29 116 38
class 0.8207650184631348 0 45 5 52
class 0.8267014026641846 19 45 28 54
class 0.8676591515541077 68 40 74 48
class 0.8634601831436157 14 56 20 64
class 0.8334336876869202 95 56 102 65
class 0.8609384894371033 150 58 157 66
class 0.8365105390548706 58 62 64 70
class 0.8219582438468933 141 67 147 76
class 0.8333109021186829 182 67 189 74
class 0.8215355277061462 7 71 15 83
class 0.8431748747825623 134 77 141 87
class 0.8925142884254456 3 88 9 95
class 0.8037493228912354 23 87 29 95
class 0.8595765233039856 174 97 180 104
class 0.9346569180488586 6 109 12 116
class 0.8663535118103027 35 110 41 117
class 0.8892380595207214 15 118 21 125
class 0.8038151860237122 89 114 96 122
class 0.8954948782920837 4 140 10 148
class 0.8103067874908447 51 138 60 148
class 0.8013094067573547 67 134 73 142
class 0.8947564959526062 85 136 92 144
class 0.8437575697898865 104 139 111 147
class 0.831356406211853 45 152 51 160
class 0.8029165267944336 95 146 102 154
class 0.8027766942977905 164 147 170 156
class 0.8052366375923157 15 161 20 169
class 0.840458869934082 158 163 163 170
class 0.9213369488716125 2 171 8 179
class 0.8208284378051758 100 174 106 181
class 0.8315114974975586 150 166 156 174
class 0.8269557952880859 182 171 188 178
class 0.8710987567901611 107 184 114 191
class 0.8003814220428467 123 183 131 191
class 0.8238745331764221 195 183 199 191
class 0.8809149861335754 16 191 22 198
class 0.8181367516517639 119 194 125 199
