class 0.9393120408058167 77 1 83 8
class 0.8219577074050903 85 0 91 4
class 0.955022931098938 118 4 125 11
class 0.8047671318054199 141 0 148 5
class 0.8602076768875122 153 2 159 9
class 0.9393094182014465 0 14 7 22
class 0.862724244594574 20 9 27 18
class 0.8113736510276794 55 15 61 23
class 0.8600102663040161 73 14 79 21
class 0.8672341704368591 130 14 135 22
class 0.8441915512084961 183 11 189 18
class 0.8832278847694397 13 20 20 28
class 0.8468382358551025 34 25 41 32
class 0.8151787519454956 153 26 159 33
class 0.8299214243888855 172 19 178 27
class 0.846249520778656 16 46 22 55
class 0.8316357135772705 68 40 73 48
class 0.8243812322616577 150 57 156 66
class 0.8226528763771057 58 62 64 70
class 0.8217106461524963 121 67 127 75
class 0.8471171259880066 163 65 169 73
class 0.8402174115180969 182 66 188 75
class 0.8550052642822266 148 72 155 81
class 0.8426216244697571 14 88 21 95
class 0.8406654000282288 25 89 31 97
class 0.8211066126823425 130 99 136 107
class 0.8256056308746338 150 98 156 106
class 0.893534779548645 6 108 13 116
class 0.8011177778244019 73 107 79 116
class 0.8063634037971497 162 127 168 135
class 0.9175387620925903 4 140 9 148
class 0.8273668885231018 67 134 73 142
class 0.8275987505912781 45 151 51 159
class 0.8300478458404541 95 146 102 154
class 0.8040673136711121 158 163 163 170
class 0.88133704662323 1 171 7 178
class 0.8310908675193787 195 183 199 191
class 0.8292858004570007 120 194 126 199
