class 0.9341904520988464 74 1 80 8
class 0.9584298133850098 118 4 124 11
class 0.8206111192703247 141 0 147 5
class 0.8795421123504639 153 1 159 8
class 0.9368354082107544 1 15 8 22
class 0.8648666143417358 20 9 27 18
class 0.8822066187858582 73 14 79 21
class 0.8417308926582336 130 14 135 22
class 0.8837945461273193 13 20 19 28
class 0.8563331365585327 33 25 40 32
class 0.8384397029876709 136 23 143 31
class 0.8270508646965027 153 25 158 33
class 0.8671581745147705 0 43 5 50
class 0.840672492980957 16 47 21 54
class 0.8231345415115356 67 40 73 48
class 0.8760243654251099 150 58 156 66
class 0.8449070453643799 162 65 169 74
class 0.8096952438354492 181 67 188 74
class 0.8371678590774536 149 73 155 82
class 0.8283019661903381 25 88 31 96
class 0.8325836062431335 37 87 43 95
class 0.8699008226394653 151 99 157 107
class 0.8120325207710266 90 113 96 121
class 0.8368304371833801 85 124 91 133
class 0.9243028163909912 4 139 9 148
class 0.8518149852752686 95 145 102 153
class 0.8221275210380554 164 151 170 159
class 0.8057001829147339 140 157 147 165
class 0.8566352128982544 2 171 7 178
class 0.8370020985603333 195 183 199 191
class 0.8395096659660339 86 193 91 199
class 0.8230255842208862 119 194 125 199
