class 0.930935263633728 76 1 82 8
class 0.9364780187606812 118 4 124 11
class 0.8244253396987915 141 0 147 5
class 0.8705486059188843 153 1 159 8
class 0.8130976557731628 191 2 197 9
class 0.9457513689994812 0 14 7 22
class 0.8319609761238098 20 9 27 18
class 0.8343355059623718 73 14 79 22
class 0.8610135316848755 130 14 135 22
class 0.8367323279380798 183 10 188 17
class 0.8759512901306152 13 19 19 28
class 0.8654698729515076 34 24 41 32
class 0.8333979845046997 58 25 63 33
class 0.8080840110778809 137 24 143 32
class 0.8391031622886658 153 26 159 34
class 0.8335471153259277 68 40 73 48
class 0.8278405666351318 96 56 102 65
class 0.8131858706474304 150 57 156 66
class 0.801305890083313 167 55 174 65
class 0.8565484881401062 163 65 169 74
class 0.8509377837181091 182 66 188 75
class 0.8655141592025757 149 73 156 81
class 0.8507786989212036 14 88 21 96
class 0.8007494211196899 24 89 30 97
class 0.808697521686554 71 94 78 103
class 0.9321302771568298 6 108 12 116
class 0.8001835942268372 73 107 78 116
class 0.812538743019104 158 108 165 116
class 0.813689649105072 85 124 91 133
class 0.839252233505249 163 128 169 136
class 0.9040216207504272 4 140 9 148
class 0.8357683420181274 121 135 127 143
class 0.8145450949668884 45 152 51 160
class 0.8675855398178101 95 145 102 154
class 0.8079345226287842 157 163 163 170
class 0.8821619153022766 2 171 7 178
class 0.8037890195846558 150 167 155 174
class 0.8230997920036316 195 183 199 191
class 0.8384906053543091 120 194 126 199
