class 0.9433789849281311 76 1 83 8
class 0.8518386483192444 86 0 92 5
class 0.9399086833000183 118 4 125 11
class 0.8696582317352295 153 1 159 8
class 0.8052332401275635 191 2 196 8
class 0.9319501519203186 0 14 7 22
class 0.8503031134605408 21 9 27 18
class 0.8529884219169617 73 14 79 21
class 0.8349606394767761 130 14 135 22
class 0.8326829075813293 183 12 189 19
class 0.8771457076072693 14 19 20 28
class 0.8773632049560547 33 24 40 32
class 0.8481674194335938 153 25 159 33
class 0.804543137550354 171 19 178 27
class 0.8180384635925293 16 46 22 55
class 0.8561114072799683 68 40 73 48
class 0.8343786001205444 150 58 157 66
class 0.8037998080253601 120 66 126 75
class 0.8425671458244324 163 65 169 73
class 0.8223316073417664 148 74 155 82
class 0.8185192942619324 16 88 22 95
class 0.8391662836074829 25 89 31 97
class 0.8276984691619873 151 98 156 106
class 0.9320788979530334 6 108 12 116
class 0.8165545463562012 72 107 79 115
class 0.8044812083244324 90 114 96 122
class 0.8310068249702454 163 125 169 133
class 0.9362109303474426 4 140 10 148
class 0.8080240488052368 67 134 73 142
class 0.8371097445487976 45 151 51 159
class 0.804984450340271 95 146 102 154
class 0.8816097378730774 1 171 7 179
class 0.805203378200531 196 183 199 191
class 0.8384513258934021 119 194 125 199
