class 0.92878657579422 78 2 84 10
class 0.9576693177223206 118 4 124 11
class 0.8057262301445007 141 0 148 5
class 0.8613303303718567 152 1 159 8
class 0.9466405510902405 1 14 7 22
class 0.8739926815032959 131 14 136 21
class 0.8154356479644775 15 20 21 28
class 0.8378410935401917 32 25 38 32
class 0.8780600428581238 58 25 63 34
class 0.8332492709159851 68 26 74 33
class 0.8231015801429749 137 23 143 32
class 0.8579187989234924 153 26 159 33
class 0.8064754605293274 172 20 178 28
class 0.893954336643219 110 29 116 37
class 0.8717151880264282 0 45 5 52
class 0.8276487588882446 20 45 27 53
class 0.8711866140365601 67 40 73 48
class 0.9124148488044739 14 57 20 64
class 0.8174196481704712 95 55 102 64
class 0.8012672066688538 128 57 135 66
class 0.8485681414604187 150 58 156 66
class 0.8431682586669922 58 62 64 70
class 0.8377681970596313 182 66 189 75
class 0.8263641595840454 90 75 96 83
class 0.8206114768981934 134 78 141 87
class 0.8290150165557861 194 78 199 86
class 0.8538700938224792 3 88 8 95
class 0.8074801564216614 14 88 21 96
class 0.8248584866523743 151 99 157 106
class 0.8439764976501465 174 95 179 102
class 0.9317594766616821 6 108 12 116
class 0.866751492023468 35 110 41 117
class 0.8249897956848145 55 115 61 123
class 0.8184825778007507 163 128 169 136
class 0.9120656251907349 4 141 9 148
class 0.8057940006256104 52 139 60 148
class 0.9041683673858643 85 136 92 144
class 0.8652191758155823 104 139 111 148
class 0.8020399212837219 45 152 51 160
class 0.8292001485824585 95 145 101 154
class 0.8136153221130371 187 151 195 160
class 0.8421581387519836 157 163 163 170
class 0.9073478579521179 2 170 7 177
class 0.821761965751648 150 167 156 174
class 0.8332866430282593 182 170 188 178
class 0.8272597193717957 2 183 8 192
class 0.8091893792152405 55 183 62 191
class 0.8304271101951599 86 180 93 188
class 0.8200260996818542 107 183 113 190
class 0.8181261420249939 195 183 199 191
class 0.8614181280136108 16 190 22 197
class 0.8204516768455505 78 191 84 198
class 0.8038992285728455 157 192 164 199
