class 0.9308379292488098 79 2 84 9
class 0.9579159021377563 118 4 124 11
class 0.8604532480239868 141 0 148 5
class 0.8475862145423889 152 1 159 8
class 0.9225819110870361 2 13 8 21
class 0.8422772884368896 131 14 136 22
class 0.8189488649368286 15 21 21 29
class 0.8466473817825317 32 24 38 32
class 0.802753746509552 44 21 50 29
class 0.8559566736221313 58 25 63 33
class 0.8285778760910034 68 26 74 33
class 0.8053397536277771 115 19 122 28
class 0.8783430457115173 153 26 159 34
class 0.8028039336204529 173 19 179 28
class 0.8696208596229553 109 29 116 37
class 0.8500977158546448 0 45 5 52
class 0.8121181130409241 20 45 28 53
class 0.8618045449256897 67 40 74 48
class 0.8764955401420593 14 57 20 64
class 0.8113422989845276 95 56 102 65
class 0.8517104983329773 150 58 157 66
class 0.8333285450935364 58 63 64 71
class 0.8441646695137024 141 66 147 75
class 0.8270330429077148 182 66 188 74
class 0.811045229434967 50 79 56 86
class 0.8162394165992737 194 78 199 86
class 0.8771001696586609 3 88 9 95
class 0.8106768131256104 15 88 20 96
class 0.8359016180038452 23 87 29 95
class 0.8168142437934875 37 87 43 95
class 0.8247726559638977 195 88 199 97
class 0.8520723581314087 174 95 179 103
class 0.8978644609451294 6 108 12 115
class 0.8590314984321594 35 110 41 117
class 0.8678674101829529 15 119 21 127
class 0.820158839225769 90 114 96 122
class 0.8102929592132568 8 129 15 139
class 0.8935840725898743 4 140 9 148
class 0.8038850426673889 52 138 60 148
class 0.9083030819892883 85 136 92 144
class 0.8659752011299133 104 139 111 147
class 0.8255119919776917 45 152 51 160
class 0.8085537552833557 187 152 194 160
class 0.8292282819747925 158 163 163 170
class 0.9055321216583252 2 171 7 178
class 0.815921425819397 101 173 107 181
class 0.8129349946975708 150 167 155 174
class 0.8669335246086121 181 170 187 177
class 0.8252541422843933 86 180 93 188
class 0.8718661069869995 16 191 22 198
