class 0.9467765688896179 78 1 84 9
class 0.94495689868927 118 4 124 11
class 0.8518013954162598 142 0 148 5
class 0.8381502628326416 153 1 159 8
class 0.9537372589111328 0 14 7 23
class 0.838993489742279 45 14 51 22
class 0.863041341304779 74 14 80 22
class 0.8665172457695007 131 14 136 22
class 0.8305068612098694 14 20 20 28
class 0.8350594639778137 32 25 38 33
class 0.8638256192207336 58 25 63 34
class 0.849812388420105 68 26 74 33
class 0.8829790353775024 153 26 159 34
class 0.8917004466056824 110 30 116 37
class 0.8521686792373657 0 44 5 51
class 0.8598844408988953 67 40 73 48
class 0.8214499950408936 95 55 102 65
class 0.8021465539932251 131 57 136 65
class 0.832473874092102 150 58 157 66
class 0.8089555501937866 21 67 27 75
class 0.8103507161140442 58 62 64 70
class 0.8216984272003174 163 66 169 74
class 0.8251427412033081 182 66 188 74
class 0.8204778432846069 134 77 141 86
class 0.83282071352005 194 78 199 86
class 0.8768852353096008 3 88 9 95
class 0.818433403968811 15 88 21 96
class 0.8083016276359558 37 87 43 95
class 0.817712664604187 174 94 179 101
class 0.9230858683586121 6 109 12 116
class 0.8571932911872864 35 110 41 117
class 0.8084589838981628 55 115 61 123
class 0.8264896273612976 163 128 169 136
class 0.8111969232559204 195 130 199 137
class 0.9202414751052856 4 141 9 148
class 0.8242241740226746 67 134 73 142
class 0.8840513825416565 85 136 92 144
class 0.8773041367530823 104 139 111 148
class 0.8050320744514465 45 152 51 160
class 0.8267037272453308 187 151 194 160
class 0.8060493469238281 14 162 20 169
class 0.813220739364624 84 156 90 165
class 0.8614068627357483 158 164 163 170
class 0.8935038447380066 2 170 8 178
class 0.823034942150116 150 166 156 174
class 0.835337221622467 182 170 188 178
class 0.853679895401001 85 180 92 188
class 0.8096170425415039 107 183 113 191
class 0.8526543378829956 16 189 22 196
