class 0.9197796583175659 78 3 84 10
class 0.956211268901825 118 3 125 10
class 0.8590815663337708 141 0 147 5
class 0.8393511772155762 152 1 159 8
class 0.9312219619750977 1 15 7 22
class 0.8065356016159058 74 13 80 21
class 0.8767690062522888 131 14 136 22
class 0.8156887292861938 165 12 175 23
class 0.8355329632759094 32 24 38 32
class 0.8637487292289734 58 25 63 34
class 0.8441892862319946 68 26 74 33
class 0.8505932092666626 115 19 122 28
class 0.8019284605979919 137 23 144 32
class 0.8705397248268127 153 25 159 33
class 0.8240553736686707 172 19 179 27
class 0.8761650919914246 109 29 116 38
class 0.888201117515564 0 45 5 52
class 0.8257790207862854 20 45 28 54
class 0.8577080368995667 67 40 73 48
class 0.9029550552368164 14 57 20 64
class 0.8204345107078552 95 56 103 65
class 0.8333726525306702 150 58 157 66
class 0.8013558983802795 167 56 175 65
class 0.8474215269088745 58 62 64 70
class 0.8048615455627441 141 66 147 75
class 0.8232605457305908 162 65 169 73
class 0.8389855623245239 182 66 189 75
class 0.8027628660202026 7 72 15 82
class 0.8105766773223877 168 77 174 85
class 0.8091860413551331 194 78 199 86
class 0.8446696996688843 3 88 9 95
class 0.810074508190155 15 89 20 96
class 0.8059477210044861 24 87 30 96
class 0.8302522897720337 174 95 179 102
class 0.9020550847053528 6 107 13 115
class 0.8530758023262024 35 110 41 117
class 0.8243902921676636 55 115 61 123
class 0.8046789765357971 8 129 15 139
class 0.866864800453186 4 140 9 148
class 0.8039637207984924 20 141 26 149
class 0.8435018658638 52 139 59 148
class 0.8793436884880066 85 136 92 143
class 0.8888397216796875 104 139 111 147
class 0.8159279227256775 121 135 127 143
class 0.8278071284294128 2 146 8 154
class 0.8258282542228699 45 152 51 160
class 0.8087087273597717 95 145 102 154
class 0.809744119644165 187 151 195 160
class 0.8090035319328308 14 161 20 169
class 0.8171298503875732 157 163 164 170
class 0.9186443090438843 2 171 8 179
class 0.8399417400360107 182 170 188 178
class 0.8563407063484192 3 184 8 192
class 0.8158454298973083 86 180 92 188
class 0.8403911590576172 106 183 113 191
class 0.8166071176528931 195 183 199 191
class 0.8780419230461121 16 190 22 197
class 0.804786741733551 78 191 85 198
class 0.8132045865058899 119 194 126 199
class 0.8052425980567932 156 192 164 199
