class 0.9411170482635498 76 1 82 7
class 0.8626642227172852 86 0 93 5
class 0.9478869438171387 118 4 125 11
class 0.8645210266113281 153 2 159 9
class 0.8093802332878113 184 0 190 7
class 0.9396303296089172 0 15 7 22
class 0.8650903105735779 21 9 28 17
class 0.8657060265541077 73 14 79 21
class 0.8677141666412354 129 14 135 22
class 0.9040868282318115 13 19 20 27
class 0.8524355888366699 34 24 40 32
class 0.8124517202377319 137 23 143 31
class 0.8456668257713318 153 26 159 34
class 0.8098247051239014 171 19 178 27
class 0.8046989440917969 67 40 73 48
class 0.8671280741691589 150 58 157 66
class 0.8722366690635681 163 65 169 73
class 0.8167140483856201 182 67 188 74
class 0.8256159424781799 148 73 155 82
class 0.8416821360588074 16 88 22 95
class 0.8555282950401306 25 89 31 97
class 0.8344501256942749 37 87 43 95
class 0.8283702731132507 42 98 49 107
class 0.8011093139648438 130 99 136 107
class 0.8445577621459961 150 99 156 107
class 0.8809384703636169 6 107 12 115
class 0.842808723449707 72 107 79 116
class 0.8143762350082397 85 124 91 133
class 0.9253742694854736 4 140 9 148
class 0.8056789636611938 67 134 73 142
class 0.8214057087898254 95 146 101 155
class 0.8444532752037048 164 151 170 158
class 0.8660352826118469 2 170 8 178
class 0.8177599310874939 149 166 155 174
class 0.8423669338226318 195 183 199 191
class 0.802580714225769 85 192 91 199
