class 0.9466990828514099 76 0 83 7
class 0.9469540119171143 118 4 124 11
class 0.8128701448440552 141 0 147 5
class 0.8752445578575134 153 1 159 8
class 0.9570162296295166 0 14 7 22
class 0.819534420967102 20 9 27 18
class 0.8087493181228638 38 12 43 20
class 0.8715007901191711 73 14 79 22
class 0.8216497302055359 130 14 135 22
class 0.8113847970962524 183 12 188 19
class 0.9005017280578613 13 20 20 28
class 0.865421712398529 33 25 40 33
class 0.838633120059967 58 25 64 33
class 0.8690802454948425 153 26 159 34
class 0.8315794467926025 109 30 115 37
class 0.8346456289291382 0 43 5 50
class 0.8582006692886353 68 40 73 48
class 0.8150702714920044 95 55 102 65
class 0.8222551941871643 131 57 137 65
class 0.8526728749275208 150 58 157 66
class 0.8112301826477051 121 67 127 75
class 0.8179830312728882 140 66 146 74
class 0.8387681245803833 163 65 169 73
class 0.8343274593353271 182 66 188 75
class 0.8237996697425842 149 73 156 82
class 0.8310235142707825 14 88 21 96
class 0.8125055432319641 24 89 30 97
class 0.9426393508911133 5 108 12 117
class 0.8163866400718689 90 114 96 122
class 0.8244271874427795 85 124 91 133
class 0.8004446625709534 163 128 169 136
class 0.9172115921974182 4 140 9 148
class 0.8305607438087463 67 134 73 142
class 0.8040617108345032 121 135 127 143
class 0.8629460334777832 44 152 51 160
class 0.8237895965576172 95 145 102 154
class 0.8154672384262085 157 163 163 170
class 0.851989209651947 2 171 8 178
class 0.842849850654602 183 170 189 178
class 0.8155961632728577 120 194 126 199
class 0.8061513900756836 183 193 189 199
