class 0.9485072493553162 78 0 84 7
class 0.8507347702980042 85 0 92 6
class 0.9487413167953491 118 3 124 11
class 0.8406105041503906 141 0 148 5
class 0.8913204669952393 153 1 159 8
class 0.9497546553611755 1 15 7 22
class 0.8488385081291199 46 14 52 23
class 0.8374916911125183 73 14 79 22
class 0.8691487908363342 130 14 136 22
class 0.8053779602050781 166 13 174 23
class 0.840908408164978 13 20 19 28
class 0.8435933589935303 33 24 39 32
class 0.8416038751602173 58 25 63 33
class 0.8684543967247009 68 25 74 33
class 0.8271504044532776 115 19 122 28
class 0.8647559881210327 137 23 143 32
class 0.818023145198822 152 26 159 34
class 0.9113850593566895 110 30 116 37
class 0.8517295718193054 0 44 6 51
class 0.8418065905570984 67 40 73 48
class 0.8270947337150574 95 56 102 65
class 0.8014233112335205 131 57 136 65
class 0.8359918594360352 150 58 157 66
class 0.8201107978820801 58 62 64 70
class 0.8346478343009949 163 65 168 74
class 0.8476262092590332 182 66 188 74
class 0.8294857740402222 134 78 141 87
class 0.9122124910354614 2 88 8 96
class 0.8915355205535889 15 89 21 96
class 0.8052230477333069 130 99 136 106
class 0.9435856938362122 6 108 12 116
class 0.9133521914482117 36 110 41 117
class 0.8513653874397278 56 115 62 123
class 0.8123406171798706 188 118 194 128
class 0.8342717885971069 163 128 169 136
class 0.9226455092430115 4 140 9 148
class 0.8024359345436096 67 134 73 142
class 0.9036698937416077 85 136 92 144
class 0.8158468008041382 104 139 111 147
class 0.8390679955482483 45 152 51 160
class 0.8280966877937317 95 146 102 154
class 0.840448260307312 176 161 183 170
class 0.9192197322845459 2 171 8 179
class 0.814828097820282 101 173 106 181
class 0.8018603920936584 150 166 156 174
class 0.8446646928787231 182 171 188 179
class 0.8180181980133057 71 181 78 190
class 0.8086491227149963 85 179 92 187
class 0.8058649301528931 119 194 125 199
