class 0.8649672865867615 11 0 17 6
class 0.9081180691719055 26 0 32 6
class 0.7629699110984802 48 1 54 8
class 0.8691722750663757 53 0 60 6
class 0.48997896909713745 51 0 57 7
class 0.6210560202598572 72 1 78 6
class 0.31467097997665405 73 0 78 2
class 0.9080908298492432 99 0 105 7
class 0.9179937839508057 111 3 117 11
class 0.3218938112258911 112 1 115 4
class 0.687851071357727 149 1 156 7
class 0.6222453117370605 156 3 162 10
class 0.7808049917221069 174 1 179 8
class 0.5479863882064819 180 0 185 4
class 0.5856530070304871 176 0 184 6
class 0.4283953905105591 5 10 10 17
class 0.6961570978164673 7 7 15 17
class 0.7827754020690918 29 14 36 22
class 0.7638696432113647 45 14 51 22
class 0.6966346502304077 41 11 49 20
class 0.7706471681594849 73 8 79 16
class 0.7941539287567139 106 9 113 17
class 0.8268585205078125 142 15 148 22
class 0.8803457617759705 153 14 159 21
class 0.37401100993156433 149 13 158 23
class 0.896015465259552 161 15 168 22
class 0.36710768938064575 158 12 166 22
class 0.7558936476707458 174 11 180 18
class 0.7872977256774902 189 10 196 18
class 0.8451891541481018 16 19 22 27
class 0.694962203502655 25 19 32 27
class 0.8272807002067566 36 19 42 28
class 0.879749596118927 69 19 75 27
class 0.8414835333824158 80 24 85 32
class 0.6438382267951965 85 21 91 28
class 0.5747050046920776 81 20 89 31
class 0.7033528685569763 95 20 102 29
class 0.696129322052002 136 23 142 31
class 0.8482653498649597 148 25 155 32
class 0.763841450214386 176 18 184 27
class 0.8018680810928345 191 21 196 29
class 0.742762565612793 47 32 53 40
class 0.4217647314071655 44 33 52 42
class 0.7242716550827026 66 37 73 45
class 0.5996045470237732 64 36 70 45
class 0.40760940313339233 112 36 117 43
class 0.7507373690605164 120 35 125 44
class 0.5418433547019958 115 34 124 44
class 0.8063125610351562 33 44 40 53
class 0.4126069247722626 37 43 44 52
class 0.7553470134735107 46 43 52 50
class 0.3406302034854889 41 40 48 49
class 0.555481493473053 50 43 57 52
class 0.4538425803184509 61 39 68 47
class 0.5228976011276245 80 40 85 47
class 0.7325450778007507 95 47 102 55
class 0.5083126425743103 113 44 120 53
class 0.6409951448440552 126 46 132 54
class 0.5500821471214294 144 39 151 47
class 0.7010899782180786 13 53 19 60
class 0.7009912133216858 9 54 17 63
class 0.3117115795612335 47 57 53 65
class 0.6589993834495544 75 52 82 60
class 0.8165348768234253 88 57 94 65
class 0.3644202649593353 90 56 96 62
class 0.4838312566280365 111 52 117 61
class 0.4806687831878662 122 49 131 58
class 0.6467039585113525 155 50 162 57
class 0.7700661420822144 191 55 196 63
class 0.8684889674186707 5 61 11 68
class 0.4241233468055725 47 61 53 69
class 0.8435734510421753 55 62 61 69
class 0.3782866895198822 54 64 60 72
class 0.6960663199424744 76 62 83 70
class 0.6468213200569153 71 61 79 69
class 0.33484911918640137 81 61 89 70
class 0.8899944424629211 101 61 106 69
class 0.6629813313484192 116 63 123 72
class 0.5315787196159363 113 61 121 70
class 0.6070917844772339 138 68 145 75
class 0.7808034420013428 136 66 142 74
class 0.6390606760978699 173 64 179 71
class 0.32336345314979553 173 61 178 68
class 0.5723488330841064 33 78 39 86
class 0.7541937828063965 55 76 62 84
class 0.6004694104194641 52 72 60 82
class 0.76844722032547 66 72 72 80
class 0.7926639914512634 63 75 70 83
class 0.6560853719711304 91 78 99 86
class 0.7464225888252258 110 77 116 84
class 0.3230648338794708 108 75 119 83
class 0.37442880868911743 121 74 127 81
class 0.7645885348320007 127 71 134 80
class 0.4914398789405823 124 73 131 81
class 0.814681351184845 140 72 147 80
class 0.4918055236339569 163 79 169 86
class 0.6315191984176636 172 74 179 81
class 0.4206790626049042 168 76 176 85
class 0.68084317445755 27 89 32 96
class 0.5147160887718201 32 80 41 90
class 0.7349008321762085 44 88 50 96
class 0.688576877117157 58 89 64 96
class 0.3920932412147522 55 87 61 96
class 0.515975832939148 74 81 80 90
class 0.6399727463722229 90 88 95 96
class 0.7986837029457092 121 81 127 89
class 0.8181441426277161 142 89 147 96
class 0.6298911571502686 162 83 169 89
class 0.4973396062850952 174 83 180 91
class 0.7139325737953186 180 87 186 95
class 0.6335422396659851 176 86 184 95
class 0.7535236477851868 187 88 195 97
class 0.940066933631897 2 96 7 104
class 0.6016101241111755 55 99 61 106
class 0.8117918372154236 51 100 58 107
class 0.3237343430519104 59 95 63 100
class 0.6425096392631531 60 96 67 105
class 0.33020758628845215 61 93 68 100
class 0.5991034507751465 79 100 85 107
class 0.6270101070404053 90 97 96 105
class 0.42031407356262207 97 95 103 103
class 0.43782955408096313 94 92 101 100
class 0.6521638631820679 102 93 108 100
class 0.8583767414093018 126 96 133 105
class 0.9222105741500854 3 109 9 117
class 0.3251416087150574 1 108 5 119
class 0.7929985523223877 13 105 19 112
class 0.7217451333999634 10 108 18 117
class 0.8595507144927979 27 106 32 114
class 0.4607226848602295 23 103 32 114
class 0.5165694952011108 55 104 61 112
class 0.6780484914779663 50 103 57 112
class 0.37140628695487976 53 103 58 108
class 0.8371272087097168 80 103 89 112
class 0.7761709094047546 95 104 101 112
class 0.7182661890983582 120 107 126 115
class 0.5233214497566223 115 104 124 112
class 0.5105705261230469 131 108 137 117
class 0.7168444991111755 140 108 147 117
class 0.6187264919281006 137 106 144 115
class 0.3826754093170166 143 108 151 117
class 0.7109545469284058 194 110 199 118
class 0.5625428557395935 192 109 198 118
class 0.8197744488716125 24 119 31 127
class 0.628804087638855 44 115 52 123
class 0.6530234813690186 40 113 48 122
class 0.5183327198028564 57 114 63 122
class 0.4505755603313446 52 113 59 124
class 0.3349758982658386 62 115 69 123
class 0.6979185938835144 60 113 67 121
class 0.8426108360290527 98 119 104 127
class 0.6658508777618408 95 116 102 125
class 0.4249909222126007 111 121 117 128
class 0.750530481338501 133 119 138 127
class 0.3100039064884186 133 117 138 122
class 0.5609888434410095 192 114 198 122
class 0.785531222820282 4 131 11 137
class 0.8711673021316528 33 124 39 133
class 0.7310107946395874 84 126 90 135
class 0.771255612373352 98 130 105 139
class 0.3108312487602234 100 129 107 136
class 0.6050207614898682 102 129 110 138
class 0.4462753236293793 115 124 122 133
class 0.6169808506965637 113 123 120 132
class 0.666910707950592 130 126 137 134
class 0.4835190773010254 130 124 136 131
class 0.8971719145774841 142 130 148 138
class 0.49429142475128174 139 129 145 137
class 0.8611936569213867 169 129 175 137
class 0.8041344881057739 5 135 11 143
class 0.8175274729728699 14 138 20 146
class 0.7630413770675659 10 139 17 148
class 0.7926355004310608 37 142 43 150
class 0.7806251049041748 52 134 58 144
class 0.5757259726524353 69 140 75 148
class 0.39023351669311523 72 139 79 147
class 0.6994523406028748 81 140 88 149
class 0.8329964280128479 104 138 110 147
class 0.7238950133323669 128 138 135 145
class 0.6357619166374207 124 140 133 148
class 0.7477091550827026 147 134 153 143
class 0.7838164567947388 28 151 38 159
class 0.8365182280540466 45 145 51 153
class 0.7292530536651611 66 152 73 160
class 0.7543190717697144 63 151 69 160
class 0.3011890649795532 70 151 74 157
class 0.6612439155578613 70 151 77 159
class 0.6383508443832397 126 146 132 154
class 0.8591887354850769 158 144 164 153
class 0.4621337056159973 174 145 181 153
class 0.7121717929840088 180 145 187 153
class 0.6371941566467285 176 145 185 155
class 0.8194580078125 194 146 199 154
class 0.8755345940589905 36 157 42 165
class 0.3106304109096527 64 162 70 169
class 0.8381223678588867 95 160 102 169
class 0.8274352550506592 120 160 125 168
class 0.4082111716270447 123 159 127 166
class 0.8297991156578064 136 156 144 164
class 0.8532191514968872 161 162 168 169
class 0.8611607551574707 185 160 191 169
class 0.5010660290718079 29 173 36 181
class 0.7914499044418335 63 165 70 174
class 0.8164437413215637 83 167 90 175
class 0.7107390761375427 105 168 111 176
class 0.49421921372413635 133 168 139 176
class 0.7788422703742981 136 171 142 179
class 0.8422207236289978 175 166 180 174
class 0.6718490123748779 21 180 28 188
class 0.4243014454841614 20 176 26 184
class 0.4203450083732605 59 183 65 191
class 0.596966028213501 78 183 84 191
class 0.8125740885734558 75 182 81 190
class 0.6940658092498779 105 177 112 186
class 0.7795532941818237 120 184 126 191
class 0.6683452725410461 188 183 196 192
class 0.7496642470359802 15 194 21 199
class 0.7063987851142883 12 193 19 199
class 0.6952223777770996 23 192 29 199
class 0.6098748445510864 19 191 27 199
class 0.32880765199661255 21 188 28 198
class 0.8330645561218262 58 194 63 199
class 0.400851309299469 59 192 63 198
class 0.7163645029067993 94 191 101 198
class 0.4370746612548828 117 192 123 199
class 0.7630442976951599 114 191 121 199
class 0.3465641438961029 116 188 122 197
class 0.6586761474609375 126 192 133 199
class 0.47733622789382935 151 195 157 199
class 0.39936763048171997 147 193 156 199
class 0.7355688810348511 174 190 180 197
class 0.8137465715408325 182 194 188 199
class 0.6716316342353821 178 193 184 199
class 0.34976643323898315 184 193 189 199
class 0.6669558882713318 187 191 194 199
class 0.41317954659461975 189 187 195 196
