class 0.9080965518951416 12 0 18 6
class 0.3639124929904938 9 1 16 7
class 0.3212566673755646 12 0 15 2
class 0.9171575903892517 26 0 32 5
class 0.7867451310157776 48 0 54 6
class 0.9149768948554993 55 0 62 7
class 0.6128111481666565 72 1 78 7
class 0.5930091738700867 90 0 95 5
class 0.9301498532295227 99 0 105 6
class 0.9296938180923462 111 3 117 10
class 0.32988861203193665 112 1 120 8
class 0.6954441070556641 149 1 156 7
class 0.3507533073425293 149 0 155 3
class 0.7154473662376404 156 3 162 10
class 0.8241768479347229 174 1 179 7
class 0.6000221371650696 181 0 186 4
class 0.340674489736557 176 0 184 5
class 0.493430495262146 5 10 10 17
class 0.6209051609039307 7 7 15 17
class 0.32280245423316956 33 15 40 22
class 0.7376039624214172 30 14 36 22
class 0.834031879901886 45 14 51 22
class 0.653168261051178 41 11 48 20
class 0.8392096757888794 73 9 80 16
class 0.773179292678833 105 9 112 17
class 0.7903441786766052 142 15 147 22
class 0.8687533736228943 152 14 158 21
class 0.8657439947128296 163 15 169 23
class 0.7378531098365784 174 10 180 18
class 0.805109441280365 189 10 196 18
class 0.8523688912391663 16 19 23 27
class 0.6575754880905151 24 19 31 26
class 0.8283527493476868 36 19 42 27
class 0.8725309371948242 69 18 74 27
class 0.6927245259284973 80 24 86 33
class 0.580848217010498 84 21 90 29
class 0.7499513626098633 81 22 88 31
class 0.7663208842277527 95 20 102 29
class 0.3566052317619324 133 20 139 30
class 0.6614229679107666 136 24 143 32
class 0.7119339108467102 149 24 155 32
class 0.7732926607131958 156 22 165 31
class 0.34673067927360535 158 19 167 27
class 0.7553508877754211 176 18 185 28
class 0.8436076045036316 189 20 196 29
class 0.7583858370780945 48 32 54 40
class 0.4371914267539978 45 34 52 42
class 0.7247194051742554 67 36 73 44
class 0.7319331765174866 80 36 85 44
class 0.6857959032058716 119 35 125 44
class 0.5185977220535278 115 34 123 44
class 0.8234004378318787 32 44 39 53
class 0.3854472041130066 35 42 44 52
class 0.6388481259346008 47 43 53 51
class 0.3066791296005249 53 43 59 50
class 0.7000541090965271 50 44 57 52
class 0.5825049877166748 61 39 68 47
class 0.7885742783546448 96 46 102 55
class 0.3189694881439209 112 43 117 51
class 0.3729184567928314 121 46 127 53
class 0.5943582653999329 123 47 130 55
class 0.4478137195110321 145 39 151 47
class 0.7293382883071899 12 53 19 61
class 0.7650361061096191 9 54 17 64
class 0.5233712196350098 76 52 82 60
class 0.6054778099060059 73 48 81 58
class 0.8097088932991028 88 57 94 65
class 0.6401378512382507 85 56 92 65
class 0.38243815302848816 89 55 96 63
class 0.6071830987930298 111 53 117 62
class 0.42696014046669006 118 51 124 59
class 0.41953933238983154 113 52 120 61
class 0.40590330958366394 116 50 123 56
class 0.5291842818260193 157 52 164 60
class 0.657258152961731 155 49 162 59
class 0.7678636908531189 191 55 196 63
class 0.9058454036712646 5 61 10 69
class 0.6989050507545471 46 61 53 69
class 0.8532191514968872 55 64 61 72
class 0.45901691913604736 53 66 59 74
class 0.6971749663352966 77 61 83 70
class 0.6118152141571045 72 61 79 69
class 0.5236920118331909 88 66 95 75
class 0.4024812579154968 83 62 92 72
class 0.7342279553413391 97 65 104 73
class 0.8038760423660278 93 66 101 75
class 0.32827532291412354 99 64 106 72
class 0.6330620050430298 113 61 122 70
class 0.5359556078910828 139 68 146 75
class 0.7267299294471741 136 66 142 74
class 0.38668665289878845 146 67 152 75
class 0.788230299949646 158 68 165 76
class 0.30237630009651184 164 66 169 73
class 0.6508620977401733 173 64 180 71
class 0.3216297924518585 172 60 178 69
class 0.5446174144744873 34 79 40 86
class 0.7187173366546631 56 77 62 85
class 0.6249797940254211 53 73 61 82
class 0.7796431183815002 66 72 72 80
class 0.7227373719215393 63 75 70 83
class 0.7229683995246887 92 77 99 86
class 0.7627015113830566 111 76 117 84
class 0.33877360820770264 121 74 126 81
class 0.7274463176727295 128 72 134 80
class 0.5943595767021179 124 73 132 81
class 0.7639670968055725 140 72 146 80
class 0.61616450548172 162 77 168 85
class 0.3830275535583496 160 75 166 83
class 0.7202499508857727 174 73 180 81
class 0.5923603773117065 26 89 32 97
class 0.43346282839775085 35 83 40 92
class 0.36692431569099426 30 84 39 94
class 0.47475704550743103 31 80 41 91
class 0.7516106963157654 44 88 50 96
class 0.5142371654510498 42 85 56 96
class 0.7259155511856079 58 89 64 96
class 0.47048088908195496 55 88 61 97
class 0.31700706481933594 60 87 68 97
class 0.5893660187721252 74 82 80 90
class 0.6352671980857849 90 88 96 96
class 0.5369594693183899 111 82 117 89
class 0.8175429105758667 120 82 126 90
class 0.5963929295539856 116 82 123 90
class 0.8282671570777893 141 89 147 96
class 0.4360056519508362 163 82 170 89
class 0.37602290511131287 170 82 177 91
class 0.5501805543899536 166 81 173 89
class 0.7299044132232666 180 87 186 95
class 0.578074038028717 177 86 185 95
class 0.7834683656692505 188 88 195 97
class 0.9495599269866943 2 97 8 106
class 0.34435370564460754 1 96 4 107
class 0.4960927963256836 22 97 28 105
class 0.777220606803894 18 96 27 105
class 0.32020750641822815 21 93 28 101
class 0.5466616749763489 55 98 61 105
class 0.748327374458313 51 99 58 107
class 0.6449148654937744 60 97 67 105
class 0.46536752581596375 61 93 68 100
class 0.8112613558769226 79 100 85 107
class 0.5275640487670898 90 97 96 105
class 0.3100813925266266 97 95 103 103
class 0.5164853930473328 92 96 99 105
class 0.47516822814941406 94 92 101 100
class 0.7716611623764038 102 93 109 102
class 0.4974232614040375 114 99 121 108
class 0.8353204131126404 127 96 134 105
class 0.4887998104095459 126 93 132 102
class 0.7372874617576599 160 99 166 107
class 0.7142730951309204 157 98 164 107
class 0.76761394739151 169 98 175 107
class 0.9146710634231567 3 109 9 117
class 0.36264094710350037 1 107 5 119
class 0.7658661603927612 13 105 19 113
class 0.7402850985527039 10 108 18 117
class 0.8739927411079407 27 107 32 114
class 0.44843825697898865 24 104 32 113
class 0.6381617188453674 55 104 61 111
class 0.6579276323318481 50 103 57 112
class 0.44521960616111755 53 103 58 109
class 0.4904831349849701 62 103 70 111
class 0.8178133368492126 81 104 89 112
class 0.7337738871574402 95 104 101 112
class 0.7293121218681335 121 106 127 114
class 0.4918135702610016 117 104 125 112
class 0.609531044960022 131 108 137 116
class 0.3581285774707794 131 105 138 113
class 0.7061206102371216 141 108 147 116
class 0.5006340146064758 136 105 143 114
class 0.5187869668006897 144 108 151 117
class 0.7055711150169373 194 109 199 117
class 0.6170912384986877 191 110 197 118
class 0.7996538877487183 24 118 31 126
class 0.6827945113182068 45 115 52 123
class 0.6360843181610107 41 113 48 123
class 0.5599462985992432 57 114 63 122
class 0.46632856130599976 51 113 59 123
class 0.5913853645324707 59 113 68 121
class 0.8766534924507141 98 120 104 127
class 0.6217445731163025 95 116 102 125
class 0.5317930579185486 111 121 117 128
class 0.737899899482727 132 118 138 126
class 0.5863919258117676 188 113 195 122
class 0.8447452187538147 5 127 11 135
class 0.8955523371696472 33 125 39 133
class 0.6117439270019531 80 131 86 139
class 0.708861768245697 84 125 90 135
class 0.7090001702308655 96 129 104 139
class 0.5373465418815613 101 129 111 139
class 0.665882408618927 113 123 121 132
class 0.6595486402511597 129 126 135 134
class 0.8758907914161682 142 130 148 138
class 0.4008006751537323 139 129 146 137
class 0.8587697744369507 169 128 176 137
class 0.3216892182826996 168 125 175 134
class 0.8204495906829834 0 137 6 145
class 0.5997730493545532 0 140 4 149
class 0.8524035215377808 14 137 20 144
class 0.6018193960189819 12 139 19 147
class 0.833084225654602 37 142 43 149
class 0.3465534448623657 34 138 41 148
class 0.8118010759353638 51 134 59 143
class 0.6028923988342285 68 140 74 148
class 0.5543626546859741 79 138 85 146
class 0.4746061861515045 73 137 82 146
class 0.5518551468849182 81 140 88 149
class 0.7351182103157043 105 138 111 146
class 0.4138144552707672 103 135 111 143
class 0.7375168800354004 128 138 135 145
class 0.6430028080940247 124 139 133 148
class 0.7332829236984253 148 135 154 143
class 0.7604508996009827 11 145 17 153
class 0.3177044093608856 31 150 38 157
class 0.7944577932357788 28 151 37 159
class 0.8492835760116577 44 144 51 153
class 0.6099210381507874 67 151 73 159
class 0.6661202907562256 63 150 69 159
class 0.8058418035507202 71 151 78 160
class 0.7454028129577637 127 146 132 154
class 0.8611725568771362 158 145 164 153
class 0.3052479028701782 159 146 163 151
class 0.7094568610191345 180 146 187 154
class 0.6657217741012573 176 146 184 155
class 0.7456074357032776 194 147 199 154
class 0.41015341877937317 191 145 198 156
class 0.875159502029419 3 163 10 170
class 0.8945842981338501 35 157 42 165
class 0.8263400793075562 57 156 64 164
class 0.8137142658233643 93 158 101 168
class 0.3170883357524872 99 159 107 167
class 0.801743745803833 121 161 127 169
class 0.8629400134086609 136 157 143 165
class 0.8314293026924133 161 162 167 170
class 0.8656531572341919 185 160 191 168
class 0.5654606819152832 29 173 36 181
class 0.6638244390487671 48 172 54 179
class 0.7559305429458618 64 165 72 173
class 0.8081984519958496 84 167 90 175
class 0.6677149534225464 104 165 112 175
class 0.7284027934074402 131 168 138 176
class 0.30396875739097595 127 165 136 175
class 0.7519787549972534 138 171 144 179
class 0.7958996295928955 150 173 156 180
class 0.8649884462356567 174 166 180 174
class 0.7761216759681702 20 182 27 189
class 0.4361741244792938 48 176 54 183
class 0.5872637629508972 59 183 65 191
class 0.8009974360466003 75 182 82 190
class 0.3403434157371521 77 181 87 189
class 0.616566002368927 85 184 91 192
class 0.6196341514587402 83 183 89 191
class 0.7124592661857605 105 177 112 185
class 0.7626405358314514 120 184 126 191
class 0.8603658080101013 140 183 146 191
class 0.699923574924469 191 184 197 191
class 0.7101147770881653 15 194 21 199
class 0.7217360138893127 12 193 19 199
class 0.6927107572555542 22 193 28 199
class 0.6749383211135864 19 192 26 199
class 0.30148619413375854 21 188 27 197
class 0.7889366149902344 57 193 64 199
class 0.6959840059280396 89 191 95 198
class 0.48988786339759827 87 187 93 196
class 0.6286484599113464 94 190 101 197
class 0.5459820032119751 118 193 124 199
class 0.7650629281997681 114 192 122 199
class 0.5405642986297607 127 193 133 199
class 0.5215878486633301 151 195 157 199
class 0.4203251600265503 147 194 155 199
class 0.7580676674842834 174 190 180 198
class 0.8329695463180542 182 195 188 199
class 0.6254081130027771 178 193 185 199
class 0.6832430958747864 187 191 194 199
class 0.3610673248767853 189 188 195 196
