class 0.906151533126831 11 0 18 6
class 0.3176904618740082 9 1 16 8
class 0.30072715878486633 12 0 15 2
class 0.8987986445426941 26 0 32 5
class 0.8340649008750916 48 1 54 8
class 0.8491173982620239 54 0 61 7
class 0.4517253041267395 52 0 57 7
class 0.6316990852355957 72 1 78 6
class 0.358608216047287 73 0 78 3
class 0.9206720590591431 99 0 105 6
class 0.9273209571838379 111 3 117 10
class 0.314876914024353 112 1 115 4
class 0.3145091235637665 112 1 120 7
class 0.7147830128669739 150 1 156 7
class 0.324623703956604 149 0 155 3
class 0.7152453660964966 156 3 162 9
class 0.7900793552398682 174 1 179 8
class 0.6212641000747681 181 0 186 4
class 0.42628294229507446 176 0 184 5
class 0.6597210168838501 5 9 11 17
class 0.6351812481880188 7 7 15 17
class 0.3707631230354309 33 14 39 22
class 0.8308339715003967 29 14 36 22
class 0.8032814860343933 44 14 51 22
class 0.6741231083869934 41 10 49 19
class 0.7950800657272339 73 9 79 17
class 0.8122822642326355 106 9 113 17
class 0.8291402459144592 142 15 148 22
class 0.8542274236679077 152 13 159 21
class 0.8989649415016174 161 16 168 23
class 0.7741954326629639 174 11 180 18
class 0.7633997797966003 189 10 196 18
class 0.8516505360603333 16 19 23 26
class 0.6322426795959473 25 19 31 26
class 0.8224139213562012 35 19 42 27
class 0.8282606601715088 69 19 75 27
class 0.7904861569404602 80 24 85 32
class 0.6573216319084167 84 21 90 28
class 0.6428708434104919 81 21 89 31
class 0.7325810194015503 96 20 102 29
class 0.3915642201900482 133 21 139 30
class 0.6803787350654602 134 24 140 33
class 0.8269016146659851 149 24 155 32
class 0.7676927447319031 158 21 166 28
class 0.8130598068237305 176 19 184 27
class 0.8253270387649536 190 20 196 28
class 0.7806745767593384 47 32 53 40
class 0.5244572758674622 45 33 52 42
class 0.7464806437492371 66 36 72 45
class 0.31874778866767883 112 36 117 43
class 0.7709248661994934 120 35 126 44
class 0.49872201681137085 115 34 123 44
class 0.8038630485534668 33 44 40 53
class 0.3993794322013855 36 43 44 52
class 0.6872879862785339 46 43 52 50
class 0.3442428410053253 41 40 48 50
class 0.5852521061897278 49 43 57 52
class 0.46620702743530273 61 39 68 48
class 0.5287894010543823 80 40 85 48
class 0.7974552512168884 95 46 102 55
class 0.4309372901916504 112 43 117 51
class 0.6146194338798523 125 46 132 54
class 0.5543708801269531 144 39 151 47
class 0.7112356424331665 12 54 19 61
class 0.7875431776046753 9 55 16 64
class 0.6754879355430603 74 49 81 59
class 0.8440231084823608 88 57 94 65
class 0.3684943914413452 89 55 96 62
class 0.6157044172286987 112 51 117 60
class 0.38727185130119324 119 51 124 59
class 0.3244859576225281 116 49 122 57
class 0.43493691086769104 123 50 131 59
class 0.6264916658401489 155 50 161 58
class 0.7438217997550964 191 55 196 63
class 0.8712674379348755 5 61 11 69
class 0.6843169927597046 46 61 53 69
class 0.8697210550308228 55 62 61 70
class 0.4191403090953827 53 65 59 72
class 0.732024610042572 76 62 83 70
class 0.638684093952179 72 61 79 69
class 0.8881113529205322 101 60 106 69
class 0.6849722862243652 117 63 124 71
class 0.593339204788208 114 61 121 70
class 0.5677911043167114 140 68 146 75
class 0.7611941695213318 136 66 142 74
class 0.610455334186554 173 64 179 71
class 0.466142475605011 34 79 40 86
class 0.7769364714622498 56 77 62 84
class 0.6028826832771301 53 73 62 83
class 0.7597544193267822 66 72 72 80
class 0.7644394636154175 63 75 69 83
class 0.7278593182563782 94 77 100 85
class 0.7962409853935242 111 78 117 85
class 0.4251268804073334 121 75 126 82
class 0.32259809970855713 114 77 121 84
class 0.7878754138946533 127 72 134 80
class 0.543765664100647 124 74 131 81
class 0.3702554404735565 126 72 131 78
class 0.7276274561882019 140 73 147 81
class 0.7083799242973328 163 79 169 87
class 0.6981497406959534 173 72 180 80
class 0.6171797513961792 27 89 33 96
class 0.3141510784626007 30 85 38 94
class 0.46224531531333923 31 80 40 90
class 0.7440611124038696 44 88 50 96
class 0.707080602645874 58 89 64 96
class 0.46339496970176697 55 87 60 97
class 0.709477424621582 73 81 80 90
class 0.6465575098991394 90 89 95 96
class 0.40482383966445923 111 83 116 90
class 0.8481038808822632 120 81 127 90
class 0.45883917808532715 118 81 124 90
class 0.7967424988746643 142 89 148 96
class 0.4127572476863861 163 82 170 89
class 0.3053740859031677 171 82 178 91
class 0.47026196122169495 166 81 173 90
class 0.7461346983909607 180 87 186 95
class 0.3192678689956665 178 83 186 94
class 0.7338232398033142 188 88 196 97
class 0.9510436654090881 2 96 8 104
class 0.3073037266731262 1 96 4 106
class 0.5671311020851135 23 97 29 104
class 0.7442212700843811 19 96 27 105
class 0.5095888376235962 55 98 61 106
class 0.8041492700576782 51 100 57 107
class 0.662927508354187 62 95 69 104
class 0.4573867619037628 62 93 68 100
class 0.4286990761756897 79 100 85 107
class 0.6614755392074585 90 97 97 106
class 0.349732369184494 97 95 103 103
class 0.39797142148017883 94 93 100 99
class 0.7362068891525269 102 93 108 101
class 0.5739652514457703 113 99 121 107
class 0.8301644921302795 127 96 133 105
class 0.7502467036247253 168 98 174 106
class 0.9296435117721558 3 109 9 117
class 0.7937182188034058 14 105 19 113
class 0.7441120147705078 10 108 17 117
class 0.8850623369216919 27 107 33 114
class 0.4416060149669647 24 104 31 113
class 0.5976888537406921 56 104 62 112
class 0.5772900581359863 51 104 57 112
class 0.4252392053604126 54 103 59 108
class 0.8529216051101685 81 103 88 111
class 0.7718158960342407 95 104 101 112
class 0.7575852274894714 121 107 127 115
class 0.4882436692714691 117 104 125 112
class 0.5054214596748352 131 108 137 116
class 0.6809524893760681 140 108 147 116
class 0.607517659664154 136 106 143 115
class 0.3932344615459442 143 108 152 117
class 0.7205642461776733 195 110 199 118
class 0.52804034948349 192 110 198 118
class 0.8255313038825989 25 119 31 127
class 0.6009075045585632 45 116 52 124
class 0.6322395205497742 41 114 47 123
class 0.5166311860084534 57 114 63 122
class 0.5051257014274597 51 113 58 123
class 0.546032726764679 60 113 67 121
class 0.8948242664337158 99 120 105 128
class 0.622880756855011 96 116 102 125
class 0.6137899160385132 111 120 117 129
class 0.7282759547233582 132 119 137 127
class 0.5349810719490051 188 113 196 122
class 0.8279880285263062 5 129 11 136
class 0.8584498763084412 33 125 39 133
class 0.5743845701217651 80 130 86 139
class 0.7067025303840637 83 126 90 135
class 0.7280510663986206 97 129 104 139
class 0.3070194125175476 99 128 108 135
class 0.3337603509426117 106 127 113 135
class 0.6554902195930481 102 129 111 138
class 0.6730327606201172 113 124 121 132
class 0.648810625076294 129 126 136 133
class 0.8824402689933777 142 130 148 138
class 0.49625545740127563 139 130 146 138
class 0.8341800570487976 170 129 176 137
class 0.8339279890060425 5 135 11 143
class 0.828690230846405 14 138 20 145
class 0.683475911617279 9 139 17 149
class 0.7448551058769226 37 142 43 149
class 0.7354135513305664 51 134 58 143
class 0.6098320484161377 69 140 74 148
class 0.4127703309059143 79 138 85 146
class 0.3555946946144104 73 138 80 147
class 0.7286500930786133 83 139 89 149
class 0.7619524002075195 104 138 111 147
class 0.7157242298126221 128 138 134 145
class 0.6916824579238892 124 139 132 148
class 0.735038161277771 145 134 152 142
class 0.32878032326698303 32 149 38 157
class 0.724116861820221 28 150 37 159
class 0.8698023557662964 45 145 52 153
class 0.30989837646484375 59 153 65 160
class 0.6365321278572083 67 152 74 160
class 0.6732489466667175 63 152 69 159
class 0.6560645699501038 70 151 77 159
class 0.700416624546051 127 146 133 154
class 0.848739743232727 158 145 165 153
class 0.32341304421424866 159 145 163 151
class 0.5842483639717102 174 145 180 153
class 0.7229365706443787 180 145 187 153
class 0.6599324941635132 176 145 184 154
class 0.7869132161140442 194 146 199 154
class 0.8648037910461426 4 162 10 170
class 0.8916342854499817 35 157 42 165
class 0.7636167407035828 58 156 64 163
class 0.8402440547943115 96 159 102 167
class 0.7823458909988403 121 161 127 169
class 0.3773273229598999 123 159 127 166
class 0.7992750406265259 136 157 143 165
class 0.8555178642272949 161 162 167 169
class 0.8508044481277466 185 160 191 169
class 0.5517982244491577 28 173 37 181
class 0.7098129987716675 48 173 54 180
class 0.5387028455734253 47 171 52 178
class 0.6882764101028442 64 165 72 174
class 0.7737448811531067 84 167 90 175
class 0.6960717439651489 104 165 111 175
class 0.5380051136016846 132 168 139 175
class 0.7411463260650635 137 171 143 179
class 0.31387147307395935 135 167 142 177
class 0.8635202050209045 174 166 180 174
class 0.7216318249702454 21 181 27 188
class 0.5096532702445984 21 176 26 185
class 0.48069626092910767 59 183 67 191
class 0.796279788017273 75 183 82 190
class 0.3196883499622345 78 182 86 189
class 0.43044164776802063 82 181 88 190
class 0.6838140487670898 102 176 111 184
class 0.8055622577667236 120 184 126 191
class 0.8307315111160278 138 183 145 191
class 0.7226104140281677 189 183 196 192
class 0.7586090564727783 15 194 21 199
class 0.6795048713684082 12 193 19 199
class 0.7450693845748901 23 193 29 199
class 0.6269263625144958 19 191 27 199
class 0.3573233485221863 21 188 28 198
class 0.3121183216571808 25 191 32 199
class 0.7888969779014587 58 193 64 199
class 0.33546343445777893 90 190 96 198
class 0.7512562274932861 95 192 101 199
class 0.5739262104034424 117 193 123 199
class 0.7724043130874634 113 192 122 199
class 0.3232940435409546 116 188 123 198
class 0.5431634783744812 127 192 133 199
class 0.4089549481868744 151 194 157 199
class 0.33675044775009155 147 193 156 199
class 0.7304989099502563 174 190 180 197
class 0.8281621336936951 182 195 187 199
class 0.6622260212898254 178 193 185 199
class 0.3811677098274231 183 192 190 199
class 0.6717866063117981 187 191 194 199
class 0.402339369058609 189 187 195 196
