class 0.9115292429924011 12 0 18 6
class 0.3523767292499542 9 1 16 7
class 0.9222691655158997 26 0 32 6
class 0.7683923244476318 48 1 54 7
class 0.9099301099777222 55 0 62 7
class 0.581192135810852 73 1 78 6
class 0.38401657342910767 90 0 95 4
class 0.9269420504570007 99 0 105 6
class 0.9287768006324768 111 4 117 11
class 0.7124055624008179 150 0 156 7
class 0.3114551305770874 149 0 155 3
class 0.601223349571228 156 2 162 9
class 0.8412795662879944 174 0 179 7
class 0.40794771909713745 181 0 185 3
class 0.4659866392612457 5 11 10 18
class 0.6562899351119995 7 7 15 17
class 0.433353066444397 33 15 40 22
class 0.7781512141227722 30 13 37 23
class 0.8019833564758301 45 14 51 22
class 0.600411593914032 41 10 49 20
class 0.7975673079490662 72 8 79 16
class 0.7896169424057007 105 9 112 17
class 0.8517258763313293 142 15 148 22
class 0.8108757734298706 152 13 158 21
class 0.8844482898712158 162 15 169 23
class 0.691270649433136 174 11 180 18
class 0.8497517704963684 189 10 196 17
class 0.8520585894584656 16 19 23 27
class 0.8044982552528381 26 23 33 31
class 0.727230966091156 33 23 40 30
class 0.6620365977287292 30 24 37 33
class 0.3247882127761841 36 21 43 28
class 0.8726722002029419 68 19 74 27
class 0.7679377794265747 80 25 86 33
class 0.6221320033073425 84 21 90 29
class 0.6279551386833191 81 22 88 32
class 0.7590143084526062 95 20 102 29
class 0.36501413583755493 133 21 139 30
class 0.6998323798179626 134 25 141 33
class 0.748379111289978 148 24 154 32
class 0.7946127653121948 157 22 165 31
class 0.8108285069465637 175 18 184 27
class 0.8623117208480835 189 20 196 29
class 0.7466642260551453 48 32 53 40
class 0.4167150557041168 45 34 53 42
class 0.7949436902999878 67 36 73 44
class 0.599216878414154 64 37 70 44
class 0.5791600346565247 79 36 85 44
class 0.3249778151512146 112 36 117 43
class 0.7283968925476074 120 35 126 44
class 0.4989291727542877 115 35 123 43
class 0.7583656907081604 34 45 41 52
class 0.8242508172988892 32 44 39 54
class 0.38731810450553894 36 43 44 52
class 0.7171921133995056 46 42 52 50
class 0.4295128881931305 40 40 49 49
class 0.6799818277359009 50 43 57 52
class 0.6617935299873352 61 39 67 48
class 0.8654052019119263 95 46 101 55
class 0.38457778096199036 112 43 117 50
class 0.6817166805267334 123 47 131 55
class 0.5276021957397461 144 39 152 47
class 0.7003350853919983 13 54 19 61
class 0.7827914953231812 9 53 17 64
class 0.6455598473548889 76 52 81 60
class 0.7103493213653564 74 49 81 59
class 0.8407400250434875 88 57 94 65
class 0.685239851474762 85 57 91 64
class 0.39645466208457947 90 56 95 63
class 0.5982773303985596 112 52 117 61
class 0.37908440828323364 119 51 124 59
class 0.35947486758232117 116 50 122 57
class 0.40232589840888977 134 57 142 65
class 0.3441651463508606 157 52 164 60
class 0.6646562218666077 155 49 162 59
class 0.7666873931884766 191 55 196 63
class 0.917763888835907 5 61 10 69
class 0.5801106691360474 47 63 53 71
class 0.5076212882995605 46 60 52 68
class 0.8628033995628357 56 65 62 72
class 0.7346307635307312 76 61 82 70
class 0.640307605266571 72 61 80 69
class 0.6500925421714783 89 67 95 75
class 0.41061079502105713 84 63 92 73
class 0.7536460161209106 97 65 104 73
class 0.7792326807975769 94 66 101 75
class 0.40862634778022766 100 64 106 72
class 0.6266100406646729 117 63 123 72
class 0.5808467268943787 113 61 122 71
class 0.6036611199378967 139 68 145 74
class 0.7348833084106445 135 64 141 73
class 0.6235750317573547 146 68 151 75
class 0.8342005610466003 159 67 165 76
class 0.47667115926742554 163 65 170 73
class 0.7086538672447205 173 64 179 71
class 0.3514293134212494 169 62 177 72
class 0.5001922845840454 34 79 40 86
class 0.6987206339836121 48 71 54 79
class 0.7540643811225891 55 77 62 84
class 0.5938847661018372 51 73 59 82
class 0.7880678176879883 66 72 72 80
class 0.7631795406341553 63 75 70 84
class 0.7321211695671082 94 75 100 84
class 0.7935641407966614 111 76 117 84
class 0.4690324068069458 121 74 126 81
class 0.7237256765365601 128 72 134 80
class 0.5688675045967102 124 73 132 81
class 0.7049035429954529 140 73 146 81
class 0.5802150964736938 136 72 143 81
class 0.6620423793792725 162 77 168 85
class 0.44729891419410706 158 75 167 83
class 0.6378230452537537 174 73 181 81
class 0.35181528329849243 3 87 7 94
class 0.4824577271938324 27 89 33 96
class 0.39005979895591736 31 80 40 91
class 0.7918501496315002 44 88 50 96
class 0.45583733916282654 45 87 54 95
class 0.6609273552894592 58 88 64 96
class 0.40713778138160706 55 87 61 96
class 0.33916085958480835 57 85 64 93
class 0.5895359516143799 74 82 80 90
class 0.675754189491272 90 88 96 96
class 0.6817215085029602 112 83 117 90
class 0.8493488430976868 119 82 125 90
class 0.6662361025810242 116 82 122 90
class 0.8183162808418274 142 89 147 96
class 0.38873302936553955 169 82 177 90
class 0.6746655106544495 165 80 173 90
class 0.765823483467102 180 87 186 95
class 0.37411099672317505 177 82 187 94
class 0.7322589755058289 188 88 196 97
class 0.9431921243667603 3 97 8 105
class 0.3296285569667816 1 96 4 106
class 0.5778220295906067 22 97 28 104
class 0.8090425729751587 18 96 27 105
class 0.35028257966041565 21 93 28 100
class 0.7194298505783081 45 99 51 107
class 0.47681570053100586 55 98 61 106
class 0.7054203748703003 51 99 58 107
class 0.7685927748680115 62 97 69 105
class 0.44339802861213684 62 93 69 100
class 0.7825079560279846 80 99 85 107
class 0.40798231959342957 90 98 96 106
class 0.594342827796936 92 96 98 104
class 0.4564017355442047 94 93 100 100
class 0.7827017903327942 102 93 109 102
class 0.3943285048007965 113 99 121 108
class 0.7684618234634399 126 96 133 105
class 0.45420143008232117 126 93 132 101
class 0.6225369572639465 160 99 166 107
class 0.7330011129379272 157 97 164 107
class 0.6971871256828308 169 98 174 106
class 0.9067938923835754 3 109 9 117
class 0.36965787410736084 1 107 5 119
class 0.771180272102356 13 105 20 113
class 0.7451210021972656 10 108 18 117
class 0.8907053470611572 27 107 33 114
class 0.3912895619869232 24 104 32 113
class 0.6657400131225586 55 103 61 112
class 0.6206344366073608 51 104 58 112
class 0.48325908184051514 53 103 60 109
class 0.4065670073032379 66 106 73 113
class 0.43614742159843445 63 101 70 110
class 0.44438883662223816 75 108 82 116
class 0.641173779964447 72 110 79 118
class 0.8367407321929932 81 103 89 112
class 0.7328877449035645 95 103 101 112
class 0.7645541429519653 120 107 127 115
class 0.5219132304191589 116 104 125 112
class 0.7131015062332153 130 108 136 116
class 0.3942619860172272 126 106 134 116
class 0.7747077941894531 141 108 147 115
class 0.4823480248451233 137 102 146 114
class 0.390689492225647 143 108 151 118
class 0.734337568283081 194 109 199 117
class 0.5920758843421936 191 110 197 118
class 0.3292620778083801 195 108 199 114
class 0.8216282725334167 24 119 31 127
class 0.6570549011230469 45 116 51 123
class 0.6331464648246765 41 113 48 123
class 0.4785021245479584 57 115 64 123
class 0.40121957659721375 52 113 59 124
class 0.3609199821949005 64 114 70 122
class 0.7724716663360596 60 113 67 121
class 0.9044607281684875 98 120 104 127
class 0.655126690864563 95 117 101 125
class 0.6379510760307312 111 120 117 128
class 0.7265563011169434 132 118 138 126
class 0.5660945177078247 187 113 195 122
class 0.8890872001647949 4 128 11 135
class 0.8626685738563538 32 124 39 133
class 0.6439740061759949 30 126 37 135
class 0.617516815662384 80 131 86 139
class 0.7633726000785828 86 125 92 134
class 0.5266881585121155 82 128 89 137
class 0.7037714123725891 98 130 104 138
class 0.3094671666622162 106 127 113 136
class 0.7082704901695251 101 129 111 139
class 0.7007778882980347 113 123 121 132
class 0.6323873400688171 127 126 134 135
class 0.8540778756141663 142 130 148 138
class 0.8560535311698914 169 129 176 137
class 0.85866779088974 1 137 7 143
class 0.520627498626709 0 138 3 147
class 0.8457676768302917 14 137 20 145
class 0.5435933470726013 11 139 18 148
class 0.8653640151023865 28 137 33 145
class 0.8252356648445129 36 142 42 149
class 0.390445739030838 30 138 38 147
class 0.8194384574890137 51 134 58 143
class 0.5724865198135376 69 140 74 148
class 0.6327943205833435 79 138 85 145
class 0.44917720556259155 74 138 82 146
class 0.39278700947761536 81 140 89 149
class 0.7016854286193848 101 141 107 149
class 0.39453238248825073 99 138 106 147
class 0.6319286227226257 105 137 111 146
class 0.7208865880966187 128 138 135 145
class 0.6136805415153503 125 139 133 148
class 0.7478362321853638 148 135 155 143
class 0.7760899662971497 10 144 17 153
class 0.34398412704467773 32 150 39 157
class 0.7195772528648376 28 151 38 159
class 0.8456400036811829 45 144 51 153
class 0.6326655149459839 67 151 73 159
class 0.7079315185546875 62 151 69 159
class 0.8100042939186096 71 151 79 160
class 0.3230521082878113 85 146 91 154
class 0.41483694314956665 82 144 90 153
class 0.716887354850769 127 146 132 154
class 0.8463045954704285 158 145 165 153
class 0.7583758234977722 180 146 187 154
class 0.6198973059654236 176 146 184 155
class 0.7703437805175781 194 146 199 154
class 0.8735063076019287 3 163 9 170
class 0.31326308846473694 1 161 3 170
class 0.8915572762489319 35 157 42 165
class 0.7518707513809204 57 157 63 164
class 0.7982882261276245 97 160 103 168
class 0.7848238945007324 93 160 101 169
class 0.7852056622505188 121 161 127 168
class 0.37404105067253113 122 158 128 165
class 0.8309856057167053 136 156 144 164
class 0.8923649191856384 162 162 168 170
class 0.8538433909416199 185 161 191 169
class 0.6066188216209412 28 173 36 181
class 0.6422001719474792 48 171 54 179
class 0.768574059009552 54 169 60 177
class 0.3993343114852905 50 169 58 179
class 0.6943978667259216 65 165 72 174
class 0.3278517425060272 62 165 69 175
class 0.697697103023529 87 168 94 176
class 0.5203772783279419 83 166 91 175
class 0.5917505621910095 91 166 100 176
class 0.6876509785652161 104 165 112 175
class 0.32185304164886475 121 166 127 173
class 0.8194779753684998 131 167 138 175
class 0.7594701051712036 139 171 145 179
class 0.45651593804359436 136 171 143 180
class 0.8305839896202087 150 172 156 180
class 0.5677734017372131 147 170 155 178
class 0.8735954761505127 174 166 180 174
class 0.7825793027877808 21 182 28 189
class 0.3703213334083557 48 176 54 185
class 0.8080275654792786 56 183 63 191
class 0.6406686902046204 52 180 59 188
class 0.44645455479621887 58 182 64 188
class 0.8301281332969666 74 183 81 191
class 0.5002152323722839 86 184 92 191
class 0.45993781089782715 82 183 89 192
class 0.7283526062965393 106 177 113 185
class 0.7991844415664673 119 184 126 191
class 0.8250969648361206 140 183 146 190
class 0.6339263916015625 137 181 145 189
class 0.71028071641922 191 183 197 191
class 0.7693072557449341 15 194 21 199
class 0.7482805848121643 12 193 18 199
class 0.7150647640228271 22 193 28 199
class 0.6477293968200684 19 193 26 199
class 0.8059747219085693 57 194 64 199
class 0.3918372392654419 59 192 64 198
class 0.6349526643753052 86 192 93 199
class 0.7457172274589539 83 190 90 199
class 0.5211610198020935 85 188 91 196
class 0.3263307213783264 89 191 95 198
class 0.647327184677124 94 190 101 198
class 0.46575742959976196 117 193 123 199
class 0.7592004537582397 114 192 121 199
class 0.5631137490272522 127 193 133 199
class 0.7712752223014832 174 189 180 197
class 0.761192262172699 182 195 188 199
class 0.6254780292510986 177 193 184 199
class 0.7068648338317871 187 191 194 199
class 0.32133805751800537 189 187 194 195
