class 0.8630374670028687 12 0 18 6
class 0.32305648922920227 9 2 16 7
class 0.9184083938598633 26 0 32 5
class 0.7903704643249512 48 1 54 7
class 0.9125697612762451 55 0 62 7
class 0.697913408279419 75 4 81 11
class 0.6200132369995117 71 2 79 10
class 0.41792774200439453 85 2 90 8
class 0.3784201443195343 82 4 89 12
class 0.9047693610191345 99 0 106 6
class 0.9346715211868286 111 3 117 11
class 0.3172345757484436 128 1 133 5
class 0.6662251353263855 149 0 156 6
class 0.7867897152900696 157 3 163 10
class 0.8343803286552429 173 1 178 8
class 0.5571290254592896 5 10 9 17
class 0.7735721468925476 7 8 15 16
class 0.5632339119911194 34 15 40 22
class 0.785872220993042 31 13 38 23
class 0.8312731981277466 46 14 52 22
class 0.560865044593811 42 10 50 20
class 0.5912731289863586 75 11 82 19
class 0.6239098310470581 71 10 80 20
class 0.592887818813324 81 9 89 18
class 0.7624757885932922 103 7 111 18
class 0.837105393409729 141 15 147 23
class 0.8904666304588318 152 13 158 21
class 0.8669787645339966 163 15 169 22
class 0.7974258065223694 174 10 180 16
class 0.8333251476287842 189 11 195 19
class 0.8408321142196655 16 19 22 27
class 0.8257037401199341 26 24 32 32
class 0.39883294701576233 22 21 30 31
class 0.6924875974655151 33 22 40 30
class 0.6683065891265869 29 24 37 33
class 0.3034006655216217 37 21 43 27
class 0.7621270418167114 66 19 72 27
class 0.8293468952178955 78 23 84 30
class 0.5531648397445679 75 19 83 29
class 0.5106834769248962 84 22 90 29
class 0.7052854895591736 80 22 89 32
class 0.7630451917648315 95 21 102 29
class 0.6921228766441345 134 24 141 34
class 0.7491215467453003 148 24 155 32
class 0.7199610471725464 156 21 165 30
class 0.4283103048801422 158 18 167 27
class 0.7626500129699707 176 18 185 27
class 0.7185125350952148 190 20 196 29
class 0.7370613813400269 27 35 33 43
class 0.796255886554718 48 32 54 40
class 0.3430996835231781 45 34 53 42
class 0.5832943320274353 67 35 73 44
class 0.41536784172058105 63 36 70 44
class 0.7722662091255188 78 36 84 45
class 0.7288677096366882 74 37 80 44
class 0.8602452874183655 96 35 102 43
class 0.6137653589248657 111 36 117 43
class 0.7523562908172607 120 35 126 43
class 0.34618687629699707 116 34 124 44
class 0.4906960427761078 144 35 152 44
class 0.6801289916038513 159 32 167 42
class 0.7887184023857117 169 35 175 42
class 0.31164294481277466 166 31 178 44
class 0.7868114709854126 34 44 41 52
class 0.6241952180862427 47 43 52 51
class 0.3961392939090729 41 40 49 49
class 0.5982415676116943 50 43 56 52
class 0.3444391191005707 64 41 70 49
class 0.5522526502609253 61 39 68 48
class 0.7736537456512451 95 46 101 54
class 0.3678334355354309 112 42 117 50
class 0.6249983310699463 128 45 135 54
class 0.7491580843925476 125 46 132 56
class 0.3424687385559082 132 43 137 50
class 0.7011685371398926 140 42 146 50
class 0.7006267309188843 135 41 142 49
class 0.6815508008003235 5 55 10 62
class 0.34172993898391724 1 52 5 62
class 0.7913324236869812 12 54 18 61
class 0.8294698596000671 8 55 16 65
class 0.8465625047683716 54 57 60 65
class 0.6559547781944275 76 54 82 62
class 0.5334437489509583 72 54 80 62
class 0.49893394112586975 75 50 81 58
class 0.7269326448440552 89 57 95 65
class 0.5174843072891235 85 56 91 65
class 0.6982682943344116 111 55 117 63
class 0.336974561214447 119 51 124 59
class 0.41789519786834717 113 53 120 63
class 0.460068017244339 115 50 123 57
class 0.32745322585105896 130 57 135 64
class 0.525254487991333 125 50 132 60
class 0.6006647348403931 134 57 142 66
class 0.6377266645431519 154 50 162 59
class 0.7829462885856628 190 55 196 63
class 0.9360396862030029 5 62 11 69
class 0.602984607219696 47 65 53 73
class 0.5401621460914612 45 60 51 70
class 0.8639511466026306 54 66 61 74
class 0.5089637637138367 52 68 58 76
class 0.6429322361946106 77 61 83 69
class 0.5327154994010925 71 61 79 70
class 0.4803633391857147 89 67 95 75
class 0.40660759806632996 84 62 91 72
class 0.7181679010391235 98 66 104 73
class 0.7561655044555664 94 66 101 75
class 0.449698269367218 101 64 106 71
class 0.40613454580307007 102 61 110 71
class 0.6771935820579529 117 63 123 71
class 0.6016995310783386 115 60 122 69
class 0.44887757301330566 132 62 138 70
class 0.5605307221412659 137 66 145 74
class 0.7280653119087219 134 65 141 73
class 0.31574004888534546 136 61 142 69
class 0.5902916193008423 146 68 152 76
class 0.7565464973449707 161 68 167 75
class 0.7766890525817871 158 67 165 76
class 0.43328821659088135 163 65 169 74
class 0.6064881086349487 172 64 179 71
class 0.42066964507102966 168 63 176 72
class 0.791610598564148 34 78 40 86
class 0.5169565081596375 48 70 54 78
class 0.779085099697113 56 77 62 85
class 0.5767302513122559 51 73 60 82
class 0.7768710255622864 66 72 72 80
class 0.7055742144584656 63 75 69 84
class 0.4412960708141327 91 74 96 81
class 0.587483286857605 97 77 102 85
class 0.758493185043335 93 77 99 85
class 0.7520384788513184 110 78 116 85
class 0.7582274675369263 107 79 112 85
class 0.5462464094161987 112 75 117 82
class 0.38205641508102417 121 75 126 82
class 0.357444167137146 113 76 120 84
class 0.7417294383049011 128 71 134 80
class 0.5132561922073364 124 73 131 81
class 0.7453744411468506 139 72 145 81
class 0.852462112903595 160 78 166 86
class 0.6247388124465942 174 72 180 80
class 0.8785528540611267 4 88 9 96
class 0.35580962896347046 2 86 5 97
class 0.37610530853271484 27 89 33 96
class 0.41209474205970764 29 86 38 97
class 0.7962983250617981 44 88 50 96
class 0.3673260807991028 45 87 55 95
class 0.7082962393760681 58 88 64 96
class 0.43704575300216675 72 81 79 90
class 0.6893774271011353 90 88 96 96
class 0.6255900263786316 109 84 115 91
class 0.34731635451316833 105 83 112 92
class 0.3470059633255005 108 82 112 88
class 0.7732532620429993 119 82 126 90
class 0.6695770025253296 115 82 122 91
class 0.8553812503814697 142 89 148 96
class 0.5669152140617371 153 89 159 96
class 0.5714902877807617 170 82 177 90
class 0.6765616536140442 166 81 173 89
class 0.7712188959121704 181 88 187 96
class 0.552954912185669 177 86 185 95
class 0.6846672296524048 193 88 198 95
class 0.8040328621864319 190 87 196 97
class 0.4525323212146759 194 86 199 95
class 0.9306316375732422 1 97 7 105
class 0.4359249472618103 0 97 4 106
class 0.8487018346786499 18 95 26 105
class 0.33852988481521606 20 93 27 100
class 0.43017858266830444 36 99 42 107
class 0.39962559938430786 32 96 40 106
class 0.7483829855918884 44 99 50 107
class 0.7379400730133057 41 98 48 108
class 0.44453051686286926 54 98 60 106
class 0.7952279448509216 50 98 58 108
class 0.7915854454040527 63 96 70 105
class 0.4728448987007141 62 94 69 101
class 0.8327866792678833 79 98 85 106
class 0.4008006155490875 91 96 96 104
class 0.38500943779945374 97 96 103 104
class 0.5533788204193115 92 95 99 104
class 0.4650682210922241 94 92 101 100
class 0.6372559666633606 105 98 112 106
class 0.44375699758529663 104 94 110 101
class 0.7973238229751587 126 96 133 104
class 0.5560770630836487 126 92 132 101
class 0.7592427730560303 138 99 145 107
class 0.672620952129364 153 94 159 103
class 0.7348270416259766 160 99 166 107
class 0.6809725165367126 156 98 163 106
class 0.31301331520080566 163 97 168 105
class 0.7844417691230774 169 99 174 106
class 0.9234825968742371 3 109 9 117
class 0.3547552525997162 1 107 5 118
class 0.8047304153442383 14 105 20 112
class 0.6648205518722534 11 108 18 116
class 0.8698855638504028 27 106 33 113
class 0.7122631669044495 35 103 41 111
class 0.40437042713165283 30 104 38 114
class 0.6009131669998169 55 104 62 111
class 0.5628920197486877 51 104 59 112
class 0.40397682785987854 68 107 74 114
class 0.707432746887207 75 109 82 117
class 0.8394504189491272 72 111 78 118
class 0.8131788969039917 81 104 89 113
class 0.6465913653373718 95 103 101 111
class 0.5667543411254883 103 102 111 111
class 0.7039526700973511 120 108 127 115
class 0.5965622663497925 118 105 126 113
class 0.5938470363616943 131 108 137 116
class 0.3140384554862976 126 106 134 115
class 0.34211215376853943 130 106 138 113
class 0.7479947805404663 141 108 147 116
class 0.49897530674934387 137 102 145 112
class 0.6856533288955688 143 108 151 117
class 0.7906663417816162 194 110 199 117
class 0.560229480266571 191 109 198 118
class 0.8400132060050964 24 119 30 126
class 0.6595295667648315 45 115 51 123
class 0.6496919989585876 41 113 48 123
class 0.5341066122055054 57 114 64 122
class 0.45012736320495605 51 112 60 124
class 0.3624112904071808 65 114 71 121
class 0.6225524544715881 60 113 68 122
class 0.8974591493606567 99 120 105 127
class 0.5954867005348206 95 116 102 125
class 0.5482122302055359 111 121 117 128
class 0.7136384844779968 131 118 137 126
class 0.4264977276325226 168 116 174 124
class 0.3387886583805084 168 113 173 121
class 0.603324830532074 191 114 196 122
class 0.619597315788269 188 114 195 123
class 0.7587925791740417 4 128 10 136
class 0.3361119329929352 28 130 33 138
class 0.7858246564865112 32 125 38 134
class 0.4664900302886963 59 129 64 137
class 0.34572601318359375 56 126 66 136
class 0.7165568470954895 60 129 69 138
class 0.6690056324005127 79 131 85 139
class 0.7536088824272156 86 126 93 134
class 0.49353843927383423 82 127 90 136
class 0.7448691725730896 98 130 105 138
class 0.5048103928565979 102 128 110 139
class 0.6918522119522095 113 123 120 132
class 0.6510593891143799 126 123 133 132
class 0.8446075320243835 141 130 148 138
class 0.8837164044380188 169 128 175 136
class 0.886280357837677 2 138 8 145
class 0.5105099678039551 0 137 4 147
class 0.8093724846839905 11 139 18 147
class 0.7449244260787964 9 140 16 149
class 0.8065707683563232 27 138 32 146
class 0.3551746606826782 25 136 34 145
class 0.8947693109512329 35 141 42 148
class 0.47852757573127747 32 139 39 148
class 0.7575520873069763 49 134 58 144
class 0.5825560092926025 68 141 75 149
class 0.45777416229248047 78 137 84 144
class 0.3905123770236969 72 138 82 147
class 0.8210211992263794 85 140 92 148
class 0.41919127106666565 82 135 91 147
class 0.7097412347793579 101 140 107 148
class 0.7094342708587646 105 136 112 143
class 0.460687518119812 103 137 110 146
class 0.7482580542564392 127 139 134 146
class 0.7113025784492493 125 139 132 148
class 0.7226165533065796 148 135 154 143
class 0.7027501463890076 196 141 199 148
class 0.4122888743877411 193 139 199 148
class 0.32261043787002563 195 137 199 145
class 0.7262054085731506 2 150 7 158
class 0.34310853481292725 0 150 3 161
class 0.7642156481742859 11 145 17 153
class 0.39807844161987305 32 150 38 157
class 0.7529345154762268 28 151 37 160
class 0.8488486409187317 45 145 51 153
class 0.6943508386611938 66 151 73 159
class 0.690893828868866 62 151 70 159
class 0.711088240146637 71 150 80 160
class 0.4835801124572754 82 145 89 153
class 0.6188074946403503 127 147 132 155
class 0.5043949484825134 124 148 131 158
class 0.8488774299621582 158 145 164 153
class 0.3537968695163727 159 146 162 150
class 0.6280257701873779 174 145 181 153
class 0.7899805307388306 180 146 186 154
class 0.6471097469329834 176 146 184 155
class 0.7408945560455322 194 146 199 154
class 0.4385339617729187 191 145 198 155
class 0.920732319355011 3 162 9 170
class 0.4111637473106384 1 160 4 170
class 0.8812022805213928 36 157 42 165
class 0.7408766746520996 57 157 63 165
class 0.6748549938201904 77 158 83 166
class 0.810200035572052 97 159 104 167
class 0.7093260884284973 94 159 102 168
class 0.3248661160469055 97 157 103 163
class 0.7052137851715088 120 160 126 167
class 0.46576741337776184 116 160 124 169
class 0.36827969551086426 119 156 124 163
class 0.44746163487434387 121 157 128 165
class 0.7773687839508057 137 158 144 165
class 0.5361149907112122 137 156 142 162
class 0.8498147130012512 162 163 168 171
class 0.8124374747276306 184 161 189 168
class 0.5976764559745789 180 160 187 169
class 0.4553637206554413 3 167 7 174
class 0.7163012027740479 34 173 41 180
class 0.776171863079071 30 172 38 181
class 0.6064091324806213 46 172 52 179
class 0.7212005257606506 42 171 49 180
class 0.8626096844673157 56 171 63 178
class 0.4643021523952484 52 169 61 179
class 0.4825669229030609 67 165 74 174
class 0.5595632791519165 77 168 83 176
class 0.6217592358589172 72 165 80 176
class 0.5812569856643677 88 170 94 177
class 0.46771761775016785 83 167 91 176
class 0.7879146933555603 91 169 99 178
class 0.6928291320800781 107 167 114 176
class 0.4891982972621918 104 169 112 177
class 0.7414768934249878 117 166 123 174
class 0.6719918847084045 130 169 137 177
class 0.6235038042068481 127 166 135 176
class 0.743160605430603 140 170 147 177
class 0.4422608017921448 137 170 144 180
class 0.8304482698440552 150 172 156 180
class 0.5060016512870789 147 170 154 178
class 0.824644148349762 160 170 165 178
class 0.30555516481399536 160 168 166 174
class 0.8929805755615234 175 170 181 178
class 0.3797622323036194 176 169 179 175
class 0.8492592573165894 21 182 27 189
class 0.35042473673820496 21 178 26 185
class 0.6154645085334778 49 178 54 186
class 0.8066331148147583 56 184 62 191
class 0.643325686454773 51 182 59 190
class 0.37651169300079346 58 181 64 187
class 0.7842474579811096 74 182 82 191
class 0.34652671217918396 77 181 86 188
class 0.5981376767158508 86 183 91 191
class 0.6129165887832642 82 183 88 191
class 0.6129307746887207 105 178 112 186
class 0.7043324112892151 103 176 111 184
class 0.8507665991783142 119 184 125 190
class 0.6702718734741211 133 178 138 186
class 0.7833337187767029 142 183 148 191
class 0.3237070143222809 137 179 144 188
class 0.8161760568618774 149 183 155 190
class 0.6155211925506592 191 183 197 190
class 0.7465561628341675 15 194 21 199
class 0.7407751679420471 12 194 18 199
class 0.7021657228469849 22 193 28 199
class 0.6888431310653687 19 193 25 199
class 0.8096021413803101 58 194 64 199
class 0.4094074070453644 59 192 64 197
class 0.45140179991722107 79 193 86 199
class 0.6908541917800903 86 192 92 199
class 0.7536773085594177 83 192 89 199
class 0.4470924139022827 85 187 91 198
class 0.38219088315963745 89 191 96 198
class 0.6587905883789062 94 190 101 198
class 0.6000053286552429 118 194 123 199
class 0.7230395674705505 114 193 121 199
class 0.6675676703453064 126 193 132 199
class 0.49675387144088745 150 192 156 199
class 0.7611514329910278 174 188 180 196
class 0.3992100656032562 171 189 178 197
class 0.7428753972053528 182 195 188 199
class 0.6219709515571594 178 192 184 199
class 0.6947491765022278 187 192 194 199
