class 0.9023696780204773 12 0 18 6
class 0.338138610124588 9 1 16 7
class 0.9166891574859619 26 0 32 5
class 0.7301437258720398 48 0 54 7
class 0.9104371070861816 54 0 61 7
class 0.6515050530433655 73 1 78 7
class 0.9207879900932312 99 0 105 7
class 0.9033286571502686 111 4 117 11
class 0.7018951177597046 150 1 157 8
class 0.5285231471061707 148 0 155 6
class 0.7005536556243896 157 3 162 10
class 0.7967707514762878 174 1 179 8
class 0.5473818778991699 180 0 185 4
class 0.5321038365364075 176 0 184 5
class 0.4524461328983307 5 9 11 16
class 0.6710445284843445 7 7 15 16
class 0.34908607602119446 32 14 39 22
class 0.7930976748466492 29 13 36 22
class 0.7791791558265686 45 14 51 21
class 0.6707330942153931 41 10 50 20
class 0.5779097676277161 71 9 78 19
class 0.7698060870170593 108 9 114 17
class 0.8057007789611816 142 15 147 22
class 0.8587902784347534 153 14 159 21
class 0.9163804054260254 161 15 167 23
class 0.7107715606689453 174 11 180 18
class 0.7915682792663574 189 10 196 18
class 0.8691778779029846 16 19 23 27
class 0.5681306719779968 25 19 32 27
class 0.813186526298523 35 20 42 28
class 0.837445080280304 69 19 75 27
class 0.848419189453125 80 24 85 32
class 0.6223533749580383 84 21 90 28
class 0.6484312415122986 81 21 89 31
class 0.7052578330039978 94 20 101 29
class 0.7483126521110535 135 23 142 32
class 0.8413114547729492 148 24 155 33
class 0.7201245427131653 176 18 184 27
class 0.8187950253486633 191 20 196 29
class 0.8126965761184692 47 32 54 40
class 0.6533289551734924 66 37 72 44
class 0.5765945911407471 63 36 69 45
class 0.7402486801147461 119 36 125 44
class 0.538519561290741 115 35 123 44
class 0.793438732624054 34 44 40 52
class 0.33832231163978577 38 43 43 51
class 0.6892856359481812 46 43 52 51
class 0.3075272738933563 41 41 48 50
class 0.5755788087844849 50 43 57 52
class 0.5791004300117493 61 39 68 48
class 0.6055436730384827 80 40 85 48
class 0.7551820874214172 95 47 102 55
class 0.4727875292301178 118 47 124 54
class 0.6053693294525146 113 45 120 54
class 0.4935064911842346 123 46 130 55
class 0.6577444672584534 145 40 151 47
class 0.7084492444992065 12 53 19 60
class 0.7625643014907837 9 55 16 63
class 0.6638007164001465 75 52 81 60
class 0.8380792737007141 87 57 94 66
class 0.32552433013916016 114 54 120 63
class 0.6359903812408447 155 50 161 57
class 0.7358506321907043 191 55 196 63
class 0.8823685646057129 5 61 11 69
class 0.3201201558113098 47 61 54 69
class 0.7612195014953613 53 62 59 71
class 0.674159586429596 76 62 82 70
class 0.6524217128753662 71 61 79 69
class 0.30775630474090576 81 60 89 70
class 0.8764724731445312 101 61 106 69
class 0.62655109167099 116 62 123 71
class 0.5154372453689575 116 60 122 68
class 0.674072265625 140 68 146 75
class 0.6894720792770386 136 66 142 74
class 0.6135064959526062 173 64 179 70
class 0.3728543817996979 173 61 178 68
class 0.49314814805984497 34 79 40 86
class 0.7510425448417664 56 77 62 85
class 0.5493516325950623 52 73 61 83
class 0.7518864870071411 66 72 71 80
class 0.7492402791976929 63 75 70 83
class 0.6200389862060547 92 78 99 86
class 0.7612367272377014 111 77 117 85
class 0.47091665863990784 120 74 126 81
class 0.3186265826225281 114 75 121 83
class 0.7641478180885315 128 72 135 80
class 0.4283424913883209 124 73 132 81
class 0.4370742738246918 127 72 132 78
class 0.7654886841773987 140 72 146 80
class 0.6312718987464905 174 72 180 80
class 0.36261439323425293 26 90 32 96
class 0.46863824129104614 36 83 42 90
class 0.34163445234298706 33 80 41 89
class 0.7587398290634155 44 88 51 96
class 0.4694139361381531 45 86 54 95
class 0.7171141505241394 58 89 64 96
class 0.4166329503059387 55 87 61 96
class 0.3847637176513672 58 84 64 93
class 0.5695820450782776 73 82 80 90
class 0.6629234552383423 90 88 95 96
class 0.8346331119537354 121 82 127 90
class 0.7726960182189941 142 89 147 96
class 0.7009049654006958 180 87 186 95
class 0.7450059056282043 188 88 195 97
class 0.9143560528755188 2 95 7 103
class 0.47236257791519165 27 94 32 101
class 0.6638184189796448 54 97 61 105
class 0.80534827709198 51 100 59 108
class 0.6439281105995178 59 92 68 101
class 0.5401298999786377 78 100 84 107
class 0.4707489311695099 97 94 103 103
class 0.6214231252670288 92 96 99 104
class 0.48257362842559814 94 92 102 101
class 0.4317535161972046 100 94 106 101
class 0.6899187564849854 102 93 109 101
class 0.40307071805000305 113 99 121 108
class 0.8990578651428223 4 109 10 117
class 0.360553115606308 2 107 5 119
class 0.7936333417892456 13 105 19 112
class 0.7563068270683289 10 109 17 117
class 0.875872790813446 27 106 32 114
class 0.47997942566871643 23 103 32 113
class 0.6541668772697449 50 103 57 112
class 0.796163022518158 80 102 89 111
class 0.7638784646987915 95 104 101 113
class 0.7690378427505493 121 106 127 114
class 0.5344365239143372 117 104 125 111
class 0.6579596400260925 140 108 146 116
class 0.687669575214386 136 106 143 114
class 0.5341800451278687 144 109 151 117
class 0.42998072504997253 195 109 199 117
class 0.7966732978820801 25 119 31 127
class 0.6556509733200073 45 115 52 123
class 0.6636205315589905 41 113 48 122
class 0.45654532313346863 57 114 63 122
class 0.4676249623298645 51 113 58 123
class 0.4711358845233917 60 113 67 121
class 0.8752390146255493 99 120 105 128
class 0.6844474673271179 96 117 102 125
class 0.45730188488960266 111 121 117 128
class 0.76263028383255 132 118 138 126
class 0.8009364604949951 5 131 11 138
class 0.8455071449279785 33 125 39 134
class 0.7817921042442322 84 126 90 135
class 0.8067490458488464 99 130 106 139
class 0.3351828157901764 108 127 114 135
class 0.42839229106903076 102 130 111 138
class 0.5873722434043884 112 123 121 132
class 0.6606677770614624 131 126 137 134
class 0.3709452748298645 130 124 136 131
class 0.8730067610740662 142 130 148 138
class 0.4036540985107422 139 129 145 137
class 0.835599958896637 169 129 176 138
class 0.5087843537330627 166 128 174 137
class 0.6686831712722778 5 136 10 143
class 0.8195071220397949 13 138 20 146
class 0.7716862559318542 10 139 18 149
class 0.3252938687801361 16 136 21 146
class 0.7911084890365601 38 142 43 149
class 0.7027722001075745 52 135 58 143
class 0.7015583515167236 69 140 75 148
class 0.8151914477348328 104 138 111 147
class 0.43461874127388 103 136 111 143
class 0.7205324172973633 127 138 134 146
class 0.6615816354751587 124 141 131 148
class 0.6797218322753906 145 134 153 142
class 0.8409650921821594 28 151 37 159
class 0.7642152905464172 43 145 50 154
class 0.411832720041275 63 150 69 158
class 0.7315918207168579 61 152 67 159
class 0.61400306224823 126 145 133 154
class 0.8388843536376953 158 144 164 153
class 0.733709990978241 181 145 188 153
class 0.5765932202339172 177 146 185 154
class 0.8187452554702759 194 146 199 154
class 0.8838322162628174 36 157 42 165
class 0.485929012298584 65 161 71 169
class 0.8143656253814697 95 161 102 169
class 0.8095673322677612 122 162 127 170
class 0.6739835739135742 120 161 126 168
class 0.8283994793891907 137 157 143 164
class 0.8348003625869751 162 162 168 169
class 0.8459778428077698 185 161 191 169
class 0.7113263607025146 63 165 70 174
class 0.7438198328018188 84 167 91 175
class 0.6750769019126892 104 165 111 175
class 0.825444221496582 175 166 181 174
class 0.6230307817459106 18 179 27 189
class 0.4849774241447449 59 183 65 191
class 0.6284143924713135 78 183 84 191
class 0.8381786346435547 76 182 82 190
class 0.7278628349304199 105 177 112 185
class 0.7018186450004578 120 184 126 192
class 0.3780515491962433 192 184 197 191
class 0.48454606533050537 189 183 196 192
class 0.7574893832206726 15 194 21 199
class 0.7543395161628723 12 193 19 199
class 0.6641553044319153 24 192 29 199
class 0.5842910408973694 19 191 27 199
class 0.3586534857749939 21 187 28 197
class 0.758241593837738 57 193 63 199
class 0.730793297290802 94 191 101 198
class 0.5187037587165833 117 192 124 199
class 0.7458781003952026 114 190 121 199
class 0.44715234637260437 116 187 123 197
class 0.31179025769233704 119 191 127 198
class 0.7163124680519104 126 193 133 199
class 0.4135727286338806 151 194 157 199
class 0.3309347629547119 147 192 156 199
class 0.7652283310890198 174 189 180 197
class 0.8472690582275391 182 195 188 199
class 0.6545349359512329 178 194 184 199
class 0.4112088084220886 185 193 189 199
class 0.6770000457763672 187 191 194 199
class 0.4518086612224579 189 187 195 195
