class 0.908752977848053 12 0 18 6
class 0.3229717016220093 13 0 15 2
class 0.9157867431640625 26 0 32 6
class 0.845782458782196 48 1 54 8
class 0.9001510739326477 54 0 61 7
class 0.4425830543041229 52 0 57 7
class 0.6236758828163147 73 1 78 6
class 0.9150493144989014 99 0 105 7
class 0.9305580258369446 111 4 117 12
class 0.6243197917938232 149 1 156 7
class 0.5603037476539612 147 0 155 6
class 0.7024498581886292 156 3 162 9
class 0.7857549786567688 174 2 179 8
class 0.5248311161994934 180 0 185 4
class 0.43541258573532104 176 0 183 5
class 0.5114171504974365 5 10 10 17
class 0.7219648361206055 7 7 15 17
class 0.3330448865890503 32 14 38 22
class 0.8265359401702881 29 14 36 22
class 0.7562626600265503 45 14 51 22
class 0.6676864624023438 41 12 49 21
class 0.6754210591316223 73 9 79 16
class 0.8060389161109924 107 9 114 17
class 0.8705604672431946 141 15 147 23
class 0.7705989480018616 153 13 159 21
class 0.9020668864250183 160 15 166 23
class 0.7496956586837769 175 10 180 18
class 0.7862419486045837 189 10 196 18
class 0.8822078108787537 16 19 23 27
class 0.405089795589447 25 19 32 27
class 0.7889859676361084 35 19 42 27
class 0.8633260726928711 69 18 75 27
class 0.7830671072006226 80 25 85 32
class 0.5577380657196045 85 21 91 28
class 0.6442902088165283 81 20 89 31
class 0.6796672344207764 95 20 102 28
class 0.6844021677970886 134 23 140 32
class 0.8387202024459839 148 24 155 32
class 0.7529820203781128 176 18 184 27
class 0.7781509757041931 191 21 196 29
class 0.7896333932876587 47 32 53 40
class 0.5219292640686035 45 33 52 41
class 0.4711923897266388 65 36 71 44
class 0.730189859867096 120 36 125 44
class 0.6350268125534058 115 34 122 43
class 0.8157712817192078 35 45 41 52
class 0.3762524425983429 38 44 43 51
class 0.741266667842865 47 43 53 51
class 0.3219088613986969 54 42 60 50
class 0.5747780799865723 50 43 56 51
class 0.5617196559906006 61 39 68 47
class 0.3109568655490875 64 40 69 45
class 0.6078477501869202 80 40 85 48
class 0.7120612859725952 96 46 102 55
class 0.6143723130226135 112 44 117 52
class 0.3012581765651703 110 41 118 50
class 0.3480190336704254 115 43 121 51
class 0.6356738805770874 145 39 151 47
class 0.7449306845664978 12 53 19 60
class 0.7771581411361694 9 55 16 63
class 0.661946713924408 75 52 81 60
class 0.8251720070838928 88 57 94 65
class 0.3292655050754547 89 55 96 63
class 0.662390410900116 155 50 161 57
class 0.7265937328338623 191 55 196 63
class 0.8786046504974365 5 61 11 69
class 0.4147340655326843 47 61 54 69
class 0.7886005640029907 54 62 59 70
class 0.6751798987388611 77 62 83 70
class 0.5992213487625122 71 62 79 69
class 0.3782022297382355 80 61 89 71
class 0.8814892172813416 101 60 106 69
class 0.35998326539993286 110 62 117 69
class 0.6804922819137573 117 63 123 72
class 0.49778735637664795 115 60 122 69
class 0.5793277025222778 139 68 145 75
class 0.7068609595298767 136 66 142 74
class 0.6607515811920166 173 64 179 71
class 0.350369393825531 173 61 178 68
class 0.48928773403167725 34 79 40 86
class 0.7041290998458862 55 77 62 84
class 0.6180147528648376 52 73 60 82
class 0.6992923021316528 66 73 72 81
class 0.809461236000061 62 76 69 84
class 0.6456626653671265 92 78 99 86
class 0.68423992395401 111 77 117 85
class 0.37565189599990845 120 74 126 82
class 0.4757530391216278 113 76 120 83
class 0.7593119144439697 126 71 134 80
class 0.5469886064529419 123 72 131 80
class 0.3676113486289978 126 72 131 77
class 0.7487627267837524 139 72 146 81
class 0.5609776377677917 174 72 180 80
class 0.4922817647457123 27 90 32 96
class 0.43219563364982605 36 83 42 91
class 0.7526201605796814 44 88 50 96
class 0.6348313689231873 41 87 48 96
class 0.39964428544044495 46 86 53 94
class 0.6355270743370056 58 89 64 96
class 0.3457205891609192 55 87 61 96
class 0.4337400496006012 74 82 80 90
class 0.7023493647575378 90 89 96 96
class 0.8153994083404541 121 81 127 90
class 0.7900871634483337 142 88 147 96
class 0.34397223591804504 174 82 181 91
class 0.6835402250289917 180 87 186 95
class 0.6577014923095703 177 86 184 95
class 0.7075696587562561 187 88 195 97
class 0.6358739137649536 54 97 60 105
class 0.7972015738487244 50 100 58 107
class 0.6681461930274963 79 100 85 107
class 0.5966553092002869 90 97 96 105
class 0.5279436707496643 97 95 104 103
class 0.5209608674049377 94 92 102 101
class 0.44539234042167664 101 94 106 101
class 0.3686181604862213 114 99 121 108
class 0.8879044651985168 4 109 10 117
class 0.3792077898979187 1 106 5 118
class 0.8138673305511475 14 104 20 112
class 0.6268768310546875 10 108 17 116
class 0.864852249622345 26 105 32 113
class 0.46506989002227783 53 105 59 112
class 0.6886616945266724 50 103 57 112
class 0.8256281614303589 80 103 89 112
class 0.8130310773849487 95 103 101 113
class 0.7245699167251587 121 106 127 114
class 0.48332494497299194 116 103 124 111
class 0.30723240971565247 124 105 131 114
class 0.7039690017700195 140 108 146 116
class 0.6562251448631287 136 106 144 115
class 0.5983366370201111 144 109 151 116
class 0.8261663913726807 25 119 31 127
class 0.6292952299118042 45 116 52 123
class 0.6405947804450989 40 113 48 122
class 0.5156855583190918 58 115 64 122
class 0.31244537234306335 53 113 60 124
class 0.8674836754798889 98 120 104 128
class 0.6458561420440674 96 117 102 126
class 0.7092212438583374 111 121 117 129
class 0.781075656414032 132 117 138 125
class 0.8411391377449036 4 131 10 138
class 0.8384096622467041 33 125 39 133
class 0.7836407423019409 84 125 90 134
class 0.3790556788444519 111 125 117 132
class 0.6557543277740479 130 127 137 135
class 0.45468050241470337 130 124 136 132
class 0.8398717641830444 142 130 149 138
class 0.8181098699569702 170 129 176 138
class 0.34055471420288086 168 125 175 135
class 0.7912447452545166 13 138 19 145
class 0.799123227596283 10 139 17 148
class 0.7704557180404663 38 142 44 149
class 0.7569511532783508 52 134 58 143
class 0.5412330627441406 70 140 75 148
class 0.7087520360946655 104 138 110 147
class 0.7249754667282104 128 138 134 145
class 0.6560764908790588 124 141 132 148
class 0.7394925355911255 147 135 154 143
class 0.4436030387878418 32 150 38 157
class 0.8160169720649719 28 151 38 160
class 0.7538012862205505 43 145 50 154
class 0.7953999638557434 61 153 67 160
class 0.6527974605560303 126 145 133 154
class 0.8306937217712402 158 144 164 153
class 0.7191500663757324 181 145 187 153
class 0.597018837928772 177 145 185 153
class 0.7996073365211487 194 146 199 154
class 0.8709993362426758 35 158 42 166
class 0.3245241641998291 65 161 72 169
class 0.8006293177604675 96 161 102 170
class 0.8163338303565979 121 162 127 170
class 0.6905912756919861 120 161 126 168
class 0.8310791850090027 137 157 144 164
class 0.8514593839645386 162 162 168 169
class 0.8374014496803284 185 161 191 169
class 0.5187445282936096 29 172 36 181
class 0.6605108976364136 63 165 70 173
class 0.7618049383163452 83 167 90 175
class 0.6656253933906555 105 165 111 174
class 0.8497030735015869 175 167 180 174
class 0.652077853679657 18 179 26 189
class 0.48836401104927063 20 176 26 184
class 0.5639622807502747 59 184 65 191
class 0.5867012739181519 77 184 84 191
class 0.8075944781303406 75 182 81 190
class 0.7335740923881531 106 177 112 186
class 0.3233330547809601 120 184 126 191
class 0.7375592589378357 15 194 21 199
class 0.7235786318778992 12 193 18 199
class 0.6647270917892456 23 192 29 199
class 0.6243043541908264 19 191 27 199
class 0.39666926860809326 21 188 28 197
class 0.8014022707939148 57 193 63 199
class 0.33270204067230225 59 192 63 197
class 0.7459174394607544 94 192 101 199
class 0.5860500335693359 118 192 124 199
class 0.7313796281814575 114 191 122 199
class 0.4458821713924408 116 187 125 198
class 0.6542071104049683 126 192 132 199
class 0.3698712885379791 151 194 157 199
class 0.7694612145423889 174 190 180 197
class 0.3398580551147461 173 187 179 194
class 0.8453829288482666 182 195 188 199
class 0.6823821663856506 178 193 184 199
class 0.3830476701259613 185 193 189 199
class 0.6575132012367249 187 190 194 198
class 0.5602391362190247 189 187 195 196
