class 0.8857797384262085 12 0 17 6
class 0.3596350848674774 9 2 16 8
class 0.8915324807167053 26 0 32 6
class 0.7645688652992249 48 0 54 7
class 0.9045819640159607 56 0 63 7
class 0.4432447850704193 53 0 60 7
class 0.7837004661560059 76 4 81 11
class 0.5946237444877625 72 2 78 9
class 0.5891470313072205 85 2 90 9
class 0.43575406074523926 82 5 88 12
class 0.9074094295501709 99 0 106 6
class 0.937598705291748 111 3 117 11
class 0.8561297059059143 131 0 137 6
class 0.3250240981578827 128 0 135 6
class 0.6725825667381287 150 0 156 7
class 0.7730310559272766 156 3 162 10
class 0.8137297630310059 173 0 178 7
class 0.4893307089805603 5 10 10 17
class 0.7133636474609375 7 8 14 16
class 0.34291955828666687 26 15 33 23
class 0.6239168643951416 34 14 40 22
class 0.7357816696166992 31 13 37 23
class 0.8224874138832092 45 13 52 22
class 0.5413084626197815 41 10 49 20
class 0.4936055839061737 75 11 82 18
class 0.5685926675796509 71 10 80 20
class 0.3116801381111145 75 8 80 14
class 0.5603888630867004 84 11 90 19
class 0.3254224359989166 83 9 88 14
class 0.7885576486587524 103 7 111 17
class 0.8489025831222534 141 14 147 22
class 0.9111269116401672 152 14 158 21
class 0.8891977667808533 163 15 169 23
class 0.6198418736457825 174 10 179 16
class 0.7917309403419495 189 11 195 18
class 0.8467531204223633 16 19 22 27
class 0.8740098476409912 27 24 32 32
class 0.31554272770881653 23 20 31 30
class 0.7140904664993286 33 22 40 30
class 0.6308449506759644 29 24 37 33
class 0.6772560477256775 66 19 72 28
class 0.8347763419151306 78 22 84 30
class 0.5448353290557861 75 19 83 29
class 0.699432909488678 81 22 89 31
class 0.30429717898368835 83 19 90 28
class 0.810967206954956 96 21 103 29
class 0.348127156496048 132 20 139 28
class 0.6560137271881104 134 24 141 34
class 0.7765680551528931 148 24 155 32
class 0.710117518901825 156 20 166 30
class 0.7562283873558044 179 18 186 27
class 0.7261372804641724 190 20 196 30
class 0.7630394101142883 27 35 33 43
class 0.8086428046226501 48 32 54 40
class 0.7091219425201416 67 35 73 43
class 0.7900727391242981 77 36 83 44
class 0.7200937867164612 74 36 80 44
class 0.3419709801673889 79 35 85 41
class 0.8154305219650269 97 35 103 43
class 0.6088144183158875 111 36 117 44
class 0.7459907531738281 120 35 126 43
class 0.33453261852264404 116 34 124 44
class 0.49233150482177734 144 36 151 44
class 0.7775506973266602 160 33 168 43
class 0.7424312233924866 168 34 175 41
class 0.37840360403060913 166 30 177 44
class 0.815941333770752 189 34 195 42
class 0.7979965806007385 31 44 39 54
class 0.4210703372955322 35 43 44 52
class 0.6135616898536682 46 43 52 51
class 0.43748903274536133 41 40 48 50
class 0.6501652598381042 50 42 56 52
class 0.7412744164466858 61 42 68 52
class 0.8084441423416138 96 46 103 55
class 0.4345293939113617 112 42 117 50
class 0.6751752495765686 129 46 135 54
class 0.7904687523841858 125 47 132 55
class 0.39260128140449524 133 44 137 50
class 0.691735029220581 140 43 146 50
class 0.7034220099449158 135 42 142 50
class 0.6780230402946472 5 55 11 63
class 0.7865801453590393 12 54 18 62
class 0.8791520595550537 8 55 15 64
class 0.3231666088104248 17 54 21 61
class 0.34335729479789734 47 57 52 64
class 0.8737214803695679 55 57 61 65
class 0.4877075254917145 76 53 82 60
class 0.4734499454498291 71 53 80 62
class 0.6394787430763245 74 49 82 59
class 0.7355948686599731 88 57 94 65
class 0.6473372578620911 84 56 91 65
class 0.39704564213752747 89 55 96 63
class 0.697399377822876 111 54 117 63
class 0.347046434879303 108 56 114 64
class 0.33145055174827576 119 51 125 59
class 0.32197320461273193 113 52 120 62
class 0.45416536927223206 116 49 123 57
class 0.4156777560710907 125 50 131 59
class 0.44477730989456177 137 56 143 64
class 0.4634360671043396 134 57 142 66
class 0.6353932023048401 154 50 162 59
class 0.8060570359230042 191 55 196 64
class 0.39245834946632385 188 51 197 64
class 0.3015983998775482 192 54 199 63
class 0.8889870643615723 4 61 11 68
class 0.5478783845901489 47 66 53 73
class 0.4558514654636383 45 60 51 69
class 0.8786687850952148 54 66 60 75
class 0.5880694389343262 52 69 57 76
class 0.7084811925888062 77 61 83 70
class 0.6429541110992432 71 61 79 70
class 0.4093763530254364 88 66 95 75
class 0.48095694184303284 83 63 91 72
class 0.7177298665046692 98 66 104 74
class 0.768298864364624 94 66 101 75
class 0.41862431168556213 100 64 106 71
class 0.3116391897201538 102 61 110 71
class 0.7360131144523621 117 63 123 71
class 0.38576021790504456 132 62 138 70
class 0.5463494658470154 138 67 145 74
class 0.765837550163269 134 65 141 73
class 0.3025488555431366 136 62 141 69
class 0.7207817435264587 145 69 152 75
class 0.7154486775398254 160 67 167 74
class 0.7505316734313965 157 66 164 76
class 0.4446672797203064 162 65 169 73
class 0.6061030626296997 172 65 179 71
class 0.46589574217796326 169 63 176 72
class 0.6452749967575073 18 72 26 81
class 0.8486562371253967 34 78 40 86
class 0.4934537410736084 48 71 54 78
class 0.7514767050743103 56 77 62 85
class 0.5936851501464844 51 74 59 82
class 0.7696452140808105 66 72 72 80
class 0.6806938052177429 63 76 69 84
class 0.3846498131752014 91 74 96 82
class 0.6553680300712585 95 76 101 85
class 0.7565631866455078 93 77 99 86
class 0.7578192949295044 110 77 116 85
class 0.7018564343452454 107 78 114 85
class 0.519853949546814 111 75 117 82
class 0.34176185727119446 121 75 126 82
class 0.30696624517440796 114 76 120 84
class 0.7453604340553284 127 72 134 80
class 0.6004263162612915 124 73 131 81
class 0.8140013217926025 138 72 145 80
class 0.8629517555236816 160 78 166 86
class 0.6427944898605347 174 73 180 81
class 0.8937948346138 4 87 11 95
class 0.33645257353782654 30 86 38 96
class 0.8063248991966248 44 89 50 96
class 0.3814711570739746 46 87 53 95
class 0.7455071806907654 58 88 64 96
class 0.30828189849853516 55 87 61 96
class 0.5807921290397644 72 81 79 90
class 0.7070151567459106 90 88 96 96
class 0.6207955479621887 109 84 115 92
class 0.37117987871170044 105 84 112 93
class 0.4254055321216583 107 82 112 88
class 0.7734647393226624 119 82 125 90
class 0.7360349893569946 115 82 122 91
class 0.8566286563873291 142 89 148 96
class 0.544832706451416 153 89 159 96
class 0.37496036291122437 154 83 162 92
class 0.5073637962341309 170 82 177 90
class 0.6677767634391785 166 80 173 90
class 0.760816752910614 180 88 186 95
class 0.7880195379257202 190 87 197 97
class 0.44170472025871277 193 86 199 95
class 0.9074596762657166 1 98 7 106
class 0.40223684906959534 0 97 4 107
class 0.8345213532447815 18 95 26 104
class 0.35800883173942566 20 92 27 100
class 0.4976649582386017 36 98 41 107
class 0.5629060864448547 32 96 40 105
class 0.3009323179721832 32 92 40 101
class 0.7651914954185486 44 99 50 107
class 0.689353346824646 41 98 48 107
class 0.3240620195865631 48 97 53 102
class 0.4253327548503876 55 98 61 106
class 0.6906648278236389 50 98 58 108
class 0.8137761354446411 64 97 70 105
class 0.47167104482650757 63 94 69 101
class 0.8069205284118652 79 98 85 106
class 0.45545145869255066 90 96 96 104
class 0.3357621133327484 97 96 103 103
class 0.5608514547348022 92 94 99 104
class 0.48825299739837646 94 92 100 100
class 0.6521223187446594 103 97 109 106
class 0.4114778935909271 104 94 109 101
class 0.3443874418735504 115 99 121 108
class 0.806684136390686 126 96 133 105
class 0.5586565732955933 126 93 132 101
class 0.7357138395309448 138 100 145 107
class 0.5959718227386475 152 97 158 105
class 0.3203356862068176 148 98 157 107
class 0.7100794911384583 160 99 167 107
class 0.6091863512992859 156 98 163 106
class 0.7385368347167969 169 98 175 106
class 0.9098294377326965 3 109 9 117
class 0.3394177258014679 1 108 4 118
class 0.7848508358001709 14 105 19 112
class 0.7088810801506042 11 109 18 116
class 0.8669486045837402 27 106 32 114
class 0.7724694609642029 35 104 42 111
class 0.6432926654815674 56 103 62 111
class 0.4876187741756439 51 103 59 112
class 0.3194776475429535 59 104 63 111
class 0.6710264086723328 75 108 82 116
class 0.8035673499107361 72 110 79 118
class 0.8291269540786743 81 104 89 114
class 0.6732178926467896 95 104 101 112
class 0.7018966674804688 103 102 111 111
class 0.6726109385490417 120 107 126 115
class 0.5118119716644287 117 104 125 113
class 0.5846442580223083 130 109 136 117
class 0.4165266752243042 125 107 133 116
class 0.3241916000843048 130 106 137 113
class 0.8126907348632812 141 109 147 117
class 0.5027532577514648 136 106 143 116
class 0.37590113282203674 138 104 144 111
class 0.37597569823265076 143 107 148 113
class 0.4868814945220947 147 105 153 113
class 0.7409942150115967 144 105 151 114
class 0.5349257588386536 146 102 153 110
class 0.41159823536872864 167 109 174 116
class 0.8134281039237976 195 110 199 117
class 0.5402690768241882 191 109 198 118
class 0.33105984330177307 195 108 199 114
class 0.8576818704605103 24 119 30 126
class 0.6666725873947144 44 114 51 123
class 0.6846920847892761 41 113 48 123
class 0.4809325337409973 57 114 64 123
class 0.3640327751636505 51 112 60 124
class 0.44730719923973083 64 114 71 122
class 0.6467971205711365 60 113 68 122
class 0.3191269338130951 74 115 81 123
class 0.5952441096305847 71 112 79 123
class 0.8804145455360413 98 120 104 127
class 0.6258895993232727 94 116 102 125
class 0.5863782167434692 110 121 117 128
class 0.7212865948677063 131 118 137 126
class 0.3504566550254822 131 116 139 123
class 0.3825853168964386 152 115 159 122
class 0.3023664653301239 156 113 163 123
class 0.5668647885322571 168 116 174 124
class 0.4737059473991394 167 113 173 120
class 0.652752161026001 187 113 195 123
class 0.8316152691841125 4 127 10 135
class 0.41998422145843506 28 130 33 138
class 0.788054883480072 32 126 39 134
class 0.418259859085083 58 129 64 138
class 0.3022836148738861 56 125 65 136
class 0.7173231840133667 63 129 70 137
class 0.7314544320106506 79 131 85 139
class 0.8031798005104065 87 127 94 134
class 0.41057297587394714 83 126 91 135
class 0.6253308653831482 86 123 92 132
class 0.8190935850143433 99 130 106 138
class 0.4512764811515808 95 129 103 139
class 0.310485303401947 100 128 106 134
class 0.443234384059906 101 129 111 138
class 0.7443991899490356 113 123 121 133
class 0.7077133655548096 126 123 133 132
class 0.8790704607963562 141 130 148 138
class 0.8821146488189697 169 129 176 137
class 0.3366378843784332 168 125 175 134
class 0.8654887080192566 1 137 7 145
class 0.5760325193405151 0 138 3 147
class 0.764578104019165 12 138 18 146
class 0.7927109003067017 9 140 16 149
class 0.7782808542251587 28 138 33 146
class 0.8574819564819336 35 141 42 148
class 0.5145295858383179 31 139 38 148
class 0.7286134362220764 49 134 58 145
class 0.6210422515869141 68 141 75 149
class 0.46907493472099304 76 137 83 145
class 0.5243933796882629 72 139 81 148
class 0.819463849067688 85 140 92 148
class 0.31704431772232056 87 138 96 145
class 0.6391083598136902 101 140 107 148
class 0.7164072394371033 105 137 112 144
class 0.7512485980987549 127 139 134 146
class 0.706953763961792 125 139 132 148
class 0.7701436281204224 148 135 154 143
class 0.6796388030052185 195 141 199 148
class 0.5425915718078613 192 139 199 149
class 0.8341665863990784 2 151 8 159
class 0.3412109315395355 0 150 3 160
class 0.7139873504638672 11 145 17 153
class 0.39048531651496887 32 150 39 157
class 0.7005789279937744 28 151 37 160
class 0.8429364562034607 45 145 51 152
class 0.6636455059051514 67 151 73 158
class 0.5763854384422302 62 150 70 160
class 0.5649664402008057 71 150 80 161
class 0.42852991819381714 82 145 90 154
class 0.3026840090751648 95 151 103 160
class 0.7373475432395935 126 147 132 155
class 0.615687370300293 124 148 131 157
class 0.8365017771720886 158 145 165 153
class 0.3328346908092499 159 146 163 150
class 0.7937102913856506 179 146 186 153
class 0.6680364608764648 176 146 183 155
class 0.7525814771652222 194 147 199 154
class 0.892715334892273 3 162 8 169
class 0.3967908024787903 1 160 3 170
class 0.9040136933326721 36 158 42 166
class 0.7654773592948914 56 157 62 165
class 0.699390709400177 77 157 83 165
class 0.5101391077041626 74 157 81 167
class 0.8237777948379517 97 160 104 167
class 0.7026872038841248 94 160 102 169
class 0.3270256519317627 97 157 103 163
class 0.7038722634315491 120 158 126 166
class 0.32440680265426636 117 159 125 168
class 0.4259278476238251 119 155 125 163
class 0.7734332084655762 137 158 144 166
class 0.5947827100753784 137 156 143 162
class 0.830834150314331 162 163 168 171
class 0.7869271636009216 183 162 189 169
class 0.6596519947052002 179 161 186 169
class 0.3712501525878906 2 167 7 173
class 0.6978502869606018 34 173 40 180
class 0.7495729327201843 30 172 38 181
class 0.6259879469871521 46 172 51 180
class 0.7616308331489563 41 172 48 180
class 0.8775325417518616 56 171 63 179
class 0.4573765695095062 52 169 61 180
class 0.676544725894928 67 165 74 174
class 0.5912638306617737 77 168 83 176
class 0.6723056435585022 72 165 81 175
class 0.5395063757896423 88 169 94 177
class 0.4862669110298157 82 167 92 176
class 0.8215494751930237 92 169 99 178
class 0.7007095217704773 107 167 114 175
class 0.4550119638442993 104 169 113 177
class 0.7744871973991394 117 166 123 174
class 0.7672500610351562 131 169 137 177
class 0.3914501667022705 129 165 135 174
class 0.7847055196762085 140 170 147 177
class 0.46570152044296265 136 170 144 179
class 0.8308625817298889 151 172 157 179
class 0.4684852063655853 147 169 156 178
class 0.3118814527988434 153 170 158 178
class 0.8050364255905151 160 170 166 177
class 0.307850182056427 159 167 167 175
class 0.8892857432365417 175 169 180 178
class 0.8696081638336182 21 182 28 189
class 0.6097861528396606 19 181 26 191
class 0.3409455120563507 21 178 26 185
class 0.7009192109107971 48 177 54 185
class 0.8511272072792053 57 183 63 191
class 0.6148639917373657 52 182 60 190
class 0.38743335008621216 58 181 64 187
class 0.8068925142288208 74 182 82 191
class 0.32773953676223755 78 180 85 188
class 0.4796898066997528 86 183 91 191
class 0.5571768283843994 82 181 89 191
class 0.7324073314666748 102 176 110 184
class 0.7926059365272522 120 184 126 191
class 0.546305239200592 132 179 138 187
class 0.7703424692153931 142 183 148 190
class 0.35428106784820557 137 179 145 188
class 0.8386312127113342 150 183 156 190
class 0.695016622543335 187 182 196 191
class 0.7940554022789001 15 194 21 199
class 0.7725275158882141 12 193 18 199
class 0.6610665321350098 22 193 28 199
class 0.6657548546791077 19 192 25 199
class 0.7908559441566467 57 193 64 199
class 0.5141900777816772 79 193 85 199
class 0.627342700958252 86 192 92 199
class 0.7996734380722046 82 192 89 199
class 0.4326689839363098 85 187 92 198
class 0.4050784111022949 89 190 96 198
class 0.6372404098510742 94 189 101 197
class 0.5281183123588562 118 194 124 199
class 0.7231048941612244 114 193 121 199
class 0.7022462487220764 124 193 132 199
class 0.31956425309181213 150 193 157 199
class 0.7076795697212219 174 189 180 196
class 0.3206557631492615 171 190 178 197
class 0.6798936724662781 182 195 188 199
class 0.6857621669769287 177 192 184 199
class 0.7244446873664856 187 192 194 199
