class 0.8900371789932251 12 0 18 6
class 0.31044909358024597 10 1 17 8
class 0.8975338339805603 25 0 32 5
class 0.3653440773487091 23 0 30 6
class 0.8532892465591431 47 0 54 7
class 0.9140369892120361 56 0 62 7
class 0.4458073377609253 53 0 59 7
class 0.7599913477897644 76 4 82 11
class 0.5333824753761292 72 2 79 9
class 0.5315072536468506 84 2 90 9
class 0.49823981523513794 82 5 88 12
class 0.9038464426994324 99 0 105 6
class 0.943142831325531 111 3 117 11
class 0.8638043999671936 131 0 137 7
class 0.38534772396087646 128 0 134 6
class 0.7158111333847046 149 0 156 6
class 0.3489204943180084 149 0 155 3
class 0.8008446097373962 157 3 163 10
class 0.8152198195457458 173 1 178 8
class 0.5642540454864502 3 10 8 17
class 0.7427607178688049 7 7 15 16
class 0.6235514283180237 34 14 40 22
class 0.7635770440101624 31 13 38 22
class 0.7792066335678101 45 13 51 21
class 0.5351669788360596 41 10 50 21
class 0.5621665716171265 75 10 82 17
class 0.5859339833259583 71 9 79 19
class 0.3201277554035187 74 8 80 15
class 0.5054144263267517 81 9 88 18
class 0.7702691555023193 103 8 111 17
class 0.8210912942886353 142 14 148 22
class 0.8724985718727112 152 13 158 21
class 0.856990396976471 163 15 169 22
class 0.7315933108329773 174 9 180 16
class 0.7587625980377197 189 11 195 19
class 0.6539762020111084 16 20 22 28
class 0.8889855146408081 27 23 33 31
class 0.6923975348472595 33 22 39 30
class 0.7116764783859253 28 25 37 34
class 0.7054434418678284 67 19 73 27
class 0.8131697773933411 78 23 84 30
class 0.49865272641181946 74 20 83 30
class 0.6091587543487549 84 22 90 30
class 0.7206604480743408 81 23 89 32
class 0.7907871603965759 95 21 102 28
class 0.4891197681427002 132 20 139 29
class 0.726849377155304 136 24 143 32
class 0.7464419603347778 149 24 156 32
class 0.6806319952011108 156 21 166 31
class 0.4847056269645691 159 18 167 27
class 0.7451952695846558 176 17 185 27
class 0.7337337136268616 191 21 197 30
class 0.9026947021484375 16 30 22 38
class 0.8102121353149414 27 35 33 43
class 0.3755160868167877 27 32 32 40
class 0.8032037019729614 48 32 53 41
class 0.44464364647865295 45 35 53 43
class 0.6590484380722046 66 35 72 43
class 0.7926343679428101 77 36 83 44
class 0.7221165895462036 74 36 81 44
class 0.3464173376560211 79 35 85 41
class 0.8435631990432739 97 36 103 43
class 0.5182290077209473 111 37 117 43
class 0.7828534245491028 120 36 126 43
class 0.47994720935821533 117 33 124 44
class 0.43949252367019653 144 36 151 44
class 0.7614914774894714 160 33 168 42
class 0.8087524175643921 168 34 175 42
class 0.42527809739112854 166 30 177 43
class 0.7863244414329529 190 35 195 43
class 0.8739980459213257 3 41 9 48
class 0.4222318232059479 17 46 23 53
class 0.8315176963806152 31 44 39 53
class 0.44888848066329956 36 43 44 51
class 0.6095137596130371 46 44 52 52
class 0.4140225350856781 41 40 48 50
class 0.6445455551147461 50 43 56 52
class 0.7022693753242493 61 41 68 51
class 0.8617974519729614 94 46 102 54
class 0.45357468724250793 112 42 117 50
class 0.7204689383506775 128 45 135 54
class 0.7841324210166931 125 47 132 55
class 0.8119447231292725 141 42 147 50
class 0.5890628099441528 137 41 143 49
class 0.614958643913269 4 54 10 62
class 0.3572089672088623 1 52 4 61
class 0.7627419233322144 11 55 18 62
class 0.8930737972259521 8 56 15 64
class 0.689470648765564 47 56 52 64
class 0.363246887922287 47 54 54 61
class 0.8975235819816589 56 57 62 65
class 0.6261084079742432 53 56 60 64
class 0.37701523303985596 59 56 63 62
class 0.5125433802604675 76 54 82 61
class 0.453320175409317 72 54 80 63
class 0.5948669910430908 74 49 82 59
class 0.736476480960846 87 57 93 64
class 0.578416645526886 84 56 90 65
class 0.35854271054267883 89 55 96 63
class 0.7544877529144287 108 57 115 65
class 0.6822932958602905 104 56 111 65
class 0.44178101420402527 119 51 124 59
class 0.3547601103782654 113 52 120 62
class 0.5583003759384155 116 50 123 56
class 0.5982116460800171 124 50 131 59
class 0.673418402671814 137 56 143 64
class 0.783549964427948 157 54 163 63
class 0.8584008812904358 190 55 196 64
class 0.8545164465904236 4 61 11 68
class 0.7026435732841492 25 68 31 76
class 0.37398308515548706 22 69 27 76
class 0.4353046119213104 47 65 53 73
class 0.34835416078567505 45 60 51 68
class 0.8472267389297485 54 65 60 73
class 0.6324551105499268 51 68 58 75
class 0.637482762336731 76 61 83 69
class 0.5570954084396362 72 61 79 69
class 0.32493719458580017 80 63 85 69
class 0.4272269606590271 88 67 94 75
class 0.5429591536521912 83 62 90 71
class 0.6654101610183716 98 67 104 74
class 0.6917215585708618 94 67 101 75
class 0.3958607316017151 100 64 106 70
class 0.4016926884651184 103 62 110 72
class 0.7164404988288879 117 63 123 70
class 0.5726987719535828 132 61 138 69
class 0.5519044399261475 138 67 146 75
class 0.6870641112327576 134 65 141 74
class 0.7270464301109314 146 69 152 76
class 0.7682182192802429 160 67 166 75
class 0.7236523628234863 157 67 164 76
class 0.3950255215167999 164 66 168 72
class 0.6105554699897766 172 64 179 72
class 0.41542884707450867 169 63 177 73
class 0.8794342279434204 183 61 189 68
class 0.3697523772716522 179 61 187 71
class 0.3493105471134186 185 62 190 69
class 0.7317221164703369 18 73 25 82
class 0.32129207253456116 20 71 25 78
class 0.8648456335067749 33 79 39 86
class 0.5562236309051514 47 72 53 79
class 0.7051650285720825 56 77 62 84
class 0.5590611100196838 52 73 60 83
class 0.35025322437286377 58 76 64 83
class 0.6919463872909546 66 72 72 80
class 0.7293223738670349 62 76 69 84
class 0.6890345811843872 96 77 102 85
class 0.7608493566513062 93 76 99 85
class 0.7792441844940186 110 77 116 85
class 0.5543161034584045 108 78 114 85
class 0.5291906595230103 112 74 117 81
class 0.39508354663848877 121 74 126 82
class 0.6976124048233032 127 71 134 80
class 0.533665120601654 123 72 131 81
class 0.7859640121459961 138 73 145 81
class 0.8525269627571106 160 78 166 86
class 0.5193120241165161 156 78 164 85
class 0.6784283518791199 174 72 180 81
class 0.9010558128356934 4 88 10 95
class 0.35593074560165405 2 87 6 97
class 0.41785165667533875 26 89 33 96
class 0.7671305537223816 44 88 51 96
class 0.41832849383354187 46 87 54 94
class 0.7329967617988586 57 88 64 96
class 0.5021569728851318 55 88 61 97
class 0.6241515278816223 72 81 79 90
class 0.6492863297462463 90 88 96 96
class 0.5901569724082947 108 84 114 92
class 0.38317400217056274 103 83 112 94
class 0.4602738320827484 107 81 113 89
class 0.7961331009864807 118 82 125 90
class 0.7123366594314575 115 81 122 91
class 0.8496394157409668 142 89 147 96
class 0.6749224662780762 153 88 159 96
class 0.4313904047012329 159 82 166 89
class 0.41265153884887695 154 82 163 91
class 0.3611680269241333 170 82 178 90
class 0.6114885210990906 166 81 173 89
class 0.8160409927368164 180 87 186 95
class 0.372807115316391 178 82 185 94
class 0.7988636493682861 190 87 197 96
class 0.485723614692688 193 86 199 94
class 0.8725926280021667 1 97 6 106
class 0.365524560213089 0 97 3 107
class 0.8511841893196106 17 95 26 105
class 0.3421177566051483 20 92 26 100
class 0.4920383393764496 36 97 41 106
class 0.5969665050506592 32 96 39 105
class 0.32803061604499817 33 93 40 100
class 0.32315391302108765 36 94 44 102
class 0.7248113751411438 44 98 50 107
class 0.7395951151847839 40 97 47 107
class 0.3079039454460144 47 97 53 103
class 0.465759813785553 55 97 61 106
class 0.7491402626037598 50 99 58 108
class 0.8048406839370728 64 96 70 105
class 0.5389366149902344 63 93 69 101
class 0.7650662660598755 79 98 85 106
class 0.36968010663986206 91 96 96 104
class 0.6209096312522888 92 94 99 105
class 0.466816246509552 93 91 101 102
class 0.694184422492981 103 96 110 106
class 0.525262713432312 104 93 111 102
class 0.42493748664855957 115 98 122 108
class 0.8070122599601746 126 96 133 104
class 0.5707833766937256 126 93 132 101
class 0.7608785033226013 138 99 145 107
class 0.5036598443984985 151 97 157 106
class 0.526099681854248 147 99 155 107
class 0.7771239876747131 161 99 167 108
class 0.7015050649642944 157 98 164 107
class 0.33615535497665405 163 98 169 106
class 0.771379828453064 169 98 175 106
class 0.7876916527748108 185 99 190 107
class 0.419687420129776 182 96 190 105
class 0.9449024200439453 3 109 8 117
class 0.338074654340744 1 108 4 119
class 0.7674705982208252 15 104 20 112
class 0.46497079730033875 11 108 18 116
class 0.8571938276290894 27 106 32 113
class 0.7474188804626465 35 103 42 111
class 0.543633759021759 56 104 62 111
class 0.5806379914283752 51 103 58 113
class 0.5191606879234314 53 102 60 110
class 0.3257957398891449 67 106 73 113
class 0.6723580360412598 75 108 82 116
class 0.8134264349937439 73 110 79 118
class 0.79741370677948 81 104 89 114
class 0.719445526599884 95 104 102 112
class 0.6124299764633179 103 103 111 112
class 0.7218489646911621 120 108 126 115
class 0.5888968110084534 117 105 125 114
class 0.5564503073692322 131 109 137 117
class 0.32693466544151306 126 107 134 116
class 0.3297356069087982 130 105 139 114
class 0.788292646408081 140 108 146 116
class 0.5229904055595398 136 106 143 115
class 0.4384203553199768 137 103 143 111
class 0.325227826833725 143 107 148 113
class 0.5969400405883789 147 106 153 113
class 0.7133098244667053 145 107 151 114
class 0.5562160015106201 147 103 152 110
class 0.35157859325408936 169 108 175 116
class 0.8217642903327942 195 110 199 117
class 0.34691891074180603 194 107 199 114
class 0.44699373841285706 7 114 15 123
class 0.8341773748397827 24 118 30 126
class 0.6740495562553406 45 115 51 123
class 0.7290244102478027 41 113 49 124
class 0.5717615485191345 57 114 63 123
class 0.3432122766971588 51 112 61 124
class 0.8466095924377441 68 118 74 127
class 0.620958149433136 63 115 71 124
class 0.4252949059009552 69 113 79 124
class 0.864459216594696 98 120 104 127
class 0.6394531726837158 95 116 102 126
class 0.6880066394805908 110 120 117 128
class 0.7290512919425964 131 118 137 126
class 0.5680135488510132 153 116 159 123
class 0.48586660623550415 160 115 167 123
class 0.668063759803772 155 114 163 122
class 0.31420499086380005 158 114 164 120
class 0.6478407979011536 169 116 175 124
class 0.3723357319831848 166 117 173 126
class 0.4375263750553131 168 113 174 121
class 0.6833504438400269 187 113 194 123
class 0.8364769220352173 4 127 10 134
class 0.6414572596549988 27 130 33 139
class 0.7515760064125061 32 125 39 133
class 0.5539122223854065 58 129 64 137
class 0.39451485872268677 54 124 67 138
class 0.7774827480316162 60 129 69 139
class 0.7300100326538086 79 131 85 139
class 0.33103400468826294 76 128 88 137
class 0.75169837474823 86 126 93 133
class 0.5242248177528381 82 126 90 136
class 0.7582640051841736 98 130 105 138
class 0.3381255567073822 101 127 110 138
class 0.7357902526855469 113 123 122 133
class 0.7397478222846985 126 127 132 135
class 0.8237457871437073 142 130 148 138
class 0.8960778117179871 170 129 175 137
class 0.35326480865478516 168 125 174 134
class 0.8829801678657532 2 137 8 145
class 0.5247405171394348 0 136 4 147
class 0.7645509243011475 12 138 18 146
class 0.7333111763000488 9 140 16 149
class 0.6972336173057556 28 138 33 147
class 0.8886491060256958 35 141 41 148
class 0.6109521985054016 31 140 38 148
class 0.688503086566925 52 135 58 143
class 0.4578951299190521 68 140 75 148
class 0.5455362200737 76 137 83 145
class 0.6327945590019226 72 138 81 148
class 0.3197699785232544 73 132 85 145
class 0.8300396800041199 86 140 92 148
class 0.4294688105583191 82 135 93 148
class 0.3632116913795471 86 138 96 147
class 0.7453785538673401 101 140 107 148
class 0.7382891178131104 106 135 112 143
class 0.4840921461582184 103 137 111 146
class 0.6109628081321716 128 139 135 147
class 0.7064070701599121 125 139 132 147
class 0.4248109459877014 126 134 134 143
class 0.3105489909648895 132 138 137 145
class 0.5288606882095337 134 141 142 149
class 0.7177797555923462 145 133 153 142
class 0.7166482210159302 194 139 199 146
class 0.5961015820503235 191 137 198 146
class 0.47954297065734863 193 135 198 142
class 0.7663396596908569 2 151 8 158
class 0.3549254834651947 0 150 4 161
class 0.745344340801239 11 145 17 153
class 0.65814208984375 27 150 37 160
class 0.828768253326416 45 145 51 153
class 0.6746295094490051 67 151 72 159
class 0.6745008230209351 62 150 70 160
class 0.4086584150791168 66 148 77 156
class 0.33367934823036194 75 151 81 159
class 0.6754143238067627 71 151 79 161
class 0.4565531015396118 85 147 91 155
class 0.5307068228721619 82 146 89 154
class 0.4441903233528137 94 151 102 160
class 0.610265851020813 126 146 133 154
class 0.6450715661048889 124 148 131 157
class 0.8090730905532837 158 145 165 153
class 0.690690279006958 156 145 162 152
class 0.3021222651004791 159 146 162 150
class 0.56634122133255 172 146 178 153
class 0.4701564908027649 168 146 175 153
class 0.80582195520401 180 146 186 153
class 0.6183671951293945 177 147 184 155
class 0.8300670981407166 194 146 199 154
class 0.4283885061740875 191 145 198 155
class 0.8833024501800537 2 161 7 169
class 0.4461076259613037 0 160 3 170
class 0.8749328851699829 36 158 42 165
class 0.3225874900817871 48 163 54 170
class 0.6770511865615845 54 159 61 166
class 0.7703604698181152 50 159 58 170
class 0.3036336600780487 57 157 65 166
class 0.6568785309791565 76 158 82 165
class 0.4882979393005371 73 158 80 167
class 0.6656539440155029 75 154 82 163
class 0.7887232303619385 98 161 104 167
class 0.7377902269363403 95 161 101 168
class 0.6924158930778503 120 159 126 166
class 0.3969283998012543 116 159 125 168
class 0.40672269463539124 119 155 125 163
class 0.38019877672195435 121 157 128 164
class 0.36063727736473083 129 163 135 170
class 0.5065016150474548 124 161 132 170
class 0.8066520690917969 140 160 147 167
class 0.5592303276062012 137 156 144 165
class 0.7929694056510925 162 163 168 171
class 0.7799710035324097 160 162 165 170
class 0.6043730974197388 182 161 188 169
class 0.6765013933181763 178 160 184 169
class 0.31369748711586 190 161 195 168
class 0.7367720007896423 187 162 194 170
class 0.3734004497528076 2 168 6 174
class 0.8225472569465637 12 173 18 180
class 0.6761618852615356 35 173 41 180
class 0.7770481705665588 31 171 39 181
class 0.5871773362159729 45 172 51 179
class 0.7363504767417908 41 171 49 180
class 0.3473333716392517 47 169 54 177
class 0.8700583577156067 57 171 63 179
class 0.4735965132713318 53 170 61 180
class 0.4514983594417572 58 169 63 176
class 0.7039696574211121 68 165 74 174
class 0.6868323683738708 77 167 83 176
class 0.6410583853721619 72 165 80 175
class 0.6065390706062317 88 169 95 177
class 0.44527533650398254 83 167 91 176
class 0.5028547048568726 94 168 101 176
class 0.8296586871147156 92 169 99 178
class 0.7225129008293152 108 167 114 175
class 0.44467899203300476 105 169 113 177
class 0.7555431723594666 118 166 124 175
class 0.6529886722564697 130 169 136 176
class 0.5490726828575134 128 166 135 174
class 0.7942603230476379 140 170 147 178
class 0.5430928468704224 137 170 145 180
class 0.8588981032371521 151 172 157 180
class 0.4260883629322052 147 169 155 178
class 0.37885811924934387 153 170 158 177
class 0.8474023938179016 160 172 166 179
class 0.6258153319358826 156 171 164 180
class 0.8421697616577148 175 170 181 178
class 0.42214086651802063 171 169 178 177
class 0.38344132900238037 176 169 180 175
class 0.3419651389122009 3 183 8 189
class 0.8282333016395569 21 181 28 189
class 0.46148285269737244 20 177 27 186
class 0.6367807388305664 48 178 54 186
class 0.8045575618743896 57 183 63 191
class 0.6230369210243225 51 181 59 190
class 0.4079960584640503 58 181 64 187
class 0.7574282884597778 74 183 81 191
class 0.5333362221717834 87 184 93 191
class 0.5497031807899475 83 183 90 190
class 0.7484034299850464 103 176 110 184
class 0.818198025226593 120 184 126 191
class 0.7862950563430786 133 180 139 188
class 0.7882864475250244 142 183 147 191
class 0.3054092228412628 137 182 144 191
class 0.8167145848274231 149 184 156 191
class 0.5928045511245728 191 182 197 189
class 0.6201818585395813 188 181 195 191
class 0.7644020318984985 4 189 10 197
class 0.7419098615646362 16 193 21 199
class 0.5825865864753723 11 192 19 199
class 0.7100245356559753 23 193 29 199
class 0.6117881536483765 19 192 26 199
class 0.808662474155426 58 194 64 199
class 0.7884944081306458 79 194 85 199
class 0.5794811248779297 76 193 82 199
class 0.6474786996841431 87 193 93 199
class 0.7613005042076111 83 193 89 199
class 0.3500658869743347 86 189 91 196
class 0.44381269812583923 90 191 95 198
class 0.6214780807495117 94 190 101 198
class 0.6146732568740845 118 194 125 199
class 0.714608907699585 114 193 121 199
class 0.4604719281196594 128 193 134 199
class 0.7168530225753784 124 193 132 199
class 0.4748145043849945 135 188 141 196
class 0.5766502022743225 150 193 156 199
class 0.6794650554656982 174 189 180 196
class 0.3929491341114044 171 190 178 197
class 0.6433801054954529 182 193 188 199
class 0.7677883505821228 178 192 184 199
class 0.5183930993080139 183 191 190 199
class 0.6630539894104004 190 191 195 199
class 0.6498766541481018 187 191 193 199
class 0.33379629254341125 189 189 193 195
