class 0.9140450358390808 11 0 18 6
class 0.3214980661869049 9 1 16 7
class 0.3089018762111664 12 0 15 2
class 0.927159309387207 26 0 32 5
class 0.7412781119346619 48 0 54 7
class 0.8871711492538452 54 0 61 7
class 0.665260374546051 72 1 78 6
class 0.9158013463020325 99 0 106 7
class 0.9390767216682434 111 3 117 11
class 0.6904389262199402 150 1 156 8
class 0.32515954971313477 149 0 155 4
class 0.8710628747940063 157 3 162 10
class 0.7822675108909607 174 1 179 7
class 0.3331015408039093 174 0 179 3
class 0.5600079894065857 180 0 186 4
class 0.547938346862793 176 0 184 5
class 0.37151455879211426 5 9 10 17
class 0.6805290579795837 7 7 15 17
class 0.3652734160423279 32 14 39 22
class 0.831827700138092 29 13 36 22
class 0.7539252042770386 45 14 51 22
class 0.7004161477088928 41 10 49 20
class 0.6594414114952087 73 8 79 16
class 0.7695082426071167 107 9 114 17
class 0.8226497173309326 142 15 148 22
class 0.8023035526275635 153 13 159 21
class 0.9178280830383301 161 15 167 23
class 0.8045501708984375 174 10 180 17
class 0.7580603957176208 190 9 196 18
class 0.8538544178009033 16 19 22 27
class 0.6524355411529541 25 19 32 26
class 0.796950101852417 36 19 42 27
class 0.8103153705596924 68 19 74 27
class 0.8525195121765137 80 25 85 32
class 0.6396281123161316 85 21 91 28
class 0.5617281198501587 81 20 89 31
class 0.7766150832176208 95 21 102 29
class 0.7710275053977966 135 24 142 32
class 0.8517386317253113 149 24 155 32
class 0.7210800647735596 176 18 184 27
class 0.7788457870483398 191 21 196 29
class 0.7997299432754517 48 32 53 40
class 0.6864510774612427 66 37 73 45
class 0.5804994702339172 64 36 70 45
class 0.36974239349365234 112 36 117 43
class 0.7291684746742249 120 35 125 43
class 0.5544692277908325 114 34 123 44
class 0.8276187181472778 33 44 40 53
class 0.3837423622608185 37 43 43 52
class 0.6895431876182556 46 43 52 50
class 0.3564673066139221 41 40 48 50
class 0.6081679463386536 50 42 57 51
class 0.5659207701683044 61 39 68 47
class 0.6352620720863342 80 40 85 48
class 0.753524661064148 96 46 102 55
class 0.5320861339569092 112 44 117 52
class 0.5968920588493347 119 47 125 54
class 0.5638003945350647 114 45 121 54
class 0.5896490216255188 123 47 131 56
class 0.5894266963005066 144 39 151 47
class 0.6832625865936279 13 53 20 61
class 0.7450291514396667 10 54 16 63
class 0.3127974569797516 48 57 53 65
class 0.6362602114677429 76 53 82 60
class 0.5847690105438232 73 49 81 58
class 0.821610689163208 88 57 94 65
class 0.6475943326950073 155 49 162 58
class 0.7498904466629028 191 55 196 63
class 0.9076812267303467 5 61 10 69
class 0.8523430824279785 54 63 60 71
class 0.6725276112556458 77 62 83 70
class 0.6035307049751282 71 61 79 69
class 0.3861440122127533 81 61 89 70
class 0.8845013976097107 101 61 106 70
class 0.617985188961029 116 63 123 71
class 0.5683243870735168 113 60 121 69
class 0.6815913915634155 139 68 145 75
class 0.7540122270584106 136 66 142 74
class 0.6449324488639832 173 64 179 71
class 0.37057894468307495 172 61 178 69
class 0.3668656051158905 34 79 40 86
class 0.7696689367294312 56 76 62 84
class 0.6121366024017334 52 73 61 82
class 0.719418466091156 66 72 72 81
class 0.7602766156196594 63 76 69 84
class 0.6579768061637878 91 77 99 86
class 0.7882643342018127 111 77 117 85
class 0.7750642895698547 127 71 134 80
class 0.48206010460853577 124 73 131 80
class 0.7866107821464539 140 73 147 81
class 0.5113739967346191 163 79 169 86
class 0.6592706441879272 174 73 180 80
class 0.5249099731445312 27 90 32 97
class 0.4532858431339264 36 83 41 90
class 0.783816397190094 44 88 50 96
class 0.448949933052063 45 86 54 95
class 0.6800805330276489 58 89 64 96
class 0.41533559560775757 54 87 61 97
class 0.3572673201560974 58 84 64 93
class 0.5905871391296387 74 81 80 90
class 0.6441131234169006 90 89 96 96
class 0.8385917544364929 121 81 127 90
class 0.8258011341094971 142 89 147 96
class 0.7001175880432129 163 82 170 89
class 0.7851414680480957 180 88 186 95
class 0.5938769578933716 177 86 184 95
class 0.6952359080314636 187 88 195 97
class 0.9602316617965698 2 96 7 104
class 0.3140176832675934 1 95 4 105
class 0.4148861765861511 27 94 32 101
class 0.6051363945007324 55 98 61 106
class 0.8052834272384644 51 100 58 107
class 0.5831904411315918 60 94 67 103
class 0.36801227927207947 61 92 68 99
class 0.5607779026031494 79 100 85 107
class 0.712070107460022 90 96 96 105
class 0.47787192463874817 98 95 103 103
class 0.3961170017719269 95 93 101 100
class 0.3028893768787384 101 94 105 101
class 0.6087910532951355 102 93 109 101
class 0.4412212669849396 113 98 121 108
class 0.8596323728561401 127 95 133 104
class 0.9280487298965454 3 109 10 117
class 0.3507627546787262 2 107 5 119
class 0.8027636408805847 14 104 20 112
class 0.7187197804450989 11 109 17 116
class 0.8806302547454834 27 106 32 114
class 0.42401477694511414 55 104 61 112
class 0.6630369424819946 50 103 57 112
class 0.841277539730072 80 103 89 112
class 0.8303793668746948 95 104 101 113
class 0.7471450567245483 121 107 127 115
class 0.5056446194648743 117 104 125 112
class 0.35301026701927185 131 107 137 115
class 0.6715142130851746 140 108 147 117
class 0.6230506300926208 136 106 144 115
class 0.4891408085823059 143 109 151 117
class 0.7136632800102234 194 110 199 118
class 0.6202870607376099 191 110 197 118
class 0.8158574104309082 23 118 30 128
class 0.6345385313034058 45 115 52 123
class 0.6424484252929688 41 113 48 123
class 0.5751289129257202 57 115 64 123
class 0.44471797347068787 52 113 59 124
class 0.548538088798523 60 114 66 122
class 0.883666455745697 98 120 104 127
class 0.6597825884819031 96 117 101 125
class 0.5906773805618286 111 121 117 128
class 0.7142308950424194 132 119 138 127
class 0.4781031608581543 193 115 198 122
class 0.8437989950180054 4 131 11 139
class 0.8288554549217224 33 125 39 134
class 0.7070560455322266 83 125 89 134
class 0.7347933053970337 99 130 106 139
class 0.3260781764984131 107 126 114 135
class 0.5285958051681519 102 130 111 138
class 0.5924704670906067 112 123 121 132
class 0.6971775889396667 131 126 137 134
class 0.8931013345718384 142 130 148 138
class 0.3621505796909332 138 129 145 137
class 0.7954139709472656 169 129 176 137
class 0.6471276879310608 5 135 10 143
class 0.8387384414672852 14 138 20 146
class 0.7589200735092163 10 140 17 149
class 0.8419447541236877 37 142 43 150
class 0.35091274976730347 35 140 41 148
class 0.737766683101654 52 134 58 143
class 0.6065630912780762 69 140 75 148
class 0.7924064993858337 104 138 111 147
class 0.39164814352989197 103 136 111 144
class 0.7109547257423401 128 138 135 145
class 0.6377896666526794 124 140 132 148
class 0.30656275153160095 127 136 135 143
class 0.7027027606964111 147 135 153 143
class 0.38151946663856506 31 149 38 157
class 0.8429664373397827 28 151 37 159
class 0.7590235471725464 44 144 51 153
class 0.7107785940170288 66 152 73 160
class 0.802509069442749 62 151 68 160
class 0.31350189447402954 70 150 78 158
class 0.6854294538497925 124 146 132 154
class 0.8046441674232483 158 145 164 154
class 0.5402156114578247 175 145 181 153
class 0.7325561046600342 181 146 188 154
class 0.5553916692733765 177 145 185 155
class 0.8062416315078735 194 147 199 154
class 0.8709055185317993 36 157 42 165
class 0.33630767464637756 65 161 71 169
class 0.83860182762146 95 161 102 169
class 0.8223702907562256 121 162 127 170
class 0.8432344198226929 137 157 143 164
class 0.8447270393371582 161 162 167 169
class 0.8472940325737 185 161 191 169
class 0.41257086396217346 29 173 36 181
class 0.7456894516944885 65 167 72 175
class 0.3191860020160675 64 166 69 172
class 0.8343291282653809 83 167 90 175
class 0.7467197775840759 105 168 111 177
class 0.7596076130867004 136 171 142 178
class 0.825543999671936 174 166 181 174
class 0.6820472478866577 18 179 26 189
class 0.47556284070014954 20 176 26 185
class 0.6802738308906555 59 184 65 191
class 0.6500930786132812 78 183 84 190
class 0.8346014022827148 75 182 81 190
class 0.6891892552375793 103 176 111 184
class 0.8086475133895874 120 184 126 192
class 0.505253791809082 192 184 197 191
class 0.5690588355064392 189 183 196 192
class 0.7731281518936157 16 194 21 199
class 0.6718975305557251 12 193 19 199
class 0.7331876754760742 23 192 29 199
class 0.6199569702148438 19 191 27 199
class 0.3489108681678772 21 188 28 197
class 0.798252284526825 57 193 63 199
class 0.7250718474388123 94 191 101 198
class 0.7450679540634155 114 190 122 199
class 0.43600520491600037 116 187 123 197
class 0.7206386923789978 126 192 133 199
class 0.4560413062572479 151 194 157 199
class 0.37968289852142334 147 193 155 199
class 0.7513138055801392 174 189 180 196
class 0.8234490752220154 182 194 188 199
class 0.6346499919891357 178 193 184 199
class 0.37221765518188477 184 192 189 199
class 0.7094098925590515 187 191 194 199
class 0.4481315016746521 189 187 195 195
