class 0.9076629877090454 12 0 18 6
class 0.3861178755760193 9 1 16 7
class 0.8921666741371155 26 0 32 6
class 0.8236029744148254 48 0 54 7
class 0.9039914011955261 55 0 62 6
class 0.6761218309402466 72 1 78 7
class 0.5275372862815857 90 0 95 4
class 0.9102188944816589 98 0 105 6
class 0.9138974547386169 111 3 117 11
class 0.36534011363983154 112 1 120 8
class 0.6721145510673523 150 1 156 7
class 0.34459033608436584 149 0 155 4
class 0.6798826456069946 156 3 162 10
class 0.8149675130844116 173 1 179 8
class 0.5319949984550476 181 0 186 4
class 0.4465675950050354 176 0 184 6
class 0.5110937356948853 5 9 11 16
class 0.5929873585700989 7 7 15 17
class 0.3145621716976166 34 14 40 22
class 0.6937522292137146 30 13 37 22
class 0.7912477850914001 45 14 51 21
class 0.6914392113685608 41 10 49 19
class 0.8211395740509033 73 8 80 16
class 0.7969332933425903 105 9 112 17
class 0.8049547076225281 142 15 148 22
class 0.8598734140396118 152 14 158 22
class 0.8417758345603943 162 15 169 22
class 0.586501955986023 174 10 180 18
class 0.8031295537948608 190 10 196 18
class 0.8898281455039978 16 19 22 26
class 0.6485336422920227 25 19 31 26
class 0.8294643759727478 35 20 42 28
class 0.8793512582778931 68 19 74 27
class 0.7806075811386108 80 25 85 32
class 0.6532992124557495 81 20 89 30
class 0.6622496843338013 95 21 102 29
class 0.676288902759552 136 24 142 32
class 0.71763014793396 148 23 154 31
class 0.7698407173156738 159 22 166 30
class 0.771224856376648 176 18 184 27
class 0.8325746655464172 190 20 196 29
class 0.7981329560279846 47 31 53 39
class 0.4410964250564575 45 33 52 42
class 0.759013295173645 67 36 73 45
class 0.5635135173797607 64 36 70 45
class 0.695183515548706 80 36 85 44
class 0.34317123889923096 111 36 117 43
class 0.7203442454338074 120 35 126 44
class 0.5198953151702881 115 34 123 44
class 0.8344998955726624 32 44 39 54
class 0.36512285470962524 35 42 44 53
class 0.6644619703292847 46 42 52 50
class 0.4246668517589569 40 40 48 50
class 0.618700385093689 50 43 57 52
class 0.503227710723877 61 40 68 48
class 0.7844042778015137 96 46 102 55
class 0.6285982131958008 124 47 131 55
class 0.5705600380897522 144 39 151 47
class 0.6765846014022827 13 53 19 61
class 0.7846526503562927 9 54 17 64
class 0.3370647728443146 47 57 53 65
class 0.7178853154182434 74 49 81 58
class 0.8098106980323792 88 57 94 65
class 0.35931167006492615 89 55 96 62
class 0.5173612833023071 111 52 117 61
class 0.3413845896720886 118 51 124 59
class 0.3713638484477997 116 50 122 56
class 0.652632474899292 155 49 162 59
class 0.7594587206840515 191 54 196 63
class 0.9092344045639038 5 61 10 69
class 0.4788839817047119 47 62 53 70
class 0.8401021957397461 55 64 61 72
class 0.7437630891799927 76 61 83 70
class 0.6379239559173584 72 61 80 69
class 0.3786866366863251 89 66 95 75
class 0.30364540219306946 84 62 91 72
class 0.7838146090507507 97 65 103 73
class 0.8666926026344299 93 67 100 75
class 0.3472837507724762 101 64 105 71
class 0.6482342481613159 117 63 124 71
class 0.5592961311340332 114 61 122 70
class 0.6302351951599121 139 68 146 75
class 0.7435685396194458 135 66 142 74
class 0.3070920407772064 142 66 147 74
class 0.47977662086486816 145 67 152 75
class 0.7942418456077576 160 68 166 76
class 0.6992590427398682 173 64 179 71
class 0.6663594841957092 34 79 40 86
class 0.6951858401298523 56 77 62 85
class 0.5669639110565186 53 73 61 83
class 0.7898430824279785 66 72 72 80
class 0.7290816903114319 63 75 70 83
class 0.766128659248352 93 76 100 84
class 0.7793046236038208 111 76 117 84
class 0.31779342889785767 121 74 126 81
class 0.7571286559104919 127 72 133 80
class 0.5935297608375549 124 73 131 81
class 0.7294731140136719 139 73 146 81
class 0.6326573491096497 161 77 168 85
class 0.7076660990715027 174 74 181 81
class 0.6360217332839966 26 89 32 96
class 0.3333846926689148 30 84 38 94
class 0.5114072561264038 31 81 40 90
class 0.7665392160415649 44 88 50 96
class 0.42529141902923584 44 86 55 95
class 0.6715843677520752 58 89 64 96
class 0.4069799482822418 55 87 61 97
class 0.5392051339149475 74 82 80 90
class 0.6050707697868347 90 89 96 96
class 0.4959675669670105 112 82 117 90
class 0.8151403069496155 120 81 126 90
class 0.5949766635894775 116 81 123 90
class 0.8100987076759338 142 89 148 96
class 0.48649856448173523 163 82 170 89
class 0.40959203243255615 171 82 177 91
class 0.5373390913009644 165 81 173 90
class 0.6484977602958679 180 87 186 95
class 0.752708911895752 188 88 195 97
class 0.9453084468841553 2 97 8 105
class 0.30874693393707275 1 96 4 106
class 0.5235825181007385 22 97 28 105
class 0.8163172602653503 18 96 26 105
class 0.32710304856300354 21 93 28 100
class 0.5335783958435059 55 98 61 105
class 0.759216845035553 51 100 58 107
class 0.7302104234695435 62 96 69 104
class 0.45500460267066956 62 94 68 100
class 0.621667742729187 79 100 85 107
class 0.4472217857837677 90 97 96 105
class 0.5290231108665466 92 95 99 104
class 0.4521753787994385 94 92 101 100
class 0.7629459500312805 102 92 109 101
class 0.8785898685455322 126 96 133 105
class 0.6821799874305725 160 99 167 107
class 0.7661867737770081 157 99 163 107
class 0.8295095562934875 169 98 174 106
class 0.9202713370323181 3 109 9 117
class 0.3375186026096344 1 107 5 119
class 0.7809120416641235 13 105 19 113
class 0.7567884922027588 10 108 18 117
class 0.8778775930404663 27 107 32 114
class 0.5083450675010681 24 104 32 113
class 0.5926770567893982 55 104 61 112
class 0.6249436140060425 51 104 57 112
class 0.4343300461769104 54 103 58 108
class 0.8463672995567322 81 104 89 112
class 0.7760177254676819 95 104 101 113
class 0.7029072642326355 121 107 127 115
class 0.5636911988258362 116 105 124 113
class 0.38902556896209717 131 108 137 116
class 0.6760837435722351 140 108 147 116
class 0.5630090236663818 137 106 144 115
class 0.5174195766448975 143 108 151 117
class 0.7185983061790466 195 109 199 117
class 0.559926450252533 191 110 197 118
class 0.33908241987228394 196 107 199 114
class 0.8232778906822205 24 119 31 127
class 0.6246066689491272 45 115 52 123
class 0.6526923179626465 40 113 48 123
class 0.507426917552948 57 114 63 122
class 0.5340340733528137 51 113 58 123
class 0.5909224152565002 59 113 67 120
class 0.8628236651420593 98 120 104 128
class 0.6385195255279541 96 117 101 126
class 0.6381626129150391 111 120 117 128
class 0.7017932534217834 132 118 138 126
class 0.6044731140136719 188 113 195 122
class 0.8538821339607239 4 128 11 135
class 0.8850289583206177 33 125 39 133
class 0.6538791656494141 80 131 86 139
class 0.7350042462348938 84 126 90 135
class 0.6941476464271545 96 129 103 139
class 0.3337474763393402 99 128 107 136
class 0.6699921488761902 102 130 111 139
class 0.6693364977836609 113 124 121 132
class 0.6581712961196899 129 126 135 133
class 0.8407831788063049 142 130 149 138
class 0.3168981075286865 140 129 147 136
class 0.8534266352653503 169 128 175 137
class 0.3296912908554077 168 125 175 134
class 0.778104305267334 5 135 11 142
class 0.8392805457115173 15 137 21 144
class 0.4487014710903168 10 138 19 148
class 0.8281981945037842 37 142 43 149
class 0.8521507978439331 51 134 58 143
class 0.5935054421424866 69 140 75 149
class 0.4947616159915924 78 138 84 146
class 0.6581375598907471 72 138 80 147
class 0.6813205480575562 83 139 90 149
class 0.7026003003120422 104 137 111 146
class 0.7620316743850708 128 138 134 145
class 0.5948212742805481 125 139 133 148
class 0.7395413517951965 147 135 154 143
class 0.8139700889587402 10 145 17 153
class 0.3526735305786133 31 149 38 156
class 0.7682395577430725 28 151 37 159
class 0.8708860278129578 45 145 51 152
class 0.6401826739311218 67 151 74 159
class 0.6096293926239014 63 150 69 159
class 0.7490526437759399 71 151 78 160
class 0.7276027202606201 126 146 132 154
class 0.8481554388999939 158 145 164 153
class 0.7205692529678345 180 146 187 154
class 0.6450060606002808 176 145 184 155
class 0.8019334673881531 194 146 199 154
class 0.9230366349220276 4 163 10 171
class 0.3478972017765045 2 161 4 170
class 0.887769877910614 35 157 41 165
class 0.8241620659828186 58 157 65 164
class 0.8445830941200256 97 159 104 167
class 0.7965341806411743 121 161 127 168
class 0.8319784998893738 136 156 143 164
class 0.889667272567749 161 162 167 170
class 0.8747474551200867 185 160 191 169
class 0.48961347341537476 28 173 36 181
class 0.6746430397033691 48 172 54 179
class 0.7760825157165527 64 165 71 174
class 0.8232833743095398 83 166 90 175
class 0.7006981372833252 104 165 112 175
class 0.7105396389961243 132 167 139 175
class 0.7533157467842102 138 171 145 179
class 0.43121275305747986 135 170 143 179
class 0.8600016236305237 175 166 180 174
class 0.6974617838859558 21 182 27 189
class 0.3705264925956726 21 178 25 184
class 0.5769794583320618 59 183 65 191
class 0.8377512097358704 75 182 81 191
class 0.32342642545700073 78 182 85 189
class 0.7249861359596252 86 184 92 192
class 0.6306048631668091 83 183 89 191
class 0.7227376699447632 105 176 112 185
class 0.7443397045135498 120 184 126 191
class 0.8277760148048401 140 183 146 191
class 0.3246684968471527 141 181 148 189
class 0.6720805168151855 191 184 197 191
class 0.7664122581481934 15 194 21 199
class 0.7144953608512878 12 193 18 199
class 0.6716176271438599 22 192 28 199
class 0.6365291476249695 19 191 25 199
class 0.3498774468898773 21 188 27 196
class 0.8057866096496582 58 193 64 199
class 0.7084890007972717 89 191 95 199
class 0.48504433035850525 86 190 93 197
class 0.6354270577430725 94 190 101 197
class 0.44117116928100586 118 193 124 199
class 0.7344250082969666 114 191 121 199
class 0.5659803152084351 123 191 132 199
class 0.4039471447467804 152 195 158 199
class 0.7070359587669373 173 191 179 198
class 0.5403300523757935 170 191 177 199
class 0.3502495288848877 172 188 178 195
class 0.8334877490997314 182 195 188 199
class 0.6518299579620361 178 193 185 199
class 0.32707369327545166 184 193 189 199
class 0.6243550777435303 187 191 194 199
class 0.36624404788017273 189 187 195 196
