class 0.9053581953048706 12 0 18 6
class 0.30531272292137146 13 0 16 2
class 0.9160192608833313 26 0 32 5
class 0.7255687117576599 47 0 54 7
class 0.8853208422660828 54 0 61 7
class 0.4853978157043457 73 1 78 6
class 0.41692304611206055 90 0 95 4
class 0.9130547046661377 99 0 105 7
class 0.9300476908683777 111 3 117 11
class 0.42257165908813477 117 0 123 5
class 0.6969707012176514 150 1 157 7
class 0.35692161321640015 149 0 156 4
class 0.8359289169311523 156 3 162 10
class 0.7632920145988464 174 2 179 8
class 0.6218387484550476 180 0 185 4
class 0.5563188195228577 176 0 183 5
class 0.52606600522995 5 9 11 16
class 0.7113489508628845 7 7 15 16
class 0.3046056926250458 33 15 40 22
class 0.7815130949020386 29 14 35 22
class 0.7697066068649292 45 14 51 22
class 0.6998989582061768 41 11 49 20
class 0.7100717425346375 73 9 79 17
class 0.8048845529556274 106 9 113 17
class 0.8434933423995972 141 15 147 22
class 0.8391916751861572 152 14 158 21
class 0.4573444426059723 150 11 160 21
class 0.8971680998802185 162 15 168 23
class 0.4023679494857788 159 12 167 22
class 0.8052045106887817 174 10 180 18
class 0.7842963337898254 189 10 196 18
class 0.8813535571098328 16 19 23 26
class 0.5949638485908508 25 19 32 26
class 0.8180193901062012 36 19 42 27
class 0.8603018522262573 69 19 75 27
class 0.8046839833259583 80 24 85 32
class 0.6388230919837952 84 21 90 29
class 0.6361006498336792 81 20 89 31
class 0.571815013885498 95 20 102 29
class 0.44394198060035706 133 20 139 30
class 0.7101901173591614 136 24 143 32
class 0.848387598991394 148 24 155 32
class 0.7817654609680176 176 19 184 27
class 0.8475874662399292 190 20 196 28
class 0.7739711999893188 47 32 53 39
class 0.6504551768302917 66 36 72 44
class 0.7357680797576904 120 35 125 44
class 0.5604850053787231 115 34 123 44
class 0.8422646522521973 33 44 39 53
class 0.4467316269874573 36 43 44 52
class 0.7454526424407959 46 43 52 51
class 0.3887718915939331 42 40 48 50
class 0.5625463128089905 50 43 56 52
class 0.45773422718048096 61 39 68 48
class 0.5808595418930054 80 40 85 48
class 0.739307701587677 96 46 102 55
class 0.5550559759140015 112 43 117 51
class 0.6266931295394897 125 46 132 54
class 0.6195346117019653 144 39 151 47
class 0.7580163478851318 13 54 19 61
class 0.7617154717445374 9 55 17 64
class 0.6708661913871765 73 49 81 59
class 0.8607552647590637 88 57 93 65
class 0.3526412844657898 89 55 96 63
class 0.5503012537956238 112 52 117 61
class 0.4173315167427063 120 51 126 59
class 0.4858482778072357 122 50 131 59
class 0.6221057176589966 155 50 162 58
class 0.76904296875 191 55 197 63
class 0.9128679037094116 6 61 11 69
class 0.5846074819564819 47 61 53 69
class 0.8367927074432373 55 62 61 69
class 0.3733966648578644 53 64 59 71
class 0.6837684512138367 76 62 83 70
class 0.6577025651931763 71 61 79 69
class 0.3862476050853729 81 61 89 70
class 0.8897154331207275 101 61 106 70
class 0.6154807209968567 116 63 124 71
class 0.6172235608100891 113 61 121 70
class 0.6519985198974609 140 68 146 75
class 0.7494216561317444 136 67 142 74
class 0.6384221911430359 173 64 179 71
class 0.5093052387237549 33 79 39 86
class 0.6938836574554443 56 77 62 84
class 0.5470688939094543 53 73 61 83
class 0.7611307501792908 66 72 72 80
class 0.7809128761291504 63 75 69 83
class 0.6515892744064331 92 78 99 86
class 0.7801268100738525 111 77 117 85
class 0.7792789340019226 128 71 134 80
class 0.4814838767051697 124 73 131 80
class 0.6890655755996704 140 73 147 81
class 0.5334470272064209 163 79 169 86
class 0.6849698424339294 173 73 180 80
class 0.3305683732032776 168 76 177 85
class 0.6575067639350891 27 89 32 97
class 0.531057596206665 32 80 40 90
class 0.739567220211029 44 88 50 96
class 0.41484904289245605 44 86 55 95
class 0.675187349319458 58 89 64 96
class 0.32111766934394836 55 87 61 97
class 0.322437584400177 57 85 64 94
class 0.5297830104827881 74 81 80 90
class 0.5390982627868652 90 89 96 96
class 0.8345852494239807 121 81 127 90
class 0.7754430770874023 142 89 147 96
class 0.6061303019523621 163 83 169 89
class 0.6930286884307861 180 87 186 95
class 0.6178162097930908 177 85 184 95
class 0.7620956301689148 187 88 195 97
class 0.9415317177772522 2 96 8 105
class 0.4879169166088104 23 97 29 104
class 0.7097317576408386 19 96 27 105
class 0.3366433382034302 22 93 29 100
class 0.5964453816413879 55 98 61 106
class 0.7958531975746155 52 100 58 107
class 0.6602340936660767 60 97 67 105
class 0.47074878215789795 61 93 67 100
class 0.6619443297386169 79 100 85 107
class 0.6366055011749268 90 97 96 105
class 0.3276606500148773 97 95 103 103
class 0.4011719524860382 95 93 100 100
class 0.7064495086669922 103 94 109 101
class 0.37100979685783386 113 99 121 108
class 0.859650194644928 126 96 133 105
class 0.9437634348869324 3 110 9 118
class 0.3593950569629669 2 108 5 119
class 0.7973061800003052 14 105 19 112
class 0.6940900683403015 10 108 18 117
class 0.870561957359314 27 107 32 115
class 0.44783589243888855 24 104 31 114
class 0.5192368626594543 55 104 61 112
class 0.6314750909805298 51 103 57 111
class 0.45047175884246826 53 103 59 108
class 0.7974070310592651 81 104 89 112
class 0.8028174042701721 95 104 101 113
class 0.7752932906150818 121 108 127 116
class 0.5530962944030762 118 106 125 113
class 0.5341187715530396 131 108 137 116
class 0.6845161318778992 140 108 147 116
class 0.5918492078781128 136 106 144 115
class 0.4531102180480957 143 108 151 117
class 0.6822862029075623 194 110 199 118
class 0.5565125942230225 191 110 197 118
class 0.8206150531768799 23 118 30 127
class 0.380922794342041 26 117 33 125
class 0.6389725804328918 45 115 52 123
class 0.6435442566871643 41 113 48 122
class 0.511655330657959 57 114 63 122
class 0.44389238953590393 51 113 59 123
class 0.5384848713874817 60 113 67 121
class 0.8679185509681702 99 120 104 127
class 0.6550520658493042 96 116 102 125
class 0.5559560060501099 111 120 117 128
class 0.7364924550056458 132 119 138 127
class 0.5715067982673645 188 114 196 122
class 0.8243680596351624 4 129 11 136
class 0.8737913370132446 33 125 39 134
class 0.3594379723072052 80 130 86 139
class 0.747204065322876 83 126 90 135
class 0.7506914734840393 97 129 104 139
class 0.3827436566352844 106 128 113 136
class 0.6610562801361084 102 130 111 139
class 0.6377606987953186 113 123 121 132
class 0.631015419960022 129 126 136 134
class 0.8809815049171448 142 130 148 138
class 0.8675311803817749 169 129 176 137
class 0.7999497652053833 5 135 11 143
class 0.8567452430725098 13 138 20 146
class 0.756393551826477 10 139 17 148
class 0.8134760856628418 37 142 43 149
class 0.7793077826499939 51 134 58 143
class 0.5482566952705383 69 140 75 148
class 0.4394218623638153 79 137 85 146
class 0.40478941798210144 73 138 81 146
class 0.836269199848175 83 139 89 149
class 0.8035235404968262 104 138 110 146
class 0.7164766192436218 128 138 134 145
class 0.6284118890762329 124 139 133 149
class 0.7492462396621704 147 135 154 143
class 0.3327164053916931 31 149 38 156
class 0.77438884973526 28 151 37 159
class 0.8200053572654724 45 145 51 153
class 0.6253607273101807 67 151 73 160
class 0.7081809639930725 63 151 69 159
class 0.3118564486503601 69 150 75 157
class 0.6465012431144714 70 151 77 160
class 0.6386995911598206 126 145 132 154
class 0.8199777007102966 158 144 165 153
class 0.5527219176292419 174 145 181 153
class 0.7256405353546143 181 145 187 153
class 0.6198848485946655 177 145 184 154
class 0.7894800305366516 193 146 199 153
class 0.873616099357605 35 158 42 165
class 0.6919395923614502 58 156 64 163
class 0.31185534596443176 66 162 72 169
class 0.8195973038673401 95 160 102 169
class 0.8267478346824646 122 161 128 169
class 0.3100667893886566 123 159 127 165
class 0.7833707332611084 136 157 143 164
class 0.8412059545516968 162 162 168 169
class 0.8839124441146851 185 161 191 169
class 0.5369949340820312 29 173 36 181
class 0.7694217562675476 64 166 71 174
class 0.7793031334877014 84 167 90 175
class 0.7031214237213135 104 165 111 174
class 0.4728820323944092 132 168 139 176
class 0.771986186504364 137 171 143 179
class 0.8464717268943787 175 166 180 174
class 0.7094199657440186 21 180 27 188
class 0.4655015766620636 20 176 26 186
class 0.4248466193675995 59 182 68 190
class 0.8341628909111023 75 182 81 190
class 0.3678709864616394 77 182 87 189
class 0.7021799683570862 105 177 112 186
class 0.7825928330421448 120 184 127 192
class 0.8185752630233765 138 182 145 190
class 0.6992684006690979 189 183 196 192
class 0.7172408103942871 15 194 21 199
class 0.7278647422790527 11 193 18 199
class 0.6840014457702637 23 192 29 199
class 0.6180015206336975 19 191 26 199
class 0.3395659029483795 21 188 28 197
class 0.7769241333007812 57 194 63 199
class 0.6784335374832153 95 191 101 198
class 0.552405059337616 118 193 124 199
class 0.747612714767456 114 191 122 199
class 0.3435799777507782 116 187 124 198
class 0.30017924308776855 119 191 127 199
class 0.6059971451759338 127 192 133 199
class 0.3595084249973297 124 187 134 199
class 0.3635924756526947 151 195 157 199
class 0.33385542035102844 147 194 155 199
class 0.7197213768959045 174 190 180 197
class 0.31364983320236206 172 188 179 195
class 0.7912909388542175 182 194 188 199
class 0.6807492971420288 178 193 184 199
class 0.7038926482200623 187 191 194 199
class 0.39265066385269165 189 187 195 196
