class 0.6349452137947083 88 2 94 8
class 0.6251878142356873 91 0 99 5
class 0.34458497166633606 121 0 127 4
class 0.8951053619384766 130 0 137 7
class 0.42250382900238037 127 0 135 5
class 0.9171088337898254 152 4 158 12
class 0.8805283308029175 173 0 180 6
class 0.7740879058837891 0 10 4 17
class 0.31052693724632263 1 10 3 15
class 0.6694515347480774 25 10 30 18
class 0.5236122012138367 22 12 30 22
class 0.842833936214447 78 8 84 16
class 0.9040699601173401 89 14 94 21
class 0.33565258979797363 85 10 94 22
class 0.8172661066055298 110 12 116 20
class 0.3223557472229004 109 9 116 17
class 0.7645328640937805 120 15 126 23
class 0.4161125123500824 115 14 123 24
class 0.3291998505592346 142 10 147 18
class 0.6570683717727661 143 6 152 17
class 0.6636792421340942 159 8 165 17
class 0.6124178767204285 174 15 180 22
class 0.8892961740493774 180 11 185 18
class 0.685753583908081 177 13 184 22
class 0.5342815518379211 6 19 11 26
class 0.5944772362709045 6 18 16 28
class 0.5856955051422119 20 16 28 28
class 0.7977072596549988 31 25 38 32
class 0.597541093826294 48 22 54 28
class 0.8350058794021606 55 25 61 32
class 0.5026929974555969 51 22 60 31
class 0.35266727209091187 56 22 63 31
class 0.7583771347999573 71 24 80 33
class 0.6371086835861206 82 20 89 30
class 0.721284806728363 95 24 103 33
class 0.4167388379573822 98 22 107 32
class 0.4510948657989502 113 18 121 27
class 0.7724835276603699 131 20 138 27
class 0.4236154556274414 127 19 136 28
class 0.706798255443573 134 18 141 27
class 0.6622437834739685 151 21 157 28
class 0.4493425190448761 147 17 159 29
class 0.7491510510444641 162 26 167 33
class 0.501014232635498 159 23 166 33
class 0.8073639273643494 170 22 177 29
class 0.7446601986885071 168 23 175 33
class 0.907597541809082 1 34 6 42
class 0.7583114504814148 13 32 19 39
class 0.8690903186798096 25 36 30 43
class 0.6731785535812378 56 36 63 45
class 0.38377371430397034 54 36 60 43
class 0.6950477957725525 79 33 85 40
class 0.31982043385505676 77 28 83 37
class 0.7034425735473633 92 31 101 42
class 0.7499860525131226 105 33 111 41
class 0.6516199707984924 127 35 133 42
class 0.7791273593902588 148 29 154 38
class 0.8635644912719727 168 35 174 43
class 0.6783177256584167 185 33 190 41
class 0.3639332950115204 182 29 193 42
class 0.8986033797264099 10 46 15 53
class 0.7840936779975891 33 41 40 48
class 0.4059849977493286 30 43 39 52
class 0.8514209389686584 45 39 52 47
class 0.5469697713851929 64 43 70 50
class 0.6616146564483643 62 38 70 49
class 0.8274263143539429 77 45 83 52
class 0.34793218970298767 76 41 83 49
class 0.35213032364845276 79 43 85 51
class 0.8592227697372437 89 46 95 54
class 0.3803292214870453 86 45 93 53
class 0.8794076442718506 108 46 114 54
class 0.7748211622238159 164 46 170 54
class 0.8573638796806335 180 45 188 54
class 0.9484355449676514 4 57 10 65
class 0.3789553940296173 3 55 7 66
class 0.5142097473144531 35 55 42 62
class 0.6389069557189941 30 50 38 60
class 0.7544220685958862 39 56 47 65
class 0.7795265316963196 55 57 62 65
class 0.8093631863594055 65 51 72 58
class 0.755734384059906 100 57 106 65
class 0.3456621468067169 104 57 110 66
class 0.6955509781837463 116 55 123 63
class 0.8068910837173462 114 57 121 65
class 0.6435544490814209 129 52 135 60
class 0.7472203969955444 125 51 132 60
class 0.8890665173530579 170 52 176 60
class 0.6697629690170288 6 67 12 74
class 0.7602155804634094 6 63 15 74
class 0.5266246199607849 38 61 43 69
class 0.8028165102005005 46 68 53 75
class 0.4970208704471588 42 66 50 75
class 0.3997889459133148 50 62 57 70
class 0.7486450672149658 93 61 101 70
class 0.7997390627861023 110 62 116 70
class 0.5581443905830383 108 60 114 67
class 0.8975037336349487 118 68 125 76
class 0.6002799868583679 116 66 122 74
class 0.7780357003211975 15 78 21 85
class 0.4255131781101227 18 72 25 81
class 0.7812415361404419 59 78 65 86
class 0.33191537857055664 57 76 63 84
class 0.33592528104782104 65 74 72 82
class 0.5570310950279236 70 71 78 81
class 0.8206593990325928 84 72 92 80
class 0.7844572067260742 105 74 111 83
class 0.8366958498954773 131 77 137 85
class 0.8888850212097168 173 76 179 84
class 0.7363686561584473 184 71 190 79
class 0.3615380823612213 186 71 194 80
class 0.32679641246795654 15 89 21 96
class 0.8681776523590088 78 83 84 91
class 0.7492674589157104 75 84 81 91
class 0.744191586971283 154 87 159 95
class 0.7483863830566406 157 85 164 93
class 0.8757678270339966 174 88 179 96
class 0.8530115485191345 15 93 21 100
class 0.8738465309143066 41 94 48 102
class 0.7728188037872314 55 96 62 104
class 0.33061981201171875 55 93 63 101
class 0.6954164505004883 72 99 79 107
class 0.8789416551589966 115 97 122 106
class 0.7070243954658508 136 93 143 102
class 0.7138165831565857 155 99 163 107
class 0.791826605796814 174 99 180 107
class 0.8321785926818848 32 103 39 111
class 0.38554975390434265 59 105 64 112
class 0.7920224666595459 68 109 74 116
class 0.677819013595581 64 105 72 114
class 0.3478812575340271 74 105 81 112
class 0.4830324947834015 70 105 79 115
class 0.7707504630088806 100 110 106 118
class 0.7613741755485535 105 104 111 113
class 0.7551658153533936 125 105 133 113
class 0.8673577308654785 162 104 169 112
class 0.5614794492721558 5 120 10 127
class 0.8939387202262878 12 114 18 121
class 0.7101269364356995 49 113 57 122
class 0.8010193705558777 70 118 75 127
class 0.6156584024429321 86 115 93 123
class 0.5583276152610779 82 117 90 125
class 0.33571985363960266 90 115 96 122
class 0.7490015625953674 92 113 100 122
class 0.7063540816307068 123 113 130 121
class 0.4939603805541992 169 119 175 127
class 0.30389654636383057 185 115 192 122
class 0.829495370388031 191 119 196 126
class 0.9095492959022522 5 129 11 137
class 0.3402336537837982 4 128 7 138
class 0.8287056684494019 46 125 52 132
class 0.8218406438827515 56 126 62 134
class 0.5415423512458801 53 125 60 134
class 0.8606733083724976 100 124 106 131
class 0.3201805055141449 99 126 104 134
class 0.5608875751495361 128 129 135 137
class 0.6730834245681763 125 128 133 138
class 0.5554978251457214 140 129 146 137
class 0.6635343432426453 135 128 144 136
class 0.6212806701660156 147 129 153 138
class 0.5554009675979614 170 122 177 132
class 0.5192940831184387 187 129 194 139
class 0.8683993816375732 15 136 21 143
class 0.7193152904510498 39 134 46 142
class 0.6251669526100159 56 140 62 148
class 0.5252213478088379 65 137 71 146
class 0.7347361445426941 61 141 68 149
class 0.8612326979637146 77 139 83 148
class 0.7739959359169006 74 138 80 147
class 0.39849308133125305 79 138 84 146
class 0.7644664645195007 91 135 96 143
class 0.429451048374176 104 141 111 149
class 0.6232691407203674 134 141 142 150
class 0.30597493052482605 163 142 169 149
class 0.760633111000061 174 134 180 143
class 0.304505318403244 170 138 177 146
class 0.35275712609291077 27 152 32 159
class 0.5607514381408691 32 151 39 158
class 0.7628561854362488 30 150 36 159
class 0.7112956643104553 70 151 78 160
class 0.7522324919700623 98 150 104 157
class 0.6988770961761475 105 150 111 157
class 0.7948980331420898 127 145 134 153
class 0.7084119915962219 140 148 147 157
class 0.5045735239982605 136 146 144 155
class 0.39186590909957886 145 151 151 160
class 0.5944894552230835 163 146 169 152
class 0.646630048751831 172 149 178 156
class 0.553602397441864 168 147 175 156
class 0.3512953221797943 179 152 186 159
class 0.7099751234054565 176 151 184 160
class 0.42952197790145874 24 155 31 163
class 0.8108222484588623 37 157 43 165
class 0.6591367125511169 60 159 67 168
class 0.7241917848587036 100 162 106 170
class 0.3926507532596588 96 160 104 170
class 0.3109360933303833 100 159 106 166
class 0.3430791199207306 102 158 109 168
class 0.3203465938568115 103 155 110 163
class 0.8275976181030273 120 156 126 164
class 0.8479790687561035 141 159 148 166
class 0.688610315322876 148 156 155 164
class 0.437545508146286 145 156 152 165
class 0.3037251830101013 161 163 167 170
class 0.83770352602005 184 157 191 165
class 0.7372936010360718 23 172 29 179
class 0.5924384593963623 44 170 52 180
class 0.5311816930770874 53 170 59 178
class 0.4904799163341522 50 171 58 180
class 0.7253909111022949 90 172 96 180
class 0.5911492109298706 96 169 103 177
class 0.7280026078224182 92 169 100 179
class 0.42550766468048096 94 165 103 175
class 0.8296796083450317 106 172 112 179
class 0.4330022633075714 103 166 114 180
class 0.6401906609535217 128 164 136 175
class 0.7962645292282104 162 166 167 174
class 0.8244114518165588 190 166 196 175
class 0.7803587317466736 1 182 6 189
class 0.6629550457000732 0 182 3 190
class 0.7299666404724121 11 180 17 188
class 0.7099859118461609 45 181 51 189
class 0.6283432841300964 41 182 50 192
class 0.3401409685611725 43 177 52 187
class 0.3113105595111847 46 179 54 186
class 0.8079620599746704 77 183 83 190
class 0.695149302482605 131 179 137 186
class 0.8178133964538574 147 177 154 185
class 0.7681030631065369 168 179 174 188
class 0.7502498030662537 180 183 186 191
class 0.4532631039619446 196 182 199 189
class 0.8191558718681335 2 189 7 196
class 0.6537238955497742 42 189 49 197
class 0.6231744289398193 40 187 47 196
class 0.8189034461975098 78 193 84 199
class 0.6424623131752014 84 185 91 197
class 0.35568946599960327 122 194 128 199
class 0.6053798794746399 128 191 135 197
class 0.8002753257751465 124 192 132 199
class 0.622028648853302 140 193 147 199
class 0.39938804507255554 136 192 143 199
class 0.30082160234451294 164 189 170 196
class 0.3333205282688141 171 192 177 199
class 0.47221386432647705 166 188 175 197
class 0.6183080673217773 179 191 184 198
class 0.4132920503616333 179 188 184 195
