class 0.5552698969841003 88 2 93 8
class 0.5862982869148254 91 0 99 5
class 0.9133753180503845 130 0 136 6
class 0.9239431619644165 153 4 159 12
class 0.9012899398803711 173 0 179 6
class 0.7091795206069946 0 10 4 17
class 0.3020837903022766 23 15 28 21
class 0.7952001094818115 77 9 83 16
class 0.503629207611084 84 6 93 17
class 0.792457103729248 110 12 116 20
class 0.3019879162311554 109 9 116 17
class 0.7980743050575256 120 14 126 23
class 0.6412556767463684 143 6 153 17
class 0.3520381450653076 167 13 176 23
class 0.8966125845909119 183 8 188 15
class 0.584154486656189 6 19 11 26
class 0.5942913889884949 6 18 15 28
class 0.5193979740142822 23 20 29 27
class 0.777033269405365 30 25 37 33
class 0.7610257863998413 84 20 91 28
class 0.7950107455253601 95 24 102 32
class 0.3540146052837372 99 23 107 32
class 0.5473529100418091 113 18 120 27
class 0.8009753823280334 132 19 138 27
class 0.4575456380844116 136 20 143 28
class 0.7287816405296326 151 21 157 28
class 0.5009210705757141 148 17 158 29
class 0.7991955876350403 162 25 168 32
class 0.8203145265579224 171 22 178 29
class 0.540503978729248 169 22 176 33
class 0.9150784015655518 1 35 7 42
class 0.7528548240661621 12 31 18 39
class 0.8433769941329956 24 36 31 43
class 0.8046829700469971 56 36 62 43
class 0.6851381063461304 78 32 84 39
class 0.5138691663742065 77 28 84 38
class 0.7094162702560425 94 35 101 42
class 0.7943629622459412 105 32 112 40
class 0.7291194200515747 127 35 133 42
class 0.7156754732131958 148 29 154 38
class 0.8893662691116333 168 33 174 41
class 0.6943230628967285 185 33 191 41
class 0.8643524050712585 10 46 16 53
class 0.7979443073272705 32 41 39 49
class 0.4509558379650116 30 43 38 52
class 0.7512291073799133 44 39 51 47
class 0.6542550325393677 63 38 70 49
class 0.8661885261535645 78 44 84 52
class 0.32409805059432983 77 41 83 49
class 0.8700715899467468 89 47 95 54
class 0.43282604217529297 86 45 93 53
class 0.861145555973053 108 46 114 53
class 0.7425718903541565 164 45 170 53
class 0.8503553867340088 180 44 187 53
class 0.30231013894081116 184 43 191 50
class 0.9487824440002441 4 57 10 65
class 0.4067855775356293 35 55 42 62
class 0.5232170820236206 29 50 38 59
class 0.7617167830467224 39 56 46 65
class 0.8316017985343933 55 57 62 65
class 0.8351919651031494 65 51 72 58
class 0.5042421817779541 63 51 69 59
class 0.7343509197235107 100 57 106 64
class 0.31470972299575806 104 57 109 65
class 0.7750937342643738 116 55 123 63
class 0.7580993175506592 114 57 121 65
class 0.7405744194984436 129 53 135 59
class 0.7249222993850708 126 51 133 60
class 0.8715891242027283 169 51 176 60
class 0.5715147256851196 38 62 44 69
class 0.911108672618866 47 68 53 75
class 0.5520408749580383 43 66 51 74
class 0.7805288434028625 95 62 102 70
class 0.8448113799095154 110 62 116 70
class 0.5453839302062988 108 60 114 67
class 0.8994534611701965 118 68 125 76
class 0.5828877687454224 116 65 123 74
class 0.7319194078445435 15 77 21 85
class 0.45710355043411255 20 72 27 80
class 0.36294230818748474 38 78 44 86
class 0.5490477085113525 70 72 78 80
class 0.8501676321029663 85 72 92 80
class 0.8046256303787231 104 74 111 82
class 0.851008415222168 172 76 179 84
class 0.8030429482460022 184 71 191 79
class 0.8456997275352478 173 88 179 96
class 0.9034129977226257 42 94 49 102
class 0.8589629530906677 115 97 122 106
class 0.6447961926460266 134 92 141 100
class 0.4221435785293579 160 100 167 107
class 0.5454978942871094 157 99 164 107
class 0.8389447331428528 33 103 39 112
class 0.598023533821106 59 104 64 111
class 0.7724190950393677 68 109 74 117
class 0.6406964659690857 63 104 71 113
class 0.7594308853149414 100 110 106 117
class 0.33155468106269836 95 107 104 116
class 0.819865882396698 106 105 112 113
class 0.719845175743103 125 105 133 113
class 0.7511929869651794 161 103 167 111
class 0.5054974555969238 158 104 165 111
class 0.8061153292655945 4 120 9 128
class 0.3169224262237549 2 117 5 129
class 0.9044063091278076 11 114 18 121
class 0.6631050705909729 50 114 58 122
class 0.5830821394920349 70 118 75 126
class 0.48430222272872925 77 121 83 128
class 0.3134263753890991 73 118 80 126
class 0.7168985605239868 91 113 101 123
class 0.6248071193695068 123 113 130 122
class 0.6008480191230774 169 120 176 128
class 0.816035807132721 190 118 195 126
class 0.30892515182495117 189 115 194 123
class 0.9089275002479553 5 129 10 137
class 0.4632185399532318 4 128 7 138
class 0.35364004969596863 6 127 8 135
class 0.8331179022789001 56 124 62 132
class 0.5203060507774353 79 125 85 131
class 0.8399245738983154 101 124 106 131
class 0.4119977355003357 98 125 104 134
class 0.6093822717666626 128 129 134 137
class 0.6683374047279358 124 129 132 138
class 0.5672379732131958 141 129 147 137
class 0.6652719974517822 136 128 144 136
class 0.5980772376060486 144 129 152 138
class 0.5715581774711609 170 121 178 133
class 0.6367249488830566 187 130 194 139
class 0.8503833413124084 15 136 21 144
class 0.6795593500137329 38 134 46 142
class 0.5179746150970459 58 142 64 149
class 0.4984910190105438 56 140 62 148
class 0.5511849522590637 65 138 71 146
class 0.7793715000152588 61 141 67 148
class 0.869042158126831 76 138 83 147
class 0.788528561592102 73 138 79 147
class 0.7478851675987244 91 135 96 143
class 0.3101160526275635 108 142 114 149
class 0.3136357069015503 104 140 112 149
class 0.6907713413238525 135 142 142 150
class 0.7325177788734436 174 135 180 143
class 0.38625699281692505 169 138 176 147
class 0.45161888003349304 25 152 31 159
class 0.46990907192230225 22 151 28 159
class 0.5518828630447388 34 152 40 159
class 0.7088660597801208 30 151 37 159
class 0.7197297215461731 71 151 78 159
class 0.8157876133918762 98 150 105 159
class 0.793759822845459 128 145 135 153
class 0.642522394657135 140 148 147 157
class 0.5119780898094177 136 147 143 155
class 0.5138691067695618 138 145 144 152
class 0.6655893325805664 146 151 153 159
class 0.3873293995857239 164 145 170 152
class 0.6430672407150269 172 149 178 156
class 0.6252127885818481 168 147 175 156
class 0.6394160985946655 175 151 184 160
class 0.8139811754226685 37 157 43 165
class 0.7206560373306274 58 161 65 169
class 0.6194531917572021 63 160 69 168
class 0.7510241866111755 100 162 106 170
class 0.7843878865242004 120 156 126 164
class 0.8495475649833679 141 158 148 166
class 0.631790816783905 147 157 154 164
class 0.8144989013671875 184 157 191 165
class 0.7650755047798157 23 172 29 179
class 0.654488205909729 43 171 51 180
class 0.4827437996864319 53 168 59 176
class 0.6105082631111145 50 169 57 178
class 0.6416482329368591 90 172 96 180
class 0.34694385528564453 88 169 96 178
class 0.5073111057281494 96 168 102 177
class 0.7427762746810913 91 170 100 179
class 0.4276542663574219 93 165 103 176
class 0.8475688695907593 105 172 112 179
class 0.422355592250824 103 168 113 178
class 0.6717334389686584 128 165 135 174
class 0.7993916869163513 190 166 196 175
class 0.7785380482673645 1 182 6 189
class 0.6112566590309143 0 181 3 191
class 0.7964776754379272 11 179 17 187
class 0.7047174572944641 44 183 50 191
class 0.8247004151344299 77 184 84 191
class 0.7286655902862549 131 179 137 187
class 0.81313157081604 147 177 154 185
class 0.7044382691383362 168 179 174 188
class 0.49168333411216736 167 177 173 184
class 0.7160437107086182 180 183 186 190
class 0.8252790570259094 2 189 7 196
class 0.39249590039253235 2 189 4 197
class 0.6300892233848572 42 189 48 196
class 0.7114355564117432 79 191 85 199
class 0.5886808633804321 83 186 90 196
class 0.6310214400291443 128 192 135 198
class 0.8582495450973511 124 193 132 199
class 0.556779146194458 166 188 173 197
class 0.6025017499923706 179 191 185 198
class 0.3086303472518921 179 188 184 194
