class 0.606018602848053 88 2 94 8
class 0.5886547565460205 92 0 98 4
class 0.9181150197982788 130 0 136 6
class 0.908039927482605 153 4 159 12
class 0.9051111936569214 173 0 179 7
class 0.6460742354393005 0 10 5 17
class 0.337161123752594 22 15 28 22
class 0.7607461810112 78 8 84 16
class 0.5642955899238586 86 10 92 17
class 0.7853806018829346 110 12 116 20
class 0.3429255485534668 109 9 115 16
class 0.7370957732200623 120 14 126 23
class 0.4493449032306671 115 14 123 24
class 0.6331322193145752 144 7 152 17
class 0.8748236894607544 182 8 189 15
class 0.5871263146400452 6 19 11 26
class 0.6345186829566956 6 18 15 28
class 0.4817342758178711 20 17 29 28
class 0.8173983097076416 30 24 37 32
class 0.7728461623191833 52 24 58 32
class 0.6480992436408997 85 20 91 28
class 0.7655380368232727 95 23 103 32
class 0.4560428559780121 99 22 107 32
class 0.393020361661911 113 18 121 26
class 0.7333611249923706 132 20 139 27
class 0.4956870973110199 137 20 144 28
class 0.7659173011779785 151 21 157 29
class 0.809036374092102 162 25 168 32
class 0.8106215000152588 172 22 178 29
class 0.597914457321167 169 22 177 32
class 0.9025124907493591 1 34 7 42
class 0.7528055310249329 13 31 19 39
class 0.8433996438980103 25 36 31 43
class 0.8002864122390747 57 36 63 45
class 0.6528265476226807 78 32 84 39
class 0.32272958755493164 77 30 88 39
class 0.6875333786010742 92 33 101 44
class 0.7132803797721863 105 33 111 40
class 0.7241707444190979 127 35 133 42
class 0.7267988920211792 147 29 154 38
class 0.8938393592834473 167 33 174 41
class 0.6956227421760559 184 33 191 41
class 0.4275377690792084 182 29 193 42
class 0.8640841245651245 10 46 16 53
class 0.756987452507019 33 41 39 48
class 0.37630608677864075 30 43 39 52
class 0.7937958836555481 45 39 51 47
class 0.642494261264801 63 37 70 49
class 0.8203396201133728 77 44 83 52
class 0.8547911643981934 89 46 95 54
class 0.4604020416736603 86 44 94 53
class 0.8518898487091064 108 46 114 54
class 0.490255206823349 164 44 170 52
class 0.8822715282440186 180 44 187 53
class 0.33013519644737244 184 43 191 51
class 0.93849116563797 4 57 9 65
class 0.548874020576477 35 55 42 62
class 0.6508526802062988 30 51 38 60
class 0.7962368726730347 39 56 46 64
class 0.7299754619598389 55 57 62 64
class 0.7980443835258484 65 51 72 59
class 0.7689241170883179 100 56 106 65
class 0.3157505691051483 99 53 108 63
class 0.3722521960735321 104 57 109 65
class 0.7207322716712952 116 55 123 63
class 0.7767692804336548 114 57 121 65
class 0.6364147663116455 128 53 135 60
class 0.7493407726287842 125 51 132 61
class 0.8543068170547485 169 51 175 60
class 0.625111997127533 38 62 43 69
class 0.9036878347396851 47 68 53 75
class 0.5479649901390076 43 66 51 74
class 0.32547804713249207 51 59 59 68
class 0.7557370662689209 95 63 102 71
class 0.3285318911075592 95 61 101 67
class 0.7933793067932129 110 62 115 69
class 0.5646649599075317 108 60 114 67
class 0.8593217730522156 118 68 125 76
class 0.6316158771514893 115 65 123 74
class 0.7687461376190186 15 78 21 85
class 0.3118685483932495 21 73 27 80
class 0.505391538143158 39 78 46 85
class 0.5785170197486877 69 73 75 81
class 0.8183269500732422 86 72 92 80
class 0.8023713231086731 105 74 111 82
class 0.840445876121521 173 76 179 84
class 0.81986403465271 183 71 190 79
class 0.853970468044281 173 88 179 95
class 0.906015157699585 42 94 49 102
class 0.7182300686836243 74 98 80 106
class 0.8893012404441833 115 97 121 106
class 0.7259628772735596 136 93 143 102
class 0.6522291302680969 157 100 163 107
class 0.8256493210792542 32 104 39 112
class 0.5133211016654968 59 104 64 111
class 0.8474680185317993 68 110 74 117
class 0.6105753779411316 64 105 72 114
class 0.7509329915046692 100 110 106 117
class 0.30422061681747437 94 107 103 117
class 0.7893104553222656 106 105 112 114
class 0.7190794348716736 125 105 133 113
class 0.8133229613304138 162 103 168 111
class 0.8028601408004761 4 120 9 127
class 0.32789847254753113 2 117 5 129
class 0.8136098980903625 12 114 18 121
class 0.6177996397018433 49 114 57 122
class 0.7335742115974426 70 119 75 127
class 0.4038839340209961 78 121 83 128
class 0.7486376762390137 92 113 100 123
class 0.6234970688819885 123 113 130 122
class 0.5304936766624451 169 119 176 128
class 0.7970243096351624 189 118 195 126
class 0.9136268496513367 5 129 11 137
class 0.35053133964538574 4 127 7 138
class 0.8682136535644531 56 124 62 132
class 0.5561618208885193 79 125 85 132
class 0.8523472547531128 100 124 106 132
class 0.4173549711704254 98 126 105 134
class 0.5822928547859192 128 129 134 137
class 0.6813070774078369 125 129 132 138
class 0.32529783248901367 130 128 137 137
class 0.6213460564613342 141 130 147 137
class 0.666737973690033 137 128 144 136
class 0.5856303572654724 144 129 152 138
class 0.5047913193702698 171 125 178 133
class 0.3619367778301239 189 128 195 136
class 0.5998823046684265 187 130 194 139
class 0.8320006132125854 15 136 21 143
class 0.6301416158676147 38 134 46 142
class 0.552651047706604 59 141 64 150
class 0.5303255915641785 65 137 71 146
class 0.7434018850326538 61 141 68 148
class 0.8710564374923706 76 139 83 147
class 0.7620556950569153 74 137 80 147
class 0.3283083438873291 79 138 84 146
class 0.7162606120109558 91 135 96 143
class 0.3080110549926758 104 141 111 149
class 0.6697866320610046 135 142 142 150
class 0.48528435826301575 164 142 170 149
class 0.7130540013313293 174 135 180 143
class 0.49516651034355164 26 152 31 159
class 0.4062594473361969 23 151 29 160
class 0.5948180556297302 33 152 40 159
class 0.6703867316246033 30 151 37 159
class 0.7146608829498291 70 151 78 160
class 0.8017489910125732 98 150 105 158
class 0.6138889789581299 106 145 112 152
class 0.31094393134117126 103 146 110 154
class 0.7840834856033325 127 145 134 153
class 0.6397778987884521 140 149 147 157
class 0.46245989203453064 138 145 145 152
class 0.6363052129745483 146 151 153 159
class 0.4096149504184723 164 146 170 153
class 0.6079857349395752 172 149 178 156
class 0.5427653789520264 168 148 175 156
class 0.6467661261558533 175 151 184 160
class 0.30606159567832947 23 156 30 164
class 0.7593640089035034 37 158 43 165
class 0.6156066656112671 58 161 64 169
class 0.6843909621238708 60 159 68 169
class 0.7205207943916321 100 162 106 170
class 0.8082940578460693 120 156 127 164
class 0.8567153811454773 141 158 147 166
class 0.6364609599113464 148 157 154 164
class 0.4691806435585022 145 156 152 165
class 0.844170093536377 185 157 191 165
class 0.7838850021362305 23 172 29 179
class 0.6121512055397034 43 171 52 180
class 0.6129514575004578 49 170 58 179
class 0.3580944240093231 50 166 59 176
class 0.6624427437782288 90 172 96 180
class 0.4232635200023651 88 170 95 178
class 0.514184832572937 96 169 102 177
class 0.7794994711875916 91 170 100 179
class 0.40111473202705383 93 166 103 175
class 0.7953599691390991 105 172 112 179
class 0.3605068325996399 102 167 114 179
class 0.6331287622451782 129 168 136 175
class 0.8445311784744263 190 166 196 175
class 0.7850824594497681 1 182 6 189
class 0.6670770645141602 0 181 3 190
class 0.7405387163162231 11 179 17 186
class 0.6621990203857422 44 182 50 191
class 0.8181908130645752 77 184 84 191
class 0.6860485672950745 131 179 137 186
class 0.7975383996963501 147 177 154 185
class 0.8191824555397034 168 180 174 188
class 0.4376627504825592 167 177 173 185
class 0.6865419149398804 180 182 186 190
class 0.8285500407218933 2 190 7 197
class 0.34279680252075195 0 190 4 197
class 0.6704697608947754 39 187 46 196
class 0.7348583340644836 79 191 85 198
class 0.6367502808570862 84 185 90 196
class 0.37802353501319885 122 194 128 199
class 0.5896977186203003 128 191 135 198
class 0.8422914147377014 124 192 132 199
class 0.3760649561882019 130 190 138 198
class 0.46791452169418335 166 188 173 197
class 0.6655176877975464 179 191 184 198
class 0.400482714176178 179 188 184 194
