class 0.821818470954895 0 2 4 9
class 0.3276325762271881 1 1 3 5
class 0.8614981770515442 36 0 42 8
class 0.36264684796333313 33 2 39 9
class 0.7535737752914429 57 3 62 10
class 0.5095309615135193 54 0 61 8
class 0.8984287977218628 67 5 74 12
class 0.30911922454833984 64 4 70 11
class 0.7756112813949585 86 2 92 10
class 0.6655029654502869 83 4 89 12
class 0.5042139887809753 96 3 102 9
class 0.5772473812103271 93 0 99 6
class 0.398616224527359 121 0 127 5
class 0.6767916083335876 130 1 136 7
class 0.9415729641914368 151 3 157 11
class 0.31220895051956177 147 3 154 11
class 0.8502784371376038 171 2 177 9
class 0.5314664840698242 168 3 175 10
class 0.32816341519355774 181 2 186 7
class 0.8335447907447815 195 0 199 6
class 0.3546830117702484 192 0 198 7
class 0.393161803483963 196 0 199 3
class 0.7344979643821716 0 11 4 17
class 0.44272518157958984 0 10 2 19
class 0.611872673034668 25 9 31 17
class 0.3657280206680298 21 11 32 21
class 0.4089118540287018 22 7 34 17
class 0.8699635863304138 36 15 42 23
class 0.8606358766555786 59 11 65 19
class 0.7854655981063843 68 15 74 23
class 0.5595964193344116 63 12 69 23
class 0.3248167932033539 70 12 74 18
class 0.8562259674072266 76 13 83 20
class 0.5753903388977051 72 14 79 23
class 0.3057499825954437 75 10 79 17
class 0.3031430244445801 80 12 83 18
class 0.8845739364624023 89 15 95 23
class 0.4318513870239258 85 14 92 24
class 0.40245553851127625 91 14 94 19
class 0.5498298406600952 98 10 105 17
class 0.3943723440170288 93 12 101 22
class 0.9047471880912781 110 12 116 20
class 0.5307813882827759 106 9 115 18
class 0.3875022232532501 112 12 116 17
class 0.7587498426437378 122 13 127 22
class 0.7612097859382629 128 11 135 18
class 0.5781214833259583 125 10 132 20
class 0.3331022262573242 127 9 133 15
class 0.32703202962875366 143 10 148 18
class 0.5642956495285034 144 8 151 18
class 0.7659350037574768 160 9 166 17
class 0.658485472202301 156 8 165 18
class 0.7481549978256226 172 13 178 22
class 0.5362861156463623 168 8 178 20
class 0.8277679085731506 181 11 187 18
class 0.759524941444397 177 12 186 23
class 0.3013494312763214 184 11 190 19
class 0.5269923210144043 4 20 9 27
class 0.6235672831535339 6 18 16 29
class 0.4834413230419159 20 17 29 29
class 0.7984738349914551 31 24 38 33
class 0.37226226925849915 30 19 40 30
class 0.6360514163970947 47 20 53 28
class 0.8183629512786865 56 24 62 32
class 0.5246569514274597 52 21 61 32
class 0.5417940020561218 69 19 75 27
class 0.674044132232666 75 25 82 33
class 0.6539285778999329 71 24 79 32
class 0.39961427450180054 73 19 79 27
class 0.5899892449378967 85 21 92 29
class 0.5013313293457031 82 22 89 30
class 0.42763543128967285 84 19 90 25
class 0.6697668433189392 94 25 101 34
class 0.809245228767395 103 26 109 34
class 0.5056846141815186 117 21 123 29
class 0.3775566518306732 114 22 121 30
class 0.36853712797164917 115 19 122 25
class 0.7355414032936096 130 22 136 30
class 0.5515101552009583 126 22 134 31
class 0.327343612909317 132 21 137 27
class 0.4315546154975891 137 19 144 28
class 0.7017576098442078 134 18 141 27
class 0.6558268070220947 150 21 156 29
class 0.8421297669410706 163 25 169 33
class 0.742867112159729 169 22 177 29
class 0.7267464995384216 166 23 174 33
class 0.3288039565086365 173 21 180 29
class 0.3904654085636139 183 26 189 34
class 0.33582383394241333 178 23 187 33
class 0.39361852407455444 194 25 198 33
class 0.4608200788497925 188 25 196 34
class 0.8983976244926453 1 35 6 43
class 0.7869781851768494 13 32 19 40
class 0.8509123921394348 24 36 30 43
class 0.7644426822662354 46 36 52 44
class 0.6981260776519775 43 34 51 43
class 0.32181888818740845 46 34 55 42
class 0.7531034350395203 56 36 63 44
class 0.3480991721153259 53 35 60 44
class 0.6700988411903381 79 31 84 39
class 0.48351940512657166 77 28 84 37
class 0.4699946939945221 96 33 102 40
class 0.6220599412918091 92 30 100 40
class 0.789885401725769 103 32 111 40
class 0.697382390499115 114 32 120 40
class 0.8004950881004333 126 35 132 42
class 0.36295947432518005 126 31 133 40
class 0.8163658380508423 148 29 154 38
class 0.876532256603241 172 37 178 45
class 0.6556999087333679 183 33 190 41
class 0.4335029125213623 180 32 186 43
class 0.3067854642868042 182 29 188 38
class 0.3932608664035797 193 33 197 41
class 0.45084086060523987 187 31 195 41
class 0.43985864520072937 190 27 197 38
class 0.3794761300086975 194 30 199 38
class 0.8479576110839844 1 45 6 52
class 0.44665077328681946 0 44 3 55
class 0.7917618751525879 11 46 17 53
class 0.7985152006149292 33 41 40 49
class 0.5772371292114258 30 37 42 52
class 0.8411847352981567 45 40 52 47
class 0.7266124486923218 65 45 71 53
class 0.5856625437736511 62 40 70 50
class 0.8629984855651855 78 45 84 53
class 0.4181062579154968 76 41 82 49
class 0.6581225991249084 90 46 95 54
class 0.856340765953064 109 46 114 53
class 0.6833237409591675 164 44 170 52
class 0.6907655000686646 182 44 188 52
class 0.6945644617080688 179 45 186 54
class 0.4561046361923218 184 42 191 50
class 0.7943501472473145 194 45 199 52
class 0.7239123582839966 190 42 197 52
class 0.6226173043251038 193 42 199 52
class 0.9284802079200745 5 57 11 65
class 0.4316476583480835 34 54 41 61
class 0.5994580984115601 30 50 38 60
class 0.7582554817199707 39 56 48 65
class 0.7067969441413879 55 57 61 65
class 0.7178475856781006 65 50 71 58
class 0.8455869555473328 98 56 105 64
class 0.3746797442436218 94 55 102 63
class 0.5108762383460999 95 50 102 59
class 0.38665544986724854 104 58 110 66
class 0.7456257939338684 117 55 123 63
class 0.7400686144828796 113 57 121 65
class 0.45827654004096985 129 54 134 61
class 0.6678539514541626 125 50 133 61
class 0.4313614070415497 128 51 139 62
class 0.864342212677002 168 50 175 59
class 0.7509098649024963 182 53 188 61
class 0.849115252494812 6 66 12 74
class 0.858338475227356 13 65 19 73
class 0.6346469521522522 8 64 17 74
class 0.7073349356651306 38 61 43 69
class 0.8221040368080139 47 68 53 76
class 0.48927685618400574 42 66 50 75
class 0.4294115900993347 49 62 58 72
class 0.5058875679969788 51 58 61 70
class 0.7313665747642517 93 61 100 70
class 0.7206267714500427 110 62 116 69
class 0.8063721060752869 118 67 125 76
class 0.4784921109676361 114 64 123 74
class 0.6703578233718872 132 64 138 71
class 0.3935353755950928 128 64 136 73
class 0.3601916432380676 130 60 137 69
class 0.7525625824928284 161 60 167 68
class 0.5147789716720581 158 61 165 69
class 0.888651967048645 16 77 22 85
class 0.5166063904762268 12 76 20 86
class 0.31988999247550964 16 76 21 81
class 0.645423412322998 21 72 27 79
class 0.35557931661605835 39 77 46 85
class 0.7405522465705872 58 78 64 87
class 0.424975723028183 56 76 63 85
class 0.3645414710044861 65 74 72 81
class 0.6482329964637756 60 78 68 85
class 0.47729039192199707 70 72 78 81
class 0.885657012462616 85 75 92 83
class 0.4235972762107849 84 72 90 80
class 0.8021215796470642 104 73 111 81
class 0.8301135301589966 131 77 137 85
class 0.8537762761116028 142 79 148 86
class 0.3814065456390381 138 76 145 86
class 0.852960467338562 173 76 179 84
class 0.6061825752258301 184 71 190 79
class 0.4240758419036865 194 75 199 83
class 0.8505147099494934 4 88 10 95
class 0.5659084916114807 1 88 4 97
class 0.4916558265686035 8 85 15 95
class 0.7842800617218018 33 89 40 97
class 0.7776362895965576 31 89 37 98
class 0.6160672903060913 42 88 48 97
class 0.8953025937080383 78 82 84 90
class 0.7037740349769592 75 84 82 91
class 0.32373541593551636 77 82 81 89
class 0.3667971193790436 140 83 147 90
class 0.6386989951133728 153 87 159 94
class 0.7668734788894653 161 88 167 96
class 0.47818005084991455 157 83 166 95
class 0.8283030390739441 173 89 180 96
class 0.7945839762687683 0 95 5 102
class 0.30452001094818115 0 96 2 105
class 0.8626421093940735 16 93 23 100
class 0.37638646364212036 28 93 38 103
class 0.6392634510993958 44 99 50 107
class 0.740460991859436 42 96 49 103
class 0.5747700333595276 43 93 49 100
class 0.5670441389083862 54 98 61 106
class 0.8048847913742065 51 98 57 106
class 0.3766558766365051 52 93 60 102
class 0.7170044183731079 65 97 72 105
class 0.7353654503822327 61 97 69 105
class 0.3264787197113037 63 94 71 101
class 0.36566054821014404 68 96 75 102
class 0.43517541885375977 75 100 81 107
class 0.733565092086792 71 97 79 106
class 0.34280675649642944 92 99 99 107
class 0.8259679675102234 117 99 123 106
class 0.7110970616340637 136 95 143 103
class 0.6709306240081787 158 97 165 104
class 0.8448891043663025 155 99 163 106
class 0.7220033407211304 174 98 180 105
class 0.4070119261741638 193 99 198 106
class 0.37841489911079407 190 95 198 106
class 0.6128242611885071 0 105 5 112
class 0.8765120506286621 33 103 39 112
class 0.7609076499938965 47 104 53 112
class 0.7034157514572144 57 105 63 112
class 0.31536614894866943 54 101 61 111
class 0.8354063034057617 68 110 74 117
class 0.5691030025482178 63 105 73 115
class 0.5063085556030273 68 107 75 114
class 0.5726355910301208 77 104 83 111
class 0.3488497734069824 71 105 80 114
class 0.7559438943862915 100 110 106 118
class 0.31785351037979126 95 107 105 118
class 0.6544371247291565 105 104 111 112
class 0.5508573651313782 128 107 135 115
class 0.6186055541038513 124 105 132 114
class 0.6914845705032349 134 110 140 118
class 0.8307280540466309 163 106 169 114
class 0.4275197982788086 161 104 167 113
class 0.7580650448799133 174 104 180 112
class 0.752903401851654 195 105 199 112
class 0.7959766983985901 5 120 11 128
class 0.8922411799430847 11 114 18 121
class 0.44826415181159973 9 115 16 122
class 0.6134818196296692 50 114 57 125
class 0.8342803120613098 69 119 75 127
class 0.6125391125679016 86 115 92 123
class 0.6505117416381836 82 117 90 125
class 0.46025165915489197 88 115 97 123
class 0.7291576862335205 92 114 99 122
class 0.8646120429039001 109 120 114 128
class 0.4720444083213806 111 118 117 127
class 0.7055514454841614 124 113 130 122
class 0.3536275625228882 139 118 145 125
class 0.4011279046535492 135 115 142 125
class 0.33414316177368164 136 113 143 121
class 0.6913741230964661 144 117 151 125
class 0.6506948471069336 172 119 178 128
class 0.6594699025154114 168 118 175 126
class 0.407280296087265 170 114 176 123
class 0.36250343918800354 174 117 180 125
class 0.7708563208580017 181 115 187 123
class 0.7434909343719482 177 117 184 126
class 0.35898900032043457 180 115 185 121
class 0.7561110258102417 193 120 198 127
class 0.5293431282043457 189 118 197 128
class 0.30996254086494446 193 117 199 125
class 0.9049628376960754 6 129 12 137
class 0.7627819180488586 47 127 53 135
class 0.4518163800239563 44 123 51 133
class 0.8395779728889465 55 129 61 137
class 0.5521296262741089 51 129 58 137
class 0.3497111201286316 53 125 59 135
class 0.4375584125518799 58 128 63 136
class 0.6077483892440796 81 124 89 133
class 0.7544658780097961 100 124 106 131
class 0.315507709980011 97 125 105 135
class 0.6518352031707764 116 125 124 134
class 0.4288584291934967 119 126 129 136
class 0.5095943212509155 128 129 134 138
class 0.7833919525146484 125 129 132 139
class 0.34300652146339417 130 127 138 136
class 0.7241649627685547 139 129 145 137
class 0.7140047550201416 135 127 142 136
class 0.3135450780391693 142 128 148 136
class 0.7117569446563721 147 130 153 138
class 0.4198271334171295 172 125 178 133
class 0.6096039414405823 188 129 194 138
class 0.8872553110122681 15 135 21 143
class 0.6751741766929626 28 135 33 143
class 0.6014871001243591 34 140 40 148
class 0.7311044931411743 29 139 37 148
class 0.35817402601242065 37 137 42 145
class 0.33800962567329407 40 137 48 147
class 0.3777684271335602 41 133 49 143
class 0.38820981979370117 57 141 63 149
class 0.5648229122161865 64 138 71 146
class 0.730208694934845 61 139 69 149
class 0.7500026822090149 77 140 83 148
class 0.6891310811042786 73 138 80 147
class 0.666073203086853 87 139 93 147
class 0.8433929085731506 83 140 90 148
class 0.39840632677078247 90 137 96 146
class 0.46805858612060547 104 141 111 149
class 0.6470397114753723 138 140 144 149
class 0.748091995716095 174 135 180 143
class 0.3839769661426544 171 138 177 146
class 0.8326798677444458 194 136 199 143
class 0.5196901559829712 191 135 197 145
class 0.38528454303741455 196 137 199 144
class 0.320982962846756 27 153 33 160
class 0.6687266230583191 34 149 40 157
class 0.7941873669624329 29 149 37 158
class 0.3220265805721283 32 145 40 153
class 0.3702257573604584 37 147 43 155
class 0.7584678530693054 45 146 51 154
class 0.5017504096031189 40 146 49 155
class 0.7232977747917175 56 144 62 153
class 0.4087119698524475 52 145 60 155
class 0.6762254238128662 71 151 78 160
class 0.6898502707481384 98 150 104 158
class 0.36779919266700745 106 151 112 159
class 0.5204110741615295 103 149 109 158
class 0.3245141804218292 105 145 110 154
class 0.6638408303260803 128 145 134 153
class 0.6461355686187744 124 145 132 154
class 0.553231418132782 139 149 145 159
class 0.5475579500198364 135 147 142 155
class 0.6834613084793091 150 150 156 158
class 0.7803969979286194 147 151 153 159
class 0.8139501810073853 160 147 166 155
class 0.6091961860656738 157 148 164 157
class 0.739385187625885 172 149 178 157
class 0.5226138830184937 169 147 177 158
class 0.5949434638023376 182 151 188 158
class 0.7626356482505798 178 149 184 159
class 0.34607183933258057 183 149 191 157
class 0.6077176332473755 190 150 195 157
class 0.4713839888572693 187 149 195 160
class 0.8118751645088196 13 157 20 165
class 0.3872397243976593 24 160 30 167
class 0.8462246060371399 30 160 38 170
class 0.3871929347515106 36 159 43 166
class 0.3542924225330353 38 157 48 167
class 0.6198110580444336 59 162 64 169
class 0.39851322770118713 63 159 69 167
class 0.6857558488845825 60 160 68 169
class 0.33242595195770264 76 163 82 170
class 0.3651234209537506 73 161 79 170
class 0.6690508723258972 100 162 105 170
class 0.4124916195869446 96 160 104 169
class 0.7741920948028564 108 157 115 164
class 0.3893645107746124 105 158 111 167
class 0.8195836544036865 120 156 126 164
class 0.5198827385902405 117 156 124 165
class 0.7619823217391968 142 161 148 169
class 0.3705064654350281 143 158 149 166
class 0.736581027507782 147 161 154 169
class 0.728470504283905 145 162 151 170
class 0.47409588098526 156 162 163 170
class 0.7650063037872314 185 156 191 164
class 0.35250774025917053 190 159 195 166
class 0.4763384461402893 187 157 194 167
class 0.9122628569602966 3 173 9 181
class 0.8547609448432922 22 170 29 179
class 0.45092639327049255 21 167 28 175
class 0.5655173063278198 37 173 44 181
class 0.6256765723228455 47 172 52 179
class 0.6254353523254395 42 171 49 180
class 0.5423073768615723 45 169 55 178
class 0.8602202534675598 58 172 63 180
class 0.4783543348312378 53 170 61 180
class 0.4715227782726288 56 169 65 179
class 0.8350479006767273 77 167 84 175
class 0.5323778390884399 90 173 97 181
class 0.6992209553718567 97 169 103 176
class 0.7050381898880005 92 172 99 179
class 0.8044131398200989 108 173 114 180
class 0.5733670592308044 105 171 111 180
class 0.6453415155410767 128 165 136 174
class 0.6689395308494568 157 166 165 175
class 0.7374541163444519 193 171 199 179
class 0.7262246608734131 190 167 197 177
class 0.8100883364677429 1 183 7 190
class 0.5026019215583801 0 182 3 192
class 0.8449034690856934 10 182 16 189
class 0.5858749747276306 26 184 32 191
class 0.5101613998413086 24 183 30 190
class 0.5709494948387146 33 179 40 187
class 0.6780849099159241 29 179 37 187
class 0.36866769194602966 31 176 39 184
class 0.7299213409423828 45 180 51 189
class 0.6033391952514648 40 181 49 190
class 0.39627307653427124 42 176 50 187
class 0.37049126625061035 47 179 53 186
class 0.7995660305023193 78 183 84 191
class 0.5445215106010437 88 181 94 189
class 0.6288403272628784 82 183 91 191
class 0.523237407207489 91 178 98 187
class 0.7596991062164307 107 181 113 188
class 0.37516891956329346 105 177 113 185
class 0.7589496970176697 131 179 137 186
class 0.736945390701294 143 182 149 190
class 0.6827273368835449 147 177 154 185
class 0.5311688780784607 145 178 151 186
class 0.8286933302879333 167 178 174 186
class 0.4529154598712921 168 177 172 183
class 0.6817658543586731 180 183 187 190
class 0.8341187834739685 1 190 7 198
class 0.718166708946228 25 187 31 194
class 0.7299724817276001 39 189 46 198
class 0.30686506628990173 41 187 47 195
class 0.8669735193252563 77 195 83 199
class 0.5607406497001648 130 192 135 199
class 0.7692336440086365 125 193 132 199
class 0.7324051260948181 140 193 146 199
class 0.7583268880844116 136 193 142 199
class 0.39556196331977844 142 192 148 199
class 0.7742626667022705 149 194 156 199
class 0.5309481024742126 145 193 153 199
class 0.7912231683731079 171 194 177 199
class 0.6955558061599731 167 192 174 199
class 0.353925496339798 173 192 179 199
class 0.6413944363594055 181 193 187 199
class 0.4646374583244324 178 191 185 199
class 0.3408982455730438 180 188 186 196
class 0.7396899461746216 195 194 199 199
class 0.5444478988647461 192 193 198 199
