class 0.7638716697692871 0 2 4 8
class 0.35160577297210693 1 1 2 4
class 0.8614629507064819 36 0 42 6
class 0.36260032653808594 32 2 40 9
class 0.8023890852928162 57 2 63 8
class 0.5163856744766235 54 1 61 7
class 0.9098383784294128 68 5 74 12
class 0.6786417961120605 87 2 93 9
class 0.5155911445617676 83 4 90 12
class 0.600480318069458 92 0 99 5
class 0.5975421071052551 129 2 135 8
class 0.40159785747528076 125 0 133 8
class 0.31365200877189636 141 3 146 8
class 0.3348217308521271 135 0 143 7
class 0.9392624497413635 151 3 157 11
class 0.33580851554870605 147 4 153 11
class 0.8684460520744324 172 1 179 8
class 0.4548455774784088 168 1 176 8
class 0.8091315031051636 195 0 199 6
class 0.33212706446647644 196 0 199 3
class 0.7937297224998474 0 11 4 17
class 0.3351479470729828 0 10 2 16
class 0.6115509271621704 25 10 30 18
class 0.4339960515499115 22 12 31 22
class 0.32875651121139526 23 8 34 17
class 0.856279194355011 68 15 74 23
class 0.808657705783844 77 9 83 17
class 0.5318818688392639 72 12 81 21
class 0.8946489095687866 89 15 95 23
class 0.8420405387878418 110 12 116 19
class 0.3144228756427765 109 9 115 16
class 0.8447209596633911 122 14 127 21
class 0.3754768371582031 122 11 126 18
class 0.6165252327919006 127 10 134 17
class 0.6274144053459167 124 9 132 20
class 0.6678752303123474 144 7 152 18
class 0.8692756295204163 160 8 166 17
class 0.6813181638717651 173 14 179 22
class 0.4277910590171814 170 9 179 21
class 0.794575572013855 180 11 186 18
class 0.7821393609046936 176 12 185 23
class 0.4509800970554352 5 20 10 27
class 0.6285808682441711 6 18 16 28
class 0.5186625719070435 20 17 28 28
class 0.8536542654037476 31 24 38 32
class 0.7415186762809753 48 20 54 27
class 0.8039544820785522 56 24 62 32
class 0.4893317222595215 52 21 61 31
class 0.40846672654151917 69 19 75 26
class 0.7343677878379822 76 26 82 34
class 0.6598834991455078 72 25 79 32
class 0.6306385397911072 82 21 89 29
class 0.42214587330818176 83 18 89 25
class 0.6283083558082581 94 25 102 34
class 0.33235034346580505 106 23 113 30
class 0.7132530212402344 103 25 110 33
class 0.38070884346961975 113 18 122 28
class 0.7960506081581116 131 19 137 27
class 0.7298805117607117 134 17 142 27
class 0.598118007183075 150 22 156 29
class 0.4823911786079407 147 18 157 29
class 0.7769453525543213 162 26 169 33
class 0.7575944662094116 170 22 177 29
class 0.7399847507476807 167 23 174 33
class 0.6268687844276428 193 25 198 33
class 0.7045652866363525 189 25 197 34
class 0.3535100519657135 194 23 199 31
class 0.9095479846000671 1 35 6 42
class 0.8188067078590393 13 33 19 40
class 0.8724884986877441 25 36 31 43
class 0.638871431350708 47 37 53 44
class 0.6923990249633789 57 36 63 44
class 0.663602352142334 79 32 84 39
class 0.3920988142490387 78 28 83 36
class 0.5739752054214478 96 32 103 40
class 0.6202654242515564 93 29 101 40
class 0.7748867273330688 105 33 111 41
class 0.772114634513855 126 35 132 42
class 0.8243951201438904 147 29 154 38
class 0.8972910642623901 171 36 178 45
class 0.5528756380081177 184 33 190 41
class 0.4092920422554016 179 33 187 43
class 0.36676299571990967 186 29 194 39
class 0.6495355367660522 0 43 5 51
class 0.3551297187805176 0 45 2 53
class 0.8625053763389587 10 46 16 53
class 0.7706536054611206 33 41 39 49
class 0.39566370844841003 30 44 40 52
class 0.8253843784332275 46 40 52 47
class 0.6925923228263855 62 38 70 49
class 0.8616980910301208 77 45 83 53
class 0.4583965837955475 76 41 82 49
class 0.7590696215629578 90 47 96 55
class 0.35504230856895447 86 46 93 53
class 0.8904268145561218 109 46 114 54
class 0.6042230129241943 164 44 170 52
class 0.8518887162208557 179 45 187 54
class 0.3208961486816406 184 43 191 51
class 0.768071174621582 193 45 198 52
class 0.6423871517181396 190 42 197 53
class 0.9214815497398376 4 57 11 65
class 0.4632923901081085 35 54 42 61
class 0.549016535282135 29 50 38 59
class 0.733336865901947 39 56 47 65
class 0.7508776783943176 55 57 62 65
class 0.7511501312255859 65 50 71 58
class 0.8234112858772278 99 56 105 64
class 0.4100677967071533 95 55 103 63
class 0.4340268671512604 95 50 102 59
class 0.39923927187919617 104 58 110 65
class 0.7522187829017639 116 55 123 63
class 0.7836103439331055 114 58 121 65
class 0.7167103290557861 125 51 132 60
class 0.395006000995636 131 52 138 60
class 0.8600841760635376 169 51 176 59
class 0.8832170367240906 5 67 12 75
class 0.5679245591163635 10 64 16 71
class 0.6349249482154846 7 62 15 74
class 0.692602276802063 37 62 43 70
class 0.9139314889907837 47 68 53 76
class 0.5430406928062439 43 67 51 75
class 0.37737685441970825 52 58 61 69
class 0.7321520447731018 96 62 102 71
class 0.8008900880813599 110 61 116 69
class 0.510371744632721 109 60 114 67
class 0.8930381536483765 118 67 125 76
class 0.574638843536377 115 65 122 74
class 0.6141675114631653 132 65 138 72
class 0.7685628533363342 161 60 167 69
class 0.6346258521080017 158 61 164 69
class 0.9025368094444275 16 78 22 85
class 0.41587892174720764 21 71 27 79
class 0.33670151233673096 38 78 44 86
class 0.7592041492462158 59 78 64 87
class 0.42975425720214844 57 76 63 84
class 0.44299933314323425 64 75 71 82
class 0.43418237566947937 70 71 79 81
class 0.8015575408935547 83 72 91 81
class 0.7820921540260315 104 74 111 82
class 0.8312989473342896 131 77 137 85
class 0.4272521138191223 132 75 138 82
class 0.851753294467926 173 76 179 84
class 0.30066755414009094 176 76 179 81
class 0.8209595680236816 184 71 191 79
class 0.873786985874176 5 87 11 94
class 0.37208622694015503 3 86 6 95
class 0.5345532298088074 15 89 20 96
class 0.37191149592399597 9 87 16 96
class 0.8770764470100403 78 83 84 91
class 0.7176514863967896 153 88 159 95
class 0.8090928792953491 161 88 167 96
class 0.5187116861343384 157 85 165 95
class 0.7745742201805115 174 88 180 95
class 0.8525922298431396 16 93 22 100
class 0.39746880531311035 14 92 20 101
class 0.5378425717353821 43 96 49 104
class 0.7880169749259949 40 92 47 101
class 0.6036977767944336 55 98 61 106
class 0.8232541680335999 52 97 59 105
class 0.3209027647972107 53 94 60 101
class 0.7316378951072693 66 97 72 105
class 0.6041838526725769 61 96 69 105
class 0.3616461157798767 63 93 70 102
class 0.5406844019889832 76 100 82 107
class 0.7046370506286621 72 99 80 107
class 0.40250712633132935 111 94 117 102
class 0.848469614982605 116 98 123 107
class 0.7371804714202881 136 94 143 102
class 0.8039752244949341 156 99 163 107
class 0.7437121868133545 174 98 180 106
class 0.39528146386146545 171 97 178 105
class 0.6004601120948792 0 104 4 111
class 0.8735480308532715 32 104 39 112
class 0.4173123836517334 48 104 53 111
class 0.7367322444915771 59 105 64 112
class 0.8188218474388123 68 110 73 117
class 0.638059139251709 63 106 71 115
class 0.37692782282829285 69 107 74 114
class 0.4643445909023285 76 105 83 112
class 0.3639519512653351 71 106 80 115
class 0.70110023021698 100 110 106 118
class 0.626846194267273 105 104 111 112
class 0.7507115006446838 125 105 132 113
class 0.8303834795951843 163 105 169 113
class 0.4387338161468506 160 105 166 113
class 0.792183518409729 174 103 180 110
class 0.7905150055885315 194 104 199 111
class 0.7677871584892273 5 120 10 128
class 0.892187774181366 12 113 18 121
class 0.45659253001213074 9 115 16 122
class 0.6823733448982239 50 115 57 124
class 0.8219141364097595 69 119 75 128
class 0.6078515648841858 87 114 93 122
class 0.5230961441993713 82 117 91 126
class 0.712623119354248 91 113 100 122
class 0.8628949522972107 109 120 115 127
class 0.4930170178413391 112 118 116 126
class 0.7095788717269897 123 113 130 122
class 0.5198586583137512 169 118 175 126
class 0.48331186175346375 166 112 175 124
class 0.8109151124954224 185 113 191 121
class 0.8155227899551392 192 120 198 127
class 0.39248475432395935 188 117 196 128
class 0.9277768135070801 6 128 12 137
class 0.7897385954856873 47 127 52 135
class 0.5781221389770508 44 123 52 133
class 0.8627873659133911 54 129 60 138
class 0.6349176168441772 51 129 58 138
class 0.4050271809101105 57 128 64 136
class 0.7414801716804504 80 123 89 133
class 0.7863745093345642 100 124 106 131
class 0.4106449782848358 98 125 105 135
class 0.6917638182640076 120 127 126 135
class 0.566379189491272 117 124 126 133
class 0.5828783512115479 128 130 135 138
class 0.7019529342651367 125 130 131 137
class 0.6369538307189941 140 129 146 137
class 0.7321190237998962 136 129 144 137
class 0.7396236658096313 147 130 153 138
class 0.5534210205078125 171 124 178 133
class 0.663815438747406 187 129 194 138
class 0.8748223781585693 15 136 21 144
class 0.5796962380409241 33 140 40 149
class 0.3872964680194855 41 132 49 143
class 0.6218997836112976 65 138 71 146
class 0.771651566028595 62 139 69 149
class 0.8343802094459534 76 139 83 148
class 0.7799916863441467 74 139 80 147
class 0.3219650685787201 80 139 84 145
class 0.7789272665977478 91 136 96 144
class 0.5165300965309143 135 142 143 150
class 0.7004359364509583 174 135 179 143
class 0.4227888584136963 170 138 177 146
class 0.8575505018234253 194 136 199 143
class 0.3012050688266754 27 152 33 159
class 0.576800525188446 33 149 39 157
class 0.8296089172363281 29 150 37 159
class 0.37568530440330505 36 147 43 154
class 0.6928022503852844 57 145 62 152
class 0.6946201324462891 71 151 78 160
class 0.7114099264144897 97 150 104 158
class 0.5964885950088501 105 149 111 157
class 0.3522211015224457 104 146 110 153
class 0.6593660116195679 128 145 134 153
class 0.6171852946281433 124 146 132 154
class 0.6060129404067993 140 150 146 159
class 0.5485409498214722 135 147 143 155
class 0.7502673268318176 150 150 156 158
class 0.7995209693908691 147 152 152 160
class 0.8151999711990356 160 148 166 155
class 0.670420229434967 156 148 163 156
class 0.7323669791221619 173 148 178 155
class 0.515200138092041 169 146 176 156
class 0.5980085730552673 182 151 188 159
class 0.7890876531600952 178 151 184 158
class 0.47273051738739014 184 148 191 157
class 0.5272068977355957 22 160 28 167
class 0.5787230730056763 20 161 27 171
class 0.8528228998184204 38 158 43 166
class 0.7008883357048035 59 162 64 170
class 0.7268862724304199 60 159 67 168
class 0.7440786361694336 100 162 106 170
class 0.5049011707305908 97 161 104 169
class 0.32884055376052856 101 160 106 166
class 0.4277588427066803 105 157 111 165
class 0.4738255441188812 103 160 109 168
class 0.43541380763053894 104 156 109 162
class 0.8049618005752563 121 156 126 164
class 0.6481156349182129 118 157 125 165
class 0.7616764903068542 142 160 148 168
class 0.7242608666419983 145 161 151 170
class 0.3337180018424988 146 157 151 164
class 0.546440601348877 157 162 164 170
class 0.818461537361145 185 156 191 164
class 0.8062809109687805 5 173 10 180
class 0.8291061520576477 23 171 29 179
class 0.4224749803543091 20 167 29 175
class 0.4426027238368988 38 173 44 180
class 0.5974031686782837 46 172 52 179
class 0.630087673664093 42 171 49 181
class 0.5939840078353882 53 170 59 177
class 0.5555432438850403 49 170 58 179
class 0.821462094783783 77 167 83 174
class 0.6372910737991333 90 172 96 180
class 0.5902713537216187 97 168 103 176
class 0.7071874141693115 92 170 100 179
class 0.7693880796432495 107 173 113 180
class 0.5556531548500061 103 171 111 179
class 0.3392976224422455 105 168 111 176
class 0.67601078748703 129 168 136 175
class 0.7031435370445251 162 167 168 174
class 0.8346903324127197 190 167 196 175
class 0.8678489327430725 1 183 7 190
class 0.4730178415775299 0 181 3 192
class 0.862205445766449 10 183 16 190
class 0.6805342435836792 45 181 51 188
class 0.6477221846580505 40 182 49 190
class 0.35668808221817017 42 177 50 186
class 0.4192020893096924 47 179 53 185
class 0.8277536630630493 78 183 84 191
class 0.7975509762763977 107 179 113 186
class 0.3953857719898224 106 177 112 184
class 0.7747330665588379 131 179 137 186
class 0.804764986038208 147 177 154 185
class 0.3343143165111542 149 177 152 183
class 0.7669838070869446 168 180 174 187
class 0.6989633440971375 180 183 186 190
class 0.7609879374504089 1 190 7 197
class 0.347301185131073 0 190 4 198
class 0.36530396342277527 1 189 3 195
class 0.6238245964050293 42 189 48 196
class 0.6610531210899353 39 187 46 197
class 0.8679824471473694 78 194 85 199
class 0.3984909951686859 83 184 91 196
class 0.4713096618652344 129 192 135 198
class 0.7484688758850098 124 192 132 199
class 0.6941986083984375 140 193 146 199
class 0.6846979260444641 136 192 143 199
class 0.7200599908828735 149 194 155 199
class 0.692649245262146 145 193 153 199
class 0.6881268620491028 170 194 176 199
class 0.7163485884666443 166 192 173 199
class 0.6038085222244263 180 192 186 199
class 0.4970700144767761 177 191 184 198
class 0.4091740548610687 180 188 184 195
