class 0.8060147762298584 0 2 4 9
class 0.33865079283714294 1 1 2 4
class 0.9023550152778625 35 1 42 8
class 0.4141836166381836 33 2 40 10
class 0.7367304563522339 57 3 63 10
class 0.4966495931148529 55 0 61 8
class 0.8934824466705322 67 5 74 12
class 0.7644976377487183 87 2 93 10
class 0.5229731202125549 84 4 90 12
class 0.48383787274360657 96 3 102 10
class 0.5233840942382812 92 0 100 7
class 0.3395344316959381 122 0 127 5
class 0.775209903717041 131 1 137 8
class 0.944072961807251 151 3 157 11
class 0.4621323049068451 162 3 168 10
class 0.838330864906311 171 3 177 9
class 0.5749188661575317 167 3 174 11
class 0.8020405769348145 195 0 199 6
class 0.4134976863861084 192 0 199 6
class 0.3555842638015747 197 0 199 3
class 0.8090972900390625 0 10 4 17
class 0.6413135528564453 24 10 30 17
class 0.40454673767089844 21 12 32 22
class 0.884326696395874 36 15 42 22
class 0.348594605922699 33 12 42 23
class 0.814995527267456 58 9 64 17
class 0.8020846843719482 68 15 74 23
class 0.476225882768631 64 12 71 22
class 0.8586065173149109 76 12 82 20
class 0.6090300679206848 72 14 79 23
class 0.8970755338668823 89 15 95 23
class 0.49983757734298706 91 13 95 19
class 0.6231799125671387 98 9 105 17
class 0.4319189786911011 93 12 101 22
class 0.9045554995536804 110 12 116 21
class 0.5068486332893372 106 9 115 19
class 0.818334698677063 122 13 127 21
class 0.6940001845359802 127 11 134 18
class 0.6235483288764954 124 10 132 19
class 0.32638323307037354 143 9 148 17
class 0.6556325554847717 144 8 151 18
class 0.8208878636360168 160 9 166 17
class 0.6607178449630737 156 8 165 18
class 0.7305225133895874 172 13 178 22
class 0.6182979345321655 168 9 177 20
class 0.3792639970779419 172 11 181 20
class 0.8067047595977783 181 11 187 19
class 0.7656471133232117 177 12 186 23
class 0.42033281922340393 5 19 10 26
class 0.6273877024650574 6 18 16 29
class 0.6117603778839111 23 19 30 28
class 0.8435874581336975 30 24 38 32
class 0.33122143149375916 30 20 39 28
class 0.7280754446983337 49 20 54 28
class 0.8645423650741577 56 25 62 32
class 0.4756097197532654 52 21 61 32
class 0.5981112122535706 68 19 74 26
class 0.6083893775939941 76 25 82 33
class 0.5800257921218872 71 24 80 32
class 0.3607484698295593 74 19 80 26
class 0.603898823261261 82 21 89 29
class 0.4153750538825989 83 18 89 26
class 0.5677042603492737 97 25 104 33
class 0.3085520565509796 106 24 113 31
class 0.7734681367874146 103 25 110 33
class 0.47993960976600647 117 21 123 28
class 0.35112494230270386 113 20 122 30
class 0.36128708720207214 114 18 123 26
class 0.7309993505477905 131 20 137 27
class 0.4044114947319031 127 19 135 30
class 0.7263844013214111 134 17 142 27
class 0.5994744896888733 150 21 156 29
class 0.776481568813324 163 26 169 33
class 0.33057793974876404 160 22 171 34
class 0.7441936135292053 169 21 176 29
class 0.7443271279335022 167 23 174 33
class 0.5225040912628174 194 25 198 33
class 0.5985544919967651 189 25 196 34
class 0.88103848695755 1 35 7 42
class 0.7772535085678101 13 32 19 40
class 0.879479169845581 24 36 30 44
class 0.7834593057632446 56 36 63 43
class 0.408855140209198 53 35 60 44
class 0.7378755807876587 79 31 84 39
class 0.5062206387519836 96 33 102 39
class 0.597644567489624 92 29 100 40
class 0.7266846895217896 103 32 111 41
class 0.31684502959251404 105 29 111 38
class 0.5705201029777527 114 30 121 39
class 0.8440846800804138 126 36 132 43
class 0.8038161993026733 148 29 154 38
class 0.8655443787574768 172 36 178 45
class 0.6503166556358337 183 33 189 41
class 0.5231252312660217 180 32 187 43
class 0.35574886202812195 181 29 189 39
class 0.47804972529411316 194 33 198 41
class 0.3773033022880554 188 31 196 41
class 0.3816319704055786 191 28 197 38
class 0.4002733528614044 194 30 199 38
class 0.8251705169677734 0 44 4 51
class 0.49263355135917664 0 45 2 54
class 0.8850335478782654 10 46 16 54
class 0.7927505970001221 34 40 40 48
class 0.3891252875328064 31 43 41 52
class 0.825584888458252 46 39 53 47
class 0.6539579033851624 64 43 71 51
class 0.655860960483551 63 39 70 49
class 0.847793459892273 78 44 84 53
class 0.4011686444282532 76 40 83 50
class 0.6278108954429626 89 46 96 54
class 0.3564576208591461 92 46 98 56
class 0.8617942929267883 109 46 114 54
class 0.7077072858810425 164 43 170 52
class 0.362961083650589 172 42 177 49
class 0.4469531774520874 169 39 176 46
class 0.6821359992027283 182 44 188 52
class 0.6511054039001465 178 44 187 54
class 0.3022964894771576 180 40 188 49
class 0.4588432013988495 183 42 191 50
class 0.7834630012512207 194 45 199 53
class 0.7528217434883118 190 43 197 53
class 0.5671308040618896 193 43 199 52
class 0.9193423390388489 4 57 10 64
class 0.4807530343532562 35 54 41 62
class 0.6142808198928833 30 50 38 59
class 0.4751568138599396 42 56 49 63
class 0.7591759562492371 39 56 47 65
class 0.734927773475647 55 57 62 65
class 0.715885579586029 65 50 72 58
class 0.3278324604034424 91 51 96 58
class 0.8446468114852905 98 56 105 64
class 0.39689287543296814 94 55 102 63
class 0.44792109727859497 95 50 101 59
class 0.32552143931388855 101 54 105 61
class 0.415846586227417 104 57 109 65
class 0.759049117565155 116 55 123 63
class 0.8062684535980225 114 57 120 65
class 0.4084334671497345 128 53 134 61
class 0.6819050908088684 125 50 133 60
class 0.38045376539230347 130 52 139 60
class 0.8469129204750061 169 50 176 59
class 0.7723367214202881 180 53 187 61
class 0.911379873752594 6 66 12 74
class 0.7818303108215332 11 64 18 70
class 0.6332087516784668 8 62 15 73
class 0.7237627506256104 38 61 43 69
class 0.8732991814613342 47 68 54 76
class 0.4913722276687622 44 66 51 74
class 0.378852516412735 54 62 59 69
class 0.34629979729652405 50 62 58 71
class 0.46271616220474243 51 58 61 70
class 0.7361866235733032 93 61 100 70
class 0.7872259020805359 110 62 115 70
class 0.5442643761634827 108 60 114 67
class 0.8840319514274597 118 68 125 77
class 0.5222089290618896 116 65 123 74
class 0.6456353664398193 132 64 138 71
class 0.3334898352622986 128 64 135 73
class 0.330576092004776 130 61 137 68
class 0.41353267431259155 133 61 142 72
class 0.7657404541969299 161 61 167 68
class 0.5577890276908875 158 61 165 69
class 0.3211306631565094 163 62 169 70
class 0.8823080658912659 16 78 21 85
class 0.6111759543418884 12 77 20 86
class 0.6736236810684204 20 71 27 79
class 0.3399442136287689 42 74 49 82
class 0.512961208820343 39 78 47 86
class 0.7906904220581055 58 78 64 87
class 0.42536768317222595 56 76 63 85
class 0.4294794201850891 65 74 72 81
class 0.6115081906318665 60 78 68 85
class 0.3044666647911072 70 72 79 81
class 0.8315147161483765 84 74 92 82
class 0.39098748564720154 84 71 90 79
class 0.818327784538269 104 73 111 81
class 0.8446593284606934 131 77 137 84
class 0.8360318541526794 141 78 148 86
class 0.30917495489120483 138 76 145 85
class 0.8420274257659912 173 76 179 84
class 0.6456843614578247 184 72 190 79
class 0.30365660786628723 187 71 195 81
class 0.8710831999778748 4 87 10 95
class 0.5269314050674438 1 87 5 97
class 0.7579326033592224 30 88 37 98
class 0.539520263671875 42 87 48 96
class 0.9009776711463928 78 82 84 91
class 0.30052220821380615 77 83 81 88
class 0.6422375440597534 153 87 159 94
class 0.7858684659004211 162 88 168 96
class 0.47428667545318604 157 84 166 95
class 0.7589528560638428 174 88 180 96
class 0.7227072715759277 0 95 5 102
class 0.8587400317192078 16 93 22 100
class 0.6555019617080688 45 99 51 107
class 0.7253439426422119 42 96 48 103
class 0.4951047897338867 43 93 49 100
class 0.47293272614479065 53 98 60 105
class 0.8347288370132446 50 98 57 106
class 0.3627690076828003 52 94 59 101
class 0.6888567209243774 65 97 72 105
class 0.738314151763916 61 96 69 104
class 0.36411044001579285 63 94 71 102
class 0.370648592710495 68 97 75 103
class 0.572120726108551 76 100 82 107
class 0.7873939275741577 72 99 79 106
class 0.8162074685096741 117 98 123 106
class 0.6721506118774414 136 94 143 102
class 0.6191220283508301 159 97 166 105
class 0.8342491388320923 156 99 163 106
class 0.7289066314697266 175 97 180 105
class 0.34701627492904663 195 99 199 106
class 0.5312986969947815 0 104 4 111
class 0.8725375533103943 32 103 39 112
class 0.7333040833473206 47 104 53 111
class 0.7290138006210327 58 105 63 112
class 0.31407594680786133 54 102 61 110
class 0.7998162508010864 68 110 74 117
class 0.5809529423713684 63 106 71 115
class 0.4677639305591583 69 107 75 113
class 0.4340400695800781 77 105 83 111
class 0.3979436755180359 70 105 80 115
class 0.7502225041389465 100 110 106 118
class 0.629147469997406 102 104 110 113
class 0.47131073474884033 127 107 134 114
class 0.6579695343971252 124 104 132 114
class 0.6978297233581543 135 110 141 118
class 0.7896896004676819 163 105 169 113
class 0.740393340587616 174 105 180 112
class 0.7890349626541138 195 104 199 112
class 0.701302707195282 5 120 10 127
class 0.8949605822563171 11 114 18 121
class 0.648193895816803 50 114 57 124
class 0.8656274080276489 69 120 75 129
class 0.6587932705879211 86 115 93 123
class 0.6036028265953064 82 116 90 126
class 0.4389743208885193 89 114 96 123
class 0.6882263422012329 91 114 100 122
class 0.8717637658119202 109 120 115 127
class 0.5162819027900696 111 118 117 127
class 0.32301247119903564 126 114 134 122
class 0.7753047347068787 123 113 130 122
class 0.3732573390007019 138 118 143 125
class 0.432183176279068 134 114 142 124
class 0.7262616753578186 172 120 179 127
class 0.6093034148216248 168 118 175 126
class 0.3937068283557892 169 114 176 123
class 0.39197081327438354 174 118 180 125
class 0.7544946670532227 181 115 187 123
class 0.7252157926559448 177 117 184 126
class 0.7449987530708313 193 120 198 127
class 0.5147618055343628 189 118 197 128
class 0.9184087514877319 5 129 12 137
class 0.7548800706863403 47 127 52 135
class 0.4850825369358063 45 123 52 133
class 0.8447467684745789 56 129 62 137
class 0.5853849649429321 52 129 59 137
class 0.3100035488605499 53 125 60 135
class 0.513168215751648 58 128 64 135
class 0.5849764943122864 80 123 89 133
class 0.7567747831344604 100 124 106 131
class 0.30958592891693115 97 125 105 135
class 0.6667792201042175 116 125 124 134
class 0.4118937849998474 119 127 129 136
class 0.515320897102356 128 130 134 138
class 0.7508713603019714 125 130 132 138
class 0.7154621481895447 139 129 146 137
class 0.7441413402557373 135 127 142 136
class 0.3777259886264801 141 128 149 135
class 0.7567790746688843 147 130 153 138
class 0.4157536029815674 171 123 177 131
class 0.5303571224212646 188 130 194 138
class 0.8985318541526794 15 135 21 143
class 0.7321573495864868 27 135 33 142
class 0.6016839742660522 34 141 40 148
class 0.6574419140815735 30 139 37 148
class 0.3215595781803131 37 138 42 145
class 0.34814754128456116 42 132 49 144
class 0.5839201807975769 65 138 71 146
class 0.7267336249351501 61 139 69 149
class 0.744084894657135 77 139 83 148
class 0.7129818797111511 73 138 80 147
class 0.649277925491333 87 139 93 147
class 0.877357542514801 83 141 90 148
class 0.3615635335445404 90 138 96 145
class 0.38338804244995117 104 141 111 149
class 0.6846240758895874 138 140 144 149
class 0.7197225689888 174 135 180 143
class 0.39753928780555725 170 137 177 146
class 0.8180426955223083 194 136 199 143
class 0.5196719765663147 191 135 197 144
class 0.35746991634368896 196 137 199 143
class 0.31079643964767456 28 152 33 159
class 0.6003620624542236 33 149 39 157
class 0.8177310228347778 29 149 37 158
class 0.34004297852516174 36 147 43 154
class 0.7850366830825806 45 146 51 154
class 0.5727088451385498 40 147 48 155
class 0.7865615487098694 57 144 62 153
class 0.46629297733306885 53 144 61 154
class 0.6852790117263794 71 151 78 161
class 0.6896763443946838 96 150 103 158
class 0.3741903305053711 98 147 108 156
class 0.5144993662834167 103 149 109 158
class 0.6165648102760315 128 145 135 154
class 0.6542882323265076 124 145 132 153
class 0.5693139433860779 138 149 145 158
class 0.5763448476791382 135 146 142 155
class 0.750725507736206 150 149 156 158
class 0.7726514339447021 147 151 153 159
class 0.8462522625923157 161 148 167 156
class 0.5877690315246582 157 148 164 156
class 0.7740993499755859 172 148 178 156
class 0.48600172996520996 169 147 176 157
class 0.6390596032142639 182 151 188 158
class 0.7057965397834778 178 150 185 158
class 0.30707231163978577 180 146 187 155
class 0.4149947762489319 184 148 191 157
class 0.6862229108810425 13 159 20 166
class 0.37503600120544434 10 154 18 166
class 0.35616979002952576 22 161 29 168
class 0.588640570640564 19 161 27 171
class 0.8398643136024475 30 161 38 170
class 0.3087354004383087 37 159 43 165
class 0.6675271987915039 59 161 64 170
class 0.7013106346130371 60 159 68 169
class 0.40859460830688477 73 161 80 169
class 0.7259098291397095 100 162 106 170
class 0.4554392993450165 96 161 104 170
class 0.8063013553619385 108 157 115 164
class 0.4592212736606598 104 158 111 167
class 0.3419058620929718 111 157 116 164
class 0.8160526156425476 120 156 126 164
class 0.549091637134552 116 156 123 165
class 0.7617323994636536 142 161 148 169
class 0.6162615418434143 140 160 146 167
class 0.3326334059238434 143 158 148 165
class 0.7931779026985168 147 160 153 169
class 0.7336632609367371 145 162 151 170
class 0.48827651143074036 156 162 163 170
class 0.8320028781890869 185 156 191 165
class 0.8278394341468811 4 173 10 180
class 0.8673125505447388 23 171 29 179
class 0.38831356167793274 21 167 28 176
class 0.6073999404907227 37 173 43 181
class 0.574222207069397 47 172 52 179
class 0.5828303694725037 42 172 49 181
class 0.5049256682395935 46 169 55 178
class 0.8433039784431458 57 173 63 181
class 0.6081477999687195 52 171 61 181
class 0.8189750909805298 77 167 83 174
class 0.5871130228042603 90 173 97 181
class 0.7101529836654663 97 169 103 176
class 0.6527156829833984 92 172 99 179
class 0.31551653146743774 95 167 101 173
class 0.832436203956604 108 173 115 180
class 0.5963616967201233 104 171 112 180
class 0.6467323303222656 129 168 136 175
class 0.6704968214035034 161 167 167 174
class 0.7525982856750488 192 169 198 177
class 0.7176224589347839 188 165 197 175
class 0.7626445293426514 1 183 7 190
class 0.43038055300712585 0 182 3 192
class 0.8247092962265015 10 181 16 189
class 0.7160178422927856 26 184 32 191
class 0.6090198755264282 33 180 40 187
class 0.623765230178833 29 179 37 187
class 0.4706442654132843 32 176 39 184
class 0.771424412727356 45 181 51 189
class 0.5913545489311218 40 181 49 190
class 0.4145146310329437 42 177 49 186
class 0.36927807331085205 48 180 53 185
class 0.8138061165809631 78 183 84 191
class 0.592678964138031 88 181 94 189
class 0.6317888498306274 83 183 91 191
class 0.43803155422210693 91 177 99 187
class 0.7454197406768799 107 181 113 188
class 0.33570000529289246 106 177 113 184
class 0.7939128279685974 131 179 137 186
class 0.3544001877307892 130 177 136 183
class 0.8089543581008911 143 184 150 192
class 0.7706354260444641 147 177 154 185
class 0.44405269622802734 145 179 151 187
class 0.7660138010978699 165 178 173 188
class 0.4568743407726288 168 176 173 185
class 0.7245620489120483 180 183 186 190
class 0.36679312586784363 178 178 188 189
class 0.8368424773216248 2 190 7 197
class 0.6208052039146423 24 187 30 194
class 0.35203197598457336 22 189 30 197
class 0.7135153412818909 39 188 46 197
class 0.8630838990211487 77 194 84 199
class 0.5604957342147827 129 193 136 199
class 0.7542747259140015 125 193 132 199
class 0.6578696370124817 139 193 146 199
class 0.7969799637794495 135 193 142 199
class 0.31369301676750183 142 192 148 198
class 0.8087353706359863 149 194 156 199
class 0.5702264308929443 145 193 154 199
class 0.7871740460395813 171 194 177 199
class 0.7067049741744995 167 193 174 199
class 0.642123818397522 181 192 187 199
class 0.4804375469684601 179 187 186 196
class 0.5136393904685974 194 194 199 199
class 0.3685699701309204 191 193 198 199
