class 0.35066330432891846 44 1 50 5
class 0.613784909248352 88 2 94 7
class 0.5349025130271912 92 0 99 5
class 0.9175241589546204 130 0 137 6
class 0.9172282218933105 152 4 159 12
class 0.9006035923957825 173 0 179 6
class 0.7842472195625305 0 10 4 17
class 0.42761388421058655 22 15 28 22
class 0.7950502634048462 78 8 84 16
class 0.5280917286872864 83 6 92 17
class 0.7930664420127869 110 12 116 20
class 0.32537877559661865 108 9 116 17
class 0.7633662819862366 120 15 126 23
class 0.41162389516830444 115 14 123 24
class 0.6917906999588013 143 6 152 17
class 0.8962849378585815 182 8 189 15
class 0.4752972424030304 5 20 10 27
class 0.5258579850196838 7 17 15 29
class 0.5365362167358398 23 20 29 28
class 0.7520660758018494 31 24 37 32
class 0.737740159034729 84 20 91 27
class 0.7955112457275391 98 25 104 32
class 0.5631126165390015 113 18 121 27
class 0.5703250169754028 133 17 142 28
class 0.7331032156944275 151 21 157 29
class 0.5010743141174316 148 17 159 29
class 0.7486571073532104 162 24 168 31
class 0.3833523690700531 159 21 167 32
class 0.8094905018806458 172 22 178 29
class 0.5309567451477051 169 22 178 33
class 0.9147835969924927 1 34 7 42
class 0.3590695858001709 0 33 3 45
class 0.8202374577522278 12 31 19 38
class 0.8464847207069397 24 36 30 43
class 0.7598636150360107 57 36 63 43
class 0.6761044263839722 78 31 84 38
class 0.3292457163333893 76 30 88 40
class 0.66946941614151 92 33 102 44
class 0.5792492032051086 105 33 111 40
class 0.7287331819534302 126 35 133 42
class 0.8211783766746521 147 29 154 38
class 0.8513150811195374 168 32 175 40
class 0.6778664588928223 184 35 190 42
class 0.4108738303184509 185 31 194 41
class 0.8696658611297607 10 46 16 54
class 0.7665930390357971 33 41 39 48
class 0.38970667123794556 30 43 39 52
class 0.7521212100982666 45 40 51 47
class 0.6735341548919678 63 38 70 49
class 0.8381758332252502 77 43 83 52
class 0.8299329280853271 89 46 94 54
class 0.3171427249908447 87 43 97 54
class 0.8744709491729736 108 46 114 54
class 0.7483364939689636 164 44 170 53
class 0.8492280840873718 179 44 187 53
class 0.3260802626609802 184 43 191 50
class 0.9599820971488953 4 57 9 65
class 0.42922985553741455 35 55 42 62
class 0.560646116733551 30 51 38 59
class 0.8066931962966919 39 56 47 65
class 0.7735512852668762 55 57 62 65
class 0.8219702243804932 65 51 71 58
class 0.7573993802070618 100 57 106 65
class 0.42285192012786865 104 58 110 65
class 0.8225846886634827 117 56 124 64
class 0.7671861052513123 114 57 122 64
class 0.8416299819946289 170 52 176 60
class 0.5169301629066467 38 61 43 69
class 0.9008302688598633 47 68 53 75
class 0.535886824131012 44 66 51 74
class 0.4086991846561432 51 59 59 69
class 0.7758302092552185 95 63 102 71
class 0.35315999388694763 95 61 101 67
class 0.8557319045066833 110 61 116 69
class 0.5416154265403748 109 61 114 67
class 0.9071327447891235 119 68 125 76
class 0.6334174871444702 116 66 123 74
class 0.760685920715332 15 78 21 85
class 0.4634389281272888 21 72 27 80
class 0.38083815574645996 38 78 44 86
class 0.6127035617828369 70 72 78 79
class 0.8336653113365173 86 72 93 80
class 0.7828061580657959 105 75 112 83
class 0.8580095767974854 173 76 179 84
class 0.7757357358932495 184 72 190 79
class 0.8360381126403809 173 88 179 96
class 0.9112361073493958 41 94 49 102
class 0.342756450176239 92 99 98 107
class 0.8669329285621643 115 97 122 106
class 0.4201584756374359 160 100 166 108
class 0.453895628452301 157 99 163 108
class 0.8417915105819702 32 103 39 112
class 0.593515932559967 59 104 64 111
class 0.7789990901947021 68 110 74 117
class 0.6016225814819336 64 105 70 113
class 0.8027480840682983 100 110 106 117
class 0.36648866534233093 95 107 104 117
class 0.7794021368026733 106 105 112 114
class 0.7396675944328308 125 105 133 113
class 0.7068727016448975 160 103 167 112
class 0.5984531044960022 5 120 10 128
class 0.8833284378051758 11 114 18 121
class 0.6187474131584167 50 114 58 123
class 0.6013162732124329 69 117 75 125
class 0.4505791962146759 78 121 83 128
class 0.739605188369751 92 113 100 123
class 0.6043934226036072 124 113 131 123
class 0.5049214363098145 169 119 175 128
class 0.31789398193359375 167 114 175 125
class 0.8199528455734253 189 118 195 126
class 0.9062181711196899 5 129 11 137
class 0.855089008808136 56 124 62 132
class 0.5905889868736267 79 124 85 131
class 0.8481870293617249 100 124 106 132
class 0.44369661808013916 98 125 105 134
class 0.6167036294937134 128 129 134 137
class 0.6841663122177124 124 129 132 138
class 0.6217299699783325 141 130 147 137
class 0.5895828008651733 137 128 144 137
class 0.5575376749038696 144 129 152 138
class 0.538392186164856 170 122 178 132
class 0.5673266649246216 187 130 194 139
class 0.8604826927185059 15 135 21 143
class 0.63368159532547 38 134 46 141
class 0.46612900495529175 59 142 64 149
class 0.5728204846382141 65 137 71 146
class 0.7692998051643372 61 141 67 148
class 0.8629264235496521 76 138 82 146
class 0.35287415981292725 79 138 84 146
class 0.7368044853210449 90 135 96 144
class 0.722996711730957 134 142 142 150
class 0.7086486220359802 174 135 180 143
class 0.36378830671310425 169 138 176 147
class 0.4931173622608185 25 152 31 159
class 0.3906264007091522 23 152 28 160
class 0.6465221643447876 34 152 41 159
class 0.6629734039306641 31 151 38 159
class 0.6919131278991699 71 151 78 160
class 0.7987385988235474 98 150 104 158
class 0.5462725758552551 106 145 112 152
class 0.8447766304016113 128 145 135 153
class 0.7874597311019897 141 149 147 158
class 0.4702979028224945 137 147 145 155
class 0.40022289752960205 139 145 145 152
class 0.31232666969299316 144 148 148 154
class 0.49113786220550537 147 151 153 159
class 0.5964199304580688 171 149 178 156
class 0.6117283701896667 168 147 175 156
class 0.6161512732505798 176 151 184 160
class 0.7509377002716064 37 157 44 165
class 0.6693472862243652 60 160 67 169
class 0.7664332985877991 100 162 106 170
class 0.7824316620826721 120 156 127 164
class 0.8239762187004089 141 157 147 165
class 0.632503867149353 137 157 145 166
class 0.6522651314735413 148 157 154 164
class 0.8064498901367188 185 157 191 165
class 0.7841973900794983 23 172 29 179
class 0.6090180277824402 44 171 51 179
class 0.4659877419471741 53 168 58 176
class 0.5733628869056702 49 169 57 178
class 0.33916932344436646 88 169 96 178
class 0.46277153491973877 96 168 102 177
class 0.7809484601020813 91 170 99 179
class 0.7989696264266968 105 171 111 179
class 0.3276095986366272 102 167 113 179
class 0.6866797804832458 129 168 136 176
class 0.8054002523422241 190 166 196 176
class 0.8239052295684814 2 182 7 189
class 0.5564771294593811 11 177 17 185
class 0.6040035486221313 8 177 15 185
class 0.6791588068008423 43 182 49 191
class 0.8176005482673645 77 183 84 191
class 0.6912453174591064 130 179 137 187
class 0.8413922786712646 147 177 154 185
class 0.7625544667243958 168 180 174 188
class 0.73646479845047 180 183 186 190
class 0.7985278367996216 1 189 6 195
class 0.3283817768096924 2 189 3 195
class 0.6261594891548157 42 188 48 196
class 0.7355374693870544 78 191 84 198
class 0.5576666593551636 75 191 82 199
class 0.3122918903827667 77 188 83 195
class 0.6354951858520508 84 185 91 197
class 0.4547605514526367 122 194 128 199
class 0.6197255253791809 129 191 135 198
class 0.8156640529632568 124 193 132 199
class 0.3661220371723175 171 192 177 199
class 0.5436795949935913 166 189 174 198
class 0.5768615007400513 177 190 184 198
class 0.3279796242713928 179 188 184 195
