class 0.5772531628608704 87 3 93 9
class 0.5949297547340393 92 0 99 5
class 0.9218297600746155 129 0 136 6
class 0.913467288017273 152 4 159 12
class 0.8857982754707336 173 0 179 6
class 0.6172812581062317 0 10 4 17
class 0.43933168053627014 22 15 28 22
class 0.8059315085411072 77 9 84 17
class 0.5605974197387695 85 6 92 16
class 0.7721086740493774 110 12 116 20
class 0.3088577091693878 108 9 115 17
class 0.7884284853935242 120 15 126 23
class 0.44807854294776917 115 14 123 24
class 0.602862536907196 143 7 152 17
class 0.8985545039176941 183 8 189 15
class 0.594961941242218 6 19 11 26
class 0.3937845528125763 6 18 16 29
class 0.493624746799469 23 20 29 28
class 0.7626140713691711 31 25 37 32
class 0.8054308295249939 84 20 90 28
class 0.8227077722549438 96 24 103 32
class 0.38381725549697876 99 23 107 32
class 0.4613671600818634 113 17 121 27
class 0.7886055111885071 151 21 157 28
class 0.8237780332565308 162 25 168 32
class 0.8016324639320374 172 22 178 29
class 0.46100300550460815 169 23 176 33
class 0.9087321758270264 1 34 7 42
class 0.30518418550491333 0 33 3 45
class 0.8224666118621826 12 31 18 39
class 0.8502101898193359 25 36 31 43
class 0.7216218709945679 57 36 63 44
class 0.8112724423408508 79 30 84 37
class 0.6817141771316528 92 34 101 44
class 0.7706314325332642 105 32 112 40
class 0.7872564196586609 126 35 133 42
class 0.7765305042266846 147 29 154 38
class 0.8290544748306274 169 31 175 40
class 0.7127479314804077 184 34 190 42
class 0.35755908489227295 185 31 195 41
class 0.886824905872345 10 46 16 53
class 0.7483547925949097 33 40 39 48
class 0.37072256207466125 30 43 40 51
class 0.7541362047195435 45 40 51 47
class 0.3824359178543091 42 38 50 50
class 0.488605260848999 63 42 70 49
class 0.634874165058136 62 36 71 50
class 0.7697476148605347 89 46 95 54
class 0.34668150544166565 87 43 97 54
class 0.8598655462265015 108 46 114 54
class 0.6674425005912781 164 44 170 52
class 0.8574285507202148 180 44 187 54
class 0.94818115234375 4 58 10 65
class 0.5221075415611267 35 55 42 62
class 0.5926401615142822 30 49 38 59
class 0.7389310002326965 39 56 47 65
class 0.7769365310668945 55 57 62 65
class 0.8262248635292053 65 51 71 58
class 0.5410222411155701 63 50 69 60
class 0.7665796279907227 100 57 106 65
class 0.35859647393226624 104 58 110 66
class 0.7641551494598389 117 56 124 64
class 0.7460451722145081 114 57 122 65
class 0.8556101322174072 169 51 175 60
class 0.6039438247680664 38 62 44 69
class 0.8989925980567932 47 68 53 75
class 0.5567728877067566 44 66 51 74
class 0.4013451933860779 49 62 57 71
class 0.3825972080230713 51 59 59 68
class 0.8079735636711121 95 63 102 70
class 0.8221864700317383 111 61 116 69
class 0.5044180750846863 109 61 115 67
class 0.9182443618774414 119 68 126 76
class 0.5792382955551147 115 65 123 75
class 0.7515298128128052 15 78 21 85
class 0.4882989227771759 20 72 27 80
class 0.4363481104373932 39 78 46 85
class 0.5935142636299133 70 72 78 80
class 0.8308435082435608 86 72 93 80
class 0.7750015258789062 105 74 111 82
class 0.8671087622642517 172 76 179 84
class 0.7958961129188538 184 71 190 79
class 0.8364136219024658 173 88 179 96
class 0.899812638759613 42 95 49 103
class 0.8748878836631775 115 97 122 106
class 0.42098870873451233 161 100 167 107
class 0.353567898273468 158 99 164 108
class 0.8226959109306335 33 104 39 112
class 0.6728649139404297 59 104 64 111
class 0.7365143895149231 68 109 74 117
class 0.5045992732048035 63 104 71 113
class 0.733805775642395 100 109 106 116
class 0.3283190429210663 98 105 107 115
class 0.794852077960968 106 106 111 114
class 0.7025192379951477 125 104 133 113
class 0.6370043754577637 160 104 166 111
class 0.5839663743972778 5 120 10 127
class 0.8890523910522461 11 113 18 121
class 0.6394333839416504 50 113 58 122
class 0.7612598538398743 69 119 75 126
class 0.5735333561897278 77 121 83 128
class 0.7579666376113892 92 113 100 123
class 0.587472677230835 124 114 130 123
class 0.6141603589057922 169 120 175 128
class 0.30150270462036133 168 114 175 125
class 0.8346495628356934 190 118 195 126
class 0.31165969371795654 189 115 194 123
class 0.9208498001098633 5 129 11 137
class 0.395262211561203 4 128 7 138
class 0.8632402420043945 56 124 62 132
class 0.5664159655570984 79 125 85 131
class 0.8414545655250549 100 124 106 131
class 0.3818352520465851 98 125 104 134
class 0.6388272047042847 128 129 134 137
class 0.6665861010551453 124 128 132 137
class 0.6378805637359619 141 130 147 137
class 0.6150370240211487 137 129 144 137
class 0.5336540341377258 144 129 152 138
class 0.44650548696517944 170 122 177 132
class 0.3704356849193573 188 128 195 137
class 0.5233572721481323 187 130 193 139
class 0.8678628206253052 14 136 21 143
class 0.6731194853782654 38 134 46 142
class 0.5180261135101318 59 142 64 149
class 0.4773452877998352 56 140 63 148
class 0.6219863295555115 65 137 72 146
class 0.7733092308044434 62 141 67 148
class 0.8769581913948059 76 137 82 146
class 0.7011308073997498 73 137 80 146
class 0.7379788756370544 90 135 96 143
class 0.32433924078941345 104 141 111 149
class 0.7264224886894226 134 142 142 150
class 0.7056800723075867 174 135 180 143
class 0.34762561321258545 169 138 176 147
class 0.3053129017353058 191 135 197 143
class 0.37842896580696106 188 133 195 142
class 0.5762525200843811 26 152 31 159
class 0.4680699408054352 23 152 29 159
class 0.624957799911499 34 152 41 160
class 0.6038578152656555 31 151 37 159
class 0.7385870814323425 71 151 78 160
class 0.8061150908470154 98 150 104 158
class 0.34184256196022034 106 146 112 152
class 0.8284012675285339 129 145 135 154
class 0.6754674315452576 141 149 147 157
class 0.45420077443122864 137 147 144 155
class 0.4515974819660187 139 145 144 152
class 0.37662696838378906 143 148 148 154
class 0.5078270435333252 145 150 151 159
class 0.3076501786708832 164 145 170 153
class 0.5850342512130737 172 149 178 156
class 0.660712480545044 168 146 175 156
class 0.6708800792694092 175 152 183 160
class 0.8318396806716919 38 157 43 165
class 0.7188199758529663 59 161 65 169
class 0.547214150428772 63 160 69 168
class 0.7532256245613098 100 162 106 170
class 0.4929734170436859 97 160 104 169
class 0.7785685062408447 120 155 126 163
class 0.8754695057868958 141 157 148 165
class 0.6765562891960144 148 156 154 164
class 0.47310101985931396 146 155 152 165
class 0.7682777643203735 184 158 191 165
class 0.829613983631134 23 172 29 180
class 0.6442310214042664 44 170 52 179
class 0.5775244235992432 49 169 57 178
class 0.6333573460578918 90 172 96 179
class 0.3911772072315216 87 169 95 178
class 0.6042357087135315 97 168 103 176
class 0.6414461731910706 92 169 100 179
class 0.7192689180374146 129 167 136 176
class 0.8220165967941284 190 166 196 175
class 0.8688747882843018 1 183 6 190
class 0.7190245985984802 44 182 50 191
class 0.7957662343978882 77 183 84 191
class 0.7030484080314636 131 180 137 187
class 0.4247934818267822 128 176 137 186
class 0.8434807062149048 147 177 154 185
class 0.7904714941978455 168 180 174 188
class 0.44968435168266296 167 177 173 186
class 0.7033830881118774 180 183 186 190
class 0.312414288520813 178 178 187 189
class 0.7773643732070923 1 189 6 196
class 0.36577704548835754 37 190 44 197
class 0.6615308523178101 39 187 46 197
class 0.6303430199623108 78 189 84 197
class 0.375870943069458 75 190 82 198
class 0.3388310670852661 78 187 83 194
class 0.6368393301963806 85 189 91 196
class 0.5372269153594971 122 195 128 199
class 0.6198004484176636 129 191 135 198
class 0.7674583196640015 124 193 133 199
class 0.5454401969909668 166 188 173 197
class 0.6308487057685852 179 191 184 198
class 0.36611998081207275 179 188 184 194
