class 0.5671310424804688 87 2 93 8
class 0.5893216133117676 91 0 99 4
class 0.9236341118812561 130 0 136 6
class 0.9032469987869263 153 4 159 12
class 0.8828614354133606 173 0 179 6
class 0.7047306299209595 0 11 5 17
class 0.3701482117176056 22 15 28 22
class 0.8437260985374451 78 8 84 16
class 0.5202925801277161 86 10 91 17
class 0.8004456162452698 110 12 116 20
class 0.3163799047470093 109 9 115 16
class 0.7560206651687622 120 15 126 23
class 0.3582508862018585 116 14 123 24
class 0.6673076152801514 144 6 153 17
class 0.9039896726608276 182 8 188 15
class 0.6198425889015198 6 19 11 27
class 0.6308479905128479 6 18 15 29
class 0.4763084352016449 21 18 29 26
class 0.830004870891571 30 24 37 32
class 0.7352283596992493 53 24 59 32
class 0.6998757719993591 82 20 90 30
class 0.7558428049087524 98 25 104 32
class 0.42274531722068787 113 18 121 27
class 0.7237109541893005 132 20 138 27
class 0.4977652132511139 137 20 144 28
class 0.6281448602676392 134 17 142 28
class 0.7056293487548828 151 21 157 29
class 0.47374141216278076 148 17 159 29
class 0.7576471567153931 162 24 168 32
class 0.38940390944480896 159 21 167 32
class 0.83406662940979 172 21 178 28
class 0.6370075941085815 169 22 177 32
class 0.9060602784156799 1 34 7 42
class 0.745211660861969 12 32 18 39
class 0.833528995513916 24 36 30 43
class 0.691226065158844 56 36 62 44
class 0.37105855345726013 54 35 60 43
class 0.6448298692703247 78 33 84 40
class 0.5242908596992493 76 27 84 39
class 0.6945847272872925 92 33 101 44
class 0.7219930291175842 105 33 112 41
class 0.31249359250068665 104 30 114 39
class 0.7101198434829712 127 35 133 42
class 0.7549982666969299 147 29 154 38
class 0.8933703303337097 168 34 174 42
class 0.7104230523109436 184 33 191 41
class 0.8979233503341675 10 46 16 54
class 0.7650813460350037 33 41 39 48
class 0.3397667109966278 30 43 39 52
class 0.8177481889724731 45 39 51 47
class 0.6613362431526184 62 38 70 49
class 0.8465802073478699 78 44 84 52
class 0.38356852531433105 77 41 83 49
class 0.8680763244628906 89 46 95 54
class 0.8697642087936401 108 46 114 54
class 0.7325341701507568 164 45 170 53
class 0.8651469945907593 180 44 187 54
class 0.3235253095626831 184 43 191 51
class 0.939514696598053 4 57 10 65
class 0.5132301449775696 34 55 41 62
class 0.663750946521759 29 50 38 59
class 0.35696545243263245 42 56 49 63
class 0.7017821669578552 39 56 47 65
class 0.7104251384735107 55 57 62 64
class 0.79453444480896 65 51 71 59
class 0.7438524961471558 99 57 106 64
class 0.3251047730445862 104 57 110 65
class 0.7225021719932556 116 55 123 63
class 0.7991790771484375 114 57 121 65
class 0.6987428665161133 129 52 135 60
class 0.744260311126709 125 51 132 59
class 0.3489563465118408 132 52 138 60
class 0.8707050085067749 170 51 176 60
class 0.5353604555130005 39 62 43 69
class 0.8841173052787781 46 68 52 75
class 0.5895869135856628 42 66 50 74
class 0.7859727144241333 95 63 102 72
class 0.30631381273269653 96 61 101 67
class 0.7876327037811279 110 62 116 70
class 0.5585052967071533 108 61 114 67
class 0.9057521224021912 118 68 125 76
class 0.6263631582260132 116 66 123 75
class 0.7889397740364075 15 78 21 85
class 0.44166359305381775 39 78 45 85
class 0.5162162780761719 69 72 75 79
class 0.8322583436965942 86 72 93 80
class 0.7889000773429871 105 74 111 83
class 0.8583303689956665 173 76 179 84
class 0.764083743095398 183 71 190 79
class 0.8835903406143188 79 82 84 90
class 0.8484199047088623 173 88 179 96
class 0.8653926253318787 16 93 22 100
class 0.9135580658912659 42 93 49 102
class 0.7346044182777405 74 99 80 106
class 0.8765541315078735 115 97 122 106
class 0.7124847173690796 136 93 143 102
class 0.6404020190238953 156 99 163 107
class 0.8406680226325989 32 104 39 112
class 0.4844878911972046 58 105 64 112
class 0.7923973798751831 67 110 73 117
class 0.6835146546363831 63 105 71 114
class 0.32410895824432373 73 105 79 113
class 0.755914032459259 100 110 106 117
class 0.3831559121608734 94 108 103 117
class 0.7848591208457947 106 105 112 113
class 0.7347412109375 125 105 132 114
class 0.8484764695167542 162 103 168 111
class 0.6975432634353638 5 121 10 128
class 0.8652117252349854 12 114 18 121
class 0.39037904143333435 52 115 59 124
class 0.6405883431434631 49 113 57 122
class 0.6878259181976318 69 118 75 126
class 0.5294461846351624 78 120 83 128
class 0.7100937962532043 91 113 101 123
class 0.6310079097747803 123 113 130 122
class 0.5275466442108154 169 119 176 128
class 0.8327506184577942 190 118 195 126
class 0.8938407301902771 5 129 10 137
class 0.3976815640926361 3 128 7 138
class 0.8314849734306335 56 124 62 132
class 0.47212162613868713 80 125 85 132
class 0.8548926711082458 100 124 106 132
class 0.4517926573753357 98 125 104 134
class 0.6302217245101929 128 129 134 137
class 0.7003887295722961 125 129 132 138
class 0.4077494442462921 129 127 138 138
class 0.6428921222686768 141 129 147 136
class 0.6689386963844299 137 129 144 136
class 0.6606452465057373 147 129 153 138
class 0.49819862842559814 170 121 178 132
class 0.311719685792923 189 128 195 137
class 0.5508283376693726 187 130 194 139
class 0.8360670804977417 15 135 21 143
class 0.6053934693336487 39 134 46 141
class 0.5376082062721252 59 142 64 150
class 0.4415915310382843 56 141 63 148
class 0.5137812495231628 65 137 72 145
class 0.7249901294708252 61 141 68 148
class 0.8534179925918579 77 139 83 147
class 0.765365481376648 74 137 81 146
class 0.6497547626495361 90 135 96 143
class 0.6735931038856506 135 142 142 150
class 0.6212911009788513 164 142 170 149
class 0.7237288951873779 174 134 180 143
class 0.47899559140205383 26 152 32 159
class 0.41881951689720154 23 151 29 160
class 0.5247323513031006 33 152 39 159
class 0.6987752318382263 30 151 37 159
class 0.7346139550209045 71 151 78 160
class 0.8319340944290161 98 150 105 158
class 0.5483234524726868 107 146 113 152
class 0.7685394883155823 127 145 134 153
class 0.6254533529281616 141 149 147 157
class 0.42429646849632263 136 147 144 155
class 0.3938648998737335 138 145 144 152
class 0.4653008282184601 145 151 151 159
class 0.32165366411209106 164 145 170 152
class 0.5474088788032532 172 149 178 156
class 0.5726245641708374 168 147 175 156
class 0.7062723636627197 176 152 184 160
class 0.8246615529060364 37 157 44 165
class 0.679088830947876 58 162 65 169
class 0.5662932991981506 63 160 69 168
class 0.6754213571548462 100 162 106 170
class 0.8003436923027039 120 156 127 164
class 0.8223465085029602 141 158 148 165
class 0.7670272588729858 147 156 154 164
class 0.8434563875198364 185 157 191 165
class 0.7017768621444702 23 172 29 179
class 0.5541720986366272 44 170 52 181
class 0.47991257905960083 53 169 58 177
class 0.6121190190315247 50 170 58 180
class 0.31349655985832214 88 169 96 177
class 0.5138770937919617 96 169 102 177
class 0.7957218885421753 92 170 99 178
class 0.8174076080322266 105 172 112 179
class 0.35904544591903687 103 167 113 178
class 0.6732760667800903 128 165 136 174
class 0.8267679810523987 190 167 196 176
class 0.8131569623947144 1 182 7 189
class 0.6355475187301636 0 182 3 191
class 0.7217121720314026 10 179 17 187
class 0.7116810083389282 8 177 15 185
class 0.6140232086181641 44 182 50 190
class 0.8189824819564819 77 184 84 191
class 0.7201606035232544 129 178 136 186
class 0.30443260073661804 132 179 138 186
class 0.8499139547348022 147 177 154 185
class 0.8004351258277893 168 179 174 188
class 0.4641536474227905 167 177 173 184
class 0.697001039981842 180 183 186 190
class 0.8692636489868164 2 190 8 197
class 0.316852331161499 0 189 4 197
class 0.30063220858573914 2 189 4 195
class 0.669653594493866 39 187 46 196
class 0.7232054471969604 78 191 84 198
class 0.6335121393203735 84 185 91 197
class 0.604645848274231 128 191 135 198
class 0.8709589242935181 125 193 132 199
class 0.35791030526161194 131 190 137 197
class 0.5329610705375671 166 188 173 197
class 0.6005415320396423 179 190 185 198
class 0.3719719648361206 180 188 184 194
