class 0.646335244178772 87 3 92 9
class 0.43165144324302673 84 3 92 11
class 0.653744637966156 92 0 99 5
class 0.9172901511192322 130 0 137 6
class 0.4050638973712921 127 0 134 5
class 0.9089571237564087 153 4 159 12
class 0.8944594860076904 173 0 180 7
class 0.7495900988578796 0 11 4 18
class 0.30604737997055054 1 10 3 16
class 0.5306714177131653 22 15 28 22
class 0.8359716534614563 78 8 84 16
class 0.5049293041229248 84 7 92 16
class 0.7880940437316895 110 12 116 20
class 0.3190232813358307 109 9 116 17
class 0.7656843662261963 120 15 126 23
class 0.44193360209465027 115 14 122 24
class 0.6609388589859009 143 7 152 17
class 0.5497602224349976 174 15 180 22
class 0.8956895470619202 181 8 187 16
class 0.6034273505210876 178 11 185 20
class 0.6550009250640869 6 19 11 26
class 0.5275394320487976 6 18 16 29
class 0.5074208378791809 23 20 29 28
class 0.8136893510818481 31 24 37 32
class 0.6969152092933655 53 24 59 32
class 0.8057947158813477 83 20 90 28
class 0.7531920075416565 95 24 103 33
class 0.387083500623703 98 23 107 32
class 0.4188070595264435 112 18 120 26
class 0.7705972790718079 131 19 138 27
class 0.6173282265663147 137 19 144 28
class 0.6611452698707581 134 18 141 27
class 0.7572545409202576 151 21 157 28
class 0.8127838373184204 162 25 168 32
class 0.8596672415733337 172 23 178 30
class 0.6870602965354919 169 23 176 32
class 0.9197514653205872 1 34 7 42
class 0.31747713685035706 0 33 3 45
class 0.7503129243850708 12 32 18 39
class 0.8409715890884399 24 36 31 43
class 0.5788564085960388 56 36 62 44
class 0.31259745359420776 54 35 60 42
class 0.644073486328125 78 32 84 39
class 0.5207197070121765 76 27 84 39
class 0.6567427515983582 91 32 102 43
class 0.7677889466285706 105 32 111 41
class 0.7655641436576843 126 35 132 43
class 0.7912840843200684 147 29 154 38
class 0.879890501499176 168 34 174 42
class 0.6560490131378174 184 33 190 42
class 0.35568732023239136 182 29 193 43
class 0.8884677290916443 10 46 16 53
class 0.7758562564849854 33 41 39 49
class 0.4544810354709625 30 44 39 52
class 0.8181329369544983 45 39 51 47
class 0.590312123298645 62 37 70 49
class 0.8553392291069031 77 43 83 52
class 0.3575305938720703 80 43 85 50
class 0.8889110684394836 89 46 95 54
class 0.510948657989502 87 44 94 53
class 0.8748449683189392 108 46 114 54
class 0.7311885356903076 164 45 170 53
class 0.8771729469299316 180 45 187 54
class 0.30636322498321533 184 43 191 50
class 0.9537931680679321 4 57 10 65
class 0.42053166031837463 35 55 42 62
class 0.5612155795097351 29 50 38 59
class 0.3172822594642639 42 56 48 63
class 0.7373315691947937 39 56 46 65
class 0.75673508644104 55 57 62 65
class 0.8158684968948364 65 51 72 59
class 0.7503963708877563 100 57 106 65
class 0.31269368529319763 103 57 109 65
class 0.7330791354179382 116 55 123 63
class 0.7929083108901978 114 57 121 65
class 0.6692848205566406 129 53 135 61
class 0.7276745438575745 125 51 133 61
class 0.8152583241462708 170 51 176 60
class 0.6527919173240662 38 61 44 70
class 0.9032452702522278 47 68 53 75
class 0.5396504998207092 43 66 50 73
class 0.35974830389022827 48 66 53 73
class 0.30462419986724854 53 61 60 68
class 0.7771567702293396 95 62 102 70
class 0.3112395107746124 96 61 101 67
class 0.8042420744895935 110 61 116 69
class 0.612970232963562 109 60 114 67
class 0.9061874747276306 118 67 125 76
class 0.5816104412078857 116 66 122 74
class 0.7901291251182556 15 78 21 85
class 0.32965970039367676 20 72 26 80
class 0.5982963442802429 39 78 46 85
class 0.5819867849349976 70 72 78 80
class 0.8649407625198364 86 72 93 80
class 0.7998109459877014 105 74 111 83
class 0.8512628078460693 131 76 137 84
class 0.8685525059700012 173 77 179 85
class 0.7528881430625916 183 71 190 79
class 0.8798917531967163 78 82 84 90
class 0.3714256286621094 154 87 163 96
class 0.8311180472373962 173 88 179 96
class 0.8031154274940491 15 93 22 100
class 0.8972942233085632 42 94 49 102
class 0.7018511891365051 74 99 80 106
class 0.8883485198020935 115 97 121 106
class 0.7257941961288452 136 93 143 102
class 0.3760519027709961 158 99 165 107
class 0.6182577013969421 155 99 163 106
class 0.8378919363021851 32 103 39 112
class 0.4889678955078125 58 105 64 112
class 0.7713950872421265 67 110 73 117
class 0.6637031435966492 63 104 71 114
class 0.8516046404838562 100 110 106 118
class 0.38608381152153015 95 108 104 117
class 0.7844002842903137 106 104 112 112
class 0.724601149559021 125 105 132 113
class 0.8565592169761658 161 103 168 111
class 0.7166118621826172 5 120 10 128
class 0.8868408203125 11 114 18 121
class 0.6148054599761963 49 113 57 122
class 0.7410463094711304 70 119 75 126
class 0.3196675181388855 79 121 84 128
class 0.75419682264328 92 113 100 123
class 0.6218472719192505 123 113 130 121
class 0.49997371435165405 168 119 175 127
class 0.30214786529541016 167 114 175 124
class 0.7781275510787964 190 118 195 126
class 0.9122322797775269 5 129 11 137
class 0.8083932399749756 55 124 62 133
class 0.5496945977210999 80 125 85 131
class 0.8672277927398682 101 124 106 131
class 0.40624985098838806 99 125 104 134
class 0.622291624546051 128 129 134 137
class 0.7091201543807983 125 130 132 138
class 0.3256049156188965 130 128 137 137
class 0.600552499294281 141 129 147 136
class 0.667996346950531 136 128 144 136
class 0.6571199297904968 147 130 154 138
class 0.5614591240882874 171 125 177 133
class 0.37760499119758606 189 128 195 136
class 0.5683935880661011 187 130 193 138
class 0.8511822819709778 15 136 21 144
class 0.6384944319725037 39 134 46 142
class 0.4520328938961029 59 142 64 150
class 0.3194153606891632 56 140 63 148
class 0.5765549540519714 65 137 72 146
class 0.7325599789619446 61 141 68 148
class 0.869054913520813 76 139 83 147
class 0.7219325304031372 74 137 80 147
class 0.3213377296924591 80 139 84 146
class 0.7443176507949829 91 135 96 143
class 0.4834774136543274 104 141 111 149
class 0.7324907183647156 135 142 142 150
class 0.38975435495376587 163 142 169 149
class 0.7468392848968506 174 135 180 143
class 0.32349693775177 27 152 32 159
class 0.7439607381820679 30 151 37 159
class 0.7386831641197205 71 151 78 160
class 0.8003638982772827 98 150 104 158
class 0.4747312366962433 106 146 112 153
class 0.8069627285003662 127 145 134 154
class 0.6834338903427124 141 149 147 157
class 0.42364197969436646 137 147 144 156
class 0.4478297829627991 139 145 145 152
class 0.5475276708602905 147 151 153 159
class 0.5377331972122192 164 145 170 152
class 0.6185114979743958 172 149 178 156
class 0.5644714832305908 168 147 175 156
class 0.6563959717750549 175 151 184 160
class 0.31464681029319763 24 155 30 163
class 0.7608451843261719 37 157 43 165
class 0.6769086122512817 60 160 67 169
class 0.7200593948364258 100 162 106 170
class 0.33985787630081177 97 160 104 169
class 0.8197200894355774 120 156 126 164
class 0.8741823434829712 141 157 148 165
class 0.6351635456085205 138 158 145 166
class 0.5395506024360657 148 157 154 164
class 0.40646156668663025 145 156 152 165
class 0.8502211570739746 185 157 191 165
class 0.7450733184814453 23 172 29 179
class 0.5706292986869812 47 173 53 180
class 0.7002562880516052 53 169 58 177
class 0.650200366973877 90 172 97 180
class 0.34031689167022705 88 169 96 178
class 0.5508125424385071 96 169 103 177
class 0.7913232445716858 92 170 100 179
class 0.38637834787368774 94 166 103 175
class 0.8310452103614807 105 172 112 179
class 0.3835437595844269 103 167 112 179
class 0.6728474497795105 129 168 136 175
class 0.8331435918807983 190 166 196 175
class 0.7940817475318909 2 181 7 188
class 0.5803331732749939 0 181 3 190
class 0.6737406849861145 11 179 17 186
class 0.7377466559410095 45 181 51 189
class 0.6471860408782959 42 182 50 192
class 0.8259403705596924 77 183 84 191
class 0.7569141387939453 131 179 137 187
class 0.4494009017944336 130 176 136 184
class 0.8002004623413086 147 177 154 185
class 0.7642635107040405 168 180 174 188
class 0.7186574935913086 180 183 186 190
class 0.3535401225090027 196 183 199 189
class 0.7960430979728699 2 190 7 197
class 0.6121703386306763 39 188 47 197
class 0.7636348605155945 78 192 84 199
class 0.548502504825592 83 185 91 197
class 0.3187903165817261 122 194 128 199
class 0.6091181039810181 129 191 135 198
class 0.8432939648628235 125 193 132 199
class 0.6152219176292419 165 188 173 197
class 0.6514798402786255 180 190 185 198
class 0.4137630760669708 179 188 184 194
