class 0.6138301491737366 88 2 94 8
class 0.5228581428527832 91 0 99 4
class 0.9284459352493286 129 0 136 6
class 0.8999072909355164 152 4 158 12
class 0.8935936093330383 172 0 179 6
class 0.7177889943122864 0 10 5 17
class 0.7624440789222717 78 8 84 16
class 0.602347731590271 86 10 91 16
class 0.7850379943847656 110 12 116 19
class 0.7957550287246704 120 15 126 23
class 0.40236979722976685 115 13 123 24
class 0.5670229196548462 143 7 152 18
class 0.9078277945518494 182 8 188 15
class 0.4926169812679291 6 20 11 27
class 0.5661835670471191 7 18 15 28
class 0.5726102590560913 23 20 29 28
class 0.7821775078773499 30 25 37 33
class 0.7772637009620667 84 20 91 28
class 0.7687037587165833 98 25 104 32
class 0.40998467803001404 113 18 121 26
class 0.7704451084136963 151 21 157 28
class 0.8147910833358765 162 25 168 32
class 0.5081647634506226 159 22 167 32
class 0.7853198051452637 171 22 178 29
class 0.5018398761749268 168 23 176 33
class 0.8979732394218445 1 34 6 42
class 0.3080219328403473 0 32 3 45
class 0.7276725769042969 12 32 18 39
class 0.8103256225585938 24 36 31 43
class 0.7523995041847229 57 36 63 45
class 0.7540507316589355 79 30 85 37
class 0.687408447265625 92 34 101 44
class 0.8073988556861877 105 32 111 40
class 0.7052698731422424 127 35 134 42
class 0.7945597171783447 147 30 154 38
class 0.8100177049636841 168 30 175 38
class 0.5568597316741943 184 35 190 42
class 0.35610392689704895 186 32 194 41
class 0.8840638995170593 10 46 16 54
class 0.7974203824996948 33 41 40 49
class 0.3963523507118225 30 43 40 52
class 0.7770326137542725 45 40 51 47
class 0.6164844036102295 62 37 71 50
class 0.7884132266044617 89 46 95 54
class 0.8659666180610657 108 46 114 53
class 0.6429659128189087 164 43 170 52
class 0.8402458429336548 179 45 187 53
class 0.30111539363861084 184 43 191 50
class 0.9360648393630981 4 57 10 65
class 0.5331578850746155 35 55 42 62
class 0.5773788690567017 30 50 38 60
class 0.722436785697937 39 56 47 65
class 0.7753860950469971 55 57 62 65
class 0.811253011226654 65 51 72 58
class 0.5519711375236511 63 51 69 60
class 0.7961108088493347 100 57 106 65
class 0.35929980874061584 104 58 110 65
class 0.7644160985946655 117 56 124 64
class 0.7603309154510498 114 57 122 65
class 0.845246434211731 169 51 175 60
class 0.3574572503566742 38 62 44 69
class 0.8611811399459839 46 68 53 75
class 0.5895472764968872 43 66 50 74
class 0.4090126156806946 49 62 57 71
class 0.3161875009536743 50 59 60 69
class 0.8162215352058411 95 63 102 71
class 0.840044379234314 110 62 116 70
class 0.5157545804977417 109 61 114 66
class 0.91817307472229 119 68 126 76
class 0.5846452116966248 116 66 123 75
class 0.7499586939811707 16 77 21 85
class 0.5151345729827881 21 72 27 80
class 0.5545303821563721 70 72 78 80
class 0.8528627753257751 87 72 94 80
class 0.775121808052063 105 74 111 82
class 0.8558754324913025 173 76 180 84
class 0.8012774586677551 184 71 191 79
class 0.8376213312149048 173 88 180 96
class 0.9178691506385803 42 95 49 103
class 0.838041365146637 116 97 122 106
class 0.8497166633605957 33 103 40 112
class 0.6430769562721252 59 104 64 111
class 0.7775185704231262 68 109 74 117
class 0.5617889165878296 63 104 70 114
class 0.3165709376335144 69 107 74 114
class 0.7656775712966919 100 110 106 117
class 0.7585120797157288 106 105 112 114
class 0.6010486483573914 125 105 132 113
class 0.7996142506599426 5 120 10 127
class 0.8808318972587585 11 114 18 121
class 0.664627194404602 50 113 57 123
class 0.7366293668746948 69 119 75 127
class 0.43286222219467163 76 121 82 128
class 0.7801997661590576 91 113 100 123
class 0.5416115522384644 123 114 130 123
class 0.5927829146385193 169 119 175 128
class 0.8304416537284851 189 117 195 126
class 0.9000687599182129 5 130 11 137
class 0.8505688905715942 56 124 62 132
class 0.5512282848358154 79 124 85 131
class 0.8250957131385803 101 124 106 132
class 0.3800157606601715 98 125 104 134
class 0.6103307604789734 128 129 134 137
class 0.6640746593475342 124 129 132 138
class 0.3608424663543701 130 127 137 137
class 0.658237874507904 141 130 147 137
class 0.6591954231262207 137 128 144 136
class 0.5304345488548279 143 130 152 138
class 0.5283063054084778 172 125 178 133
class 0.6200746893882751 187 130 193 139
class 0.8754327297210693 15 135 21 143
class 0.6313288807868958 39 134 46 141
class 0.4762100875377655 59 142 64 150
class 0.375280499458313 56 140 63 148
class 0.6343487501144409 66 137 72 146
class 0.809918224811554 62 141 67 148
class 0.8509045243263245 75 136 82 144
class 0.550813615322113 72 134 79 144
class 0.7684430480003357 91 136 96 144
class 0.7672938704490662 135 142 142 150
class 0.6364715099334717 174 135 179 143
class 0.45046502351760864 25 152 31 159
class 0.3636642396450043 23 152 28 159
class 0.5404723286628723 34 152 40 160
class 0.6091669201850891 31 151 37 159
class 0.7149776816368103 71 151 79 160
class 0.806803822517395 98 150 104 158
class 0.5042474865913391 106 146 112 152
class 0.8406867980957031 130 145 137 153
class 0.4637013077735901 127 146 135 155
class 0.6987817287445068 141 149 147 157
class 0.4009115993976593 137 147 144 155
class 0.41713958978652954 139 145 144 151
class 0.3211421072483063 144 148 148 153
class 0.5311254858970642 145 151 151 159
class 0.6427250504493713 172 149 178 156
class 0.6671097278594971 168 147 175 156
class 0.6385267972946167 175 151 184 160
class 0.8056938052177429 38 156 44 164
class 0.33555275201797485 56 160 63 169
class 0.6541128158569336 60 160 67 169
class 0.6777150630950928 100 162 106 170
class 0.7779282927513123 120 156 126 164
class 0.8309455513954163 141 157 148 165
class 0.6744818091392517 148 156 154 164
class 0.8026562333106995 185 157 191 165
class 0.77899169921875 23 172 29 179
class 0.665549099445343 44 171 51 179
class 0.44780609011650085 53 168 58 176
class 0.5305505394935608 50 169 57 178
class 0.633837878704071 90 172 96 180
class 0.38092613220214844 88 169 96 178
class 0.5663679838180542 96 168 102 176
class 0.6324549913406372 92 170 100 179
class 0.687150776386261 129 167 136 175
class 0.817906379699707 190 166 196 175
class 0.8060964941978455 1 183 6 190
class 0.7453691959381104 44 183 50 191
class 0.808840274810791 77 184 84 191
class 0.7468450665473938 131 180 137 187
class 0.4026802182197571 129 176 136 185
class 0.8371356129646301 147 177 154 185
class 0.766183078289032 168 180 174 188
class 0.41955670714378357 167 177 173 184
class 0.6865811944007874 180 183 186 191
class 0.7577126026153564 2 188 7 195
class 0.6485410928726196 42 188 48 196
class 0.6708391904830933 78 189 84 196
class 0.5208296179771423 75 190 82 198
class 0.660704493522644 85 189 90 196
class 0.6085293292999268 128 191 134 198
class 0.8409601449966431 124 193 132 199
class 0.48807045817375183 166 188 173 197
class 0.6845630407333374 179 190 185 197
class 0.37590786814689636 179 188 184 194
