class 0.42906808853149414 57 1 62 6
class 0.8414520025253296 67 5 73 12
class 0.7213124632835388 87 2 93 9
class 0.4711010456085205 84 4 91 12
class 0.5903993844985962 91 0 99 5
class 0.9086493253707886 130 0 137 7
class 0.4028736352920532 127 0 134 6
class 0.9148915410041809 152 3 158 11
class 0.8945554494857788 173 0 180 7
class 0.5498988032341003 196 0 199 5
class 0.82037752866745 0 10 4 17
class 0.662921130657196 24 11 30 19
class 0.46619704365730286 22 13 30 22
class 0.3303455710411072 26 10 34 17
class 0.8359509706497192 78 8 84 16
class 0.9036461710929871 89 15 95 22
class 0.46761801838874817 88 12 96 20
class 0.8193812370300293 110 12 116 20
class 0.31275466084480286 109 9 115 16
class 0.8153307437896729 120 15 126 22
class 0.3694173991680145 116 14 123 24
class 0.3451996147632599 142 10 148 18
class 0.7214348316192627 143 6 152 17
class 0.8658917546272278 159 8 166 16
class 0.7183116674423218 174 14 180 23
class 0.8454947471618652 180 10 187 18
class 0.6717811226844788 176 13 184 22
class 0.44460850954055786 6 19 11 26
class 0.5528059005737305 6 18 15 28
class 0.5572255253791809 20 17 28 28
class 0.7416843175888062 31 25 38 32
class 0.5390554666519165 48 21 54 28
class 0.7669073343276978 56 24 62 32
class 0.5804914832115173 52 22 61 31
class 0.5281814336776733 76 25 82 33
class 0.7384516000747681 72 23 80 33
class 0.6910207867622375 82 20 89 30
class 0.7177507281303406 95 24 103 33
class 0.4538733959197998 102 24 109 32
class 0.530057430267334 113 18 121 27
class 0.7795952558517456 131 19 138 27
class 0.4174811840057373 127 19 136 28
class 0.6631694436073303 133 18 142 27
class 0.667267918586731 151 21 157 28
class 0.45344462990760803 148 17 158 29
class 0.7738604545593262 162 25 168 33
class 0.5173794031143188 159 23 166 33
class 0.7652360796928406 170 22 177 29
class 0.7365711331367493 167 23 175 33
class 0.646345317363739 194 26 199 34
class 0.5698469877243042 189 25 198 34
class 0.9146419763565063 1 35 8 42
class 0.7678368091583252 13 32 19 40
class 0.8628140091896057 25 36 31 43
class 0.7051020264625549 56 36 62 44
class 0.6827266216278076 78 32 84 40
class 0.5008565187454224 77 27 84 38
class 0.7285829782485962 92 31 101 42
class 0.6363843083381653 105 32 112 40
class 0.7231736183166504 126 35 133 42
class 0.8367500305175781 147 29 154 38
class 0.7772225737571716 167 34 174 42
class 0.6726682186126709 185 33 191 41
class 0.5344775915145874 193 30 198 38
class 0.34540751576423645 187 29 196 40
class 0.9092145562171936 10 46 16 53
class 0.8193297982215881 33 40 40 48
class 0.39672091603279114 31 44 39 52
class 0.8397901058197021 45 39 51 47
class 0.39248260855674744 43 39 49 49
class 0.6596037149429321 62 37 70 50
class 0.8273194432258606 77 44 83 52
class 0.7481719255447388 89 46 95 54
class 0.3406519591808319 85 44 93 53
class 0.859775185585022 109 46 114 53
class 0.7298262119293213 164 45 170 53
class 0.8740859031677246 181 45 187 53
class 0.9270980954170227 4 58 10 65
class 0.5661920309066772 34 55 41 62
class 0.6720384955406189 29 50 38 59
class 0.37397491931915283 43 56 49 63
class 0.7162004113197327 39 56 47 65
class 0.7598116993904114 55 57 62 65
class 0.7843881845474243 65 51 71 59
class 0.7917621731758118 99 56 105 64
class 0.33930233120918274 95 50 103 61
class 0.45482033491134644 104 58 110 65
class 0.7223232984542847 116 55 123 63
class 0.7989452481269836 114 57 121 65
class 0.7002245187759399 129 52 135 59
class 0.7609290480613708 125 51 132 59
class 0.34783777594566345 132 53 138 60
class 0.8957427740097046 170 51 176 59
class 0.8070768117904663 6 67 13 74
class 0.5488530397415161 9 64 16 72
class 0.5439527630805969 37 62 43 70
class 0.7876075506210327 46 68 52 76
class 0.5397429466247559 43 66 50 75
class 0.44619616866111755 49 61 57 70
class 0.7265255451202393 95 62 102 70
class 0.7886052131652832 110 62 116 70
class 0.5438711643218994 108 61 114 67
class 0.9029728174209595 118 67 124 76
class 0.6196802258491516 115 66 123 74
class 0.8822870850563049 160 61 166 69
class 0.8182135820388794 15 78 22 86
class 0.3770110309123993 21 71 27 80
class 0.392442524433136 38 78 44 86
class 0.31508636474609375 64 75 71 81
class 0.7677617073059082 60 78 67 85
class 0.440871000289917 70 71 79 80
class 0.8495169281959534 84 72 91 80
class 0.7781661152839661 105 74 111 82
class 0.8349078297615051 130 77 137 85
class 0.3642485439777374 132 76 138 82
class 0.8481125831604004 173 76 179 84
class 0.30947551131248474 175 76 179 81
class 0.7053768634796143 183 71 190 79
class 0.3196846544742584 186 71 194 80
class 0.8791917562484741 77 82 84 91
class 0.6972463130950928 154 87 160 95
class 0.7379223108291626 157 84 163 93
class 0.8197863698005676 174 88 179 95
class 0.8594216108322144 15 93 21 100
class 0.8384143114089966 42 94 48 102
class 0.7653748393058777 53 96 61 104
class 0.3420863449573517 57 95 65 103
class 0.7175929546356201 72 98 79 107
class 0.8377674221992493 116 97 122 106
class 0.7554481625556946 136 94 143 102
class 0.665387749671936 155 99 163 107
class 0.8264503479003906 174 99 180 107
class 0.36780989170074463 0 104 4 111
class 0.8617467880249023 32 103 39 111
class 0.5564501881599426 58 105 64 111
class 0.801725447177887 68 110 73 117
class 0.6670395135879517 64 106 71 115
class 0.31707248091697693 68 106 75 115
class 0.3563316762447357 74 105 81 111
class 0.46627163887023926 71 105 79 115
class 0.813104510307312 100 110 106 118
class 0.7320427894592285 105 104 111 113
class 0.7432063221931458 125 105 132 113
class 0.4342036843299866 125 104 131 109
class 0.8773740530014038 162 104 169 112
class 0.6329374313354492 174 102 180 110
class 0.6170887351036072 195 104 199 111
class 0.6033639907836914 5 120 10 127
class 0.8782535791397095 11 114 18 121
class 0.751642644405365 49 113 57 122
class 0.8166123032569885 69 118 75 127
class 0.6826698184013367 87 114 93 122
class 0.5375552773475647 82 116 90 125
class 0.7292421460151672 91 113 100 122
class 0.7975721955299377 109 118 115 126
class 0.3039077818393707 106 119 112 127
class 0.3125770390033722 122 115 127 123
class 0.7036738395690918 123 113 130 121
class 0.45418184995651245 167 118 175 127
class 0.8249551057815552 191 118 196 126
class 0.3088109791278839 188 114 195 125
class 0.9008562564849854 6 129 11 137
class 0.8098305463790894 46 125 52 132
class 0.8015616536140442 56 127 62 134
class 0.6590370535850525 53 125 60 135
class 0.42073607444763184 79 124 89 133
class 0.841977059841156 100 124 106 131
class 0.43979576230049133 98 126 104 135
class 0.5522564649581909 120 127 126 136
class 0.6455094218254089 117 126 124 134
class 0.5429745316505432 128 130 135 138
class 0.7527347207069397 125 131 131 138
class 0.586852490901947 141 129 147 136
class 0.6536827087402344 136 128 144 136
class 0.6373258233070374 147 130 153 138
class 0.46495580673217773 173 125 178 133
class 0.5719969868659973 187 130 194 139
class 0.8769019842147827 15 136 21 144
class 0.38247668743133545 37 141 43 148
class 0.6126026511192322 38 135 47 144
class 0.5513107776641846 58 142 64 150
class 0.5055469274520874 56 140 62 148
class 0.5598669052124023 65 137 71 146
class 0.7521752119064331 61 140 68 148
class 0.8346694707870483 77 139 83 148
class 0.7807357907295227 74 138 80 147
class 0.462112694978714 79 138 84 146
class 0.6651870012283325 91 135 96 143
class 0.30769193172454834 104 140 111 149
class 0.6638752818107605 135 142 141 150
class 0.4084267318248749 163 141 169 149
class 0.6391006708145142 174 135 180 143
class 0.3361818790435791 169 138 176 146
class 0.3924207389354706 26 152 32 159
class 0.3510095477104187 23 151 30 160
class 0.630898118019104 34 148 40 156
class 0.8434561491012573 30 149 37 158
class 0.6947878003120422 70 151 78 160
class 0.7284838557243347 99 150 105 158
class 0.3123316466808319 97 146 104 155
class 0.6472640633583069 105 149 110 157
class 0.7519136071205139 128 145 134 153
class 0.5934917330741882 124 146 132 154
class 0.6111298203468323 140 149 146 158
class 0.5062106251716614 135 147 142 155
class 0.5337125062942505 138 145 143 152
class 0.4668481945991516 149 150 155 159
class 0.8008730411529541 146 151 151 159
class 0.789010226726532 156 148 162 156
class 0.6256000399589539 172 148 177 156
class 0.5616604089736938 168 147 175 157
class 0.5200389623641968 182 150 188 158
class 0.8375592827796936 177 151 184 159
class 0.3650374412536621 185 148 190 155
class 0.3657272458076477 24 155 31 163
class 0.7630341649055481 38 156 43 164
class 0.581863522529602 58 162 65 169
class 0.6239808201789856 60 159 68 168
class 0.7235395908355713 100 162 106 170
class 0.4778883457183838 97 161 104 169
class 0.3287806808948517 101 159 106 165
class 0.32274243235588074 102 158 109 168
class 0.8172458410263062 120 156 126 164
class 0.8486871123313904 141 159 147 166
class 0.415603905916214 149 157 155 164
class 0.3421630263328552 145 156 152 166
class 0.4147630035877228 158 160 166 170
class 0.8243952393531799 185 157 191 165
class 0.6980375051498413 23 172 29 179
class 0.5947821736335754 46 173 53 180
class 0.5618181824684143 53 170 59 178
class 0.5875729918479919 49 170 58 180
class 0.7256023287773132 90 172 96 180
class 0.6553620100021362 97 168 104 176
class 0.6962333917617798 92 170 100 179
class 0.36592307686805725 95 166 103 174
class 0.8194993734359741 106 172 113 180
class 0.34282323718070984 104 167 113 178
class 0.6716028451919556 129 168 136 175
class 0.800262451171875 162 166 168 174
class 0.8273939490318298 190 166 196 175
class 0.7656803131103516 1 182 7 189
class 0.5864765048027039 0 182 3 191
class 0.7191998362541199 10 181 17 188
class 0.649765133857727 45 181 51 188
class 0.5442808866500854 41 182 50 191
class 0.3687858283519745 42 176 52 187
class 0.8248870968818665 77 183 83 190
class 0.7927111983299255 130 178 137 186
class 0.8483649492263794 147 177 154 185
class 0.7213253974914551 168 180 175 187
class 0.7269920706748962 180 183 186 190
class 0.8162009119987488 2 189 7 196
class 0.3182659149169922 0 190 4 197
class 0.6877254843711853 42 188 49 196
class 0.8421392440795898 78 193 85 199
class 0.443224161863327 86 189 92 196
class 0.6063604950904846 83 185 92 197
class 0.6051228642463684 128 192 134 198
class 0.8285728096961975 124 193 132 199
class 0.30047541856765747 130 191 137 198
class 0.7532597184181213 140 193 146 199
class 0.6048450469970703 137 192 144 199
class 0.4080900549888611 164 190 170 197
class 0.3646051585674286 172 192 178 199
class 0.5195825695991516 166 188 175 198
class 0.6591722965240479 179 191 185 198
class 0.40912818908691406 179 188 184 195
