class 0.8029314279556274 0 2 5 8
class 0.8815006017684937 36 0 43 6
class 0.6414196491241455 56 3 62 9
class 0.5551289916038513 54 0 62 8
class 0.8959557414054871 68 5 74 12
class 0.3254389464855194 64 3 70 11
class 0.8044964075088501 87 3 92 10
class 0.6826515793800354 84 4 89 12
class 0.30963626503944397 95 0 100 7
class 0.48430612683296204 91 0 99 5
class 0.679389476776123 130 2 136 8
class 0.9557121396064758 151 3 157 11
class 0.35281023383140564 147 4 154 11
class 0.43723997473716736 162 4 167 10
class 0.8456399440765381 172 2 178 9
class 0.42524293065071106 168 2 175 10
class 0.8371699452400208 196 0 199 6
class 0.33752843737602234 197 0 199 3
class 0.7979847192764282 0 10 4 17
class 0.5788285732269287 24 10 31 17
class 0.4352739453315735 21 12 32 22
class 0.3448468744754791 23 7 34 17
class 0.8098515272140503 58 9 64 16
class 0.7822806239128113 68 15 74 23
class 0.46725133061408997 65 12 71 22
class 0.8598641157150269 76 12 82 19
class 0.5881037712097168 72 14 80 23
class 0.9046615362167358 90 15 95 23
class 0.39332854747772217 86 13 94 23
class 0.4266711473464966 91 14 95 19
class 0.8807158470153809 111 12 116 19
class 0.7956287860870361 122 14 127 22
class 0.6295864582061768 127 10 133 17
class 0.7457600235939026 124 10 131 20
class 0.5832816362380981 143 8 152 18
class 0.8149734735488892 160 9 166 17
class 0.6607606410980225 156 8 165 18
class 0.7606455087661743 172 13 178 21
class 0.5397303700447083 168 8 179 19
class 0.8127219080924988 180 10 186 18
class 0.7546477317810059 177 12 185 23
class 0.4286958873271942 5 19 10 26
class 0.613961398601532 6 18 16 28
class 0.5028154253959656 20 16 30 28
class 0.8899778127670288 31 24 37 31
class 0.6917867660522461 48 20 54 27
class 0.7950161099433899 55 25 61 32
class 0.49820372462272644 51 21 61 32
class 0.5952926874160767 69 19 74 27
class 0.7267625331878662 76 26 82 34
class 0.6557568907737732 72 24 79 33
class 0.6482101082801819 81 21 88 30
class 0.3425690829753876 83 19 89 25
class 0.5883880853652954 97 25 104 33
class 0.3322765827178955 107 23 113 31
class 0.6997019052505493 103 25 110 33
class 0.3840348720550537 116 20 124 27
class 0.5892175436019897 113 18 121 28
class 0.7628502249717712 131 19 137 27
class 0.4153149724006653 127 18 135 28
class 0.7443475723266602 134 18 141 27
class 0.5806304812431335 150 22 156 29
class 0.4645704925060272 147 17 157 29
class 0.7387998104095459 163 26 169 33
class 0.5216078162193298 160 22 167 33
class 0.724094569683075 170 22 176 29
class 0.7160328030586243 167 22 175 33
class 0.31458792090415955 171 20 181 30
class 0.5875134468078613 193 26 198 33
class 0.6342470049858093 189 25 197 34
class 0.8669393062591553 2 35 7 43
class 0.8024806380271912 13 33 19 41
class 0.8052324652671814 24 36 30 43
class 0.6729018092155457 47 37 53 44
class 0.7408770322799683 57 36 63 44
class 0.323313444852829 53 35 61 44
class 0.7083802819252014 79 30 84 38
class 0.5634422302246094 96 32 102 40
class 0.6246880888938904 92 30 100 40
class 0.7233067750930786 104 33 111 41
class 0.7144370079040527 126 35 132 42
class 0.7703960537910461 148 29 154 38
class 0.8963986039161682 171 36 178 45
class 0.3065268397331238 174 36 179 41
class 0.6077783107757568 184 33 190 41
class 0.4743264615535736 180 32 188 43
class 0.4884738624095917 182 30 193 41
class 0.6764023303985596 0 43 4 51
class 0.44147929549217224 0 44 2 53
class 0.891902506351471 10 46 16 53
class 0.8075885772705078 33 40 40 49
class 0.40662574768066406 31 43 40 52
class 0.8889284729957581 45 39 52 47
class 0.7333058714866638 63 43 70 50
class 0.8734899163246155 77 44 83 52
class 0.47008103132247925 76 41 82 49
class 0.7241071462631226 90 46 96 55
class 0.3540809154510498 86 45 93 53
class 0.8722993731498718 109 46 114 54
class 0.727655291557312 164 44 170 53
class 0.3115294575691223 168 38 174 47
class 0.8338609337806702 179 45 187 54
class 0.401276558637619 183 43 191 51
class 0.788691520690918 193 45 199 52
class 0.6901200413703918 190 42 197 54
class 0.8978864550590515 5 57 11 65
class 0.4248282313346863 34 55 41 62
class 0.6234186291694641 29 51 38 59
class 0.6950553059577942 39 56 46 65
class 0.7019583582878113 55 57 61 64
class 0.6557593941688538 65 51 71 58
class 0.3051697015762329 90 50 96 57
class 0.8449991345405579 99 56 105 64
class 0.41174912452697754 95 54 103 62
class 0.442220538854599 95 50 102 59
class 0.5035407543182373 104 57 110 66
class 0.72455894947052 116 55 123 63
class 0.800724446773529 113 57 121 65
class 0.47959664463996887 129 53 135 61
class 0.7125309705734253 124 50 133 61
class 0.45262449979782104 129 51 139 62
class 0.8112838268280029 169 51 175 59
class 0.556887686252594 178 52 186 63
class 0.9054579734802246 6 67 12 75
class 0.727584719657898 10 63 17 70
class 0.6198198795318604 8 62 15 72
class 0.7645163536071777 37 61 43 69
class 0.9048243165016174 47 68 53 76
class 0.5574783086776733 43 67 51 74
class 0.41058337688446045 51 58 61 69
class 0.7471405863761902 94 61 100 70
class 0.7725480794906616 110 62 115 70
class 0.5498127937316895 108 60 114 68
class 0.8826776742935181 118 68 125 76
class 0.5733112692832947 115 65 123 74
class 0.4828088879585266 132 65 137 72
class 0.7378075122833252 160 61 167 68
class 0.5991377234458923 157 61 164 69
class 0.8971783518791199 16 78 22 85
class 0.5665450692176819 12 77 20 86
class 0.5899245142936707 21 72 27 80
class 0.35119640827178955 38 78 44 86
class 0.3959072530269623 56 76 63 84
class 0.3923383355140686 64 75 72 81
class 0.7610964775085449 60 78 67 85
class 0.3123147487640381 71 73 79 81
class 0.7048194408416748 83 72 91 81
class 0.8040027618408203 105 74 111 82
class 0.8452937006950378 131 77 137 85
class 0.8651748299598694 173 77 179 85
class 0.7743237018585205 184 71 190 79
class 0.8474901914596558 3 86 10 94
class 0.4330320656299591 1 87 4 97
class 0.4554016590118408 15 89 20 96
class 0.472175270318985 9 86 16 95
class 0.5110536217689514 42 88 48 95
class 0.8937795162200928 78 82 84 90
class 0.8212839365005493 153 88 159 95
class 0.8129453063011169 162 88 168 96
class 0.4801707863807678 157 84 165 95
class 0.7890291213989258 174 88 180 95
class 0.6684751510620117 0 94 6 101
class 0.8565868139266968 16 93 22 100
class 0.4571409821510315 14 93 19 101
class 0.5459989905357361 44 97 49 105
class 0.7379519939422607 41 94 47 102
class 0.529417097568512 42 92 49 100
class 0.47525590658187866 55 98 61 105
class 0.7452996373176575 51 98 58 106
class 0.6880396604537964 65 97 71 105
class 0.6846399307250977 61 96 68 105
class 0.32309311628341675 76 100 81 107
class 0.6653921008110046 72 99 79 107
class 0.34912794828414917 92 99 98 107
class 0.837768018245697 116 98 122 106
class 0.8048007488250732 136 93 143 101
class 0.5969970226287842 158 97 165 105
class 0.7959051132202148 156 99 162 106
class 0.7829838395118713 174 98 180 106
class 0.34737545251846313 172 96 178 104
class 0.5792882442474365 0 104 4 111
class 0.8825111389160156 32 103 39 112
class 0.6741079092025757 47 103 53 111
class 0.6254677772521973 58 106 63 112
class 0.8143675327301025 68 110 74 117
class 0.6138692498207092 63 106 71 116
class 0.40970057249069214 69 107 75 114
class 0.5330508351325989 76 104 83 111
class 0.46077921986579895 71 105 80 114
class 0.7670157551765442 100 110 106 118
class 0.6425575017929077 105 104 111 112
class 0.6566328406333923 123 105 131 113
class 0.4612354636192322 125 103 131 110
class 0.8718180656433105 163 105 169 113
class 0.8302939534187317 174 103 180 110
class 0.7848928570747375 194 104 199 111
class 0.45128804445266724 191 104 198 114
class 0.7054974436759949 5 120 11 128
class 0.8812066912651062 12 114 18 121
class 0.43929827213287354 9 114 16 122
class 0.6542069315910339 49 114 57 125
class 0.878860354423523 69 119 75 128
class 0.611602783203125 86 115 93 123
class 0.5563051700592041 82 117 91 126
class 0.7625558376312256 91 114 99 122
class 0.8790878057479858 109 120 115 128
class 0.4289771318435669 111 118 117 126
class 0.7281301617622375 123 113 131 122
class 0.5723077058792114 166 116 174 126
class 0.7886632680892944 185 114 190 122
class 0.8315245509147644 192 120 197 127
class 0.4616473317146301 188 117 196 128
class 0.32045668363571167 193 118 199 126
class 0.9255262613296509 6 128 12 137
class 0.7608343958854675 46 127 52 135
class 0.543618381023407 44 123 51 133
class 0.862236738204956 54 129 60 138
class 0.6207630634307861 51 129 58 138
class 0.3242723047733307 52 125 59 136
class 0.34723713994026184 58 128 63 136
class 0.702373206615448 80 123 89 133
class 0.7825934290885925 100 124 106 131
class 0.5701742172241211 119 127 125 136
class 0.7189165949821472 116 125 124 134
class 0.5789322257041931 128 130 134 137
class 0.7692004442214966 124 129 132 138
class 0.6231679916381836 140 130 146 137
class 0.7614580392837524 136 129 144 137
class 0.7211614847183228 147 130 153 138
class 0.561076283454895 170 123 177 131
class 0.6609060168266296 187 129 194 138
class 0.8826262950897217 15 135 21 144
class 0.6462353467941284 32 140 41 149
class 0.44330424070358276 40 132 49 143
class 0.5945544838905334 65 137 71 145
class 0.6829822659492493 61 139 69 149
class 0.7255964279174805 76 139 82 148
class 0.7144122123718262 73 138 80 147
class 0.6383122801780701 87 139 93 147
class 0.8019726276397705 83 140 91 148
class 0.4124026298522949 89 137 96 145
class 0.7189005613327026 174 135 179 143
class 0.4249423146247864 170 138 177 146
class 0.8122017979621887 194 136 199 143
class 0.45532944798469543 192 135 198 144
class 0.8135588765144348 29 149 37 159
class 0.3018917441368103 31 145 40 154
class 0.8174287676811218 44 146 50 153
class 0.6171274185180664 41 146 48 155
class 0.7885426878929138 58 144 63 153
class 0.6505364775657654 71 150 78 160
class 0.739639937877655 95 150 103 159
class 0.32188883423805237 97 146 104 156
class 0.3320271074771881 99 148 107 156
class 0.5822691917419434 105 149 110 157
class 0.39943942427635193 105 146 109 153
class 0.6037112474441528 127 145 134 153
class 0.6544116735458374 123 145 132 154
class 0.5838105082511902 138 149 145 158
class 0.6104668378829956 135 146 143 155
class 0.7532353401184082 150 150 156 158
class 0.7974697947502136 147 151 153 159
class 0.7852982878684998 160 148 166 156
class 0.6338014602661133 156 148 163 157
class 0.6911288499832153 172 148 178 156
class 0.4986116290092468 168 146 176 157
class 0.606805682182312 182 151 188 158
class 0.782630980014801 178 150 185 158
class 0.4439384639263153 185 148 191 156
class 0.5563046336174011 22 160 28 167
class 0.6446868777275085 20 162 27 171
class 0.8105361461639404 38 156 43 164
class 0.6411144137382507 59 161 64 170
class 0.6619154214859009 60 159 68 168
class 0.7134032249450684 101 162 106 170
class 0.3697561025619507 97 160 104 169
class 0.5691660642623901 105 157 111 165
class 0.5404389500617981 102 159 109 168
class 0.7945934534072876 121 156 126 164
class 0.6495805382728577 118 157 124 165
class 0.7704516649246216 142 160 148 168
class 0.6625121831893921 139 159 146 167
class 0.3406026363372803 143 158 149 165
class 0.7272852063179016 146 160 153 168
class 0.3016897141933441 146 157 151 164
class 0.8665849566459656 185 156 191 164
class 0.8519027233123779 5 173 11 181
class 0.8056442141532898 22 171 29 179
class 0.3326272666454315 20 167 28 174
class 0.3520963191986084 38 174 44 180
class 0.6116119623184204 46 172 52 179
class 0.5781571269035339 42 172 49 181
class 0.5413376688957214 45 169 55 178
class 0.8471336364746094 56 172 63 180
class 0.45676377415657043 52 170 60 180
class 0.8033605217933655 77 167 83 174
class 0.6300017833709717 96 168 103 176
class 0.7339277267456055 92 171 99 179
class 0.7798771858215332 107 173 113 180
class 0.5799310207366943 104 171 111 179
class 0.7081184983253479 129 168 136 176
class 0.7067703604698181 158 166 165 174
class 0.8171084523200989 190 166 196 175
class 0.8732377886772156 1 183 7 190
class 0.5131421685218811 0 182 3 192
class 0.7365038394927979 10 181 17 189
class 0.7732487916946411 26 183 32 191
class 0.7074851989746094 45 181 51 189
class 0.5560786724090576 40 181 48 190
class 0.41215845942497253 42 177 50 185
class 0.43751633167266846 47 179 53 185
class 0.8179184794425964 78 183 84 191
class 0.42524436116218567 87 181 94 189
class 0.3059006929397583 91 177 99 186
class 0.793741762638092 108 180 114 186
class 0.39407461881637573 106 177 113 184
class 0.8175896406173706 131 178 137 186
class 0.3163709044456482 130 177 135 183
class 0.8039124011993408 147 176 154 185
class 0.31587061285972595 149 177 152 183
class 0.7508839964866638 168 179 175 186
class 0.7106223702430725 180 183 186 191
class 0.8078409433364868 2 192 7 198
class 0.3664364218711853 0 191 4 199
class 0.4345880150794983 38 192 44 199
class 0.6843597888946533 43 188 48 196
class 0.6649070978164673 39 188 46 197
class 0.8734309077262878 78 194 85 199
class 0.5088862776756287 83 184 91 197
class 0.5288505554199219 128 192 134 199
class 0.7748000621795654 124 192 132 199
class 0.7241981625556946 140 193 146 199
class 0.6823717951774597 136 192 144 199
class 0.7509381771087646 149 194 155 199
class 0.597862958908081 146 194 153 199
class 0.7818209528923035 171 194 177 199
class 0.7018303275108337 167 192 174 199
class 0.3848431408405304 172 192 179 199
class 0.5388593673706055 180 192 186 199
class 0.4228205382823944 177 191 184 198
class 0.387967050075531 179 188 184 195
