class 0.5091352462768555 2 5 6 12
class 0.4948422908782959 26 0 32 5
class 0.420078307390213 29 0 35 4
class 0.9140185713768005 58 0 64 6
class 0.6482712030410767 84 0 90 5
class 0.7415781021118164 109 3 116 10
class 0.4653911888599396 107 2 115 8
class 0.71207594871521 119 4 125 11
class 0.3639943599700928 114 1 121 8
class 0.8485732078552246 126 3 133 11
class 0.8544409275054932 139 4 145 12
class 0.8965268135070801 147 0 154 6
class 0.5000393986701965 174 0 180 6
class 0.8334305882453918 182 1 188 8
class 0.8624151349067688 195 0 199 7
class 0.506309449672699 192 0 198 6
class 0.9120887517929077 4 9 9 17
class 0.7850796580314636 16 14 22 22
class 0.3448933959007263 12 11 19 21
class 0.47485870122909546 20 12 26 20
class 0.7836015820503235 110 13 117 21
class 0.3732798993587494 111 12 118 18
class 0.37941721081733704 147 13 153 21
class 0.705437421798706 144 15 152 24
class 0.83525550365448 158 9 165 16
class 0.809065580368042 174 14 179 21
class 0.6204065084457397 171 11 181 22
class 0.7941900491714478 180 9 186 17
class 0.8367506861686707 32 23 38 32
class 0.47022882103919983 30 19 40 30
class 0.7371131181716919 75 23 81 30
class 0.875662624835968 126 21 132 29
class 0.885303258895874 0 31 5 39
class 0.3710082471370697 0 31 3 40
class 0.696262538433075 41 32 48 40
class 0.6626985669136047 61 35 69 44
class 0.6886284351348877 81 29 90 39
class 0.8045893907546997 96 33 103 40
class 0.8582420349121094 162 34 168 42
class 0.36606237292289734 194 30 199 37
class 0.7673037052154541 23 45 29 53
class 0.6644121408462524 34 46 40 54
class 0.7481205463409424 67 44 73 53
class 0.6053571701049805 64 43 72 52
class 0.43392327427864075 77 41 84 49
class 0.34142276644706726 72 44 79 54
class 0.7578221559524536 88 41 95 50
class 0.6476355791091919 84 41 92 48
class 0.8389433026313782 116 44 122 54
class 0.7961208820343018 128 41 135 48
class 0.8385882377624512 151 41 158 49
class 0.7355248332023621 174 46 180 55
class 0.4866820275783539 182 44 188 52
class 0.5788671374320984 177 41 185 51
class 0.7848612666130066 187 45 194 54
class 0.8855211138725281 3 52 9 60
class 0.305767297744751 1 52 4 62
class 0.7174010276794434 69 55 75 64
class 0.6481623649597168 70 53 78 61
class 0.7382873296737671 101 57 106 65
class 0.788180410861969 127 57 134 64
class 0.7830868363380432 138 55 145 62
class 0.7860519886016846 185 50 191 59
class 0.7803875207901001 193 53 199 60
class 0.5704769492149353 189 51 196 61
class 0.7350406050682068 9 61 16 70
class 0.8760082125663757 42 66 48 74
class 0.3400416374206543 101 67 106 73
class 0.6289295554161072 122 61 128 69
class 0.8391209244728088 5 71 10 79
class 0.3756839632987976 38 78 43 86
class 0.7476868033409119 69 77 74 85
class 0.7050347328186035 78 71 84 79
class 0.4189888834953308 72 75 80 82
class 0.344413697719574 101 74 107 82
class 0.7814170718193054 104 75 111 84
class 0.8744949698448181 4 87 10 94
class 0.8501871824264526 11 81 17 90
class 0.7418509721755981 36 81 43 90
class 0.5731186866760254 49 82 56 90
class 0.5741714835166931 91 82 99 92
class 0.8057640790939331 105 88 112 96
class 0.7457941770553589 116 88 123 96
class 0.5342130661010742 129 83 136 90
class 0.5064264535903931 125 83 131 90
class 0.7939614057540894 0 93 4 100
class 0.34056705236434937 0 94 2 102
class 0.5441911816596985 19 100 25 107
class 0.33537018299102783 46 95 53 104
class 0.6834508180618286 49 97 57 106
class 0.8038893938064575 149 98 155 106
class 0.6350133419036865 164 93 170 100
class 0.7525908350944519 195 93 199 101
class 0.835330069065094 2 109 8 116
class 0.9284939169883728 15 108 21 116
class 0.8270941972732544 24 103 31 110
class 0.7513406276702881 38 109 43 117
class 0.8278437852859497 67 103 74 111
class 0.3779141306877136 64 105 73 114
class 0.8259888291358948 79 102 85 111
class 0.32343071699142456 75 103 82 112
class 0.6438092589378357 92 106 99 115
class 0.7184193134307861 170 109 176 118
class 0.7440778017044067 1 117 7 125
class 0.9286620616912842 16 120 23 129
class 0.680739164352417 55 117 61 125
class 0.8298163414001465 51 119 58 128
class 0.7749364972114563 100 120 106 128
class 0.577373206615448 98 119 104 127
class 0.7481643557548523 152 116 158 124
class 0.4495373070240021 154 113 162 123
class 0.7013781070709229 196 119 199 127
class 0.9132945537567139 2 126 9 134
class 0.3710837662220001 1 128 3 138
class 0.8305532932281494 43 129 50 138
class 0.3378276228904724 48 128 54 135
class 0.6113008260726929 64 124 70 132
class 0.49706828594207764 90 131 96 139
class 0.3523605763912201 88 129 93 137
class 0.6220130324363708 94 128 101 136
class 0.6805329918861389 92 129 99 138
class 0.6047130823135376 140 126 146 134
class 0.7449157238006592 196 130 199 139
class 0.9467895030975342 5 141 12 149
class 0.6692597270011902 25 135 32 143
class 0.5294421315193176 23 136 28 144
class 0.7829810380935669 47 141 53 150
class 0.8181029558181763 131 140 137 148
class 0.43721652030944824 142 137 148 145
class 0.43805837631225586 141 134 150 143
class 0.7124326229095459 63 149 69 157
class 0.34516024589538574 62 146 68 154
class 0.6375775337219238 75 152 81 159
class 0.7814032435417175 99 146 105 153
class 0.7622302174568176 118 148 124 157
class 0.7521379590034485 128 152 134 159
class 0.8111872673034668 143 145 149 154
class 0.4048546552658081 180 147 187 156
class 0.6674037575721741 177 144 185 153
class 0.37070953845977783 15 163 21 170
class 0.3722665309906006 9 162 16 171
class 0.6418195962905884 75 158 81 165
class 0.8114614486694336 185 155 191 164
class 0.692383348941803 13 168 20 175
class 0.6136009693145752 8 167 17 176
class 0.7378383278846741 21 169 28 177
class 0.6918727159500122 57 174 63 181
class 0.836642324924469 73 167 80 175
class 0.7813622951507568 126 171 132 179
class 0.790818452835083 184 170 190 178
class 0.925947904586792 1 183 6 191
class 0.8730000257492065 21 183 28 190
class 0.5339177250862122 57 177 63 184
class 0.8007349967956543 120 177 127 184
class 0.928922176361084 132 184 138 192
class 0.39475688338279724 129 181 136 190
class 0.6747506856918335 153 182 158 190
class 0.7329215407371521 192 179 198 187
class 0.8488168716430664 14 188 20 196
class 0.5086541175842285 48 191 54 198
class 0.7717342972755432 53 192 59 199
class 0.6694462299346924 50 190 58 199
class 0.7780612707138062 84 191 90 198
class 0.7565417289733887 130 193 137 199
class 0.37091144919395447 145 193 152 199
class 0.3637390434741974 181 194 187 199
class 0.43960824608802795 177 193 185 199
