class 0.836804986000061 4 4 9 11
class 0.38345491886138916 1 2 4 11
class 0.5418420433998108 11 0 17 6
class 0.5117382407188416 7 0 15 7
class 0.5032523274421692 24 0 30 6
class 0.314563512802124 20 0 27 6
class 0.6932402849197388 30 0 36 6
class 0.8438096046447754 56 2 62 8
class 0.44233569502830505 52 3 60 10
class 0.4303573966026306 83 1 89 7
class 0.30142664909362793 106 2 112 8
class 0.6789798140525818 103 1 110 8
class 0.8265329003334045 119 4 125 11
class 0.5546618103981018 114 0 121 7
class 0.8047066926956177 127 3 133 11
class 0.49275434017181396 124 4 131 12
class 0.8138077855110168 139 3 145 11
class 0.8285835981369019 147 0 153 6
class 0.3198399543762207 148 0 152 3
class 0.8353734016418457 168 3 174 11
class 0.7897356152534485 182 1 188 8
class 0.3627430200576782 181 0 187 3
class 0.8906033039093018 195 0 199 7
class 0.4669415354728699 192 0 198 6
class 0.9352967739105225 2 12 8 20
class 0.40006446838378906 0 13 4 22
class 0.8297344446182251 16 13 22 21
class 0.4874367117881775 12 10 19 21
class 0.578661322593689 17 12 25 22
class 0.6630666255950928 53 9 59 17
class 0.6782482266426086 80 14 85 21
class 0.31358349323272705 76 10 87 19
class 0.8508565425872803 84 11 90 19
class 0.8161091804504395 110 13 116 21
class 0.8199182748794556 147 13 153 20
class 0.6551417112350464 158 7 165 16
class 0.7112362384796143 173 14 179 23
class 0.8182929754257202 180 9 186 16
class 0.3589218854904175 196 14 199 21
class 0.8367935419082642 32 23 38 32
class 0.7460448741912842 67 25 72 32
class 0.7155886292457581 63 23 71 33
class 0.6922126412391663 76 22 82 30
class 0.5211387872695923 73 21 81 31
class 0.8524715900421143 126 20 132 29
class 0.8420926928520203 162 19 167 27
class 0.594775378704071 173 22 179 31
class 0.5361381769180298 192 25 197 33
class 0.8019100427627563 188 24 195 34
class 0.8875730037689209 2 33 7 41
class 0.8116674423217773 15 36 21 44
class 0.7191015481948853 12 35 18 43
class 0.6711297035217285 41 33 47 41
class 0.7528159618377686 57 33 63 41
class 0.5226781964302063 56 29 63 39
class 0.6875888705253601 63 36 69 44
class 0.6697765588760376 81 29 89 39
class 0.8177940249443054 97 33 103 41
class 0.9075231552124023 162 35 168 43
class 0.7750235199928284 174 28 180 36
class 0.5417424440383911 185 30 190 37
class 0.3825107216835022 181 28 193 38
class 0.718063473701477 194 35 198 43
class 0.5257118344306946 189 31 198 42
class 0.4922110140323639 193 31 199 40
class 0.7177205681800842 0 41 5 48
class 0.4998725950717926 16 39 22 47
class 0.7469311356544495 23 45 29 53
class 0.6645546555519104 31 46 38 54
class 0.6513738632202148 41 39 47 50
class 0.8241217732429504 56 46 62 54
class 0.3343467712402344 55 42 62 49
class 0.30415990948677063 59 45 64 50
class 0.8554341793060303 68 44 74 52
class 0.46243423223495483 65 42 72 52
class 0.8523496985435486 88 40 94 48
class 0.6427531838417053 85 40 92 48
class 0.8078022003173828 118 45 124 54
class 0.8210774064064026 127 40 134 48
class 0.8640568852424622 142 43 148 52
class 0.30149659514427185 140 41 147 48
class 0.7117012739181519 150 42 156 50
class 0.4240143597126007 145 43 154 52
class 0.8467591404914856 173 47 179 55
class 0.56812584400177 182 44 188 52
class 0.5863487124443054 178 38 188 51
class 0.5780215263366699 191 45 197 53
class 0.7986645102500916 188 45 195 54
class 0.39465340971946716 190 41 197 50
class 0.3738260269165039 194 43 199 50
class 0.9417017698287964 2 52 8 60
class 0.8376535177230835 43 51 49 59
class 0.7567498683929443 68 56 74 64
class 0.3026568591594696 68 54 75 61
class 0.8137973546981812 78 55 84 62
class 0.465837687253952 74 49 83 63
class 0.5699346661567688 76 52 87 64
class 0.524141252040863 86 57 92 65
class 0.6781013011932373 82 58 89 66
class 0.8110427856445312 98 57 104 65
class 0.6742567420005798 94 53 102 62
class 0.3435843586921692 99 54 107 63
class 0.7740088105201721 128 56 134 64
class 0.6870271563529968 137 55 145 64
class 0.34908297657966614 139 54 151 63
class 0.5001596808433533 146 54 153 63
class 0.7162039279937744 144 57 152 65
class 0.8341651558876038 158 52 164 60
class 0.8656843304634094 185 51 191 59
class 0.7633658647537231 194 52 199 60
class 0.4386613965034485 188 49 196 60
class 0.5476258397102356 1 65 6 73
class 0.6077959537506104 0 64 3 75
class 0.6117696166038513 7 61 15 71
class 0.8632967472076416 41 66 47 74
class 0.740528404712677 85 62 92 70
class 0.6729151010513306 122 61 127 68
class 0.7781547904014587 191 65 198 75
class 0.37901851534843445 193 65 199 73
class 0.8362545371055603 6 72 11 80
class 0.9000229835510254 16 78 22 86
class 0.33787956833839417 13 76 19 86
class 0.37855347990989685 17 76 20 83
class 0.7472667694091797 26 74 32 82
class 0.33345717191696167 22 75 28 84
class 0.5705834627151489 28 75 35 83
class 0.699375331401825 69 78 74 86
class 0.6553690433502197 78 72 84 80
class 0.447213739156723 73 74 80 83
class 0.49376341700553894 105 75 112 84
class 0.882045567035675 102 76 109 85
class 0.618323028087616 116 76 122 84
class 0.6883465647697449 113 75 120 83
class 0.5529515147209167 142 78 148 86
class 0.6573392748832703 153 74 159 82
class 0.7939471006393433 170 77 176 85
class 0.3294752240180969 173 75 179 83
class 0.4154137372970581 179 73 185 80
class 0.5037819743156433 176 72 183 80
class 0.8217814564704895 4 86 10 93
class 0.6040632128715515 12 83 18 89
class 0.3542850911617279 8 82 17 93
class 0.7799785733222961 37 82 44 90
class 0.436315655708313 49 84 56 91
class 0.7690394520759583 68 83 74 90
class 0.5445191264152527 79 85 85 91
class 0.4300079941749573 88 83 94 91
class 0.42959222197532654 82 83 90 92
class 0.7946183085441589 90 81 99 90
class 0.8066897988319397 118 89 124 96
class 0.6258190870285034 129 82 136 90
class 0.4327208399772644 125 84 132 91
class 0.3436583876609802 141 82 148 89
class 0.7489768266677856 147 83 153 91
class 0.7146584391593933 3 93 8 100
class 0.8703373074531555 15 96 21 103
class 0.621635913848877 11 92 18 103
class 0.4007473886013031 19 99 26 108
class 0.7182802557945251 49 96 54 104
class 0.3958754241466522 51 95 58 104
class 0.8070303201675415 110 98 115 106
class 0.6329675912857056 106 94 113 103
class 0.3682651221752167 112 98 119 105
class 0.786309540271759 148 98 155 106
class 0.6941356062889099 164 92 170 100
class 0.8197853565216064 174 98 180 106
class 0.49964919686317444 179 98 185 106
class 0.7719700932502747 188 96 196 107
class 0.31169748306274414 193 95 199 104
class 0.6553934216499329 2 110 8 117
class 0.8709015846252441 15 109 21 116
class 0.6698617935180664 12 108 19 118
class 0.710810124874115 25 105 31 112
class 0.3762420415878296 20 104 29 113
class 0.623894214630127 34 110 41 118
class 0.6511445045471191 30 109 38 117
class 0.83745276927948 67 103 73 111
class 0.5166639089584351 81 102 89 112
class 0.669587254524231 92 105 100 115
class 0.7223206162452698 129 109 136 116
class 0.6337511539459229 126 107 133 115
class 0.3750351071357727 128 104 134 113
class 0.7721098065376282 168 109 176 119
class 0.7297176718711853 3 116 9 123
class 0.8810514211654663 15 120 22 128
class 0.3644533157348633 13 118 19 128
class 0.7075704336166382 55 117 61 124
class 0.7854865789413452 52 119 60 128
class 0.7951905131340027 97 120 104 128
class 0.70346599817276 94 119 101 129
class 0.332598477602005 100 118 105 126
class 0.7536025643348694 116 119 124 128
class 0.32105201482772827 121 117 128 125
class 0.577764093875885 127 115 133 123
class 0.6202197670936584 123 117 131 126
class 0.7569729089736938 152 116 158 124
class 0.49019646644592285 149 116 155 124
class 0.3881887197494507 155 114 161 122
class 0.6305120587348938 196 118 199 126
class 0.8018266558647156 4 127 9 135
class 0.8558147549629211 44 129 50 137
class 0.31877776980400085 47 128 53 136
class 0.6484959125518799 64 124 70 132
class 0.6828541159629822 94 129 100 137
class 0.8271447420120239 91 129 99 139
class 0.7487048506736755 103 125 110 135
class 0.7560073733329773 119 130 126 138
class 0.37640053033828735 116 124 125 134
class 0.3593331277370453 120 128 128 134
class 0.5608582496643066 127 128 133 137
class 0.6726954579353333 124 129 131 138
class 0.7822479605674744 135 128 143 138
class 0.35745733976364136 136 125 146 135
class 0.7517346739768982 195 130 199 138
class 0.9358761310577393 5 141 12 149
class 0.5778399109840393 11 139 17 146
class 0.7166432738304138 8 138 15 149
class 0.7496585249900818 23 135 29 143
class 0.7365408539772034 33 140 39 148
class 0.31560763716697693 30 135 39 146
class 0.8153683543205261 47 141 53 150
class 0.7610485553741455 89 135 95 142
class 0.8143042325973511 111 141 116 148
class 0.8454803824424744 132 141 138 149
class 0.8361945748329163 149 141 155 149
class 0.3171139359474182 147 136 154 146
class 0.7269018292427063 16 150 22 158
class 0.4800395667552948 12 148 19 157
class 0.6415868997573853 21 150 27 158
class 0.8149837851524353 36 152 42 160
class 0.754753053188324 57 152 63 160
class 0.7573963403701782 53 152 59 160
class 0.39278337359428406 59 149 64 156
class 0.7180677056312561 67 149 73 157
class 0.6807109117507935 61 149 68 158
class 0.33769091963768005 68 148 75 155
class 0.6858588457107544 74 151 80 159
class 0.3216330409049988 72 147 80 156
class 0.8468506932258606 97 145 103 153
class 0.38077512383461 110 152 116 159
class 0.599220871925354 119 149 125 157
class 0.3065543472766876 115 149 123 156
class 0.6121957898139954 116 144 124 153
class 0.7337920069694519 127 152 134 160
class 0.7327659130096436 142 145 148 153
class 0.5856829285621643 180 149 187 157
class 0.6597203612327576 178 145 185 155
class 0.376569002866745 194 151 199 158
class 0.9093650579452515 2 160 9 168
class 0.35728973150253296 0 161 3 170
class 0.8497229814529419 16 162 21 170
class 0.5557657480239868 12 162 18 171
class 0.32650884985923767 35 156 41 162
class 0.855082631111145 48 159 54 167
class 0.7053442597389221 57 156 62 163
class 0.40340280532836914 50 156 58 165
class 0.7849786281585693 75 157 81 164
class 0.598680853843689 110 157 117 164
class 0.8723286986351013 118 157 124 165
class 0.589383065700531 114 157 121 166
class 0.3160307705402374 122 158 126 166
class 0.7227250933647156 149 162 155 169
class 0.6589236259460449 146 161 153 170
class 0.7476422786712646 161 162 167 169
class 0.749393880367279 157 161 165 169
class 0.6469571590423584 184 156 190 164
class 0.7700603604316711 195 161 199 169
class 0.3963891267776489 190 157 198 166
class 0.4383910000324249 194 158 199 166
class 0.6536759734153748 3 171 9 179
class 0.6511830687522888 13 169 19 177
class 0.6609135866165161 9 168 15 178
class 0.7352932691574097 21 170 27 178
class 0.8422803282737732 57 173 63 180
class 0.6027529835700989 69 169 75 177
class 0.7287652492523193 78 172 84 179
class 0.5151114463806152 74 168 81 178
class 0.6074644327163696 81 172 88 180
class 0.6558065414428711 109 172 115 179
class 0.6295643448829651 105 172 112 179
class 0.8560312986373901 127 172 133 179
class 0.8428419232368469 184 170 190 178
class 0.33212995529174805 195 168 199 176
class 0.9294052720069885 1 180 7 188
class 0.3936886489391327 0 182 3 191
class 0.8068996071815491 22 183 28 191
class 0.8177183866500854 101 181 106 189
class 0.5141346454620361 110 184 116 191
class 0.5423130393028259 120 179 126 187
class 0.41621068120002747 115 182 123 190
class 0.4266655147075653 127 183 134 191
class 0.6724245548248291 123 183 131 192
class 0.6166031956672668 140 184 146 191
class 0.7415825128555298 137 183 143 190
class 0.548071026802063 152 183 158 190
class 0.670073926448822 147 182 153 190
class 0.7827711701393127 170 177 177 185
class 0.7397204637527466 193 179 198 187
class 0.6725800037384033 3 193 8 199
class 0.7317258715629578 14 190 21 197
class 0.5185000896453857 11 191 18 199
class 0.4557700753211975 13 188 19 195
class 0.7803618907928467 25 194 31 199
class 0.5657615661621094 22 192 28 199
class 0.40432021021842957 27 192 31 199
class 0.4058093726634979 28 193 36 199
class 0.5761818289756775 48 190 54 198
class 0.7280313372612 53 193 59 199
class 0.6649609208106995 50 191 58 199
class 0.7892076969146729 84 191 91 198
class 0.6750498414039612 112 188 117 196
class 0.832983136177063 132 193 138 199
class 0.3452206552028656 177 194 183 199
