class 0.7796753644943237 4 3 9 10
class 0.43906474113464355 1 2 4 11
class 0.31939396262168884 27 0 32 5
class 0.7763916850090027 31 0 37 6
class 0.9032297730445862 57 0 64 6
class 0.5570244789123535 84 0 89 5
class 0.5290716290473938 108 3 114 10
class 0.5963637232780457 104 1 112 8
class 0.7140347957611084 118 3 125 10
class 0.5597113370895386 114 0 121 7
class 0.7961212992668152 126 4 133 11
class 0.8324840664863586 139 4 145 11
class 0.872026264667511 147 0 153 5
class 0.4132137596607208 174 0 180 5
class 0.7993914484977722 181 1 188 7
class 0.8841727375984192 195 0 199 7
class 0.5473947525024414 192 0 198 6
class 0.9275797605514526 4 9 10 16
class 0.8181179761886597 16 13 22 21
class 0.35082384943962097 12 10 20 21
class 0.44530361890792847 17 12 26 22
class 0.7765875458717346 110 13 117 21
class 0.3154509961605072 147 13 153 21
class 0.611280620098114 144 15 152 24
class 0.8179864883422852 158 9 165 16
class 0.7661349177360535 173 15 178 21
class 0.6623318195343018 170 12 180 23
class 0.7949451804161072 179 10 186 17
class 0.513653039932251 177 6 188 20
class 0.8298543691635132 32 23 38 31
class 0.8129753470420837 66 25 72 33
class 0.7569417357444763 76 23 82 30
class 0.8806378841400146 126 20 132 29
class 0.9317348599433899 1 31 7 39
class 0.7262834310531616 42 32 48 40
class 0.551235556602478 61 35 68 44
class 0.6852205991744995 81 29 89 38
class 0.794006884098053 97 34 103 41
class 0.8834654688835144 162 35 167 42
class 0.6427521109580994 194 29 199 37
class 0.7437552213668823 23 45 29 54
class 0.7136996984481812 33 46 39 54
class 0.8058925867080688 67 43 73 52
class 0.345675528049469 70 44 74 50
class 0.43452486395835876 77 42 83 49
class 0.8044304847717285 88 41 95 49
class 0.6385711431503296 84 41 92 48
class 0.8154292702674866 117 45 123 54
class 0.8318413496017456 128 41 135 48
class 0.8381533622741699 151 41 157 49
class 0.674268901348114 174 46 180 54
class 0.4945935308933258 181 43 187 51
class 0.6856969594955444 177 40 184 50
class 0.7518350481987 187 45 194 54
class 0.8758533000946045 3 53 8 60
class 0.7341241240501404 68 56 74 64
class 0.7367755174636841 74 51 80 60
class 0.6680150032043457 101 57 107 65
class 0.8339347243309021 128 57 134 65
class 0.7871366739273071 139 55 145 62
class 0.8159471154212952 185 51 190 60
class 0.8046849966049194 194 53 199 60
class 0.3681425154209137 190 50 197 60
class 0.3443622589111328 4 65 8 71
class 0.649259090423584 9 61 16 70
class 0.8299601078033447 41 66 47 74
class 0.4112381339073181 100 65 106 72
class 0.6984005570411682 122 61 128 68
class 0.7913475036621094 194 68 199 75
class 0.8724998235702515 5 72 10 79
class 0.7267030477523804 69 77 75 85
class 0.7047873735427856 78 71 84 79
class 0.361655592918396 73 75 80 82
class 0.3168933093547821 101 74 107 81
class 0.790976345539093 104 75 111 84
class 0.8821117281913757 5 88 11 95
class 0.7092134356498718 10 82 17 90
class 0.6789222359657288 37 81 43 89
class 0.43424293398857117 49 83 57 91
class 0.7418835759162903 91 81 99 91
class 0.3649386167526245 105 87 112 95
class 0.7610636353492737 119 88 125 96
class 0.5483834147453308 129 83 136 90
class 0.6102253198623657 125 83 131 90
class 0.9157228469848633 3 93 9 99
class 0.714958667755127 15 96 22 103
class 0.4180392920970917 19 99 26 107
class 0.7014273405075073 48 96 54 104
class 0.5438817143440247 105 93 112 101
class 0.8066536784172058 148 98 155 106
class 0.6841883063316345 164 93 170 101
class 0.7116197943687439 195 93 199 101
class 0.8285183906555176 2 110 9 117
class 0.945808470249176 16 109 22 117
class 0.8489208221435547 24 103 31 111
class 0.7972252368927002 38 109 43 117
class 0.8258036375045776 67 104 74 111
class 0.8118090033531189 79 103 85 111
class 0.4371778070926666 95 107 101 115
class 0.5715155005455017 92 106 99 114
class 0.7561745047569275 170 109 176 117
class 0.7936754822731018 2 117 8 124
class 0.9355573654174805 16 120 23 128
class 0.7214207053184509 55 117 61 124
class 0.8084272742271423 51 119 59 128
class 0.7891688346862793 99 120 106 128
class 0.64543217420578 97 119 103 127
class 0.7166644930839539 152 116 158 124
class 0.42229610681533813 150 116 155 124
class 0.39374932646751404 155 113 162 123
class 0.7202411890029907 196 119 199 127
class 0.8747655153274536 2 126 9 134
class 0.321198046207428 1 128 3 138
class 0.33725813031196594 7 124 15 134
class 0.8557637929916382 43 129 50 138
class 0.3036482632160187 48 128 54 135
class 0.723068356513977 63 124 70 132
class 0.39961427450180054 91 131 96 139
class 0.613854169845581 94 127 100 135
class 0.7199645638465881 92 129 98 137
class 0.6919071078300476 122 130 127 137
class 0.7255104780197144 140 125 146 132
class 0.7706428170204163 196 130 199 139
class 0.9398898482322693 5 141 12 149
class 0.6386565566062927 24 136 30 144
class 0.6269053220748901 21 136 28 144
class 0.4248166084289551 28 133 36 143
class 0.7272754907608032 47 141 53 149
class 0.5607205629348755 89 134 95 141
class 0.8228994011878967 132 141 138 148
class 0.5641186237335205 130 138 136 147
class 0.6694769263267517 144 135 151 144
class 0.38633421063423157 59 147 65 154
class 0.683287501335144 64 148 70 156
class 0.4002077579498291 62 145 69 154
class 0.6028558611869812 75 152 81 159
class 0.8481433987617493 99 145 106 153
class 0.8264683485031128 117 148 124 157
class 0.40454554557800293 115 145 123 155
class 0.769554615020752 128 152 135 159
class 0.8488312363624573 143 145 148 153
class 0.6095922589302063 180 148 187 156
class 0.6948515772819519 178 144 185 154
class 0.7935377359390259 1 162 7 170
class 0.3646433651447296 0 162 3 172
class 0.6562005281448364 16 163 22 171
class 0.3826519846916199 12 163 17 171
class 0.6994945406913757 75 154 81 163
class 0.7620258331298828 111 157 117 164
class 0.7768537998199463 185 156 190 164
class 0.570568323135376 1 167 6 174
class 0.6058417558670044 13 168 20 175
class 0.6332400441169739 10 167 17 175
class 0.7871706485748291 21 169 28 177
class 0.7730023264884949 57 173 63 181
class 0.8104248046875 73 167 80 175
class 0.8182199597358704 108 172 114 179
class 0.8147046566009521 126 171 132 179
class 0.7665714025497437 184 169 190 177
class 0.9350645542144775 0 183 6 190
class 0.8410545587539673 21 183 28 191
class 0.7716360092163086 121 177 127 186
class 0.8798471093177795 130 183 136 191
class 0.4472210109233856 127 180 135 190
class 0.719957172870636 153 182 159 190
class 0.8092486262321472 192 178 198 186
class 0.8180396556854248 14 188 21 196
class 0.820625901222229 27 194 33 199
class 0.3125772178173065 28 193 31 199
class 0.35781562328338623 48 191 54 198
class 0.7664973139762878 53 192 59 199
class 0.6801452040672302 50 190 58 199
class 0.7936559915542603 84 191 90 199
class 0.7059078812599182 131 193 137 199
class 0.47082656621932983 145 194 152 199
class 0.4013811945915222 177 192 183 199
