class 0.8211177587509155 3 4 8 11
class 0.5175769329071045 0 2 4 12
class 0.7196834683418274 11 1 17 7
class 0.5454449653625488 26 0 31 6
class 0.6731326580047607 31 0 37 6
class 0.8762956857681274 56 0 63 7
class 0.35393622517585754 54 2 61 9
class 0.3340666890144348 83 1 89 6
class 0.3349595367908478 106 3 112 10
class 0.7745735049247742 103 2 110 9
class 0.8288887739181519 119 4 125 11
class 0.54376220703125 114 0 120 7
class 0.818895161151886 127 4 134 11
class 0.4300813376903534 125 4 131 12
class 0.8262107372283936 138 4 145 11
class 0.8229127526283264 148 0 153 7
class 0.7840224504470825 166 4 173 12
class 0.7885465025901794 182 1 188 8
class 0.30686259269714355 181 0 186 3
class 0.895990788936615 195 0 199 7
class 0.5056175589561462 192 0 198 6
class 0.9291839003562927 2 11 7 19
class 0.3494237959384918 0 12 3 21
class 0.803300142288208 16 13 22 21
class 0.47102808952331543 13 11 19 21
class 0.45825234055519104 20 12 26 20
class 0.3975747525691986 50 7 59 17
class 0.5924239754676819 80 14 85 22
class 0.7686724066734314 83 11 89 19
class 0.8227345943450928 110 13 116 21
class 0.8303300738334656 146 13 153 20
class 0.7137113809585571 158 9 165 16
class 0.7780784964561462 173 15 179 23
class 0.7950587272644043 180 9 186 16
class 0.3891255557537079 177 9 185 19
class 0.6111308336257935 196 14 199 21
class 0.839454710483551 33 23 39 32
class 0.3923831880092621 31 20 39 29
class 0.7938036322593689 67 25 72 32
class 0.7137936949729919 63 23 71 33
class 0.7043481469154358 76 23 81 30
class 0.518012285232544 73 21 81 32
class 0.8915654420852661 126 20 132 29
class 0.6424403786659241 174 23 180 31
class 0.3082602918148041 172 18 179 25
class 0.30557605624198914 175 21 181 27
class 0.533805251121521 192 26 197 33
class 0.8242601752281189 188 25 195 35
class 0.9361914396286011 2 32 8 40
class 0.7549468278884888 14 35 21 42
class 0.5421335697174072 39 32 47 43
class 0.6944777369499207 56 32 62 41
class 0.36919721961021423 55 30 67 42
class 0.6992176175117493 63 36 69 44
class 0.658558189868927 82 28 90 37
class 0.7978980541229248 96 34 103 41
class 0.8721578121185303 162 35 167 42
class 0.6328067779541016 174 28 180 36
class 0.35489422082901 184 31 190 38
class 0.7501347661018372 194 35 199 43
class 0.578594982624054 190 31 198 42
class 0.4918438494205475 194 32 199 40
class 0.4951108694076538 16 40 22 47
class 0.7717010974884033 23 45 29 53
class 0.6698765754699707 31 46 38 54
class 0.5688556432723999 41 45 48 52
class 0.8394347429275513 56 46 62 54
class 0.3155844211578369 55 42 62 50
class 0.3514305353164673 58 44 64 51
class 0.8557091951370239 68 44 74 52
class 0.43380963802337646 65 42 72 52
class 0.8396749496459961 89 40 95 48
class 0.6378627419471741 85 40 92 49
class 0.8184399008750916 118 45 124 54
class 0.7876999378204346 126 40 134 48
class 0.8544129133224487 142 43 148 52
class 0.6881916522979736 150 42 157 49
class 0.5638375282287598 145 42 155 52
class 0.7730891108512878 173 46 180 55
class 0.5716420412063599 182 44 188 51
class 0.5925431847572327 177 41 186 51
class 0.6104481816291809 191 45 197 53
class 0.8354192972183228 188 45 195 54
class 0.3573686182498932 190 41 198 50
class 0.3590448200702667 194 43 199 50
class 0.9316630959510803 2 52 8 59
class 0.8242383003234863 43 51 49 58
class 0.8114641308784485 67 56 73 64
class 0.4137571156024933 66 54 76 62
class 0.8062638640403748 78 54 84 62
class 0.4977326989173889 73 52 81 63
class 0.6082871556282043 76 52 88 64
class 0.48588672280311584 86 57 92 65
class 0.584347665309906 82 57 89 66
class 0.7913193702697754 98 56 104 64
class 0.6455119848251343 94 53 102 63
class 0.7743878960609436 128 56 134 63
class 0.693123996257782 137 54 145 64
class 0.4050297439098358 147 54 154 63
class 0.7277145385742188 144 56 153 65
class 0.808814287185669 158 51 164 59
class 0.8528580069541931 185 51 191 59
class 0.7851759195327759 194 52 199 60
class 0.4740751087665558 189 49 196 60
class 0.5081930160522461 2 66 7 73
class 0.5270758271217346 0 65 3 75
class 0.6755093932151794 10 61 17 70
class 0.8384453058242798 41 67 47 74
class 0.7852636575698853 84 62 91 70
class 0.6487523317337036 122 61 127 69
class 0.34169089794158936 179 67 185 74
class 0.7510415315628052 190 65 198 76
class 0.3110717833042145 193 65 199 74
class 0.8309046626091003 5 72 10 80
class 0.9104052186012268 16 79 22 86
class 0.3350459635257721 14 76 19 86
class 0.36383315920829773 17 77 21 83
class 0.742557942867279 27 74 32 82
class 0.36812323331832886 32 77 38 85
class 0.6790735125541687 70 78 75 86
class 0.7025579810142517 77 71 84 79
class 0.5016321539878845 72 75 79 83
class 0.8661472201347351 102 75 109 85
class 0.6778116226196289 116 76 122 84
class 0.7279691696166992 114 74 120 82
class 0.47559309005737305 142 78 148 86
class 0.7362808585166931 169 76 175 84
class 0.4316438138484955 179 73 185 80
class 0.5952563285827637 176 72 183 80
class 0.8659602999687195 4 87 10 94
class 0.5868251323699951 13 83 19 90
class 0.3429330587387085 8 82 17 93
class 0.80367112159729 37 82 44 89
class 0.4236328899860382 49 84 56 91
class 0.7222347855567932 68 83 74 90
class 0.49213138222694397 66 84 72 92
class 0.6965346932411194 91 80 99 90
class 0.8077951669692993 119 89 125 96
class 0.6091065406799316 129 82 136 90
class 0.48179739713668823 125 84 132 91
class 0.32404303550720215 142 83 147 90
class 0.7204939723014832 147 83 154 92
class 0.8172060251235962 3 94 8 100
class 0.3040425777435303 0 94 3 104
class 0.809526264667511 15 97 21 104
class 0.6047298908233643 11 92 18 103
class 0.4564457833766937 19 99 25 108
class 0.7267680168151855 49 95 54 103
class 0.7915471196174622 110 98 116 106
class 0.6081438660621643 106 94 114 103
class 0.3485507071018219 112 98 119 106
class 0.8307367563247681 148 98 155 106
class 0.6480855941772461 164 93 170 101
class 0.4319564402103424 168 93 175 102
class 0.3318401575088501 179 97 185 106
class 0.7506700158119202 175 98 183 108
class 0.7413948774337769 188 96 197 107
class 0.3002946674823761 193 95 199 104
class 0.7187564373016357 2 110 8 117
class 0.8910958766937256 15 109 21 117
class 0.7348735928535461 25 105 31 113
class 0.5863336324691772 23 101 30 113
class 0.669413149356842 35 110 41 118
class 0.659031331539154 30 109 38 117
class 0.857481837272644 67 103 74 111
class 0.39434584975242615 65 105 73 113
class 0.6154913902282715 81 102 89 112
class 0.6974326372146606 92 105 99 114
class 0.7060389518737793 130 104 136 111
class 0.5187711119651794 127 105 134 113
class 0.7452038526535034 168 109 175 118
class 0.7482259273529053 3 117 8 124
class 0.30106687545776367 0 117 3 126
class 0.90506911277771 16 120 22 128
class 0.48874419927597046 13 118 20 128
class 0.7086704969406128 55 118 61 125
class 0.857556939125061 51 119 58 128
class 0.7525190114974976 97 120 104 128
class 0.6714962720870972 94 119 101 129
class 0.3199276328086853 100 117 105 126
class 0.7518835067749023 116 118 124 128
class 0.33295243978500366 120 117 128 125
class 0.5362313985824585 123 118 130 127
class 0.7243855595588684 152 116 158 124
class 0.434568852186203 149 116 155 124
class 0.49329933524131775 155 113 161 122
class 0.6811482310295105 196 118 199 126
class 0.8594914674758911 3 127 9 135
class 0.35581305623054504 0 127 3 137
class 0.3539961576461792 7 126 14 135
class 0.8489829897880554 45 129 51 137
class 0.3190218210220337 48 128 53 136
class 0.6372257471084595 64 124 70 132
class 0.392989844083786 91 131 96 139
class 0.712188720703125 94 128 101 136
class 0.7943663597106934 92 129 99 138
class 0.3063430190086365 94 124 100 133
class 0.8084612488746643 105 126 112 134
class 0.7546634674072266 120 130 127 138
class 0.6524479389190674 118 128 126 136
class 0.3193349242210388 117 124 125 133
class 0.44400888681411743 127 128 133 135
class 0.508129358291626 123 129 130 138
class 0.814670205116272 135 129 143 138
class 0.3328455686569214 136 125 146 134
class 0.7579662203788757 196 129 199 138
class 0.9389851093292236 6 141 12 149
class 0.675071656703949 7 139 15 148
class 0.7543142437934875 23 135 30 143
class 0.41486456990242004 29 133 37 144
class 0.7044733166694641 46 141 52 149
class 0.7073754072189331 89 135 95 142
class 0.877869188785553 132 141 138 149
class 0.859711766242981 150 140 156 148
class 0.4729938805103302 146 138 155 147
class 0.6949096918106079 16 151 22 158
class 0.34551072120666504 12 149 20 157
class 0.607454240322113 21 150 28 158
class 0.6019045114517212 19 151 26 159
class 0.7860583066940308 35 152 41 159
class 0.3953348696231842 48 149 54 157
class 0.5911268591880798 55 149 62 156
class 0.598388671875 51 151 58 160
class 0.6764355897903442 66 149 72 156
class 0.7348595857620239 62 147 69 156
class 0.6848727464675903 74 151 80 159
class 0.3281427025794983 72 147 80 156
class 0.8310308456420898 98 145 104 153
class 0.6414692997932434 111 152 116 160
class 0.5229630470275879 120 149 126 157
class 0.5333163142204285 117 144 123 154
class 0.7952669262886047 127 151 133 159
class 0.8215054869651794 143 145 148 153
class 0.3766922652721405 139 146 147 155
class 0.6158919334411621 181 149 188 157
class 0.6770394444465637 177 145 186 155
class 0.8288594484329224 3 161 8 169
class 0.35448482632637024 0 160 3 170
class 0.7896130084991455 15 163 21 171
class 0.5458335280418396 11 163 17 170
class 0.7921143770217896 48 156 54 164
class 0.4547232687473297 46 158 52 166
class 0.7932047843933105 75 157 81 165
class 0.6938663721084595 111 157 117 164
class 0.8928992748260498 117 156 124 165
class 0.6208940744400024 113 157 121 165
class 0.6678553223609924 150 161 156 169
class 0.6673325300216675 145 162 153 170
class 0.7387444972991943 161 162 167 168
class 0.7102154493331909 157 161 165 169
class 0.6742620468139648 184 156 190 164
class 0.8489329814910889 196 162 199 170
class 0.3277982175350189 195 158 199 167
class 0.685601532459259 12 168 19 177
class 0.7297238111495972 9 169 15 176
class 0.8125556111335754 21 169 28 177
class 0.5543562173843384 20 169 25 176
class 0.74234938621521 58 173 64 181
class 0.5669230222702026 69 168 75 176
class 0.6990207433700562 78 172 84 179
class 0.5428719520568848 73 168 81 177
class 0.4006328880786896 83 170 89 178
class 0.6614950299263 81 171 88 180
class 0.712318480014801 109 172 116 179
class 0.660092294216156 105 172 112 179
class 0.8571603894233704 127 171 133 179
class 0.8292028903961182 184 169 190 177
class 0.9344464540481567 0 182 6 190
class 0.8331613540649414 22 183 29 191
class 0.8151340484619141 101 180 106 189
class 0.5387086868286133 122 179 127 187
class 0.5556496977806091 128 183 134 191
class 0.6677295565605164 124 182 131 192
class 0.5736342072486877 140 184 146 191
class 0.7253849506378174 136 183 142 190
class 0.4575655460357666 151 182 157 189
class 0.6862010955810547 147 182 153 190
class 0.32034024596214294 154 181 162 189
class 0.7504944205284119 193 179 198 187
class 0.3089447021484375 1 191 6 198
class 0.7591378092765808 14 189 21 196
class 0.8415580987930298 25 194 32 199
class 0.5576385259628296 22 193 28 199
class 0.35256004333496094 28 193 31 199
class 0.4290488660335541 28 193 36 199
class 0.43574047088623047 48 191 54 198
class 0.7461676001548767 53 193 60 199
class 0.6715373396873474 50 191 59 199
class 0.7692357897758484 84 191 91 198
class 0.857968807220459 131 194 137 199
