class 0.8534172177314758 3 4 8 11
class 0.45882368087768555 0 2 3 11
class 0.6758669018745422 11 0 17 6
class 0.5322848558425903 8 0 14 7
class 0.5584474802017212 24 0 30 6
class 0.3457616865634918 21 0 27 6
class 0.7842577695846558 30 0 36 6
class 0.8617836833000183 56 1 63 8
class 0.32545149326324463 53 3 61 10
class 0.4438665807247162 83 0 89 6
class 0.721591055393219 103 1 109 8
class 0.7974511981010437 118 4 124 11
class 0.5763530731201172 114 0 121 7
class 0.8432564735412598 127 4 134 11
class 0.7881045341491699 139 4 145 11
class 0.8864073753356934 147 1 153 7
class 0.3070562481880188 149 0 151 3
class 0.39994922280311584 163 4 169 12
class 0.8201764225959778 166 5 172 12
class 0.7942694425582886 182 1 188 8
class 0.3337880074977875 181 0 186 3
class 0.9169501662254333 195 0 199 7
class 0.472408264875412 192 0 199 6
class 0.9395541548728943 2 12 8 19
class 0.3753288984298706 0 13 4 22
class 0.8455516695976257 16 14 22 22
class 0.45831045508384705 12 11 19 21
class 0.5284299254417419 18 13 25 22
class 0.704920768737793 52 8 59 17
class 0.7095901370048523 80 14 86 22
class 0.8107165098190308 83 10 89 19
class 0.8276730179786682 110 12 116 20
class 0.8180020451545715 146 13 152 20
class 0.6459276676177979 158 7 165 16
class 0.8271608948707581 173 15 179 23
class 0.8280764818191528 180 8 186 16
class 0.4242338240146637 177 9 184 18
class 0.3928912580013275 196 13 199 20
class 0.8419787287712097 32 23 38 31
class 0.7938908934593201 66 25 72 33
class 0.7358046174049377 63 24 70 33
class 0.7012364864349365 76 22 82 30
class 0.5140659809112549 73 21 81 32
class 0.8506653904914856 126 20 132 29
class 0.7421683669090271 161 19 167 27
class 0.5348102450370789 174 23 179 31
class 0.5178149342536926 191 25 197 33
class 0.8350334763526917 187 25 194 34
class 0.9292564988136292 2 32 8 40
class 0.7955131530761719 14 36 21 43
class 0.7312207818031311 11 35 17 44
class 0.31916990876197815 17 34 21 41
class 0.6462827324867249 41 33 47 40
class 0.6947158575057983 56 33 62 41
class 0.7088531851768494 62 36 69 44
class 0.6138764023780823 83 27 90 37
class 0.7797223329544067 96 33 103 40
class 0.9154199957847595 162 35 167 43
class 0.7985227108001709 174 28 180 36
class 0.4460294842720032 185 30 190 38
class 0.6793472766876221 194 35 198 43
class 0.5164991021156311 188 31 197 42
class 0.41744741797447205 194 32 199 39
class 0.5784962773323059 16 40 22 47
class 0.7858990430831909 23 45 29 53
class 0.668556272983551 31 46 38 54
class 0.4733423888683319 40 44 46 53
class 0.48594290018081665 41 39 47 49
class 0.8401320576667786 56 46 62 54
class 0.31166350841522217 55 42 61 50
class 0.3052970767021179 59 45 64 51
class 0.8941136002540588 68 45 74 53
class 0.49545806646347046 66 43 72 52
class 0.438144713640213 70 43 74 50
class 0.8137122392654419 88 40 94 48
class 0.6005964875221252 84 40 92 49
class 0.7659785747528076 118 45 124 54
class 0.7866500020027161 127 41 134 48
class 0.846834659576416 142 44 148 52
class 0.5952223539352417 150 42 157 49
class 0.455208420753479 145 41 155 52
class 0.7917542457580566 173 47 179 55
class 0.5595937967300415 182 44 188 52
class 0.5613352656364441 177 41 186 51
class 0.6387373208999634 192 45 197 53
class 0.75657057762146 188 45 195 54
class 0.42455005645751953 191 41 197 49
class 0.34632906317710876 195 43 199 50
class 0.9195684790611267 2 52 8 59
class 0.8448299765586853 42 51 49 58
class 0.7706003785133362 68 56 73 64
class 0.3364419937133789 67 54 76 61
class 0.8064772486686707 77 55 83 63
class 0.5158453583717346 73 53 81 63
class 0.5223786234855652 76 52 87 64
class 0.5720182061195374 87 57 93 65
class 0.6154279708862305 83 58 89 66
class 0.7299636602401733 98 56 104 64
class 0.6678443551063538 94 53 102 63
class 0.3758624196052551 99 54 107 63
class 0.8005949854850769 128 56 134 64
class 0.5371637940406799 125 57 132 64
class 0.6597889065742493 137 54 145 64
class 0.6162465810775757 144 57 152 66
class 0.791130781173706 158 51 165 59
class 0.866614043712616 185 51 191 59
class 0.8029613494873047 194 52 199 60
class 0.4272466003894806 189 49 196 61
class 0.5816397070884705 1 65 6 72
class 0.5458260178565979 0 64 3 75
class 0.6743571162223816 10 61 16 70
class 0.8608489632606506 41 67 47 74
class 0.7049944996833801 84 62 91 70
class 0.6799766421318054 122 61 127 68
class 0.46415477991104126 176 66 183 77
class 0.7540645599365234 190 65 198 76
class 0.8224336504936218 6 72 10 80
class 0.9071947932243347 16 78 22 86
class 0.30342066287994385 13 77 19 86
class 0.37321269512176514 17 77 20 83
class 0.3148183524608612 21 75 28 84
class 0.309918612241745 31 77 37 85
class 0.7844889760017395 28 75 35 82
class 0.7220669984817505 69 78 74 86
class 0.7018706202507019 78 71 84 79
class 0.5200731158256531 72 75 79 83
class 0.5463372468948364 105 75 112 84
class 0.8671665787696838 102 76 109 85
class 0.7476386427879333 113 75 120 83
class 0.7467500567436218 142 78 149 87
class 0.445891410112381 153 73 158 81
class 0.8279017806053162 170 77 176 85
class 0.3002600073814392 173 75 180 83
class 0.5288639664649963 176 72 183 81
class 0.8638046979904175 4 86 10 93
class 0.5328335165977478 12 83 18 89
class 0.3873552978038788 8 82 16 93
class 0.8144181370735168 37 81 44 89
class 0.47673338651657104 49 84 56 92
class 0.8054862022399902 68 83 74 90
class 0.6600380539894104 91 80 99 90
class 0.8190630078315735 119 89 125 97
class 0.6510393023490906 129 82 135 90
class 0.46393683552742004 125 84 132 91
class 0.31296828389167786 141 83 148 90
class 0.6985030174255371 147 83 153 91
class 0.7686480283737183 3 93 8 100
class 0.8184682726860046 14 96 20 103
class 0.6351280212402344 10 92 17 103
class 0.3299403786659241 22 100 29 107
class 0.4328250288963318 19 99 26 107
class 0.6461414694786072 48 95 55 104
class 0.34865960478782654 51 95 58 104
class 0.8410559892654419 110 98 116 106
class 0.6139717698097229 106 94 113 102
class 0.3645382821559906 112 99 120 106
class 0.8153066635131836 148 98 155 106
class 0.753076434135437 164 93 170 101
class 0.7938125729560852 174 98 180 106
class 0.49400702118873596 179 97 185 106
class 0.7544935941696167 189 96 196 107
class 0.3017220199108124 193 95 199 104
class 0.8187517523765564 2 110 8 117
class 0.8901261687278748 15 109 21 116
class 0.664868950843811 12 108 20 119
class 0.7229893207550049 25 105 31 112
class 0.38199716806411743 20 104 29 113
class 0.7084712982177734 35 110 41 118
class 0.6221889853477478 30 109 38 117
class 0.8291829824447632 67 103 74 111
class 0.38586103916168213 65 105 73 114
class 0.5073036551475525 81 102 89 111
class 0.6667925119400024 94 107 101 115
class 0.6738788485527039 130 106 136 113
class 0.5349022746086121 126 106 134 113
class 0.42465171217918396 128 103 135 111
class 0.7131108641624451 168 108 176 119
class 0.7663808465003967 2 116 7 124
class 0.312841534614563 1 117 3 126
class 0.8999929428100586 16 120 22 128
class 0.712986171245575 55 118 61 125
class 0.8392821550369263 52 119 59 128
class 0.7867414951324463 97 120 103 128
class 0.7006962895393372 94 120 101 128
class 0.30914950370788574 100 118 105 125
class 0.7372046709060669 116 119 124 128
class 0.40112224221229553 126 116 133 124
class 0.5437417030334473 123 118 131 126
class 0.7533267736434937 152 116 158 123
class 0.4041203558444977 149 116 155 124
class 0.36603519320487976 155 113 162 123
class 0.7172738313674927 196 118 199 126
class 0.8268662691116333 3 127 9 134
class 0.3056179881095886 0 127 3 137
class 0.40085309743881226 7 125 15 135
class 0.863122284412384 44 129 50 136
class 0.6739534735679626 64 124 70 133
class 0.8026643395423889 91 128 99 139
class 0.7880042791366577 104 126 111 134
class 0.735767126083374 120 130 126 138
class 0.349769651889801 117 125 125 133
class 0.4155718982219696 120 128 128 134
class 0.5393869280815125 127 128 133 137
class 0.6940224170684814 123 130 130 138
class 0.810437023639679 135 128 143 138
class 0.34077537059783936 137 125 145 134
class 0.7318276762962341 196 130 199 138
class 0.9252675175666809 5 140 11 149
class 0.6221973299980164 10 138 17 146
class 0.7068350911140442 8 138 15 148
class 0.7756090760231018 22 135 29 143
class 0.34387871623039246 28 133 38 143
class 0.7849333882331848 47 142 52 149
class 0.7532010078430176 89 135 95 142
class 0.6563968062400818 111 141 117 148
class 0.8291101455688477 131 141 138 149
class 0.8864495754241943 149 141 156 149
class 0.7177743315696716 15 151 21 158
class 0.5455421805381775 11 149 19 158
class 0.67935711145401 21 149 27 158
class 0.6355311274528503 19 152 25 159
class 0.7858840227127075 35 152 42 159
class 0.6337060332298279 56 151 62 159
class 0.7164219617843628 52 151 58 160
class 0.7258899807929993 66 149 72 157
class 0.7204654216766357 61 148 68 157
class 0.3116671144962311 68 148 75 155
class 0.638751208782196 74 151 80 160
class 0.8425482511520386 98 145 104 153
class 0.6297575235366821 110 152 116 160
class 0.5041497945785522 120 150 126 157
class 0.4384264647960663 116 144 123 153
class 0.8124780058860779 128 151 134 160
class 0.8118965029716492 143 145 148 153
class 0.39334338903427124 139 146 148 156
class 0.5647985935211182 180 149 187 157
class 0.6993119716644287 177 145 185 155
class 0.8517215847969055 3 161 8 169
class 0.3240152895450592 0 160 3 170
class 0.815644383430481 15 162 21 170
class 0.5631446242332458 12 163 17 171
class 0.8512740731239319 48 157 54 165
class 0.7854380011558533 57 155 63 163
class 0.3667650520801544 51 155 59 164
class 0.7724231481552124 75 157 81 165
class 0.5361976623535156 110 157 116 164
class 0.8851286768913269 117 156 124 165
class 0.7192349433898926 149 161 155 170
class 0.7506405711174011 161 162 167 169
class 0.32476621866226196 159 157 167 168
class 0.3210775554180145 162 159 170 169
class 0.6999955773353577 184 156 190 164
class 0.7895454168319702 196 162 199 170
class 0.6594592332839966 12 169 18 177
class 0.7255936861038208 8 169 15 178
class 0.7826533913612366 21 170 28 178
class 0.8451462984085083 57 173 63 181
class 0.6500257849693298 69 168 75 176
class 0.7229328751564026 78 172 84 179
class 0.4924219250679016 73 167 81 177
class 0.3167421221733093 84 170 90 178
class 0.6020264625549316 81 171 88 180
class 0.3111805021762848 101 173 106 180
class 0.7057823538780212 109 172 115 179
class 0.6601963043212891 105 171 112 179
class 0.7983027696609497 127 171 133 179
class 0.8411113023757935 183 169 190 177
class 0.9374092221260071 1 182 6 190
class 0.3012571930885315 0 183 3 191
class 0.8671845197677612 21 183 28 191
class 0.8157164454460144 101 180 106 188
class 0.5076531171798706 120 180 126 187
class 0.5371609926223755 115 183 123 191
class 0.7726483345031738 124 183 131 192
class 0.6360359191894531 140 184 146 192
class 0.7451357841491699 136 183 143 191
class 0.5546635389328003 152 183 158 190
class 0.6417812705039978 148 181 154 190
class 0.38554245233535767 154 182 162 190
class 0.7492460608482361 193 179 198 187
class 0.5676358938217163 1 191 6 198
class 0.7943949103355408 14 189 21 196
class 0.8346185088157654 25 194 31 199
class 0.5618971586227417 22 193 28 199
class 0.37407150864601135 27 192 32 199
class 0.3565303683280945 28 193 36 199
class 0.5731066465377808 48 191 54 198
class 0.6996603608131409 53 193 59 199
class 0.6526004076004028 49 191 58 199
class 0.792194664478302 84 191 90 199
class 0.6205868124961853 112 188 117 195
class 0.8405729532241821 131 193 137 199
