class 0.9060384631156921 4 3 10 10
class 0.4222731292247772 1 2 4 10
class 0.8263137340545654 13 0 19 6
class 0.5228496789932251 8 0 16 7
class 0.6030815839767456 24 0 30 5
class 0.3304556608200073 20 0 27 5
class 0.8388313055038452 31 1 37 7
class 0.9107245206832886 56 0 62 7
class 0.37300074100494385 53 3 60 9
class 0.30389603972435 64 4 70 9
class 0.7184826135635376 84 0 90 6
class 0.6004366278648376 103 1 109 9
class 0.7019309997558594 118 3 124 11
class 0.6207218170166016 114 0 120 7
class 0.8250030875205994 127 4 133 11
class 0.8582642674446106 138 4 145 12
class 0.7984648942947388 147 1 153 7
class 0.3391696810722351 148 0 152 3
class 0.8594760894775391 167 3 174 10
class 0.8395112752914429 182 1 188 8
class 0.34276852011680603 181 0 187 3
class 0.888885498046875 195 0 199 7
class 0.42613086104393005 192 0 198 6
class 0.9213935732841492 2 12 8 20
class 0.37546306848526 0 13 4 23
class 0.8201410174369812 16 13 22 21
class 0.41205406188964844 12 10 19 21
class 0.3290697932243347 20 12 26 20
class 0.6281349658966064 49 9 54 17
class 0.5609235763549805 53 10 59 17
class 0.7985102534294128 67 12 73 19
class 0.6797229051589966 64 10 71 20
class 0.3660743832588196 69 10 75 18
class 0.6542842388153076 79 14 84 21
class 0.8413490653038025 83 10 90 18
class 0.4169430434703827 101 10 107 17
class 0.7669296264648438 110 14 115 22
class 0.7157494425773621 105 12 113 20
class 0.5272535085678101 111 12 117 19
class 0.8142115473747253 146 13 153 20
class 0.6046125292778015 159 8 166 15
class 0.7944924831390381 173 14 180 23
class 0.7505460381507874 180 9 186 16
class 0.38522762060165405 176 9 185 19
class 0.5817597508430481 196 14 199 21
class 0.7230404019355774 13 26 19 33
class 0.7488632202148438 10 24 17 35
class 0.8774269223213196 32 23 38 31
class 0.8143494129180908 67 26 73 32
class 0.7374045848846436 63 24 71 33
class 0.4106481075286865 68 24 75 31
class 0.6784939765930176 77 22 83 30
class 0.5194208025932312 74 22 81 31
class 0.8139429688453674 126 19 133 28
class 0.8181253671646118 162 19 168 27
class 0.38961803913116455 173 21 180 30
class 0.5153955817222595 191 25 196 32
class 0.7901831865310669 187 25 195 35
class 0.8014379143714905 2 34 7 42
class 0.8383270502090454 15 36 21 45
class 0.7816647887229919 12 36 18 45
class 0.6475570797920227 37 35 43 43
class 0.31529301404953003 34 31 42 41
class 0.5692081451416016 41 33 47 41
class 0.6839413046836853 55 33 61 41
class 0.6406934261322021 61 35 69 44
class 0.6907801032066345 81 29 89 39
class 0.7838056683540344 97 32 103 39
class 0.7206621170043945 135 34 143 43
class 0.8827202916145325 162 35 167 43
class 0.8076630234718323 174 28 180 37
class 0.5901227593421936 184 31 190 38
class 0.437602698802948 181 29 193 39
class 0.7232933044433594 194 36 198 43
class 0.4285469651222229 189 31 198 42
class 0.39300140738487244 194 32 199 40
class 0.6972644925117493 0 42 5 49
class 0.3047500252723694 0 42 2 46
class 0.45918887853622437 14 41 21 48
class 0.7774938941001892 23 45 29 53
class 0.6545796990394592 34 46 40 53
class 0.7031468749046326 31 46 38 55
class 0.6305022835731506 42 44 48 52
class 0.719728410243988 41 40 47 49
class 0.8497863411903381 56 46 61 54
class 0.8679957985877991 68 45 74 53
class 0.4761773347854614 65 43 71 51
class 0.3647020757198334 70 43 74 50
class 0.847218930721283 88 40 94 48
class 0.8063139915466309 118 45 125 53
class 0.7792693376541138 127 41 134 48
class 0.8630958795547485 142 45 148 53
class 0.6577544808387756 151 43 157 51
class 0.4307975769042969 146 43 154 52
class 0.3601265549659729 155 46 162 56
class 0.8447949290275574 174 47 179 55
class 0.5971572399139404 183 44 189 51
class 0.5612568259239197 179 38 188 50
class 0.5734887719154358 191 45 197 52
class 0.7771136164665222 188 45 195 54
class 0.42371776700019836 190 41 196 48
class 0.9160583019256592 3 52 8 59
class 0.8268633484840393 43 51 49 59
class 0.7649061679840088 67 56 74 63
class 0.8195531368255615 77 55 83 62
class 0.4738445281982422 73 53 81 62
class 0.6595082879066467 87 57 92 65
class 0.7119324803352356 83 58 89 66
class 0.73472660779953 98 56 104 64
class 0.6310648322105408 94 52 102 62
class 0.5814364552497864 120 57 126 65
class 0.744037389755249 129 57 135 64
class 0.6389904618263245 126 57 132 65
class 0.6568170189857483 140 56 146 64
class 0.6999573707580566 138 55 143 64
class 0.30187296867370605 142 54 149 62
class 0.6554216742515564 145 57 152 65
class 0.8056403994560242 158 53 164 61
class 0.866985559463501 185 50 191 59
class 0.7474913597106934 193 52 198 60
class 0.5873243808746338 188 50 195 60
class 0.3824894428253174 195 52 199 59
class 0.5691170692443848 1 65 6 72
class 0.5831765532493591 0 64 3 75
class 0.6333730220794678 10 61 16 70
class 0.8184719681739807 41 66 47 74
class 0.8061509132385254 85 62 91 70
class 0.48539999127388 101 65 106 73
class 0.5424626469612122 121 62 127 70
class 0.3779093027114868 145 61 152 68
class 0.5514273643493652 176 67 184 77
class 0.7382587790489197 191 65 198 74
class 0.32302725315093994 193 64 199 73
class 0.8391991257667542 6 73 11 80
class 0.8967837691307068 16 78 22 86
class 0.381343811750412 13 77 19 87
class 0.3962870240211487 17 76 21 84
class 0.7299889922142029 26 73 32 81
class 0.5379376411437988 32 77 38 85
class 0.6100268363952637 29 75 36 84
class 0.7308592796325684 69 78 75 86
class 0.6942007541656494 78 72 84 80
class 0.4960106611251831 73 73 80 82
class 0.35746848583221436 101 73 107 81
class 0.5928341746330261 105 76 112 85
class 0.8322744965553284 103 76 109 85
class 0.30427008867263794 104 73 111 81
class 0.7607144117355347 116 76 122 84
class 0.5939760208129883 142 78 148 86
class 0.6821103096008301 154 76 159 84
class 0.4733452796936035 155 72 162 80
class 0.826677143573761 171 77 177 85
class 0.7466662526130676 168 76 175 85
class 0.32153573632240295 174 76 180 83
class 0.3299580216407776 179 73 185 80
class 0.4248470366001129 176 72 183 81
class 0.7672366499900818 4 86 10 92
class 0.6072303652763367 12 84 18 91
class 0.42699262499809265 8 83 17 95
class 0.38706156611442566 11 81 17 90
class 0.8181791305541992 37 88 44 96
class 0.6838570237159729 36 88 41 94
class 0.42303043603897095 39 87 42 92
class 0.36308950185775757 47 86 54 93
class 0.5620988607406616 50 84 55 92
class 0.7784705758094788 68 84 74 91
class 0.8135877251625061 80 83 89 93
class 0.6485294699668884 91 81 99 91
class 0.8208740949630737 117 88 124 96
class 0.5808155536651611 129 83 136 90
class 0.5863173007965088 126 82 133 91
class 0.8053617477416992 147 82 154 90
class 0.550279438495636 3 94 8 101
class 0.860022783279419 14 96 20 104
class 0.6650546789169312 10 92 18 103
class 0.49548834562301636 20 100 26 107
class 0.5712045431137085 37 92 43 100
class 0.5230996012687683 48 96 54 104
class 0.5354583263397217 49 99 56 106
class 0.7947453260421753 86 97 93 105
class 0.7124890089035034 83 98 91 107
class 0.7699735164642334 109 98 115 106
class 0.6568108201026917 106 94 113 103
class 0.3984629213809967 112 98 119 105
class 0.5875223875045776 136 91 143 100
class 0.8380283117294312 148 98 154 106
class 0.7263969779014587 164 92 170 100
class 0.8584678173065186 174 98 180 107
class 0.32650867104530334 169 93 176 102
class 0.46499502658843994 180 98 186 106
class 0.7342469692230225 189 96 197 106
class 0.34922289848327637 193 95 199 104
class 0.7397551536560059 3 110 8 117
class 0.8864561319351196 15 109 22 116
class 0.6063491106033325 13 108 19 119
class 0.6825026273727417 26 105 31 113
class 0.5198723673820496 24 102 30 110
class 0.7612241506576538 34 110 41 118
class 0.6594288945198059 30 109 38 117
class 0.828759491443634 67 104 73 111
class 0.38679781556129456 82 102 91 113
class 0.7459887862205505 94 108 100 115
class 0.3698955178260803 92 103 102 115
class 0.4691091477870941 128 108 134 115
class 0.7323489189147949 124 107 131 115
class 0.4974905252456665 126 103 134 111
class 0.814746618270874 168 109 176 118
class 0.7864542603492737 3 117 8 125
class 0.35277029871940613 0 117 3 127
class 0.8966377973556519 16 120 22 128
class 0.5974457263946533 13 119 18 128
class 0.321932852268219 18 113 25 124
class 0.7377393841743469 57 117 62 124
class 0.7309229969978333 52 119 60 127
class 0.7834458351135254 98 120 104 128
class 0.7406910061836243 94 120 101 129
class 0.35484662652015686 101 118 105 125
class 0.7925398349761963 116 119 123 128
class 0.32610562443733215 121 117 127 125
class 0.7775312066078186 128 114 134 122
class 0.7166868448257446 124 117 131 124
class 0.7156457901000977 152 116 159 124
class 0.43670210242271423 149 117 156 125
class 0.5510197281837463 155 113 161 122
class 0.724446177482605 195 119 199 126
class 0.8222270011901855 3 129 8 136
class 0.33128252625465393 0 128 3 139
class 0.34936419129371643 7 124 15 134
class 0.8642191886901855 45 129 51 137
class 0.5543449521064758 64 124 70 132
class 0.6963334083557129 95 128 101 136
class 0.836676299571991 92 128 99 139
class 0.6265091300010681 106 128 112 135
class 0.7738513350486755 103 125 110 135
class 0.8171793818473816 121 129 127 138
class 0.59590083360672 117 128 125 136
class 0.30523067712783813 117 125 124 132
class 0.39337071776390076 122 128 128 134
class 0.5858631730079651 127 130 133 138
class 0.657407820224762 124 131 130 138
class 0.7259554266929626 139 127 145 136
class 0.839809000492096 136 129 143 137
class 0.7206277251243591 178 129 184 137
class 0.7257925868034363 196 131 199 139
class 0.9140766859054565 4 140 10 148
class 0.3246127665042877 1 138 4 148
class 0.48370879888534546 10 138 17 147
class 0.7161040902137756 8 139 15 150
class 0.7591133713722229 24 136 30 145
class 0.8112321496009827 32 141 39 149
class 0.47040238976478577 31 135 38 146
class 0.8126111030578613 46 141 51 150
class 0.7710633873939514 89 135 95 143
class 0.8305748105049133 109 139 115 147
class 0.4809234142303467 111 139 117 146
class 0.8378604054450989 131 139 137 147
class 0.6636536121368408 128 136 135 145
class 0.788714587688446 149 141 156 149
class 0.5686440467834473 146 139 153 148
class 0.6754926443099976 196 136 199 144
class 0.7884454727172852 15 150 21 158
class 0.49569565057754517 11 149 19 158
class 0.7544463872909546 22 151 28 158
class 0.7668126225471497 35 151 41 159
class 0.6646773815155029 32 151 39 159
class 0.3838871121406555 33 146 40 154
class 0.7482196688652039 56 152 63 160
class 0.7904818058013916 52 151 59 160
class 0.3386507034301758 59 149 64 156
class 0.7158001065254211 66 148 72 156
class 0.6752724051475525 61 149 68 158
class 0.31842848658561707 63 145 70 154
class 0.6491935849189758 74 152 81 159
class 0.31696686148643494 71 146 81 157
class 0.5886948108673096 90 152 96 159
class 0.34225988388061523 87 150 94 159
class 0.8249847292900085 95 146 101 154
class 0.5570456981658936 92 149 100 157
class 0.6446844339370728 110 152 116 159
class 0.5444834232330322 119 150 125 158
class 0.3337710201740265 114 150 122 157
class 0.42305102944374084 116 144 124 155
class 0.7231900095939636 127 151 133 159
class 0.8062134385108948 143 145 149 153
class 0.6022293567657471 149 145 156 152
class 0.640254557132721 181 149 188 157
class 0.586711585521698 178 145 186 155
class 0.5034478902816772 194 151 199 159
class 0.915810763835907 3 158 9 166
class 0.4644070565700531 0 160 3 168
class 0.8651767373085022 15 162 21 170
class 0.486970990896225 11 162 18 171
class 0.7120819091796875 36 155 42 163
class 0.8531084060668945 48 159 54 167
class 0.5704960227012634 45 158 51 167
class 0.7947546243667603 57 156 64 163
class 0.314401239156723 51 156 59 166
class 0.8011054396629333 75 157 82 164
class 0.607300341129303 110 157 116 164
class 0.8983166217803955 118 157 125 166
class 0.592049241065979 115 157 122 165
class 0.33150196075439453 122 158 126 165
class 0.31463780999183655 143 161 148 169
class 0.6702022552490234 149 162 156 170
class 0.6323577165603638 146 162 153 170
class 0.6985721588134766 161 162 167 169
class 0.7781116962432861 157 161 165 170
class 0.3676789700984955 162 159 170 168
class 0.48055747151374817 184 156 190 163
class 0.7321732640266418 194 160 199 168
class 0.5476559400558472 190 156 198 166
class 0.5022597312927246 195 158 199 165
class 0.7272015810012817 5 172 11 179
class 0.5699975490570068 12 169 18 177
class 0.7341795563697815 8 169 15 179
class 0.8027406334877014 21 170 27 178
class 0.8318327069282532 57 174 63 181
class 0.7601944804191589 69 168 75 176
class 0.7471011877059937 79 172 85 179
class 0.42628368735313416 73 167 81 178
class 0.35639864206314087 83 171 90 179
class 0.6535294651985168 80 172 88 181
class 0.4419350028038025 101 174 106 180
class 0.3238258957862854 97 172 105 180
class 0.7029343247413635 109 172 115 179
class 0.6287673115730286 105 171 112 179
class 0.8604462146759033 127 171 133 179
class 0.847273051738739 184 170 190 177
class 0.4852636158466339 195 168 199 176
class 0.941723644733429 1 180 7 188
class 0.44135966897010803 0 182 3 191
class 0.8631017804145813 22 184 29 192
class 0.7088443040847778 20 184 25 192
class 0.8080035448074341 100 181 106 189
class 0.8759558796882629 110 184 116 192
class 0.4467600882053375 107 182 113 190
class 0.6325225234031677 121 180 127 188
class 0.34485960006713867 116 182 122 191
class 0.41539695858955383 127 183 133 191
class 0.7131219506263733 123 183 131 191
class 0.6740638017654419 140 184 146 191
class 0.7970038652420044 137 183 143 191
class 0.5276200771331787 152 183 158 190
class 0.5994976758956909 147 182 153 190
class 0.4250965714454651 159 182 166 190
class 0.4346819519996643 155 183 163 192
class 0.8813577890396118 171 177 178 184
class 0.6103007793426514 169 177 175 184
class 0.44047150015830994 172 177 176 182
class 0.7569937109947205 192 179 198 186
class 0.31645825505256653 194 179 199 188
class 0.8733392953872681 4 194 9 199
class 0.30605483055114746 1 193 5 199
class 0.8276582360267639 15 192 21 199
class 0.7114469408988953 11 192 18 199
class 0.32127276062965393 14 189 19 197
class 0.8770769834518433 26 194 32 199
class 0.43777820467948914 22 193 28 199
class 0.37881553173065186 28 192 31 198
class 0.4408038854598999 28 193 36 199
class 0.5390318632125854 48 190 54 197
class 0.7267404198646545 53 193 59 199
class 0.3172853887081146 79 194 87 199
class 0.7198495864868164 84 190 90 198
class 0.6243038773536682 111 191 117 197
class 0.8401908874511719 131 194 137 199
class 0.7459356188774109 170 195 176 199
class 0.6439821720123291 167 194 175 199
class 0.7376589775085449 188 192 194 199
