class 0.8399744033813477 3 3 9 11
class 0.4754545986652374 1 2 4 11
class 0.43530234694480896 10 0 16 6
class 0.4709964990615845 25 0 31 6
class 0.7756237983703613 31 0 37 7
class 0.888952374458313 57 0 64 6
class 0.3649848699569702 82 0 88 4
class 0.45114344358444214 107 3 113 10
class 0.6684443354606628 104 1 112 8
class 0.6550604104995728 118 3 124 10
class 0.5993397235870361 114 0 121 7
class 0.7995851635932922 127 4 133 11
class 0.8427160978317261 139 4 145 12
class 0.880967378616333 147 0 154 6
class 0.8484130501747131 166 3 173 12
class 0.8082388639450073 182 1 188 8
class 0.30402690172195435 181 0 187 3
class 0.8964584469795227 195 1 199 8
class 0.5431500673294067 192 0 199 6
class 0.32612815499305725 196 1 199 4
class 0.9375913143157959 2 10 8 18
class 0.4239388704299927 0 12 4 21
class 0.7644790410995483 16 13 22 21
class 0.3746866285800934 12 11 19 21
class 0.5359851121902466 18 12 25 22
class 0.7962490916252136 110 13 117 21
class 0.47990506887435913 147 13 153 21
class 0.7293838262557983 144 15 152 24
class 0.6958044171333313 158 9 165 16
class 0.851839005947113 174 14 180 22
class 0.5937334299087524 171 10 180 21
class 0.7064791917800903 180 9 186 17
class 0.5282074809074402 176 7 188 18
class 0.5049673318862915 196 13 199 20
class 0.8046402931213379 32 23 39 32
class 0.4344748556613922 31 19 39 28
class 0.8110402226448059 65 25 71 33
class 0.7368600368499756 76 23 82 30
class 0.8783122897148132 126 20 132 29
class 0.7781280875205994 174 25 180 33
class 0.5598224401473999 172 23 178 32
class 0.3461689054965973 192 25 197 33
class 0.746536374092102 188 24 195 34
class 0.9269509315490723 1 31 7 38
class 0.8638433814048767 15 36 22 44
class 0.6917876601219177 41 33 47 40
class 0.640170693397522 61 35 68 44
class 0.6470755934715271 81 30 89 39
class 0.8111228346824646 96 33 103 40
class 0.897039532661438 162 34 168 42
class 0.7364713549613953 194 35 199 43
class 0.5781431794166565 190 32 198 41
class 0.5627209544181824 194 32 199 40
class 0.7776885628700256 23 45 28 53
class 0.4691222012042999 34 46 41 54
class 0.5791991353034973 31 46 38 54
class 0.653176486492157 42 46 48 54
class 0.8082051277160645 68 45 74 53
class 0.5696000456809998 65 42 72 51
class 0.3215392231941223 72 45 79 54
class 0.8178995847702026 89 41 95 49
class 0.6037343144416809 84 41 92 48
class 0.8083739876747131 118 45 124 54
class 0.8016490936279297 127 40 134 47
class 0.8825311064720154 142 44 148 52
class 0.7841939330101013 150 42 157 50
class 0.5108494162559509 146 43 154 52
class 0.7286790609359741 174 46 179 54
class 0.5975967645645142 182 44 188 52
class 0.6023792028427124 177 40 185 51
class 0.5605865716934204 191 44 196 51
class 0.7804461121559143 188 44 195 53
class 0.5385000109672546 190 40 197 48
class 0.924151599407196 2 52 8 59
class 0.42875704169273376 45 51 50 58
class 0.7298494577407837 68 56 74 63
class 0.34857043623924255 66 53 76 61
class 0.8125304579734802 78 55 84 63
class 0.49966225028038025 74 53 81 62
class 0.7338513135910034 101 57 106 65
class 0.8010658025741577 128 57 135 65
class 0.7627497911453247 139 56 145 63
class 0.8526506423950195 185 51 191 59
class 0.8473281860351562 194 51 199 60
class 0.3757437765598297 189 49 196 59
class 0.34820449352264404 2 66 7 73
class 0.4684048295021057 0 65 3 75
class 0.6803873777389526 9 61 16 69
class 0.8530974388122559 42 66 47 74
class 0.6953596472740173 122 61 128 69
class 0.7601611614227295 191 66 198 75
class 0.4491068124771118 194 65 199 73
class 0.8913142085075378 5 72 11 79
class 0.8815557360649109 15 79 22 86
class 0.35440775752067566 12 77 18 85
class 0.6393609046936035 27 73 33 81
class 0.5255140066146851 33 78 39 85
class 0.6976876258850098 29 75 35 83
class 0.7571954727172852 69 77 75 85
class 0.7007970809936523 78 71 84 79
class 0.45036259293556213 72 74 80 82
class 0.8036285638809204 104 75 111 85
class 0.8328259587287903 4 87 10 95
class 0.5046545267105103 10 83 16 90
class 0.5028792023658752 7 83 15 94
class 0.6621814370155334 37 82 44 89
class 0.5275410413742065 49 83 56 90
class 0.668496310710907 91 81 99 90
class 0.7652904391288757 119 88 125 96
class 0.641338586807251 128 82 135 90
class 0.6144092082977295 125 83 131 90
class 0.8481026291847229 3 93 9 100
class 0.7597259283065796 15 97 21 104
class 0.4257112145423889 10 92 18 103
class 0.4432985186576843 18 99 25 107
class 0.6461907625198364 48 95 54 104
class 0.42099234461784363 51 96 58 104
class 0.7848996520042419 105 92 112 101
class 0.8156787753105164 148 98 155 106
class 0.6552030444145203 164 93 170 101
class 0.7115840315818787 195 93 199 101
class 0.700106680393219 2 110 9 117
class 0.9229324460029602 15 109 21 117
class 0.8747283816337585 24 103 31 111
class 0.3175504505634308 20 104 28 113
class 0.8558416366577148 37 110 43 118
class 0.8054946660995483 67 103 73 111
class 0.6463004350662231 79 103 85 111
class 0.7072483897209167 92 106 98 115
class 0.7111597657203674 169 109 176 117
class 0.7623624801635742 2 116 8 124
class 0.9336943030357361 16 120 22 128
class 0.7133917212486267 55 117 61 125
class 0.779935359954834 52 119 60 128
class 0.7647327184677124 99 120 105 128
class 0.7485969066619873 95 120 102 128
class 0.47816652059555054 101 119 106 126
class 0.7420351505279541 152 116 158 124
class 0.39994755387306213 149 116 155 124
class 0.4003843665122986 155 113 162 123
class 0.6852429509162903 195 118 199 126
class 0.8989852070808411 2 126 8 134
class 0.4184771478176117 0 128 3 138
class 0.37185922265052795 7 124 14 134
class 0.8304176330566406 43 129 49 138
class 0.5554259419441223 64 124 70 132
class 0.6683641076087952 94 127 101 135
class 0.7361481189727783 91 129 98 137
class 0.762728750705719 122 130 127 137
class 0.6705286502838135 123 127 130 136
class 0.6663373112678528 140 124 146 133
class 0.7201451063156128 196 130 199 139
class 0.9435993432998657 5 142 12 149
class 0.7502847909927368 24 135 30 143
class 0.6063432693481445 21 135 27 143
class 0.35232609510421753 28 134 36 142
class 0.8059478402137756 47 142 53 149
class 0.7120705246925354 89 134 95 142
class 0.8655627965927124 132 140 138 148
class 0.345878541469574 133 139 137 146
class 0.6258886456489563 144 135 152 144
class 0.4898064434528351 59 146 65 154
class 0.7228999137878418 66 148 73 156
class 0.640689492225647 62 147 69 155
class 0.6883853673934937 75 151 81 159
class 0.49353113770484924 72 150 79 159
class 0.8430199027061462 99 145 105 153
class 0.8076270818710327 118 147 125 156
class 0.480621874332428 115 148 122 156
class 0.7735053896903992 127 152 134 159
class 0.8346744775772095 142 145 148 153
class 0.6564914584159851 181 149 187 157
class 0.6798160076141357 178 145 186 155
class 0.802716076374054 1 162 7 170
class 0.3013254404067993 0 162 3 171
class 0.788505494594574 16 163 22 171
class 0.4915284216403961 13 163 18 170
class 0.6130613684654236 74 153 81 164
class 0.7751984596252441 111 157 117 165
class 0.7105687856674194 184 156 191 164
class 0.8507665395736694 195 163 199 170
class 0.31723806262016296 2 167 7 174
class 0.7758266925811768 12 169 18 177
class 0.8082005381584167 21 170 28 178
class 0.8158317804336548 57 173 63 181
class 0.7076552510261536 77 171 83 179
class 0.7033107876777649 73 168 80 176
class 0.540739893913269 81 171 88 179
class 0.6931618452072144 108 172 114 179
class 0.8263224959373474 104 171 111 180
class 0.5182384252548218 110 170 117 177
class 0.8187437057495117 126 172 133 179
class 0.8352209329605103 184 168 190 176
class 0.9106321930885315 1 182 6 190
class 0.8475921750068665 22 183 28 191
class 0.7395977973937988 122 178 128 186
class 0.8526971936225891 129 183 136 191
class 0.5001962184906006 126 181 133 191
class 0.7175617814064026 153 182 159 190
class 0.7768294811248779 193 178 198 186
class 0.32049933075904846 0 190 5 197
class 0.7815459966659546 15 188 21 196
class 0.8588998317718506 26 194 32 199
class 0.4967721104621887 23 193 28 199
class 0.3677324950695038 28 193 32 199
class 0.322929322719574 28 193 36 199
class 0.7329660654067993 53 192 59 199
class 0.7221701741218567 50 190 57 199
class 0.7630308866500854 84 191 91 199
class 0.8284693956375122 131 193 137 199
