class 0.83978271484375 3 3 9 11
class 0.43826940655708313 1 2 4 11
class 0.6668239235877991 11 0 17 6
class 0.36535587906837463 26 0 31 6
class 0.728026270866394 30 0 36 7
class 0.9053381085395813 57 0 64 7
class 0.7940107583999634 103 2 110 9
class 0.7787959575653076 119 4 125 11
class 0.5808220505714417 114 0 121 7
class 0.8453618884086609 127 3 133 11
class 0.7912816405296326 139 4 145 11
class 0.8344959020614624 147 1 153 7
class 0.7861527800559998 165 3 173 12
class 0.7468281388282776 182 2 187 8
class 0.32563358545303345 181 0 186 4
class 0.8845866322517395 195 0 199 7
class 0.5464031100273132 191 0 198 7
class 0.9400023818016052 3 11 8 19
class 0.3241877853870392 1 12 4 21
class 0.8261359930038452 16 13 22 21
class 0.4577622413635254 13 10 19 21
class 0.34165051579475403 20 12 26 20
class 0.6844720244407654 80 14 86 22
class 0.8355092406272888 83 11 89 19
class 0.8326925039291382 111 13 117 21
class 0.77183598279953 146 13 152 20
class 0.684540867805481 158 9 165 16
class 0.8071804046630859 174 15 180 23
class 0.8000078797340393 180 9 186 16
class 0.4282914102077484 176 9 185 19
class 0.5858047604560852 196 14 199 21
class 0.8284571766853333 33 23 39 31
class 0.4151701331138611 31 19 39 29
class 0.7724077105522156 67 25 73 33
class 0.683973491191864 63 24 70 33
class 0.7314095497131348 76 23 82 32
class 0.8492530584335327 126 20 132 29
class 0.6496372222900391 174 24 180 31
class 0.43386274576187134 190 25 195 33
class 0.8483319878578186 187 24 194 35
class 0.9124571681022644 2 32 8 40
class 0.7779668569564819 15 36 22 43
class 0.6546182632446289 41 33 47 40
class 0.6614840030670166 56 32 62 41
class 0.5954708456993103 60 35 69 45
class 0.6364063024520874 83 28 90 36
class 0.7988670468330383 96 33 103 41
class 0.8920530676841736 161 34 167 42
class 0.6976361870765686 174 28 180 36
class 0.4266759157180786 184 31 189 38
class 0.3425203263759613 179 28 194 39
class 0.6903094053268433 194 35 198 43
class 0.5239213109016418 189 31 198 41
class 0.4783623218536377 193 31 199 40
class 0.3683680295944214 16 40 23 47
class 0.7293283939361572 23 45 29 53
class 0.49455758929252625 34 46 40 54
class 0.7009626030921936 31 46 38 54
class 0.4996183514595032 40 45 47 54
class 0.4770278036594391 41 39 48 51
class 0.8265413045883179 56 46 62 54
class 0.33385026454925537 55 42 62 50
class 0.33321696519851685 58 45 64 51
class 0.8510867357254028 68 44 74 52
class 0.47859519720077515 65 42 72 52
class 0.8024390935897827 88 40 94 49
class 0.5947104692459106 84 40 92 49
class 0.7738999724388123 117 45 124 53
class 0.7979552745819092 127 40 134 48
class 0.8624110817909241 143 44 148 52
class 0.6819831132888794 150 42 156 49
class 0.650165319442749 145 43 155 53
class 0.396217942237854 151 41 160 51
class 0.8213686943054199 173 47 179 55
class 0.6328495144844055 182 44 188 51
class 0.6152212023735046 179 39 187 49
class 0.6695552468299866 192 45 197 52
class 0.7945640087127686 188 45 195 54
class 0.4435977637767792 191 41 197 49
class 0.38770321011543274 195 43 199 50
class 0.9042266607284546 2 52 8 59
class 0.7679556012153625 42 51 48 59
class 0.7564738988876343 68 56 74 64
class 0.3460485339164734 67 53 76 61
class 0.7767866849899292 77 55 83 63
class 0.5371163487434387 72 52 81 63
class 0.6043620705604553 75 52 88 64
class 0.5359295606613159 86 57 92 65
class 0.6319907307624817 82 57 89 66
class 0.7052479982376099 98 57 104 64
class 0.696642279624939 94 53 102 63
class 0.4039325416088104 98 54 107 64
class 0.7481444478034973 128 56 134 64
class 0.7101253271102905 139 56 145 63
class 0.8111133575439453 158 51 165 59
class 0.8639011979103088 185 51 191 59
class 0.7666873335838318 194 52 199 60
class 0.46461668610572815 188 50 196 60
class 0.4958295524120331 2 66 7 73
class 0.44515153765678406 0 65 3 75
class 0.6756072640419006 10 61 16 70
class 0.8422294855117798 42 66 47 74
class 0.7523373365402222 84 62 91 69
class 0.664587676525116 122 61 127 69
class 0.7896384000778198 190 65 197 76
class 0.3922330439090729 193 65 199 74
class 0.8543625473976135 6 72 11 80
class 0.9325616359710693 16 79 22 86
class 0.31134098768234253 14 77 19 86
class 0.3071576654911041 18 77 20 83
class 0.701842188835144 26 74 32 82
class 0.4035557508468628 32 78 38 85
class 0.7428150773048401 29 76 35 83
class 0.7063449025154114 69 78 75 86
class 0.7551247477531433 78 71 84 79
class 0.581349790096283 73 75 79 83
class 0.37340840697288513 101 73 107 81
class 0.8354406356811523 102 75 109 85
class 0.5578387379646301 113 73 120 81
class 0.675781786441803 143 78 149 87
class 0.613653302192688 176 71 183 79
class 0.8634694814682007 4 87 10 94
class 0.6296418905258179 12 83 18 89
class 0.44082343578338623 8 83 16 93
class 0.7977805733680725 37 81 44 89
class 0.3701436519622803 49 83 56 91
class 0.584651529788971 69 82 74 90
class 0.6373510360717773 91 80 99 90
class 0.7777765989303589 119 89 125 96
class 0.6428667902946472 129 82 135 91
class 0.5041531920433044 125 84 132 91
class 0.3517363667488098 142 84 148 91
class 0.6644306182861328 147 83 153 91
class 0.7046080231666565 3 93 8 100
class 0.8051543235778809 15 97 21 105
class 0.5415955185890198 11 93 18 104
class 0.3265608847141266 22 100 28 107
class 0.39339742064476013 19 99 26 108
class 0.6625545024871826 48 95 54 103
class 0.4184045195579529 51 95 58 104
class 0.8006516098976135 110 98 115 106
class 0.5965478420257568 106 94 113 103
class 0.46702516078948975 112 98 119 106
class 0.8253387212753296 148 98 155 106
class 0.6877458095550537 164 93 170 100
class 0.37143006920814514 172 96 178 104
class 0.5024557113647461 177 96 184 107
class 0.7814245820045471 188 97 196 108
class 0.7020843625068665 3 110 9 117
class 0.8917213678359985 15 109 21 116
class 0.7520726919174194 25 105 31 113
class 0.3831104338169098 21 104 29 113
class 0.70087730884552 34 110 41 118
class 0.6391785740852356 30 109 38 117
class 0.8331553936004639 67 103 74 111
class 0.3776776194572449 65 105 73 113
class 0.33735135197639465 88 105 94 113
class 0.5863455533981323 81 103 89 111
class 0.668508768081665 92 104 99 114
class 0.7352717518806458 130 105 136 112
class 0.6594128608703613 127 105 134 113
class 0.7020620703697205 170 109 176 117
class 0.7550982236862183 2 116 8 124
class 0.9022498726844788 16 120 22 128
class 0.7132642865180969 55 117 61 125
class 0.8381776213645935 51 119 59 128
class 0.3178730905056 63 120 70 127
class 0.7705099582672119 97 119 104 127
class 0.6689754128456116 119 120 126 128
class 0.7668139934539795 116 119 123 128
class 0.3962165117263794 121 118 128 125
class 0.5076534152030945 123 119 130 127
class 0.740588903427124 152 115 158 123
class 0.4159771800041199 149 116 155 123
class 0.5082996487617493 155 113 162 123
class 0.645342230796814 196 118 199 126
class 0.840053915977478 2 126 8 134
class 0.3328647017478943 0 127 3 138
class 0.33602768182754517 8 125 14 135
class 0.8429116606712341 45 129 51 137
class 0.8184012174606323 42 128 49 138
class 0.6220963001251221 64 124 70 132
class 0.4346202313899994 91 131 96 139
class 0.6947116255760193 95 128 101 136
class 0.7815384268760681 91 128 100 139
class 0.8180732131004333 105 126 111 134
class 0.7760350704193115 121 130 127 138
class 0.6782812476158142 118 128 125 138
class 0.3632121980190277 117 124 126 134
class 0.4841987192630768 119 127 129 135
class 0.5549042820930481 126 128 133 136
class 0.6010547280311584 123 129 130 138
class 0.8271324634552002 135 128 142 138
class 0.3282187283039093 137 125 146 134
class 0.7409031391143799 195 130 199 139
class 0.9283807873725891 6 141 12 149
class 0.6746128797531128 11 138 17 146
class 0.690673828125 7 138 15 148
class 0.7110353708267212 23 135 30 143
class 0.5372112393379211 20 135 27 143
class 0.30641356110572815 28 133 36 143
class 0.7825893759727478 47 141 52 150
class 0.7051552534103394 89 134 95 142
class 0.8191025853157043 131 141 138 148
class 0.6221663355827332 146 135 153 144
class 0.7670090794563293 16 152 22 158
class 0.5468185544013977 12 150 20 158
class 0.7112495303153992 22 150 28 158
class 0.5879504680633545 19 152 26 159
class 0.6314467191696167 55 149 61 158
class 0.7482211589813232 51 152 57 160
class 0.6378553509712219 66 149 72 156
class 0.7425331473350525 62 147 69 156
class 0.7513352632522583 74 151 80 159
class 0.38199543952941895 71 146 81 157
class 0.8407295346260071 98 145 104 153
class 0.6236382126808167 111 152 116 159
class 0.5723159909248352 120 148 126 156
class 0.6180879473686218 117 144 124 153
class 0.7785894274711609 128 152 134 160
class 0.43832480907440186 125 152 131 160
class 0.8655774593353271 143 145 148 153
class 0.4416384994983673 139 146 147 155
class 0.6422401666641235 181 149 187 157
class 0.6649541854858398 178 145 185 154
class 0.8471183180809021 3 162 9 169
class 0.32241523265838623 0 161 3 171
class 0.7972986102104187 15 162 21 171
class 0.6114121079444885 11 163 16 170
class 0.4836924970149994 48 157 54 164
class 0.7475574016571045 75 157 81 164
class 0.6550438404083252 111 157 117 165
class 0.4002126455307007 108 157 115 166
class 0.8628471493721008 118 156 124 164
class 0.6990575194358826 113 157 121 166
class 0.7363441586494446 150 161 156 169
class 0.659325122833252 146 161 154 170
class 0.7545210123062134 161 161 167 167
class 0.7194508910179138 158 161 165 169
class 0.382944256067276 163 159 169 168
class 0.7510362863540649 184 156 190 164
class 0.853905439376831 196 162 199 170
class 0.31726425886154175 192 158 199 167
class 0.7197489738464355 12 170 18 178
class 0.7520141005516052 9 169 16 178
class 0.8215484023094177 21 169 28 177
class 0.30776268243789673 21 167 26 174
class 0.8192585110664368 57 173 63 181
class 0.5257474184036255 70 167 75 176
class 0.729370653629303 78 171 84 179
class 0.598854660987854 73 167 80 177
class 0.6358272433280945 80 171 89 180
class 0.743854284286499 109 172 115 179
class 0.6312319040298462 105 171 112 180
class 0.8315576314926147 127 171 133 179
class 0.8012368083000183 184 169 190 177
class 0.3331879675388336 194 168 199 176
class 0.9114928841590881 1 182 6 190
class 0.8451917171478271 22 184 28 191
class 0.7659569382667542 20 184 26 191
class 0.8155633807182312 101 181 107 189
class 0.686708390712738 122 179 127 187
class 0.5681801438331604 128 183 134 191
class 0.6493894457817078 124 183 131 192
class 0.6347686052322388 140 184 146 191
class 0.7188634872436523 136 184 142 191
class 0.5616965293884277 152 183 158 190
class 0.7155997157096863 147 182 153 190
class 0.30916914343833923 154 182 162 190
class 0.7735801339149475 193 180 198 187
class 0.7957491278648376 15 189 21 196
class 0.8347534537315369 26 194 32 199
class 0.5154528617858887 22 193 28 199
class 0.36377012729644775 28 192 32 198
class 0.3960506021976471 28 193 36 199
class 0.7460098266601562 53 193 59 199
class 0.33024415373802185 51 188 59 198
class 0.8050807118415833 84 190 90 198
class 0.895165205001831 132 194 138 199
