class 0.8740578293800354 4 4 9 11
class 0.4507843255996704 1 2 4 11
class 0.7255848050117493 11 0 17 6
class 0.5968742370605469 7 0 15 7
class 0.6034631133079529 24 0 30 6
class 0.3526918590068817 20 0 27 5
class 0.7622567415237427 30 0 36 7
class 0.8697583675384521 56 1 62 8
class 0.37981972098350525 53 3 60 10
class 0.42995622754096985 84 0 89 5
class 0.3423748314380646 106 2 112 8
class 0.7054867148399353 103 2 110 9
class 0.7728860378265381 118 4 124 11
class 0.6285314559936523 114 0 120 7
class 0.8332357406616211 128 4 134 11
class 0.536550760269165 125 4 131 12
class 0.7952854037284851 139 4 145 11
class 0.8340346217155457 147 1 153 7
class 0.3309507668018341 148 0 152 3
class 0.8368182182312012 167 3 174 10
class 0.7918596863746643 182 1 188 8
class 0.3491121232509613 181 0 187 3
class 0.902070164680481 195 0 199 7
class 0.45275288820266724 192 0 198 6
class 0.9243949055671692 2 12 8 19
class 0.40494677424430847 0 13 4 22
class 0.700321614742279 16 13 22 21
class 0.4812212586402893 12 11 19 21
class 0.6010279655456543 53 9 59 16
class 0.7792021632194519 68 12 74 19
class 0.7353191375732422 80 15 85 21
class 0.7822261452674866 83 10 90 18
class 0.3768292963504791 101 10 106 17
class 0.8056158423423767 110 14 116 21
class 0.6810643076896667 105 11 114 20
class 0.5622761249542236 110 11 117 19
class 0.8305107355117798 146 13 152 20
class 0.6522150635719299 159 7 166 16
class 0.8138543367385864 174 14 180 23
class 0.3234516978263855 171 11 179 22
class 0.807796835899353 180 8 186 16
class 0.39576902985572815 177 9 185 19
class 0.5093317031860352 196 14 199 21
class 0.843835175037384 32 23 38 32
class 0.34104588627815247 58 25 63 33
class 0.8096403479576111 67 26 72 33
class 0.7195798754692078 63 24 71 33
class 0.3902904987335205 68 24 74 32
class 0.7182258367538452 76 22 82 30
class 0.8832341432571411 126 20 132 29
class 0.8382400274276733 162 19 168 27
class 0.502194881439209 173 22 180 30
class 0.49973270297050476 191 25 196 33
class 0.8204889893531799 188 25 194 35
class 0.8856131434440613 2 34 7 42
class 0.7918242812156677 15 36 21 44
class 0.73312908411026 12 35 17 44
class 0.6944917440414429 41 34 47 41
class 0.7324000597000122 56 34 62 42
class 0.4874938428401947 55 29 63 40
class 0.675007164478302 63 36 69 44
class 0.6816951632499695 81 29 89 39
class 0.8202585577964783 97 33 103 40
class 0.8996476531028748 162 35 168 42
class 0.7605943083763123 174 28 180 36
class 0.46577146649360657 185 31 190 38
class 0.31182435154914856 181 29 193 38
class 0.7527042627334595 194 36 198 43
class 0.4986697733402252 189 31 198 43
class 0.4385695159435272 193 32 199 40
class 0.763283371925354 0 42 4 49
class 0.33356747031211853 0 42 2 50
class 0.5754430890083313 16 39 22 47
class 0.8139025568962097 23 45 29 53
class 0.6966728568077087 31 46 38 54
class 0.5564630031585693 42 44 48 52
class 0.6917757987976074 41 39 47 48
class 0.8525099754333496 56 46 61 54
class 0.8795318603515625 68 44 74 52
class 0.4747276306152344 65 42 72 51
class 0.8471719026565552 89 40 95 48
class 0.5754567384719849 86 40 93 48
class 0.7566165328025818 118 45 124 53
class 0.7906118631362915 127 40 133 47
class 0.8429120779037476 142 44 148 51
class 0.6460198760032654 151 43 157 51
class 0.460842102766037 146 43 154 52
class 0.8431963920593262 174 47 179 55
class 0.5852338671684265 182 44 188 52
class 0.5831708312034607 178 38 188 51
class 0.592567503452301 191 45 197 53
class 0.801406979560852 188 45 195 54
class 0.4273924231529236 190 41 197 49
class 0.36138275265693665 195 43 199 50
class 0.9203007221221924 2 52 8 60
class 0.8492814302444458 42 50 48 58
class 0.7810743451118469 68 56 74 63
class 0.80098557472229 78 55 83 62
class 0.42180126905441284 73 53 81 62
class 0.675346314907074 87 57 93 65
class 0.6467974185943604 83 58 89 66
class 0.6970580220222473 97 56 103 64
class 0.6951168775558472 93 54 101 63
class 0.35251447558403015 99 54 107 63
class 0.7520779967308044 129 56 135 64
class 0.563075065612793 126 57 132 64
class 0.6498244404792786 141 56 147 64
class 0.581980288028717 138 54 145 64
class 0.433971107006073 147 55 153 63
class 0.6429025530815125 144 57 152 65
class 0.7733536958694458 158 52 164 60
class 0.8521208167076111 185 51 190 59
class 0.7973892092704773 194 52 199 60
class 0.5059950947761536 188 50 196 60
class 0.570132315158844 1 66 6 73
class 0.5683501958847046 0 64 3 76
class 0.6275477409362793 10 62 17 71
class 0.8340126872062683 41 66 47 74
class 0.7262930274009705 85 62 91 69
class 0.4033944308757782 100 67 105 74
class 0.709220290184021 122 61 127 69
class 0.4955599308013916 179 67 185 74
class 0.5723741054534912 176 67 184 78
class 0.7111677527427673 190 65 198 76
class 0.8171452879905701 6 73 11 80
class 0.90448397397995 16 78 22 86
class 0.4223771393299103 13 77 19 86
class 0.4091334640979767 17 76 20 84
class 0.731038510799408 26 74 32 82
class 0.381816029548645 21 75 28 84
class 0.5990800261497498 34 78 40 86
class 0.4979599714279175 29 75 37 83
class 0.7383833527565002 69 78 75 86
class 0.6928237676620483 78 72 84 79
class 0.45512571930885315 73 73 80 82
class 0.4598909616470337 101 73 107 81
class 0.47411781549453735 106 76 112 84
class 0.8344509601593018 103 76 109 85
class 0.756158173084259 113 75 120 84
class 0.5011292695999146 142 78 149 86
class 0.6118842363357544 153 75 158 83
class 0.3444228172302246 148 77 154 86
class 0.31621694564819336 154 73 159 79
class 0.33229967951774597 159 75 166 82
class 0.5736363530158997 154 72 162 81
class 0.8226923942565918 171 77 176 85
class 0.38009482622146606 172 75 180 84
class 0.5493714213371277 176 72 183 81
class 0.811963677406311 4 86 10 93
class 0.7168075442314148 12 83 19 90
class 0.3725048303604126 8 82 17 93
class 0.8017516732215881 37 88 44 96
class 0.3242494463920593 39 86 43 92
class 0.5229726433753967 49 84 56 93
class 0.8044256567955017 67 83 73 91
class 0.3536706566810608 86 85 92 92
class 0.7625740766525269 81 84 88 92
class 0.35542917251586914 83 82 90 90
class 0.7850650548934937 91 80 99 90
class 0.858056366443634 118 89 124 97
class 0.46884381771087646 125 83 132 90
class 0.5295803546905518 128 81 135 90
class 0.7780134677886963 148 83 154 90
class 0.5423767566680908 3 93 8 100
class 0.8469032049179077 14 96 20 104
class 0.6794915199279785 10 93 17 103
class 0.4611049294471741 19 99 26 107
class 0.3510889410972595 36 93 43 100
class 0.684296727180481 48 96 55 104
class 0.7776975631713867 86 97 92 104
class 0.5433335304260254 83 97 90 106
class 0.41628608107566833 84 93 91 103
class 0.7694659233093262 109 98 115 106
class 0.6213546991348267 106 94 113 103
class 0.3240088224411011 112 98 119 106
class 0.8027400374412537 148 98 154 106
class 0.6841162443161011 164 92 170 100
class 0.8063932061195374 174 98 180 106
class 0.4044642150402069 169 94 175 102
class 0.4456084370613098 179 98 185 106
class 0.7518713474273682 189 96 196 107
class 0.3302956521511078 193 95 199 104
class 0.6845417022705078 3 110 8 117
class 0.8811397552490234 14 109 21 117
class 0.7073036432266235 26 106 31 113
class 0.47562292218208313 23 101 30 112
class 0.6874582171440125 34 110 41 118
class 0.6343695521354675 30 109 38 117
class 0.8561950325965881 67 104 73 111
class 0.4511634111404419 65 105 73 114
class 0.4250655174255371 87 105 93 114
class 0.6366193890571594 81 102 90 113
class 0.7211796045303345 92 107 100 116
class 0.7000027298927307 129 108 136 116
class 0.6811036467552185 125 107 133 116
class 0.4025372266769409 127 103 135 112
class 0.35015857219696045 132 107 138 114
class 0.8156305551528931 168 109 176 118
class 0.7466161847114563 3 116 8 124
class 0.3176738917827606 0 117 3 126
class 0.9056957960128784 16 120 22 128
class 0.47145500779151917 12 119 19 127
class 0.7529537677764893 56 118 62 125
class 0.7672192454338074 53 119 60 127
class 0.3773424029350281 63 119 70 128
class 0.783478319644928 97 120 104 128
class 0.7191083431243896 93 119 101 129
class 0.3378238379955292 100 118 105 126
class 0.7695049047470093 116 119 124 128
class 0.6251662969589233 127 115 134 122
class 0.6425699591636658 123 117 131 126
class 0.7476897239685059 152 117 158 124
class 0.4272759258747101 149 116 156 124
class 0.4545689523220062 155 114 162 122
class 0.7555568218231201 196 119 199 126
class 0.8329625725746155 3 129 8 136
class 0.38659927248954773 0 128 3 139
class 0.31176459789276123 7 124 15 134
class 0.8534903526306152 45 129 51 136
class 0.6102994680404663 64 124 70 132
class 0.7329033613204956 94 128 101 135
class 0.8244056105613708 91 128 99 139
class 0.7298722267150879 103 125 111 135
class 0.7863969802856445 121 129 126 138
class 0.33232906460762024 117 124 125 133
class 0.4395907521247864 121 127 128 134
class 0.5058137774467468 127 129 133 137
class 0.6758365035057068 123 130 130 138
class 0.3187340497970581 125 124 131 134
class 0.7003832459449768 139 128 145 136
class 0.8473531603813171 135 128 143 137
class 0.3322710394859314 176 129 183 139
class 0.7794262766838074 196 130 199 139
class 0.9399962425231934 5 140 10 148
class 0.6170273423194885 11 139 17 147
class 0.7098552584648132 8 139 15 149
class 0.7218217849731445 23 136 29 144
class 0.7942853569984436 33 141 40 148
class 0.39091554284095764 31 135 39 147
class 0.8456098437309265 46 141 52 150
class 0.7636195421218872 89 135 95 143
class 0.8589224219322205 109 139 115 148
class 0.8459469079971313 131 139 137 147
class 0.772487998008728 148 140 155 149
class 0.5197941660881042 145 139 153 148
class 0.3482513725757599 146 136 153 145
class 0.3993496596813202 196 136 199 144
class 0.3942090570926666 2 150 8 157
class 0.7558953762054443 16 150 22 158
class 0.3040061295032501 12 149 20 157
class 0.7560537457466125 21 150 27 158
class 0.7556588649749756 36 152 42 159
class 0.31594616174697876 34 147 40 154
class 0.7345079183578491 56 152 63 160
class 0.7956569194793701 53 152 59 160
class 0.36898648738861084 59 149 64 156
class 0.7364746332168579 67 149 72 157
class 0.6929916739463806 61 149 68 158
class 0.3321012556552887 69 148 74 155
class 0.7096519470214844 74 152 81 160
class 0.48058319091796875 72 151 79 159
class 0.868699312210083 96 145 103 154
class 0.6049848794937134 110 152 116 159
class 0.3718006908893585 106 151 114 160
class 0.533115565776825 119 150 125 158
class 0.38300320506095886 114 150 123 157
class 0.48821333050727844 115 144 124 155
class 0.8567484617233276 127 152 134 160
class 0.651360034942627 143 145 149 153
class 0.5928272604942322 148 145 155 153
class 0.5474908947944641 180 148 187 156
class 0.6549215912818909 177 145 185 154
class 0.914681077003479 2 159 8 166
class 0.4460805356502533 0 159 3 169
class 0.8538845181465149 15 162 21 170
class 0.5079856514930725 11 162 18 171
class 0.6860600113868713 36 156 42 163
class 0.8658909797668457 48 160 54 168
class 0.46966448426246643 45 159 51 167
class 0.7634000778198242 57 156 63 163
class 0.4008711576461792 51 156 59 165
class 0.8123354315757751 75 157 81 165
class 0.5673828721046448 110 157 116 164
class 0.8802223801612854 118 157 124 166
class 0.31865838170051575 122 158 126 165
class 0.6888915300369263 149 162 155 170
class 0.684601366519928 146 162 153 170
class 0.7381973266601562 161 162 167 169
class 0.7633417844772339 157 161 165 169
class 0.5476796627044678 185 156 190 164
class 0.8039389252662659 194 160 199 168
class 0.5364626049995422 190 157 198 166
class 0.4962027370929718 194 158 199 165
class 0.71660977602005 5 172 11 179
class 0.5964636206626892 12 168 18 177
class 0.6997755169868469 8 169 15 178
class 0.7622998952865601 21 170 27 178
class 0.8357616066932678 57 173 63 180
class 0.6014825105667114 69 169 75 177
class 0.3157239854335785 66 166 77 177
class 0.7332493662834167 79 172 85 180
class 0.4119469225406647 74 168 81 178
class 0.42244452238082886 83 171 89 178
class 0.6965373158454895 81 172 88 180
class 0.31692540645599365 101 174 106 180
class 0.715683102607727 109 172 115 180
class 0.6592620015144348 105 171 112 179
class 0.8203189373016357 127 170 133 178
class 0.845217764377594 185 169 190 177
class 0.3912259638309479 194 168 199 176
class 0.9275714755058289 1 181 7 188
class 0.4778215289115906 0 182 3 191
class 0.8049814105033875 22 183 28 192
class 0.8088248372077942 100 181 106 189
class 0.7518568634986877 110 184 116 192
class 0.3704187273979187 105 182 112 190
class 0.6842799186706543 121 180 127 188
class 0.4483951926231384 116 183 123 191
class 0.5199283361434937 128 183 134 191
class 0.6572751998901367 124 182 131 191
class 0.5438908934593201 140 183 146 191
class 0.7132391929626465 136 183 143 190
class 0.4849952459335327 151 183 157 190
class 0.7072340250015259 147 182 153 190
class 0.8608420491218567 171 178 178 185
class 0.759962797164917 192 179 198 187
class 0.3036095201969147 194 179 199 188
class 0.8518116474151611 3 194 9 199
class 0.3198481798171997 0 193 4 199
class 0.7835826873779297 14 192 21 199
class 0.6725638508796692 11 192 18 199
class 0.38457295298576355 13 189 19 197
class 0.8217781186103821 26 194 32 199
class 0.49344107508659363 22 193 28 199
class 0.42624175548553467 27 192 32 198
class 0.40470170974731445 28 193 36 199
class 0.4775209128856659 48 190 54 197
class 0.7322028279304504 54 193 60 199
class 0.6416842937469482 50 190 59 199
class 0.7803891897201538 84 191 91 198
class 0.6594945788383484 111 189 117 196
class 0.8553926944732666 132 194 137 199
class 0.4014568328857422 167 194 174 199
class 0.4444703757762909 188 192 194 199
