class 0.6509960293769836 2 4 7 11
class 0.4541734755039215 0 3 3 11
class 0.42359620332717896 26 0 32 5
class 0.7459877729415894 31 0 37 5
class 0.8718753457069397 57 0 64 6
class 0.44198423624038696 79 0 84 4
class 0.630368173122406 84 0 90 5
class 0.6528726816177368 109 3 115 10
class 0.4442294239997864 106 1 114 8
class 0.6547524929046631 119 4 125 10
class 0.49697959423065186 114 0 121 7
class 0.8155777454376221 126 3 133 11
class 0.8551785945892334 139 4 145 12
class 0.8669139742851257 147 0 154 6
class 0.39593663811683655 174 0 181 6
class 0.8410220146179199 181 1 188 7
class 0.8687434196472168 195 0 199 7
class 0.5370208024978638 192 0 198 6
class 0.9286114573478699 4 9 10 16
class 0.7281950116157532 16 13 21 22
class 0.33196398615837097 11 10 19 21
class 0.5416790246963501 17 13 26 23
class 0.7631816864013672 110 14 117 22
class 0.490940660238266 146 13 153 21
class 0.7247474193572998 145 15 152 24
class 0.843200147151947 158 9 165 16
class 0.7591528296470642 174 14 179 22
class 0.8062501549720764 179 10 186 18
class 0.8503145575523376 32 23 39 32
class 0.4312017261981964 31 18 40 31
class 0.740473747253418 76 22 82 30
class 0.8806206583976746 126 20 132 29
class 0.9392474889755249 1 30 7 38
class 0.7572197318077087 41 32 48 40
class 0.60125732421875 61 35 69 44
class 0.762408435344696 81 29 89 39
class 0.8097578883171082 97 33 103 40
class 0.8692885637283325 161 34 167 42
class 0.5988778471946716 194 30 199 37
class 0.7858155965805054 23 45 29 54
class 0.7080206274986267 33 46 39 53
class 0.742304801940918 67 44 73 52
class 0.3035041391849518 65 40 72 48
class 0.4878687858581543 77 41 84 49
class 0.35706499218940735 72 45 79 53
class 0.7710025906562805 89 41 95 49
class 0.6413055062294006 84 41 92 48
class 0.8007147312164307 116 45 123 53
class 0.7779175639152527 128 41 135 48
class 0.8144757151603699 151 41 158 49
class 0.7960193157196045 174 46 180 55
class 0.4810202121734619 181 43 187 51
class 0.5961118340492249 177 41 184 51
class 0.8060595393180847 187 45 194 54
class 0.8872503042221069 3 53 9 60
class 0.3107815682888031 1 53 4 62
class 0.7058534026145935 66 56 72 63
class 0.6535886526107788 70 52 78 60
class 0.7501863241195679 101 57 107 65
class 0.7930673360824585 128 57 135 64
class 0.7671116590499878 139 55 145 62
class 0.30320829153060913 137 51 147 62
class 0.8451494574546814 185 51 191 60
class 0.7969991564750671 193 52 199 60
class 0.5070738196372986 189 51 196 61
class 0.586390495300293 7 61 14 70
class 0.8478779792785645 42 66 48 74
class 0.3600984513759613 101 66 106 73
class 0.6768403053283691 122 61 127 69
class 0.8527566194534302 5 71 11 78
class 0.7558979392051697 69 77 75 85
class 0.6991468667984009 77 71 84 79
class 0.39818498492240906 73 74 79 82
class 0.36578258872032166 101 74 107 81
class 0.7686829566955566 103 76 108 84
class 0.88674396276474 5 89 12 96
class 0.839819073677063 10 81 17 90
class 0.7061200737953186 37 81 43 90
class 0.4343903362751007 49 82 57 91
class 0.7623211145401001 91 82 98 92
class 0.8098357915878296 105 87 111 96
class 0.7492784857749939 116 88 124 96
class 0.6187845468521118 129 83 136 90
class 0.6215959191322327 125 83 131 91
class 0.9244744777679443 3 93 9 100
class 0.5651503801345825 19 100 25 107
class 0.7245516777038574 49 96 54 105
class 0.8277040719985962 148 98 155 106
class 0.6460243463516235 164 93 170 100
class 0.7963768243789673 195 93 199 101
class 0.7995492815971375 2 110 9 117
class 0.9357579946517944 15 109 22 116
class 0.8517952561378479 24 103 31 111
class 0.8090358972549438 38 109 43 117
class 0.813823401927948 67 103 73 111
class 0.3600139319896698 64 105 73 114
class 0.7973132133483887 80 103 85 111
class 0.5502495765686035 95 106 101 115
class 0.6607537269592285 92 105 99 115
class 0.7837367057800293 170 109 176 118
class 0.744352400302887 1 118 7 125
class 0.9381626844406128 16 120 23 128
class 0.7166910171508789 55 117 61 125
class 0.843458354473114 51 119 59 128
class 0.7799039483070374 100 119 107 127
class 0.7275582551956177 152 116 158 124
class 0.4668813943862915 149 116 155 125
class 0.3541283905506134 155 113 162 123
class 0.7209343910217285 195 118 199 126
class 0.8748706579208374 2 126 9 134
class 0.3627193868160248 0 128 3 137
class 0.3051866590976715 7 125 15 135
class 0.8416966199874878 44 129 50 138
class 0.31541797518730164 48 128 53 135
class 0.48637813329696655 64 124 70 132
class 0.6832002997398376 94 128 101 136
class 0.717654287815094 92 129 99 138
class 0.6604878902435303 140 125 146 133
class 0.768460214138031 196 130 199 139
class 0.9153741598129272 5 141 11 149
class 0.7285040616989136 24 135 31 143
class 0.7803143858909607 47 141 53 149
class 0.3315057158470154 89 134 95 141
class 0.8099948167800903 131 140 137 148
class 0.35844647884368896 142 139 148 146
class 0.5756068229675293 143 136 152 146
class 0.32478097081184387 59 146 65 154
class 0.724053144454956 63 148 69 156
class 0.3693426549434662 62 146 69 154
class 0.625089704990387 75 152 80 159
class 0.8319911360740662 99 146 105 153
class 0.7807528972625732 117 148 124 157
class 0.8172831535339355 128 152 135 159
class 0.8465625047683716 143 145 148 153
class 0.4996706545352936 180 147 187 155
class 0.6687172055244446 177 144 185 154
class 0.7451579570770264 0 162 6 170
class 0.4187437891960144 0 162 3 172
class 0.5763465166091919 15 163 21 171
class 0.4256328344345093 11 163 17 171
class 0.6715969443321228 75 158 81 165
class 0.671550452709198 75 155 81 163
class 0.8193159699440002 184 155 190 164
class 0.5616815686225891 194 162 199 169
class 0.35534870624542236 1 167 6 174
class 0.6701463460922241 13 168 20 176
class 0.6343367695808411 9 167 17 176
class 0.739604115486145 21 169 28 177
class 0.7825913429260254 57 173 64 181
class 0.8597657084465027 73 167 80 175
class 0.7649297714233398 126 171 133 180
class 0.8241105675697327 184 170 190 177
class 0.9184859395027161 0 183 6 190
class 0.8721556663513184 21 182 28 190
class 0.8494420051574707 121 177 127 185
class 0.9178985953330994 131 183 137 191
class 0.39209485054016113 128 180 136 190
class 0.6874696016311646 153 182 159 190
class 0.807227373123169 192 179 198 187
class 0.8655819296836853 14 188 21 196
class 0.7306442260742188 27 194 33 199
class 0.3698004484176636 48 191 54 198
class 0.7851496338844299 54 193 60 199
class 0.6552385091781616 50 190 58 199
class 0.8326498866081238 84 191 90 198
class 0.7952435612678528 131 193 137 199
class 0.4047953188419342 145 193 152 199
