class 0.8076352477073669 3 4 8 11
class 0.5024687051773071 0 2 4 11
class 0.7383368015289307 11 0 17 6
class 0.524473249912262 26 0 32 6
class 0.7451818585395813 31 1 37 7
class 0.8799029588699341 57 0 64 7
class 0.6722373962402344 103 2 111 9
class 0.6738941669464111 118 3 124 10
class 0.6152823567390442 114 0 120 7
class 0.8551433086395264 127 3 133 11
class 0.8397614359855652 138 4 145 11
class 0.8427816033363342 148 1 153 7
class 0.813589870929718 165 4 173 12
class 0.7945648431777954 182 1 188 7
class 0.3304607570171356 178 0 187 8
class 0.3176250755786896 181 0 186 3
class 0.9082351922988892 195 0 199 7
class 0.5301328301429749 192 0 199 6
class 0.951080858707428 3 12 8 19
class 0.3694571852684021 1 12 4 22
class 0.8397197723388672 17 14 22 22
class 0.34998640418052673 13 11 19 21
class 0.3244740962982178 20 12 26 20
class 0.5838399529457092 80 14 85 21
class 0.8141173720359802 83 11 89 19
class 0.8276474475860596 111 13 116 21
class 0.7481202483177185 146 13 153 21
class 0.7062557935714722 158 9 166 16
class 0.8165475726127625 173 15 179 23
class 0.8113847374916077 180 9 186 17
class 0.5033813714981079 177 7 187 19
class 0.3355196714401245 196 14 199 20
class 0.8261359333992004 32 23 39 32
class 0.42196008563041687 31 19 39 29
class 0.7988017201423645 66 25 72 33
class 0.7246823310852051 76 23 82 31
class 0.7916474342346191 126 21 133 29
class 0.6629878282546997 173 24 179 31
class 0.31396234035491943 171 19 179 26
class 0.330810546875 173 21 181 29
class 0.46544349193573 191 26 196 33
class 0.8269429206848145 187 25 194 35
class 0.9412071704864502 1 33 7 41
class 0.7711672186851501 15 36 21 44
class 0.667272686958313 13 35 19 44
class 0.6828294396400452 41 33 47 41
class 0.70032799243927 56 31 62 39
class 0.5545538663864136 60 34 68 45
class 0.6093549132347107 82 27 91 37
class 0.7998740077018738 97 33 103 40
class 0.859127402305603 161 34 167 42
class 0.5024585127830505 174 28 179 36
class 0.3646387457847595 184 31 190 38
class 0.6582276821136475 193 35 198 42
class 0.5124647617340088 189 31 198 41
class 0.4878513514995575 194 31 199 40
class 0.5014106035232544 16 40 22 48
class 0.768657922744751 24 45 29 53
class 0.4858471751213074 35 46 41 54
class 0.5819281339645386 31 46 38 54
class 0.5388193726539612 40 45 46 54
class 0.40910404920578003 41 41 47 50
class 0.8468133807182312 56 46 62 54
class 0.33981263637542725 55 43 61 49
class 0.30147814750671387 59 45 64 51
class 0.8760100603103638 68 45 74 53
class 0.5070942640304565 65 42 71 52
class 0.8205849528312683 88 40 94 49
class 0.6330576539039612 84 40 92 49
class 0.7576127052307129 118 45 124 53
class 0.7507266402244568 127 41 134 48
class 0.8610820174217224 142 44 148 52
class 0.7308337092399597 150 42 157 49
class 0.5537122488021851 145 43 155 52
class 0.8120390176773071 173 47 179 55
class 0.58256995677948 182 44 188 51
class 0.5976361036300659 178 38 188 51
class 0.6025097370147705 191 45 197 52
class 0.8051869869232178 188 44 195 54
class 0.48189741373062134 190 40 197 49
class 0.3534407615661621 195 43 199 50
class 0.9120272994041443 3 52 8 59
class 0.6063441038131714 43 51 49 59
class 0.7814267873764038 67 56 73 64
class 0.34040307998657227 67 54 76 62
class 0.800452709197998 78 55 83 63
class 0.504568338394165 73 52 82 63
class 0.5982680320739746 75 52 88 64
class 0.5272179245948792 86 57 92 64
class 0.613968551158905 82 57 89 66
class 0.7460683584213257 98 56 104 64
class 0.6365814805030823 94 52 102 62
class 0.7206985354423523 127 56 134 63
class 0.7292326092720032 138 56 145 63
class 0.8208965063095093 158 50 165 59
class 0.8365108370780945 185 51 190 59
class 0.7983047366142273 194 51 199 60
class 0.4512880742549896 189 49 196 60
class 0.4525359869003296 2 66 7 73
class 0.5231212377548218 0 65 3 75
class 0.6225718855857849 7 60 15 71
class 0.8363400101661682 42 66 47 74
class 0.6910256147384644 84 61 91 69
class 0.6849522590637207 122 62 127 69
class 0.48331156373023987 176 67 183 77
class 0.7382803559303284 190 65 197 76
class 0.8742984533309937 5 72 10 79
class 0.9291882514953613 16 78 22 86
class 0.32163557410240173 14 76 19 86
class 0.3760426938533783 17 77 20 83
class 0.7289754152297974 26 74 32 81
class 0.40010666847229004 21 75 28 84
class 0.3348367214202881 32 77 38 84
class 0.7023541927337646 29 74 35 81
class 0.7067804932594299 69 77 74 85
class 0.6927450299263 78 71 84 79
class 0.48802363872528076 72 74 79 82
class 0.7381924986839294 104 75 110 84
class 0.5603246688842773 176 71 183 80
class 0.8762848377227783 4 86 10 94
class 0.4989790916442871 12 82 18 90
class 0.33227798342704773 8 83 16 93
class 0.7975409626960754 37 82 44 90
class 0.4517876207828522 49 83 57 91
class 0.7088527679443359 91 81 99 90
class 0.7684974074363708 118 88 125 96
class 0.6939220428466797 129 82 135 90
class 0.5252167582511902 124 83 132 90
class 0.5330663919448853 141 82 148 90
class 0.6151169538497925 147 84 153 92
class 0.5692898035049438 145 81 152 91
class 0.679654598236084 2 94 7 101
class 0.31080132722854614 0 94 3 104
class 0.8265938758850098 14 97 21 105
class 0.6142999529838562 11 92 17 103
class 0.45161867141723633 19 99 25 107
class 0.7258272171020508 49 96 54 104
class 0.46669068932533264 46 95 53 102
class 0.3652068078517914 51 96 57 104
class 0.8325749635696411 108 96 114 104
class 0.5844423770904541 105 93 113 101
class 0.8461103439331055 148 98 154 106
class 0.6739358305931091 164 93 170 101
class 0.7836122512817383 188 96 196 107
class 0.6593008041381836 2 109 7 117
class 0.87263023853302 15 109 21 116
class 0.7193112969398499 25 104 31 112
class 0.3364033102989197 21 104 28 113
class 0.6932317614555359 35 110 41 118
class 0.6696321964263916 30 109 37 117
class 0.30861225724220276 37 108 42 116
class 0.8190174102783203 67 103 73 111
class 0.4255509674549103 64 105 72 113
class 0.5924324989318848 81 102 89 111
class 0.6784692406654358 92 105 99 114
class 0.7519751787185669 131 105 137 112
class 0.633343517780304 128 105 134 112
class 0.7633839845657349 170 109 176 117
class 0.811107873916626 2 117 8 124
class 0.3575257360935211 1 117 3 126
class 0.8925145268440247 16 120 22 128
class 0.717136561870575 55 116 61 124
class 0.7803794145584106 52 119 60 128
class 0.7803225517272949 97 120 104 128
class 0.3630320131778717 99 117 105 126
class 0.6710812449455261 119 120 125 128
class 0.7523349523544312 116 119 123 128
class 0.3487464487552643 120 118 128 126
class 0.4766879379749298 123 120 130 128
class 0.693793773651123 152 116 158 124
class 0.3197000324726105 149 116 156 125
class 0.3656047284603119 155 113 162 122
class 0.6433078050613403 196 117 199 126
class 0.8265776038169861 2 126 8 134
class 0.3700568377971649 0 127 3 138
class 0.359627902507782 7 124 15 136
class 0.844136118888855 45 129 51 137
class 0.30406707525253296 48 128 53 135
class 0.6274194121360779 64 124 70 132
class 0.7893842458724976 91 128 99 139
class 0.31660526990890503 93 125 100 133
class 0.7896101474761963 105 126 111 135
class 0.7466921210289001 120 130 126 138
class 0.7054019570350647 118 128 125 137
class 0.38529035449028015 120 127 129 135
class 0.4431924521923065 127 129 134 136
class 0.538170576095581 123 129 131 138
class 0.8276863694190979 135 129 142 138
class 0.7408856749534607 196 130 199 139
class 0.9361794590950012 6 141 12 149
class 0.7178183794021606 11 138 17 146
class 0.5956522226333618 7 137 16 149
class 0.7234973311424255 24 135 30 143
class 0.45282649993896484 28 134 37 144
class 0.7549728751182556 46 141 52 149
class 0.735161542892456 89 134 95 142
class 0.8449258208274841 132 141 138 149
class 0.6183199286460876 147 135 154 144
class 0.7638238072395325 17 151 23 158
class 0.7088187336921692 21 151 27 158
class 0.534572184085846 57 147 63 156
class 0.36765509843826294 52 151 59 159
class 0.6522563099861145 66 149 72 156
class 0.7670271396636963 62 146 69 156
class 0.35528552532196045 68 148 75 154
class 0.689929723739624 74 151 80 159
class 0.8149831891059875 98 145 104 153
class 0.6140947937965393 111 153 116 160
class 0.5654454231262207 120 149 126 157
class 0.3043288290500641 115 147 123 156
class 0.5351496934890747 116 144 124 154
class 0.7116996645927429 127 151 134 159
class 0.8664343357086182 143 144 148 153
class 0.4589487314224243 140 146 148 155
class 0.616131603717804 181 149 187 157
class 0.6800551414489746 178 145 186 155
class 0.8021619915962219 2 161 8 168
class 0.3923227787017822 0 160 3 171
class 0.8103465437889099 16 162 21 170
class 0.5525596737861633 12 163 17 170
class 0.35328614711761475 53 157 58 165
class 0.5795379877090454 50 155 56 164
class 0.7140769958496094 76 157 82 165
class 0.7137677073478699 111 158 117 165
class 0.3190249502658844 109 155 116 162
class 0.834439754486084 119 156 125 164
class 0.5359649062156677 114 156 122 166
class 0.719698965549469 150 161 156 169
class 0.7885046005249023 161 162 167 168
class 0.581224799156189 158 160 165 170
class 0.7087340950965881 185 156 191 164
class 0.7708319425582886 195 162 199 170
class 0.710953950881958 12 169 19 177
class 0.8551409244537354 21 169 28 178
class 0.7921956777572632 57 173 63 180
class 0.7600897550582886 78 171 83 179
class 0.6340334415435791 73 167 81 177
class 0.5277843475341797 81 172 88 180
class 0.7453466057777405 109 172 115 179
class 0.7021523714065552 105 172 112 179
class 0.8720095753669739 127 171 133 179
class 0.8350318670272827 184 169 190 177
class 0.9491320848464966 0 182 6 190
class 0.8658730983734131 22 183 29 192
class 0.7391557097434998 20 184 25 191
class 0.7356528639793396 101 178 107 186
class 0.6345959901809692 122 179 128 187
class 0.4575558006763458 128 183 134 191
class 0.6139758229255676 124 182 132 192
class 0.6741974949836731 139 183 145 191
class 0.7174057960510254 135 183 143 191
class 0.5886802077293396 152 183 158 190
class 0.6072090268135071 149 181 155 190
class 0.7521538138389587 193 179 198 187
class 0.7705735564231873 15 189 21 196
class 0.8255542516708374 25 194 31 199
class 0.5570253729820251 22 192 28 199
class 0.4025074541568756 28 192 31 198
class 0.3926394283771515 28 193 36 199
class 0.4589462876319885 48 191 54 198
class 0.7239365577697754 53 193 59 199
class 0.656901478767395 50 191 58 199
class 0.820518970489502 84 191 90 198
class 0.8274538516998291 131 193 137 199
class 0.3446365296840668 173 194 179 199
