class 0.8479350209236145 4 4 9 11
class 0.5004082918167114 1 3 4 11
class 0.34293726086616516 7 0 14 7
class 0.5307384133338928 26 0 32 6
class 0.7503487467765808 31 0 37 6
class 0.8849799633026123 57 0 64 5
class 0.3450317084789276 82 0 88 4
class 0.5223599076271057 107 3 114 10
class 0.5399653911590576 104 1 112 7
class 0.6640960574150085 118 3 125 10
class 0.5285239815711975 114 0 121 7
class 0.81172114610672 126 4 133 11
class 0.8274942636489868 138 4 145 11
class 0.8876126408576965 147 0 154 5
class 0.514316201210022 174 0 180 5
class 0.7823272347450256 182 1 188 7
class 0.8726098537445068 195 0 199 7
class 0.5431987643241882 192 0 199 6
class 0.9302277565002441 4 9 9 16
class 0.802400529384613 16 13 22 21
class 0.3819589912891388 12 11 19 21
class 0.476746141910553 17 11 25 22
class 0.7769395709037781 110 13 117 21
class 0.4190736711025238 147 13 153 21
class 0.6328067183494568 145 15 152 24
class 0.7338806390762329 158 9 165 16
class 0.8267269134521484 173 15 179 22
class 0.3429237902164459 170 10 183 22
class 0.8208361268043518 179 9 186 16
class 0.8308441042900085 33 23 39 32
class 0.466098815202713 31 18 40 30
class 0.8298941850662231 66 25 71 33
class 0.7639625072479248 76 23 82 30
class 0.4837336242198944 73 21 80 32
class 0.8631746172904968 126 20 132 29
class 0.9308592677116394 1 31 7 39
class 0.7118556499481201 41 33 48 40
class 0.47245538234710693 61 35 68 44
class 0.6690200567245483 81 29 89 39
class 0.8308888673782349 97 33 103 40
class 0.8885513544082642 162 34 167 42
class 0.5038430094718933 194 32 199 39
class 0.4181276261806488 192 28 199 38
class 0.7072314620018005 23 44 29 53
class 0.5736860632896423 34 46 40 54
class 0.6279886960983276 31 46 38 54
class 0.6434143781661987 42 46 49 54
class 0.8137686848640442 67 44 73 53
class 0.5917829871177673 64 43 71 52
class 0.41664859652519226 77 42 83 49
class 0.33734220266342163 72 45 79 53
class 0.7613332271575928 88 41 95 50
class 0.6472719311714172 85 41 91 49
class 0.820162296295166 118 45 124 54
class 0.7988575100898743 127 40 134 48
class 0.8735858201980591 142 45 148 53
class 0.757892906665802 151 41 157 49
class 0.4385063648223877 145 42 155 52
class 0.7707040309906006 173 46 179 54
class 0.6379338502883911 182 44 188 51
class 0.5648881793022156 177 40 185 51
class 0.5589939951896667 190 44 196 51
class 0.7728888392448425 187 43 194 53
class 0.5379367470741272 189 40 197 49
class 0.9125229716300964 3 53 8 60
class 0.3083559274673462 1 53 4 63
class 0.748657763004303 65 55 72 64
class 0.7132930755615234 74 53 80 61
class 0.75840163230896 101 58 107 66
class 0.7993199825286865 127 57 134 65
class 0.711330771446228 138 55 145 63
class 0.8321986794471741 185 51 191 59
class 0.8235675096511841 194 53 199 61
class 0.39406946301460266 190 50 197 59
class 0.40408021211624146 3 66 7 73
class 0.3919467628002167 0 65 3 74
class 0.6788901686668396 9 62 16 70
class 0.8623162508010864 42 66 47 74
class 0.34948214888572693 101 66 106 73
class 0.8165249228477478 122 61 127 69
class 0.77655428647995 191 66 198 74
class 0.49175432324409485 194 65 199 73
class 0.8700531125068665 5 72 10 79
class 0.7573134899139404 27 73 33 80
class 0.616790235042572 34 78 40 86
class 0.6302998065948486 29 75 37 82
class 0.7687855362892151 69 77 75 85
class 0.7116071581840515 78 71 84 79
class 0.3923898935317993 73 75 80 82
class 0.3430151045322418 101 73 107 81
class 0.7920686602592468 104 75 111 85
class 0.9020503759384155 4 87 10 94
class 0.304097980260849 2 85 5 96
class 0.7613714933395386 10 82 17 90
class 0.6582276821136475 37 81 43 89
class 0.5337429642677307 49 82 57 90
class 0.6519815325737 91 82 99 91
class 0.7611852884292603 119 88 125 96
class 0.5916332006454468 129 83 136 91
class 0.5390861630439758 125 83 131 91
class 0.913174033164978 3 93 9 100
class 0.35839757323265076 1 94 4 103
class 0.616730272769928 15 97 22 104
class 0.45630815625190735 19 100 25 107
class 0.6557191014289856 48 96 54 104
class 0.4147264063358307 51 95 58 103
class 0.7379372715950012 105 93 112 102
class 0.8398317098617554 148 97 154 106
class 0.6949702501296997 164 93 170 100
class 0.7429766058921814 196 93 199 101
class 0.680777907371521 2 110 7 117
class 0.9286761283874512 15 109 21 116
class 0.8410127758979797 23 104 30 111
class 0.8215620517730713 38 110 44 117
class 0.8550164699554443 68 103 74 111
class 0.38860103487968445 65 105 73 114
class 0.7384730577468872 79 103 85 111
class 0.6185295581817627 93 107 99 115
class 0.7552427649497986 170 109 176 117
class 0.8325396180152893 2 117 8 124
class 0.3316895663738251 1 117 3 126
class 0.9290980696678162 16 120 23 128
class 0.6809837222099304 55 117 61 124
class 0.7797132730484009 51 118 59 128
class 0.8115786910057068 98 121 105 128
class 0.7272969484329224 95 121 101 128
class 0.44603967666625977 102 120 105 125
class 0.7235296964645386 151 116 158 124
class 0.3862702250480652 149 116 155 124
class 0.3762950599193573 154 113 162 123
class 0.6671351790428162 196 118 199 127
class 0.8935825824737549 3 125 9 134
class 0.36400529742240906 1 127 4 137
class 0.3536158800125122 7 124 14 134
class 0.8250919580459595 43 129 50 138
class 0.3251018226146698 47 128 54 135
class 0.6740564107894897 64 124 70 132
class 0.3094932436943054 89 130 94 137
class 0.6784961223602295 94 127 100 135
class 0.7488757371902466 92 129 98 137
class 0.7020279765129089 122 130 128 136
class 0.5761317610740662 120 128 126 135
class 0.5693137645721436 125 126 131 135
class 0.7203519344329834 140 124 146 132
class 0.7220346927642822 196 129 199 138
class 0.929088830947876 5 141 12 149
class 0.7010489106178284 24 136 31 144
class 0.6391762495040894 21 136 28 144
class 0.43443921208381653 28 134 36 143
class 0.7986836433410645 46 141 52 149
class 0.6176011562347412 89 134 95 141
class 0.8523611426353455 132 141 138 149
class 0.5321432948112488 131 139 136 146
class 0.7003932595252991 144 134 152 144
class 0.650195300579071 64 147 70 156
class 0.6659741997718811 75 152 80 159
class 0.8495001196861267 99 145 105 153
class 0.8350329399108887 118 148 125 157
class 0.47236916422843933 116 149 122 157
class 0.3058743178844452 116 146 123 155
class 0.7839322686195374 128 152 135 159
class 0.8822653889656067 143 145 148 153
class 0.6248641610145569 180 148 187 156
class 0.6788904666900635 178 144 185 154
class 0.8462023138999939 2 162 8 170
class 0.35317757725715637 0 162 3 171
class 0.8445099592208862 16 163 22 171
class 0.5656995177268982 12 164 18 170
class 0.7365471720695496 75 157 81 165
class 0.7674452662467957 110 157 116 164
class 0.7581485509872437 184 156 191 164
class 0.6321945190429688 195 162 199 169
class 0.3072843849658966 2 167 7 174
class 0.5952892303466797 13 168 20 176
class 0.6399846076965332 9 167 16 176
class 0.7830026149749756 21 169 28 177
class 0.803532600402832 57 173 63 181
class 0.830842137336731 73 168 80 176
class 0.7856746912002563 108 172 114 179
class 0.5120470523834229 110 170 117 177
class 0.8381924033164978 126 171 133 179
class 0.8199600577354431 184 168 190 176
class 0.9249899387359619 0 183 6 191
class 0.8497440218925476 21 183 28 191
class 0.7993095517158508 121 177 127 185
class 0.8775776624679565 131 184 137 191
class 0.3615094721317291 127 180 135 189
class 0.6617867350578308 153 182 159 190
class 0.31292247772216797 151 179 160 190
class 0.8007269501686096 193 179 198 187
class 0.8081189393997192 15 188 21 196
class 0.8505005240440369 26 194 32 199
class 0.45942312479019165 23 193 28 199
class 0.3178957998752594 28 194 31 199
class 0.4725606143474579 28 194 36 199
class 0.434350848197937 48 191 54 198
class 0.7862300276756287 53 192 59 199
class 0.38179248571395874 52 188 59 198
class 0.8004184365272522 84 191 90 198
class 0.7871890664100647 131 193 137 199
class 0.3518557846546173 145 193 152 199
