class 0.8635494709014893 3 3 9 10
class 0.4584098160266876 1 3 4 11
class 0.7078146934509277 12 0 18 6
class 0.4936087131500244 8 0 15 6
class 0.5896062850952148 25 0 31 6
class 0.7443246245384216 30 0 36 7
class 0.869451105594635 56 2 62 9
class 0.4037710428237915 53 4 59 10
class 0.3438236117362976 83 0 88 6
class 0.3278949558734894 107 2 113 9
class 0.6468366384506226 103 1 110 8
class 0.7837256193161011 119 4 125 11
class 0.5815901756286621 114 0 120 7
class 0.8323127627372742 127 4 133 11
class 0.5200599431991577 125 4 131 12
class 0.8117386698722839 139 4 146 11
class 0.7901188731193542 147 1 153 7
class 0.30980077385902405 148 0 152 3
class 0.836870551109314 167 3 174 10
class 0.836670994758606 182 1 188 7
class 0.37251418828964233 181 0 187 3
class 0.9046928882598877 195 0 199 7
class 0.43904855847358704 192 0 198 6
class 0.9309813380241394 2 12 8 20
class 0.40031448006629944 0 13 3 22
class 0.7832353711128235 16 14 22 21
class 0.4551807940006256 12 11 19 21
class 0.6041203141212463 18 13 25 22
class 0.6704965233802795 52 9 59 17
class 0.7257144451141357 80 15 85 22
class 0.8303612470626831 83 10 89 19
class 0.8190387487411499 110 13 116 21
class 0.8181078433990479 146 12 153 20
class 0.44659897685050964 159 12 166 18
class 0.6524569392204285 158 7 165 16
class 0.7071847915649414 173 14 179 23
class 0.3797670602798462 170 11 179 22
class 0.8339123129844666 180 9 186 16
class 0.506818950176239 196 14 199 21
class 0.8583102822303772 32 23 38 31
class 0.7889211177825928 67 25 73 32
class 0.7419464588165283 63 23 71 33
class 0.632297158241272 76 22 82 30
class 0.5536869168281555 72 21 81 31
class 0.8615366220474243 126 20 133 29
class 0.7836767435073853 161 19 167 27
class 0.6345961689949036 173 22 179 30
class 0.35352590680122375 170 20 177 29
class 0.5583844184875488 191 25 196 33
class 0.8038600087165833 187 24 195 35
class 0.8861225843429565 2 34 7 42
class 0.7807053923606873 15 36 21 44
class 0.7895480394363403 12 36 17 43
class 0.6273396015167236 41 34 47 41
class 0.7404292821884155 56 33 62 41
class 0.6992468237876892 62 36 69 44
class 0.6187217235565186 83 28 90 36
class 0.8152450919151306 96 33 103 40
class 0.9060736298561096 162 35 168 42
class 0.7471538186073303 174 28 180 37
class 0.5596972107887268 184 30 190 37
class 0.6775874495506287 194 35 199 43
class 0.3726879954338074 189 31 199 42
class 0.3609324097633362 193 31 199 40
class 0.6853929758071899 0 41 4 48
class 0.48732995986938477 16 39 22 47
class 0.7987422347068787 23 46 29 54
class 0.5356118083000183 19 45 28 53
class 0.5222808122634888 34 46 41 54
class 0.6008034944534302 31 46 38 54
class 0.5819223523139954 42 44 48 51
class 0.6361894011497498 41 40 47 49
class 0.8490572571754456 56 46 61 54
class 0.3020011782646179 55 42 61 49
class 0.8624847531318665 68 45 74 53
class 0.466042697429657 65 43 72 52
class 0.42009177803993225 70 43 74 50
class 0.8532707095146179 88 40 94 48
class 0.602561354637146 85 40 92 48
class 0.8328980803489685 118 45 124 54
class 0.8258301019668579 127 41 134 48
class 0.8880618810653687 143 43 148 51
class 0.7264752984046936 150 43 156 50
class 0.4494786262512207 145 43 154 52
class 0.31031253933906555 148 40 154 49
class 0.3050817549228668 153 42 158 51
class 0.8216037154197693 174 47 179 55
class 0.5327544808387756 182 44 188 51
class 0.5953205823898315 178 38 187 50
class 0.571631669998169 191 45 197 52
class 0.8275770545005798 188 45 195 54
class 0.43523889780044556 190 41 197 49
class 0.38025176525115967 194 43 199 50
class 0.9164058566093445 3 52 8 59
class 0.8331798911094666 43 50 49 59
class 0.8183487057685852 68 57 74 64
class 0.31236493587493896 68 54 75 61
class 0.8030829429626465 77 55 83 62
class 0.49637389183044434 74 49 83 63
class 0.4565574526786804 86 57 92 65
class 0.612156867980957 82 58 89 65
class 0.7744923830032349 97 56 103 64
class 0.6797375679016113 94 53 102 63
class 0.3280339241027832 99 54 107 63
class 0.7783992290496826 128 56 134 64
class 0.6957577466964722 138 54 145 64
class 0.36635297536849976 140 54 150 63
class 0.6725950241088867 144 56 152 65
class 0.8241696357727051 158 52 164 60
class 0.8370237350463867 185 51 191 59
class 0.8000646233558655 194 52 199 60
class 0.4756797254085541 189 49 197 60
class 0.6529721617698669 1 66 6 73
class 0.5751646161079407 0 64 3 75
class 0.6101164817810059 11 62 17 71
class 0.8549913167953491 42 66 47 74
class 0.7939916253089905 85 62 91 69
class 0.7135974168777466 122 61 127 69
class 0.4497113525867462 179 67 185 74
class 0.5343568921089172 176 66 184 77
class 0.7924444675445557 190 65 198 76
class 0.35371848940849304 193 65 199 74
class 0.8191016316413879 6 73 10 80
class 0.911517322063446 16 78 22 86
class 0.4051675498485565 13 77 18 86
class 0.3802333474159241 17 77 20 83
class 0.7598122358322144 27 74 32 82
class 0.35252711176872253 21 75 28 84
class 0.48862606287002563 32 77 38 85
class 0.6879991888999939 28 75 36 83
class 0.698128879070282 69 78 74 86
class 0.7319703698158264 78 72 84 80
class 0.5155145525932312 73 74 80 82
class 0.31938013434410095 101 73 107 81
class 0.45047780871391296 106 75 112 84
class 0.8745838403701782 102 76 109 85
class 0.739436686038971 113 75 120 84
class 0.6770989894866943 142 78 148 87
class 0.5737667679786682 153 74 159 82
class 0.3540504574775696 154 71 163 80
class 0.8395986557006836 170 77 176 85
class 0.713888943195343 168 76 175 86
class 0.35090523958206177 173 75 179 83
class 0.36186614632606506 179 72 185 79
class 0.47016727924346924 176 72 183 80
class 0.8468795418739319 4 86 10 93
class 0.620469331741333 12 82 18 89
class 0.36510995030403137 8 82 17 93
class 0.7871068716049194 37 87 44 95
class 0.31912708282470703 39 85 43 91
class 0.5220931172370911 49 84 56 92
class 0.7895371913909912 67 83 74 91
class 0.7581300735473633 80 83 89 92
class 0.7661142945289612 91 80 99 90
class 0.8258482217788696 118 89 124 97
class 0.5831082463264465 129 83 136 90
class 0.4369862377643585 125 83 133 91
class 0.7847649455070496 147 83 153 91
class 0.7140923142433167 3 94 8 100
class 0.32804036140441895 0 94 3 104
class 0.8386755585670471 14 96 20 103
class 0.6692625284194946 10 92 17 103
class 0.45019933581352234 19 99 26 107
class 0.7191327214241028 49 95 55 103
class 0.3044601380825043 51 95 58 105
class 0.6920132637023926 86 96 93 104
class 0.5711512565612793 83 96 91 106
class 0.30443188548088074 84 92 92 103
class 0.7947267293930054 110 98 115 106
class 0.647297203540802 106 94 113 103
class 0.3872539699077606 112 98 119 106
class 0.8441905975341797 148 98 154 106
class 0.6930102705955505 163 92 170 100
class 0.8273704051971436 174 99 180 106
class 0.34130430221557617 170 93 177 102
class 0.5282050371170044 179 98 185 107
class 0.7764320969581604 189 96 196 107
class 0.3673939108848572 193 95 199 105
class 0.6690487861633301 2 110 7 117
class 0.86655193567276 14 109 21 117
class 0.7215452790260315 12 108 19 119
class 0.7449862957000732 26 106 32 113
class 0.45673105120658875 24 101 31 112
class 0.6694357395172119 35 110 41 118
class 0.6102197766304016 30 109 37 117
class 0.8384612798690796 67 103 73 111
class 0.47169649600982666 82 102 90 112
class 0.700657069683075 92 106 100 115
class 0.6708979606628418 130 108 136 116
class 0.5679153800010681 126 107 134 115
class 0.43722450733184814 127 103 135 112
class 0.34969690442085266 131 107 138 114
class 0.819400429725647 168 109 176 118
class 0.8122634887695312 2 117 7 125
class 0.356738418340683 0 117 3 126
class 0.9314960837364197 16 120 22 128
class 0.5488883256912231 13 119 19 127
class 0.7402445077896118 56 117 62 125
class 0.7933708429336548 53 119 60 127
class 0.7787938714027405 97 120 104 128
class 0.709679365158081 94 120 101 129
class 0.3147028982639313 100 118 105 125
class 0.7659522294998169 116 119 124 128
class 0.6960115432739258 127 115 133 123
class 0.6838788390159607 123 117 131 125
class 0.7749636173248291 153 116 158 123
class 0.46470943093299866 149 116 156 123
class 0.45537418127059937 155 114 161 123
class 0.628087043762207 196 119 199 126
class 0.3133377432823181 193 117 199 126
class 0.8018728494644165 3 128 8 136
class 0.33317258954048157 0 128 3 138
class 0.33002471923828125 7 125 15 135
class 0.8446312546730042 45 129 51 137
class 0.30309706926345825 56 125 62 132
class 0.7172603607177734 64 123 70 132
class 0.7211124897003174 94 128 101 136
class 0.8015490770339966 91 128 99 139
class 0.7380541563034058 105 127 112 135
class 0.5799527764320374 104 124 111 132
class 0.802692711353302 121 129 127 138
class 0.3277263045310974 118 124 125 134
class 0.41139861941337585 121 127 128 134
class 0.48570799827575684 127 128 133 136
class 0.6405047178268433 123 129 131 137
class 0.7826549410820007 135 128 143 137
class 0.42682257294654846 137 125 146 134
class 0.7771798372268677 195 131 199 139
class 0.9500145316123962 5 141 11 149
class 0.613452136516571 10 139 17 147
class 0.6978314518928528 8 139 15 149
class 0.7025837898254395 23 136 30 144
class 0.8076093196868896 32 141 39 148
class 0.40588638186454773 30 136 38 145
class 0.6511785387992859 47 140 53 149
class 0.764095664024353 89 135 95 142
class 0.8351549506187439 111 141 116 148
class 0.8273009061813354 131 140 137 148
class 0.7733718752861023 149 141 156 149
class 0.5066710710525513 146 138 154 148
class 0.6463026404380798 196 136 199 144
class 0.7437721490859985 15 150 22 158
class 0.5446667671203613 12 149 19 158
class 0.771599292755127 21 150 27 158
class 0.7763132452964783 36 151 42 159
class 0.3138301968574524 34 147 40 153
class 0.3079111874103546 48 149 54 157
class 0.7295000553131104 56 151 63 160
class 0.7729992270469666 52 151 59 160
class 0.4154570996761322 59 149 64 156
class 0.7441757321357727 66 149 72 157
class 0.7043840289115906 61 150 68 159
class 0.6745842695236206 74 152 81 160
class 0.8635576367378235 97 145 103 153
class 0.590100109577179 110 152 117 159
class 0.5312989950180054 120 149 126 157
class 0.4904527962207794 116 144 124 154
class 0.7915177941322327 127 152 134 160
class 0.6797813773155212 143 145 148 153
class 0.5123559832572937 149 145 157 152
class 0.6248180270195007 181 148 187 157
class 0.6497306823730469 178 145 186 155
class 0.9106010794639587 2 160 8 167
class 0.385452002286911 0 160 3 170
class 0.8631016612052917 15 163 21 170
class 0.5907862186431885 12 162 18 171
class 0.4936363399028778 36 155 42 163
class 0.8438524603843689 48 160 54 168
class 0.5834668278694153 45 159 51 167
class 0.6972048878669739 57 156 62 163
class 0.46595361828804016 50 156 59 166
class 0.7738325595855713 75 158 81 165
class 0.5227277874946594 110 156 117 163
class 0.9054251313209534 118 157 125 165
class 0.34729960560798645 122 158 126 166
class 0.6705384254455566 149 162 156 170
class 0.6577262878417969 146 161 154 170
class 0.7592512369155884 157 161 166 170
class 0.3490842282772064 161 159 170 169
class 0.666962206363678 184 157 190 164
class 0.8216553926467896 194 161 199 168
class 0.45952868461608887 191 157 198 165
class 0.5566968321800232 4 171 10 179
class 0.7015442848205566 13 170 19 178
class 0.682302713394165 9 169 15 179
class 0.7765920162200928 21 170 28 178
class 0.8261913657188416 57 173 63 181
class 0.43514543771743774 69 168 75 176
class 0.6592564582824707 78 172 84 179
class 0.554270327091217 73 167 81 178
class 0.5661219358444214 76 169 87 180
class 0.7348104119300842 81 172 88 180
class 0.6893997192382812 109 172 115 179
class 0.6267852187156677 105 171 112 179
class 0.8190578818321228 127 171 133 179
class 0.845657467842102 184 170 190 177
class 0.3890976309776306 194 168 199 176
class 0.9295501112937927 1 180 7 188
class 0.39336952567100525 0 182 3 190
class 0.8272867798805237 22 183 28 191
class 0.8060142397880554 101 180 106 188
class 0.6242952346801758 110 185 116 192
class 0.36879250407218933 105 181 111 190
class 0.5738075971603394 119 179 125 187
class 0.6114986538887024 114 183 122 191
class 0.7255911827087402 123 183 132 191
class 0.6060621738433838 140 184 146 191
class 0.7776947021484375 136 183 143 190
class 0.4538193941116333 152 183 157 190
class 0.6503067016601562 146 182 152 190
class 0.8405685424804688 171 178 178 185
class 0.3476560115814209 172 177 176 182
class 0.7405219078063965 193 179 198 187
class 0.7115448117256165 2 193 8 199
class 0.7637037038803101 15 191 21 198
class 0.5652413964271545 12 191 19 199
class 0.41247865557670593 13 188 19 196
class 0.8222701549530029 25 194 31 199
class 0.5839266777038574 22 193 28 199
class 0.4163219928741455 27 192 32 198
class 0.40707722306251526 28 193 36 199
class 0.5457471013069153 48 190 54 197
class 0.7228641510009766 53 193 59 199
class 0.675601065158844 49 191 58 199
class 0.7683454155921936 84 191 91 198
class 0.6590648889541626 111 188 117 195
class 0.8073673844337463 131 193 137 199
