class 0.8246764540672302 0 4 4 12
class 0.4788411259651184 18 0 25 5
class 0.8758097290992737 35 0 42 5
class 0.8946154713630676 54 0 61 5
class 0.9016428589820862 86 0 92 8
class 0.9113320708274841 109 0 115 7
class 0.7511082887649536 121 0 128 7
class 0.7006881833076477 131 1 137 8
class 0.9053962826728821 159 0 166 7
class 0.3189398944377899 157 2 164 10
class 0.7235105037689209 87 15 93 22
class 0.804598867893219 111 15 116 22
class 0.7431462407112122 133 15 138 23
class 0.5183587670326233 135 14 142 21
class 0.5632299184799194 154 7 163 17
class 0.8953953981399536 170 8 177 17
class 0.8555288314819336 194 15 199 23
class 0.5665683746337891 89 20 96 28
class 0.828193187713623 100 25 106 33
class 0.4391479790210724 97 21 108 34
class 0.8611180186271667 183 25 189 33
class 0.8360869884490967 45 35 51 43
class 0.6391070485115051 121 37 127 44
class 0.4787735641002655 119 34 125 42
class 0.5189595818519592 123 35 130 42
class 0.7265388369560242 143 35 148 43
class 0.445409893989563 141 33 147 42
class 0.8065659999847412 171 30 178 38
class 0.8321595788002014 190 31 195 40
class 0.6824132800102234 17 47 22 54
class 0.79209965467453 32 41 39 49
class 0.34607192873954773 121 45 127 52
class 0.7845026254653931 130 41 137 49
class 0.4283921718597412 126 43 135 52
class 0.7334772944450378 187 45 195 55
class 0.912240207195282 15 57 21 65
class 0.8700032234191895 27 55 33 64
class 0.6931909322738647 32 54 38 61
class 0.3565143942832947 30 50 37 59
class 0.4604842960834503 49 52 54 59
class 0.7255349159240723 55 52 63 60
class 0.48432743549346924 51 51 60 60
class 0.770038902759552 66 51 73 58
class 0.4615561366081238 64 50 70 60
class 0.4556718170642853 90 56 96 63
class 0.6690143346786499 92 53 100 63
class 0.48208221793174744 102 52 110 62
class 0.7840272188186646 151 57 157 64
class 0.37144333124160767 175 53 181 61
class 0.7811498641967773 178 55 184 63
class 0.9085394144058228 4 61 10 69
class 0.7737380266189575 47 67 52 75
class 0.781332790851593 90 66 96 73
class 0.713446319103241 105 62 112 71
class 0.7260007262229919 116 65 125 74
class 0.49353668093681335 118 61 125 70
class 0.8208463191986084 150 68 157 75
class 0.6022219061851501 147 65 155 75
class 0.7581619620323181 158 66 164 73
class 0.46236562728881836 155 61 167 74
class 0.7116270661354065 188 61 195 69
class 0.9269678592681885 1 76 8 83
class 0.3002479672431946 1 73 4 83
class 0.49057358503341675 17 71 23 79
class 0.8847943544387817 56 78 63 86
class 0.759437084197998 69 77 75 85
class 0.3731270134449005 66 75 76 84
class 0.7942083477973938 120 73 127 80
class 0.8247148990631104 127 72 135 80
class 0.4528789818286896 5 83 10 90
class 0.7002123594284058 10 88 17 96
class 0.7193430066108704 26 86 32 93
class 0.32474830746650696 25 82 32 90
class 0.6915715932846069 48 87 54 95
class 0.328046590089798 45 88 52 97
class 0.8105184435844421 87 82 95 90
class 0.8429440855979919 97 83 104 91
class 0.6228036284446716 150 88 156 96
class 0.6956295371055603 146 87 153 95
class 0.3199843764305115 152 87 159 94
class 0.4909442961215973 155 88 162 96
class 0.8975178599357605 3 94 9 101
class 0.3330918550491333 1 96 3 104
class 0.39268359541893005 26 95 32 102
class 0.7437115907669067 37 94 43 101
class 0.7247361540794373 46 98 52 105
class 0.6125370860099792 40 93 48 103
class 0.3950035870075226 48 95 53 102
class 0.6240889430046082 55 93 61 101
class 0.5558164715766907 51 95 57 104
class 0.4486249089241028 59 94 63 101
class 0.7569661140441895 117 93 124 100
class 0.40670379996299744 115 95 122 103
class 0.6645383834838867 187 92 194 100
class 0.5797714591026306 27 103 33 111
class 0.4251309037208557 48 108 54 115
class 0.5394998788833618 77 106 83 113
class 0.3392547070980072 76 102 83 111
class 0.7797625660896301 84 104 91 111
class 0.6367987394332886 109 105 116 112
class 0.5031843185424805 107 103 115 110
class 0.6788215041160583 113 108 120 117
class 0.7366373538970947 126 110 133 118
class 0.6903349161148071 139 104 145 111
class 0.7385110855102539 136 107 142 114
class 0.3447418212890625 166 110 172 117
class 0.6756243109703064 186 109 191 117
class 0.5397083759307861 28 120 35 127
class 0.40144476294517517 48 116 54 123
class 0.7250264883041382 50 119 56 126
class 0.7419635057449341 76 117 83 125
class 0.8004773259162903 73 120 80 128
class 0.7332829833030701 96 119 102 126
class 0.42225009202957153 140 121 146 129
class 0.6870602369308472 26 130 32 139
class 0.30495718121528625 26 127 33 136
class 0.8458952307701111 32 130 39 138
class 0.838552713394165 57 127 63 135
class 0.331667423248291 55 124 62 132
class 0.7466773390769958 130 124 137 132
class 0.8074878454208374 141 124 147 132
class 0.38072171807289124 137 124 144 132
class 0.8120733499526978 174 131 180 139
class 0.5207513570785522 192 130 197 138
class 0.7023781538009644 22 137 28 146
class 0.6571479439735413 19 140 26 149
class 0.6919654011726379 30 140 39 149
class 0.6442466378211975 59 140 64 148
class 0.7713510990142822 68 141 74 147
class 0.3755033612251282 64 139 71 147
class 0.7313776612281799 90 140 96 149
class 0.5102437734603882 99 135 105 143
class 0.5394717454910278 93 139 101 147
class 0.3029100298881531 101 134 110 142
class 0.5261387228965759 120 143 126 149
class 0.7998837828636169 169 141 176 149
class 0.5200087428092957 191 135 196 143
class 0.8652971386909485 17 150 23 158
class 0.3346846103668213 18 149 22 154
class 0.5787983536720276 37 148 42 155
class 0.3967917859554291 35 144 42 152
class 0.5873271226882935 58 150 64 158
class 0.8060649633407593 68 152 75 160
class 0.7782448530197144 76 147 82 155
class 0.7045539617538452 72 151 79 159
class 0.5182594060897827 111 152 117 159
class 0.4116295576095581 118 144 125 151
class 0.8337625861167908 179 145 186 153
class 0.33133983612060547 179 146 184 150
class 0.34320682287216187 0 160 4 167
class 0.7952952980995178 12 162 19 170
class 0.6876352429389954 37 156 43 164
class 0.433716356754303 35 157 41 165
class 0.8325909972190857 46 162 52 170
class 0.6451955437660217 43 162 49 169
class 0.3677199184894562 48 161 53 168
class 0.6713190674781799 56 155 62 162
class 0.315757155418396 51 157 59 167
class 0.8605715036392212 74 160 80 169
class 0.7362638115882874 91 162 96 170
class 0.7810447216033936 100 162 106 170
class 0.33332690596580505 95 161 102 170
class 0.8928017020225525 118 155 125 163
class 0.7683120965957642 136 156 143 164
class 0.8332105875015259 174 155 181 163
class 0.34060138463974 172 158 178 167
class 0.7911126613616943 193 162 199 170
class 0.6545004844665527 190 158 197 166
class 0.663723349571228 0 171 4 179
class 0.4427769184112549 15 168 21 176
class 0.4394538998603821 12 168 18 175
class 0.7145861387252808 20 167 27 175
class 0.8035435676574707 68 166 75 174
class 0.34670281410217285 66 168 74 178
class 0.728135347366333 90 173 96 180
class 0.7785483002662659 110 169 116 178
class 0.4557186961174011 109 167 115 174
class 0.8499288558959961 119 173 125 180
class 0.3794347941875458 116 171 123 180
class 0.7622764110565186 152 173 158 180
class 0.63189697265625 165 169 172 178
class 0.7759547233581543 196 170 199 177
class 0.8259614109992981 3 177 9 184
class 0.6960855722427368 15 177 22 184
class 0.4971800744533539 10 176 17 185
class 0.8400033712387085 43 183 50 190
class 0.6587542295455933 60 176 68 185
class 0.5184010863304138 90 179 96 186
class 0.6039957404136658 109 179 116 187
class 0.3640182912349701 109 176 115 183
class 0.6199952960014343 18 193 25 199
class 0.784411609172821 36 195 42 199
class 0.6099256277084351 52 194 59 199
class 0.7090405821800232 111 191 117 199
class 0.5461030602455139 108 192 114 199
class 0.7733966112136841 115 190 122 198
