class 0.8113486170768738 0 4 4 11
class 0.49384817481040955 21 0 27 6
class 0.5443651676177979 18 0 25 5
class 0.44029414653778076 34 1 40 6
class 0.8550370931625366 54 0 61 5
class 0.4316541254520416 51 0 58 7
class 0.8969922661781311 86 0 92 7
class 0.84160315990448 108 0 115 7
class 0.819146990776062 117 4 123 11
class 0.7451989650726318 114 4 121 12
class 0.7667151689529419 130 1 136 8
class 0.35612156987190247 126 0 132 7
class 0.9103294610977173 158 0 165 8
class 0.4251771867275238 157 4 163 10
class 0.7017747759819031 197 3 199 10
class 0.35689595341682434 0 10 5 17
class 0.8386815786361694 45 10 52 18
class 0.7869101166725159 67 13 73 21
class 0.3863772749900818 64 7 74 19
class 0.700090765953064 85 13 93 23
class 0.8145507574081421 111 15 116 23
class 0.6627104878425598 127 14 134 23
class 0.7142913341522217 136 13 142 20
class 0.4509754478931427 155 7 162 17
class 0.9234026074409485 170 8 177 16
class 0.9538267850875854 184 8 190 17
class 0.4706210792064667 181 10 186 16
class 0.9221814870834351 195 15 199 24
class 0.8672740459442139 56 24 62 32
class 0.6667628884315491 53 21 61 30
class 0.7432045936584473 90 20 96 28
class 0.8427712917327881 100 25 106 33
class 0.30576643347740173 97 21 104 30
class 0.8630333542823792 183 25 189 32
class 0.836487352848053 45 35 51 43
class 0.3653852939605713 45 33 55 44
class 0.63691645860672 108 31 114 38
class 0.5295622944831848 104 31 112 40
class 0.41414323449134827 110 30 117 38
class 0.6952506899833679 121 36 127 44
class 0.4293614625930786 116 34 123 42
class 0.46067479252815247 127 36 133 44
class 0.6035319566726685 124 36 130 43
class 0.7608039379119873 143 35 149 44
class 0.3859254717826843 141 35 146 42
class 0.8433526754379272 171 30 178 38
class 0.8520932197570801 189 32 195 41
class 0.5777029395103455 17 47 22 54
class 0.81371009349823 32 41 39 49
class 0.7214652895927429 101 40 107 48
class 0.7643998861312866 108 41 113 49
class 0.39410409331321716 104 42 110 50
class 0.4701535701751709 105 40 111 47
class 0.7970843315124512 131 41 137 49
class 0.6923964619636536 187 44 195 54
class 0.9081118106842041 15 57 21 64
class 0.8108851909637451 27 56 32 64
class 0.35724136233329773 22 54 30 63
class 0.34385186433792114 28 52 36 60
class 0.6560668349266052 48 51 54 58
class 0.7428117394447327 56 53 63 60
class 0.3546591103076935 51 51 60 60
class 0.7914273738861084 66 50 73 58
class 0.45723268389701843 63 51 69 59
class 0.7594608068466187 91 55 99 64
class 0.4651625156402588 103 54 109 62
class 0.3375103771686554 104 50 109 58
class 0.35538920760154724 121 53 127 60
class 0.781650722026825 152 56 158 64
class 0.5152603387832642 175 52 181 60
class 0.6926723718643188 178 56 185 64
class 0.931498646736145 4 62 11 69
class 0.8335179090499878 46 68 52 75
class 0.7040683627128601 59 67 65 74
class 0.8492026329040527 90 66 96 74
class 0.7629151940345764 106 61 112 70
class 0.7560468912124634 117 65 125 73
class 0.43937137722969055 119 61 125 69
class 0.8369395732879639 151 68 157 75
class 0.4943694770336151 148 65 155 75
class 0.826583981513977 160 65 166 73
class 0.3378678262233734 183 60 190 69
class 0.5708852410316467 192 61 197 70
class 0.5964226126670837 188 61 195 69
class 0.925597608089447 2 76 9 83
class 0.5983173251152039 17 71 22 78
class 0.8215477466583252 57 77 63 85
class 0.3282608389854431 58 75 64 81
class 0.8271670341491699 69 78 75 85
class 0.5888962149620056 121 72 127 80
class 0.756335437297821 129 77 136 85
class 0.6131092309951782 126 75 133 83
class 0.48883935809135437 6 84 11 91
class 0.7439979314804077 10 89 17 97
class 0.781889021396637 26 86 32 93
class 0.6596701741218567 48 87 54 96
class 0.544219970703125 50 85 57 94
class 0.7050741314888 87 82 94 90
class 0.8078214526176453 97 83 103 91
class 0.6805211305618286 129 81 137 89
class 0.3066820204257965 127 82 135 91
class 0.4758313298225403 143 85 149 93
class 0.5720899105072021 150 88 156 96
class 0.6252748370170593 145 86 152 95
class 0.33694931864738464 152 86 159 94
class 0.5761612057685852 155 87 162 96
class 0.9155869483947754 3 93 10 100
class 0.41891220211982727 26 95 32 102
class 0.7922505736351013 37 93 43 100
class 0.7326390147209167 46 98 52 105
class 0.5533002614974976 40 93 49 103
class 0.45458748936653137 48 95 53 102
class 0.430555522441864 55 94 62 102
class 0.5388129949569702 50 96 57 104
class 0.3713180720806122 58 94 63 101
class 0.532628059387207 59 91 67 100
class 0.5307732820510864 118 95 125 102
class 0.47407203912734985 114 94 123 103
class 0.5338513851165771 127 100 134 107
class 0.7375071048736572 124 99 131 107
class 0.4500671327114105 138 100 144 107
class 0.8025451302528381 135 99 142 108
class 0.3843379318714142 190 95 195 103
class 0.614647626876831 186 92 194 103
class 0.66579669713974 5 109 11 117
class 0.3114599287509918 11 109 17 117
class 0.3123302161693573 8 111 14 118
class 0.7103742361068726 27 103 33 110
class 0.482934832572937 48 107 53 115
class 0.6684492230415344 71 103 82 113
class 0.7857798933982849 84 104 91 112
class 0.7891207933425903 110 107 116 114
class 0.5857604742050171 108 105 115 113
class 0.7991167306900024 119 109 125 117
class 0.5021558403968811 115 107 122 117
class 0.7052173018455505 129 109 135 117
class 0.5747354626655579 125 109 133 118
class 0.6072066426277161 138 105 144 112
class 0.7280900478363037 134 107 142 116
class 0.3673161566257477 165 110 172 118
class 0.7099668979644775 190 105 195 113
class 0.7449699640274048 187 106 194 116
class 0.3404839038848877 5 116 10 122
class 0.5110078454017639 8 113 14 121
class 0.6281200051307678 28 120 36 127
class 0.41380414366722107 48 117 54 125
class 0.7342631220817566 50 119 57 127
class 0.5833550691604614 77 118 83 125
class 0.8157763481140137 72 120 79 127
class 0.36161288619041443 79 116 85 124
class 0.7930647134780884 95 119 101 126
class 0.701647937297821 139 121 146 129
class 0.641514778137207 136 120 143 127
class 0.876193106174469 0 128 5 137
class 0.3148057162761688 0 129 2 137
class 0.6311644911766052 26 131 32 138
class 0.8628287315368652 32 130 39 138
class 0.8442081212997437 57 128 63 136
class 0.8230330348014832 131 123 138 132
class 0.8410199284553528 142 124 149 132
class 0.8149354457855225 174 131 180 138
class 0.6932364702224731 189 130 196 139
class 0.32516664266586304 0 135 4 142
class 0.7443796992301941 22 138 29 147
class 0.6472552418708801 19 140 26 149
class 0.33402737975120544 21 135 27 143
class 0.6576316356658936 30 140 38 148
class 0.6891334056854248 58 140 64 148
class 0.8437119126319885 69 140 75 148
class 0.42382875084877014 65 139 73 147
class 0.7793441414833069 90 140 96 149
class 0.49034935235977173 99 136 105 143
class 0.4659439027309418 92 139 100 147
class 0.8484416604042053 110 135 116 142
class 0.5887607336044312 106 134 113 143
class 0.5408283472061157 119 142 126 149
class 0.735747218132019 140 141 146 149
class 0.6710927486419678 137 139 144 149
class 0.5456410646438599 169 141 175 149
class 0.7403947710990906 166 142 173 150
class 0.5073144435882568 192 135 198 142
class 0.774724543094635 17 150 23 158
class 0.3367202579975128 14 150 20 159
class 0.3091143071651459 17 148 22 154
class 0.5974666476249695 37 147 43 155
class 0.32357674837112427 35 144 42 152
class 0.5618312954902649 58 150 64 158
class 0.7848322987556458 67 152 74 161
class 0.34016233682632446 64 150 70 159
class 0.7866206765174866 77 148 83 156
class 0.7281669974327087 73 150 81 159
class 0.31700530648231506 79 147 85 155
class 0.5207831859588623 111 152 117 159
class 0.8313295841217041 180 145 186 153
class 0.7280340790748596 4 158 9 165
class 0.7180692553520203 8 160 16 169
class 0.777493953704834 38 156 44 164
class 0.8434917330741882 45 162 51 170
class 0.462833434343338 57 157 62 165
class 0.8000226616859436 74 160 80 169
class 0.6638895273208618 90 162 96 170
class 0.7939873933792114 100 162 106 170
class 0.4407300055027008 96 161 103 169
class 0.8858039975166321 118 155 124 163
class 0.7976722121238708 136 156 144 164
class 0.8105000257492065 153 159 158 166
class 0.8142647743225098 174 155 180 163
class 0.8385596871376038 194 162 199 169
class 0.6002300977706909 190 157 198 166
class 0.7446054220199585 0 171 4 178
class 0.527894914150238 12 167 19 176
class 0.39896485209465027 14 166 19 173
class 0.6834063529968262 20 168 27 176
class 0.3583376705646515 39 166 47 175
class 0.7733418941497803 58 166 64 174
class 0.8476091623306274 66 166 73 174
class 0.3681560456752777 65 167 70 173
class 0.3124494254589081 70 169 74 174
class 0.7020861506462097 90 172 96 180
class 0.7643993496894836 110 170 116 178
class 0.4336387515068054 108 166 116 176
class 0.6376775503158569 119 173 125 180
class 0.4934035837650299 114 171 122 181
class 0.5988830327987671 130 172 136 180
class 0.7268209457397461 126 170 134 180
class 0.482977032661438 128 169 141 180
class 0.8064863085746765 152 172 157 180
class 0.6667808890342712 165 168 172 177
class 0.8259766101837158 180 170 186 178
class 0.3206557035446167 184 170 191 177
class 0.8020892143249512 196 170 199 178
class 0.34171122312545776 195 168 199 175
class 0.8425453901290894 2 177 8 185
class 0.3446967601776123 0 177 4 186
class 0.6879715323448181 16 179 22 187
class 0.4515378773212433 11 177 19 186
class 0.7263585925102234 20 182 27 190
class 0.6923327445983887 44 182 50 189
class 0.710623562335968 40 181 49 191
class 0.8203909993171692 56 183 62 191
class 0.7132055163383484 53 182 60 191
class 0.5887274742126465 64 181 72 189
class 0.5504806041717529 61 178 69 188
class 0.6211861371994019 86 183 92 191
class 0.46153897047042847 99 182 105 190
class 0.48664313554763794 93 179 101 188
class 0.565721333026886 106 181 113 189
class 0.8055114150047302 103 182 110 191
class 0.6231483817100525 18 190 26 199
class 0.4046676456928253 20 186 27 197
class 0.7851386070251465 35 194 41 199
class 0.6191408038139343 55 194 62 199
class 0.5128950476646423 51 193 59 199
class 0.7891120910644531 68 190 74 197
class 0.7319939136505127 64 192 71 199
class 0.3100722134113312 67 189 72 194
class 0.793259859085083 86 188 93 196
class 0.563442051410675 110 190 116 197
class 0.43519261479377747 104 188 112 197
class 0.726441502571106 116 189 122 197
class 0.7646098732948303 131 189 137 196
class 0.506403923034668 129 188 135 198
class 0.41996756196022034 160 194 166 199
class 0.32550784945487976 157 194 165 199
class 0.8496614098548889 174 193 179 199
class 0.3762541711330414 176 193 179 197
