class 0.9108384847640991 0 5 5 12
class 0.6135274767875671 23 2 29 8
class 0.5760623812675476 19 0 28 6
class 0.8311910033226013 31 3 37 10
class 0.6228342652320862 48 3 53 10
class 0.8475887775421143 53 0 59 6
class 0.5545744895935059 50 0 58 8
class 0.8696438074111938 87 1 93 8
class 0.7524510622024536 96 0 102 7
class 0.5310207009315491 93 0 99 6
class 0.7377694845199585 108 0 114 7
class 0.46801143884658813 105 0 112 6
class 0.7583476305007935 116 4 123 12
class 0.7160057425498962 114 5 120 12
class 0.7010639309883118 130 1 136 7
class 0.3324239253997803 125 0 132 7
class 0.7771674394607544 161 4 167 10
class 0.3987749516963959 157 3 165 10
class 0.4022599458694458 173 2 179 10
class 0.5961244106292725 176 0 182 7
class 0.34433436393737793 196 2 199 9
class 0.4222377836704254 0 10 4 17
class 0.7646889686584473 32 9 39 16
class 0.8007195591926575 45 11 52 19
class 0.8151295781135559 66 13 73 21
class 0.6381108164787292 64 10 73 19
class 0.7699763178825378 79 14 85 22
class 0.36705711483955383 76 12 83 22
class 0.7402328848838806 87 15 93 21
class 0.6031962037086487 82 13 90 22
class 0.8376872539520264 111 15 116 23
class 0.7080094218254089 126 14 133 23
class 0.7615102529525757 134 14 141 22
class 0.8536132574081421 163 13 169 20
class 0.42208433151245117 159 9 167 20
class 0.34497159719467163 163 10 169 16
class 0.7224560976028442 171 9 177 17
class 0.36209550499916077 166 9 175 21
class 0.8035022020339966 182 9 188 18
class 0.6992363333702087 178 11 186 20
class 0.3930138349533081 185 10 190 17
class 0.8230030536651611 195 14 199 24
class 0.8013513088226318 16 27 21 33
class 0.6698065400123596 13 25 19 33
class 0.6694701910018921 26 26 32 33
class 0.3367023766040802 22 25 28 33
class 0.7471646666526794 56 25 62 32
class 0.6434972286224365 53 21 61 30
class 0.720947802066803 78 21 84 28
class 0.4607428014278412 75 19 83 29
class 0.7900612950325012 88 19 95 26
class 0.3875674307346344 84 19 92 28
class 0.8041910529136658 100 25 106 33
class 0.3240170478820801 96 21 104 31
class 0.41163238883018494 143 23 149 31
class 0.6894494891166687 149 21 155 29
class 0.5638948678970337 144 22 153 31
class 0.7819095849990845 160 23 167 30
class 0.7228507995605469 157 22 165 32
class 0.39038753509521484 161 20 170 30
class 0.871595561504364 183 25 189 32
class 0.3719101548194885 16 29 22 36
class 0.8251438736915588 45 35 51 42
class 0.8034933805465698 58 30 64 37
class 0.3329318165779114 54 31 62 39
class 0.6100369691848755 107 32 114 39
class 0.7000940442085266 104 30 112 40
class 0.5401897430419922 108 30 118 39
class 0.7675625085830688 121 36 127 44
class 0.35132506489753723 116 32 123 41
class 0.4959563910961151 124 34 130 43
class 0.8332360982894897 144 32 149 41
class 0.3071025013923645 141 33 147 41
class 0.37546655535697937 144 31 148 37
class 0.7926321029663086 172 29 179 38
class 0.727128267288208 190 33 195 41
class 0.8457781076431274 17 47 23 54
class 0.8471489548683167 32 42 39 51
class 0.7099366188049316 62 45 70 55
class 0.40520161390304565 81 42 89 50
class 0.8235175609588623 100 41 106 48
class 0.8146466612815857 110 44 116 52
class 0.3682539463043213 107 43 113 52
class 0.4698546230792999 117 46 124 54
class 0.6749228239059448 114 46 121 54
class 0.8316587805747986 130 41 137 49
class 0.4041338562965393 127 43 135 52
class 0.8344728350639343 147 43 153 51
class 0.7938662171363831 172 47 178 55
class 0.7168229818344116 187 45 194 54
class 0.9043179154396057 15 56 21 64
class 0.8640714287757874 27 56 33 64
class 0.3741523325443268 23 54 30 64
class 0.7021923065185547 43 53 49 61
class 0.5659494996070862 41 49 51 62
class 0.3102799952030182 46 52 54 62
class 0.7453998327255249 56 53 62 61
class 0.806659996509552 66 51 73 58
class 0.3885097801685333 62 51 69 60
class 0.4106029272079468 91 56 96 63
class 0.30098074674606323 97 56 103 63
class 0.708595335483551 93 55 98 64
class 0.5653030276298523 104 53 109 62
class 0.8522725105285645 152 57 158 64
class 0.375401109457016 173 51 179 59
class 0.7442784309387207 179 57 185 64
class 0.3797410726547241 195 57 199 65
class 0.9202269911766052 4 61 11 69
class 0.8424330353736877 45 66 51 74
class 0.43791598081588745 41 65 48 74
class 0.484567254781723 42 61 48 70
class 0.6977245807647705 58 67 64 74
class 0.7602507472038269 90 65 96 73
class 0.686459481716156 98 63 104 71
class 0.5549006462097168 93 64 100 73
class 0.3299776315689087 94 60 101 70
class 0.7513495087623596 105 60 111 68
class 0.8163279891014099 116 65 123 73
class 0.3996661603450775 118 62 124 69
class 0.8203366994857788 150 68 157 75
class 0.5554003119468689 147 65 155 76
class 0.5961929559707642 161 65 167 72
class 0.4591646194458008 157 64 164 73
class 0.4528585374355316 166 67 173 76
class 0.3572862148284912 183 62 190 71
class 0.5568999648094177 191 62 196 70
class 0.7149465680122375 188 60 195 69
class 0.9392356276512146 2 76 9 83
class 0.7874425649642944 17 71 22 79
class 0.7594197988510132 38 77 43 85
class 0.46468135714530945 34 77 40 86
class 0.3996361196041107 38 75 43 81
class 0.43168777227401733 43 74 48 82
class 0.6595914959907532 39 74 46 82
class 0.3606913089752197 41 71 47 79
class 0.8374383449554443 57 77 63 86
class 0.4308927059173584 58 76 64 81
class 0.8746687769889832 69 78 75 86
class 0.3228572607040405 65 74 73 83
class 0.4733703136444092 92 78 98 86
class 0.7963303327560425 105 71 112 81
class 0.7010345458984375 120 72 126 80
class 0.768509566783905 129 78 136 86
class 0.6582051515579224 126 75 133 83
class 0.5019426941871643 128 72 134 81
class 0.33779004216194153 132 75 138 83
class 0.825814962387085 171 73 177 81
class 0.8057531714439392 181 77 188 86
class 0.5149711966514587 178 75 187 83
class 0.3294072449207306 183 75 190 84
class 0.6002064347267151 5 85 11 92
class 0.8373306393623352 10 89 17 97
class 0.7133276462554932 26 86 32 93
class 0.4900762140750885 23 87 30 96
class 0.6736165285110474 47 87 52 95
class 0.5967094898223877 43 88 50 96
class 0.4697434902191162 47 85 54 92
class 0.5655499696731567 50 85 56 93
class 0.7272913455963135 79 89 85 97
class 0.48639804124832153 75 88 82 97
class 0.7130541205406189 85 85 90 94
class 0.6952533721923828 82 88 89 96
class 0.7829791903495789 98 83 104 91
class 0.8476344347000122 131 82 137 89
class 0.5966060161590576 143 85 149 93
class 0.6272990703582764 150 87 156 95
class 0.5995743274688721 145 86 153 95
class 0.4398929476737976 151 86 159 94
class 0.37997329235076904 155 86 161 95
class 0.6846184730529785 183 84 189 91
class 0.3182504177093506 181 82 188 88
class 0.8468444347381592 3 94 8 101
class 0.5223743319511414 16 95 21 103
class 0.6686809062957764 24 98 30 105
class 0.7039453387260437 20 96 28 105
class 0.4660235345363617 22 93 29 100
class 0.31672170758247375 27 96 32 102
class 0.7773622274398804 37 93 43 100
class 0.6929928660392761 46 97 52 106
class 0.5463591814041138 40 93 49 104
class 0.43139490485191345 47 95 53 102
class 0.47399479150772095 54 94 60 103
class 0.7017327547073364 50 96 57 106
class 0.3486053943634033 57 94 64 101
class 0.5949653387069702 59 91 67 100
class 0.4339647591114044 73 90 81 101
class 0.7795642614364624 121 98 127 106
class 0.35613882541656494 116 95 124 104
class 0.361065149307251 118 93 123 101
class 0.48579782247543335 124 98 129 108
class 0.8105103373527527 135 98 141 107
class 0.8489885330200195 158 99 165 107
class 0.5813155174255371 186 92 194 103
class 0.7375789284706116 5 110 11 117
class 0.3606410026550293 11 108 16 115
class 0.6254042983055115 27 103 33 110
class 0.6828629970550537 47 108 53 116
class 0.5177024006843567 58 109 64 117
class 0.3254154324531555 63 108 69 117
class 0.7916684150695801 60 110 67 119
class 0.5510802268981934 75 106 82 113
class 0.7046272158622742 72 103 80 111
class 0.7880764603614807 84 104 90 111
class 0.7712423801422119 111 108 116 115
class 0.54494708776474 107 105 115 113
class 0.7819106578826904 120 108 126 117
class 0.544670045375824 115 107 122 117
class 0.4019506275653839 121 106 127 113
class 0.7308675646781921 129 108 135 117
class 0.6277329921722412 125 108 132 118
class 0.415374219417572 127 104 133 113
class 0.4812682569026947 131 106 138 113
class 0.6963862776756287 138 105 144 113
class 0.643511950969696 134 107 142 116
class 0.39178913831710815 161 107 168 114
class 0.4640670120716095 168 109 174 116
class 0.5704551339149475 166 110 172 118
class 0.5578840374946594 186 109 191 117
class 0.7682197690010071 191 105 197 113
class 0.6226567625999451 187 105 195 115
class 0.36885666847229004 194 105 199 114
class 0.38819190859794617 4 115 8 122
class 0.3159485459327698 11 115 17 122
class 0.45460906624794006 7 112 16 121
class 0.803429126739502 32 117 39 125
class 0.34854555130004883 48 116 54 124
class 0.4471037983894348 53 118 59 126
class 0.7329239249229431 50 118 57 127
class 0.6087999939918518 76 117 82 125
class 0.8469528555870056 72 120 79 127
class 0.8172639608383179 96 120 102 127
class 0.7490284442901611 140 121 146 129
class 0.561668872833252 137 120 143 128
class 0.8580428957939148 167 119 174 126
class 0.8313865661621094 185 119 190 127
class 0.6811322569847107 0 129 5 136
class 0.4157165586948395 0 128 2 137
class 0.7560467720031738 24 130 30 137
class 0.6195585131645203 21 128 28 138
class 0.903007984161377 32 130 38 138
class 0.8088425993919373 58 129 63 137
class 0.4177604615688324 53 128 61 136
class 0.8359551429748535 85 128 91 136
class 0.7536314129829407 129 123 135 132
class 0.5205410122871399 125 125 132 135
class 0.8066115379333496 141 124 148 133
class 0.9182533025741577 174 131 180 139
class 0.527456521987915 172 129 178 136
class 0.7048088908195496 189 129 197 139
class 0.38198068737983704 194 128 199 137
class 0.9367355108261108 4 136 10 143
class 0.7767381072044373 21 138 28 147
class 0.6384630799293518 19 140 26 149
class 0.34386488795280457 20 135 26 143
class 0.6158214807510376 31 140 39 148
class 0.4436477720737457 49 136 54 144
class 0.6931992769241333 57 140 63 148
class 0.6188795566558838 52 137 60 146
class 0.3523566722869873 57 137 64 145
class 0.7971866130828857 68 141 74 148
class 0.42440763115882874 65 139 72 149
class 0.7669588327407837 90 140 96 148
class 0.4542981684207916 99 136 105 143
class 0.5397682785987854 93 139 100 147
class 0.7526988983154297 109 136 115 144
class 0.5370602011680603 104 135 112 144
class 0.7580685019493103 119 141 126 149
class 0.6491870880126953 116 137 123 146
class 0.5460960268974304 120 138 128 145
class 0.761454164981842 140 141 146 149
class 0.60939621925354 137 140 144 149
class 0.7239329814910889 153 142 159 150
class 0.5729206204414368 163 141 169 149
class 0.5521464943885803 170 139 176 148
class 0.5977655649185181 167 141 174 149
class 0.8237306475639343 195 138 199 146
class 0.401319682598114 196 137 199 143
class 0.8080108165740967 17 150 22 158
class 0.3522077202796936 17 148 22 154
class 0.6416715979576111 37 147 43 155
class 0.40229395031929016 36 144 42 152
class 0.5535921454429626 58 150 64 158
class 0.7717353105545044 68 152 75 161
class 0.7351418733596802 78 149 84 158
class 0.6745365858078003 73 151 81 159
class 0.7776792049407959 80 148 88 158
class 0.6986979246139526 111 152 116 159
class 0.3091183304786682 120 147 126 154
class 0.369685560464859 118 143 125 152
class 0.4361301362514496 152 148 158 155
class 0.8263211846351624 178 145 186 153
class 0.8366396427154541 4 157 9 164
class 0.729705274105072 13 162 19 169
class 0.7412943840026855 9 160 17 169
class 0.6925260424613953 36 157 42 164
class 0.6089920997619629 32 160 39 168
class 0.8388562798500061 46 162 52 170
class 0.47048836946487427 56 158 62 165
class 0.3502977788448334 51 158 60 167
class 0.5236896872520447 54 154 63 164
class 0.8190596103668213 76 162 82 169
class 0.5778559446334839 72 159 80 168
class 0.7355639338493347 90 162 96 170
class 0.6209285259246826 100 162 106 170
class 0.3675912320613861 95 160 103 170
class 0.5912303328514099 106 162 113 169
class 0.6888399124145508 103 161 111 171
class 0.8813973665237427 119 156 125 163
class 0.6528699398040771 137 157 144 165
class 0.5043346881866455 134 156 142 163
class 0.8346855640411377 149 159 156 167
class 0.41894128918647766 154 160 159 166
class 0.8066366314888 174 159 181 166
class 0.3557322025299072 176 158 183 168
class 0.8054762482643127 193 162 199 169
class 0.6132714748382568 190 157 197 166
class 0.31141215562820435 195 160 199 167
class 0.6596989035606384 0 171 4 178
class 0.6711484789848328 15 170 21 178
class 0.3381384015083313 13 166 20 174
class 0.6131464242935181 22 168 29 175
class 0.7112497091293335 19 167 26 176
class 0.48520928621292114 39 166 48 176
class 0.7204379439353943 56 167 63 174
class 0.5628710985183716 53 165 62 177
class 0.7931729555130005 65 167 72 175
class 0.46816006302833557 62 167 70 177
class 0.3801534175872803 68 169 75 175
class 0.837399423122406 90 173 96 180
class 0.7989513874053955 110 171 116 179
class 0.3214816153049469 108 166 115 175
class 0.6846126317977905 119 173 125 180
class 0.44856512546539307 114 171 121 180
class 0.7246650457382202 130 172 136 180
class 0.7658371925354004 126 171 134 180
class 0.780096173286438 151 174 157 181
class 0.6909496784210205 147 173 153 181
class 0.43747004866600037 168 168 175 176
class 0.7733571529388428 165 168 173 178
class 0.8077889680862427 179 170 187 180
class 0.35613030195236206 183 169 191 177
class 0.7732186317443848 196 171 199 178
class 0.37403231859207153 192 169 199 178
class 0.4311569035053253 195 167 199 175
class 0.7996196746826172 3 178 8 185
class 0.3200537860393524 0 178 5 187
class 0.4379028081893921 16 180 22 187
class 0.3979581594467163 11 177 19 187
class 0.500404953956604 23 183 29 190
class 0.8357738852500916 19 182 25 191
class 0.3606158494949341 27 180 31 187
class 0.7392357587814331 29 180 36 189
class 0.4962970018386841 31 177 37 186
class 0.7627220153808594 42 180 50 190
class 0.5118464231491089 46 181 55 189
class 0.7769483327865601 56 184 63 191
class 0.6966594457626343 53 183 59 192
class 0.33585241436958313 58 182 64 188
class 0.3837491273880005 66 181 72 189
class 0.558051586151123 60 178 68 188
class 0.4077266454696655 62 176 70 184
class 0.8485845327377319 76 183 82 191
class 0.6717826724052429 89 183 95 191
class 0.5134913325309753 86 183 91 192
class 0.5474159717559814 100 182 105 190
class 0.4699467718601227 94 179 100 188
class 0.5228895545005798 107 182 113 189
class 0.6940019130706787 103 181 110 191
class 0.8291206955909729 142 183 148 192
class 0.6819210648536682 139 183 146 191
class 0.315665602684021 164 182 170 190
class 0.6655756235122681 169 184 176 191
class 0.7889161109924316 166 182 173 192
class 0.31437399983406067 191 180 198 189
class 0.6784926056861877 22 191 28 197
class 0.7478085160255432 19 191 26 199
class 0.7417218089103699 35 194 41 199
class 0.37970632314682007 48 193 54 199
class 0.520350456237793 56 194 62 199
class 0.6174769401550293 51 194 58 199
class 0.7790623307228088 67 191 73 198
class 0.7271324992179871 64 192 70 199
class 0.4688355326652527 87 191 94 198
class 0.6407337188720703 86 185 94 197
class 0.7118496894836426 96 194 103 199
class 0.8423383235931396 93 193 100 199
class 0.3086344301700592 100 192 106 198
class 0.5998182892799377 110 190 116 198
class 0.3427433967590332 104 189 113 199
class 0.731474757194519 119 192 125 199
class 0.6856610774993896 115 191 122 199
class 0.3504720628261566 117 189 123 197
class 0.46077096462249756 121 191 127 198
class 0.7386097311973572 132 191 137 198
class 0.627476155757904 159 194 166 199
class 0.8402476906776428 174 193 179 199
class 0.35155290365219116 175 192 179 197
class 0.7090650796890259 194 188 199 196
