class 0.7690070271492004 0 4 4 11
class 0.5627239942550659 22 1 29 7
class 0.5961693525314331 19 0 27 6
class 0.7304662466049194 33 3 39 10
class 0.40188658237457275 47 3 52 9
class 0.8438465595245361 53 0 60 6
class 0.466991126537323 51 0 58 8
class 0.8830253481864929 86 0 92 6
class 0.7795444130897522 107 0 114 7
class 0.7982227206230164 116 4 123 12
class 0.66274094581604 130 0 136 7
class 0.36153632402420044 125 0 132 7
class 0.8257072567939758 159 0 164 7
class 0.35019296407699585 156 3 162 9
class 0.4220476448535919 0 10 5 17
class 0.6464596390724182 32 9 39 18
class 0.8354060053825378 46 10 53 19
class 0.7976059913635254 67 13 73 21
class 0.6561450958251953 64 9 73 19
class 0.7861983180046082 87 15 93 22
class 0.8443381786346436 111 15 116 22
class 0.6446011662483215 127 14 134 23
class 0.7164427042007446 136 13 142 20
class 0.4707360863685608 155 7 162 16
class 0.889311671257019 171 8 177 16
class 0.9470567107200623 183 9 189 17
class 0.4916689395904541 180 11 184 16
class 0.9283903241157532 195 15 199 24
class 0.8651384711265564 56 25 62 33
class 0.6389968991279602 53 22 61 30
class 0.646436333656311 90 20 96 27
class 0.8692750930786133 100 25 106 33
class 0.4061732888221741 97 21 104 30
class 0.9128477573394775 183 25 189 33
class 0.8498740196228027 45 35 51 43
class 0.7171244621276855 108 30 114 37
class 0.5266050696372986 104 31 113 40
class 0.3982132375240326 110 30 117 38
class 0.6638124585151672 121 37 127 44
class 0.30655238032341003 116 34 124 42
class 0.4994504153728485 127 36 134 43
class 0.5754111409187317 124 35 131 43
class 0.7542417645454407 143 35 149 44
class 0.8167330026626587 171 30 178 38
class 0.8262092471122742 190 31 195 40
class 0.541296660900116 17 47 22 54
class 0.840449333190918 32 41 39 50
class 0.6774992942810059 101 40 107 48
class 0.721765398979187 106 40 113 48
class 0.39673280715942383 103 42 110 49
class 0.820403516292572 131 41 137 48
class 0.7083722352981567 189 45 195 53
class 0.918285071849823 15 57 21 65
class 0.8216116428375244 27 56 33 64
class 0.30589404702186584 22 54 29 63
class 0.3395313024520874 28 52 35 60
class 0.5946551561355591 48 51 54 58
class 0.7491757273674011 56 53 63 60
class 0.40012669563293457 51 51 60 60
class 0.7859554886817932 67 50 73 58
class 0.3879401385784149 63 50 69 59
class 0.43158602714538574 91 55 96 62
class 0.681940495967865 92 55 99 63
class 0.4529440104961395 102 53 109 61
class 0.32182466983795166 122 52 127 60
class 0.7547785043716431 152 56 158 64
class 0.4361453652381897 175 52 181 59
class 0.7630705833435059 179 56 185 64
class 0.37176239490509033 195 57 199 65
class 0.9355415105819702 4 61 11 69
class 0.8170647025108337 47 68 52 75
class 0.734316349029541 59 67 65 75
class 0.8645473122596741 90 66 96 75
class 0.7269697189331055 106 61 112 70
class 0.7495817542076111 117 65 124 73
class 0.45597705245018005 118 61 125 69
class 0.8232430815696716 150 68 157 75
class 0.5609219074249268 147 65 155 75
class 0.8179304599761963 160 65 166 72
class 0.32110342383384705 184 60 190 69
class 0.5182952880859375 192 61 197 69
class 0.6111447215080261 188 61 195 69
class 0.9399049878120422 2 77 9 84
class 0.7109358310699463 17 71 23 79
class 0.8425166606903076 57 77 63 86
class 0.36650726199150085 59 75 64 81
class 0.8555764555931091 68 78 75 86
class 0.3534982204437256 64 74 73 83
class 0.7547117471694946 121 72 127 79
class 0.7431181073188782 129 77 136 85
class 0.5852929949760437 126 75 134 83
class 0.30635347962379456 132 75 138 83
class 0.7169313430786133 5 85 11 92
class 0.7524093389511108 11 89 17 97
class 0.7497696876525879 26 86 32 94
class 0.7172240614891052 48 87 53 95
class 0.4485679864883423 45 88 51 96
class 0.4674071669578552 50 85 57 93
class 0.7558130621910095 86 83 93 90
class 0.8246023654937744 97 82 104 91
class 0.8572078943252563 130 81 136 89
class 0.599337100982666 143 85 149 92
class 0.6186590790748596 150 88 156 96
class 0.5939652919769287 145 86 153 95
class 0.3918018043041229 152 87 159 94
class 0.5475364923477173 155 87 162 96
class 0.8829321265220642 3 94 9 101
class 0.4183152914047241 12 92 19 99
class 0.5982547402381897 26 96 32 103
class 0.3161730468273163 25 93 31 98
class 0.8113348484039307 37 93 43 100
class 0.7410088777542114 46 98 52 105
class 0.5658412575721741 40 94 49 103
class 0.4864243268966675 47 95 53 102
class 0.49174895882606506 55 94 61 102
class 0.5930103063583374 50 95 57 104
class 0.379850834608078 57 94 63 101
class 0.6007742881774902 59 91 67 100
class 0.30533456802368164 105 98 113 107
class 0.6794673204421997 119 96 126 103
class 0.3614806830883026 115 94 124 104
class 0.4170784056186676 118 92 123 100
class 0.6653130054473877 124 98 131 107
class 0.7444579005241394 135 99 142 107
class 0.49946892261505127 186 92 194 103
class 0.7953954339027405 5 109 11 117
class 0.3827468752861023 11 109 17 117
class 0.6908391714096069 27 103 34 110
class 0.47189363837242126 47 109 53 116
class 0.712394118309021 70 102 81 112
class 0.7667316198348999 84 104 91 112
class 0.7843701839447021 110 107 116 114
class 0.6003032922744751 108 104 115 112
class 0.8118311166763306 119 109 125 117
class 0.49536648392677307 115 107 122 117
class 0.6923345923423767 129 109 135 117
class 0.5146978497505188 125 108 132 118
class 0.6574709415435791 138 104 144 112
class 0.6885882616043091 134 107 142 115
class 0.5667474269866943 186 109 191 117
class 0.7454438209533691 190 105 195 113
class 0.7163951396942139 187 106 194 116
class 0.39394834637641907 8 113 15 121
class 0.7334867715835571 29 119 37 127
class 0.5563071966171265 48 117 54 125
class 0.7430785298347473 50 119 57 127
class 0.6204386353492737 76 118 83 125
class 0.8258623480796814 72 120 79 128
class 0.37182122468948364 79 116 85 124
class 0.7865386009216309 95 119 102 127
class 0.6923449635505676 139 121 146 129
class 0.5822848081588745 137 120 142 127
class 0.8917161226272583 0 129 6 137
class 0.7235127091407776 26 130 32 138
class 0.8866363167762756 32 130 39 138
class 0.827735185623169 57 128 63 136
class 0.3133421540260315 55 124 62 132
class 0.806522011756897 131 123 138 132
class 0.8663045167922974 142 124 149 131
class 0.7954025864601135 174 131 180 138
class 0.6020827293395996 193 130 198 138
class 0.7200746536254883 22 138 29 146
class 0.654272198677063 19 140 26 149
class 0.7300134897232056 32 141 39 149
class 0.6216333508491516 58 140 64 148
class 0.8062851428985596 68 141 75 148
class 0.509358286857605 65 140 72 148
class 0.711333155632019 90 140 96 149
class 0.5265219211578369 98 135 104 143
class 0.5699259042739868 92 139 100 147
class 0.8547213673591614 110 135 116 143
class 0.5480867624282837 105 134 113 143
class 0.5140045285224915 119 142 126 149
class 0.7280660271644592 140 141 147 149
class 0.6395573616027832 137 139 145 149
class 0.6994345784187317 166 141 174 149
class 0.335109680891037 190 134 197 143
class 0.7809736728668213 17 150 23 158
class 0.5223554968833923 37 148 43 155
class 0.3492211401462555 35 144 42 152
class 0.5916954874992371 58 150 63 158
class 0.7305453419685364 67 152 74 161
class 0.3415798544883728 64 150 71 159
class 0.770056962966919 77 148 83 156
class 0.7432225346565247 72 150 81 159
class 0.34540706872940063 79 147 85 155
class 0.5494864583015442 111 152 117 160
class 0.812241792678833 180 146 186 153
class 0.8756126761436462 4 157 10 164
class 0.7203922271728516 11 162 17 169
class 0.7956916689872742 37 156 43 164
class 0.8481007814407349 46 162 52 170
class 0.40426722168922424 57 158 62 166
class 0.4184289276599884 54 155 62 163
class 0.8658735752105713 75 161 81 169
class 0.7674587965011597 90 162 96 170
class 0.7758280038833618 100 163 106 170
class 0.3835477828979492 96 161 103 170
class 0.8938188552856445 118 155 124 163
class 0.7234352231025696 136 156 143 164
class 0.8107807636260986 152 160 158 167
class 0.7963526248931885 174 156 180 163
class 0.8228236436843872 193 162 199 169
class 0.6072642803192139 190 157 197 166
class 0.6573200225830078 0 172 4 179
class 0.5816896557807922 15 169 21 177
class 0.6095725297927856 12 168 19 176
class 0.35751602053642273 14 166 19 172
class 0.7172400951385498 19 167 25 176
class 0.5196707248687744 39 165 47 175
class 0.8014869093894958 58 166 64 174
class 0.8462724089622498 66 167 73 174
class 0.3694106638431549 62 166 70 175
class 0.7762354016304016 90 172 96 181
class 0.7525343298912048 110 170 116 178
class 0.5821651816368103 107 167 120 179
class 0.621737003326416 119 173 125 180
class 0.4805700182914734 115 171 121 181
class 0.6446200013160706 130 172 136 180
class 0.664472222328186 126 170 134 180
class 0.4283950626850128 128 169 140 181
class 0.792419970035553 151 172 157 180
class 0.6877960562705994 166 169 171 177
class 0.8432827591896057 181 171 187 178
class 0.3294260799884796 184 170 191 178
class 0.819323718547821 196 171 199 179
class 0.37308230996131897 195 168 199 175
class 0.8782455325126648 2 177 8 184
class 0.3563518822193146 0 177 4 186
class 0.7320090532302856 17 179 22 186
class 0.34821391105651855 12 177 20 187
class 0.4900074601173401 22 182 28 189
class 0.7637914419174194 19 182 25 191
class 0.7067548036575317 29 179 37 188
class 0.7749446034431458 41 181 49 191
class 0.30330154299736023 45 181 54 188
class 0.8201479911804199 56 184 62 191
class 0.7619020342826843 53 183 60 191
class 0.6265870928764343 64 181 72 189
class 0.5372196435928345 61 178 69 188
class 0.6385949850082397 87 183 93 191
class 0.5448198318481445 99 183 106 190
class 0.44406792521476746 94 180 101 188
class 0.4577091932296753 106 181 113 188
class 0.8173820376396179 103 182 110 191
class 0.31738802790641785 196 177 199 185
class 0.6521348357200623 21 192 27 198
class 0.6648778915405273 19 191 26 199
class 0.40504035353660583 21 187 27 197
class 0.7903266549110413 35 194 41 199
class 0.5110104084014893 48 194 54 199
class 0.5637428760528564 54 194 61 199
class 0.6470023393630981 50 193 59 199
class 0.7950170040130615 67 190 74 197
class 0.7120365500450134 64 191 71 199
class 0.7967539429664612 86 188 93 196
class 0.7052668929100037 110 190 116 198
class 0.49215227365493774 104 188 112 198
class 0.771101713180542 117 189 124 196
class 0.6500969529151917 114 189 121 197
class 0.32459181547164917 121 190 126 198
class 0.8333016037940979 131 189 138 196
class 0.4436669945716858 128 188 135 197
class 0.8224933743476868 174 193 179 199
class 0.3889067471027374 176 192 179 198
