class 0.9165943264961243 0 4 4 12
class 0.5403677225112915 23 2 30 8
class 0.5442598462104797 19 0 27 5
class 0.821999728679657 31 3 37 10
class 0.5118629932403564 47 3 53 9
class 0.8939545750617981 54 0 60 6
class 0.5031495690345764 51 1 58 7
class 0.8423045873641968 87 1 93 7
class 0.47722557187080383 84 0 91 7
class 0.6908425688743591 96 0 102 6
class 0.4811228811740875 93 0 99 6
class 0.7877773642539978 108 0 114 7
class 0.7969028949737549 117 4 123 12
class 0.7034092545509338 115 5 121 12
class 0.8000569343566895 131 0 137 7
class 0.3178749680519104 126 0 132 7
class 0.8330099582672119 161 4 167 11
class 0.42172127962112427 157 4 164 11
class 0.43277275562286377 173 2 178 10
class 0.6176483035087585 178 1 183 7
class 0.5280601978302002 196 2 199 9
class 0.3509800434112549 0 10 4 17
class 0.7599297761917114 33 9 39 17
class 0.8209816813468933 46 11 52 19
class 0.8338229656219482 66 13 73 20
class 0.474774032831192 65 7 73 19
class 0.8221963047981262 79 14 85 22
class 0.7673989534378052 87 15 93 22
class 0.5891155004501343 82 12 90 23
class 0.8450583815574646 111 15 117 23
class 0.7613452076911926 126 14 132 24
class 0.7428452968597412 134 13 142 22
class 0.8380381464958191 162 13 168 21
class 0.5810020565986633 158 11 165 20
class 0.8172610998153687 170 8 177 16
class 0.3406904935836792 167 9 173 19
class 0.8869746327400208 183 9 189 17
class 0.5760246515274048 180 11 185 18
class 0.7796742916107178 195 14 199 24
class 0.8329820036888123 16 27 21 34
class 0.6732012629508972 13 24 18 33
class 0.7389373183250427 26 26 32 34
class 0.39350172877311707 22 25 28 33
class 0.7720943689346313 55 25 62 32
class 0.5682753324508667 53 21 61 30
class 0.7388101816177368 79 20 85 28
class 0.352963924407959 76 19 82 28
class 0.8328967690467834 89 20 96 27
class 0.3703934848308563 85 19 92 28
class 0.870159924030304 100 25 106 34
class 0.6506980061531067 148 22 155 30
class 0.555130124092102 144 23 153 32
class 0.7623007297515869 161 21 168 29
class 0.8662633895874023 183 25 189 33
class 0.859379768371582 45 35 51 43
class 0.7661770582199097 58 29 64 36
class 0.6010046005249023 105 28 115 38
class 0.4233907461166382 109 29 118 38
class 0.6287347674369812 120 36 127 44
class 0.4091781675815582 116 33 122 41
class 0.34993794560432434 127 36 133 43
class 0.6184533834457397 124 35 130 43
class 0.8338574767112732 143 32 149 41
class 0.820145308971405 171 30 178 38
class 0.7839377522468567 190 33 195 41
class 0.7978381514549255 17 47 23 54
class 0.842526376247406 32 41 39 50
class 0.71429044008255 62 46 68 55
class 0.7987933158874512 100 40 106 48
class 0.7872270345687866 110 42 116 50
class 0.35821136832237244 107 40 113 48
class 0.30167970061302185 118 45 125 53
class 0.426622211933136 115 44 121 52
class 0.8195545077323914 131 41 137 49
class 0.3082680404186249 127 43 134 52
class 0.3597871959209442 146 42 152 51
class 0.8291864991188049 171 47 177 55
class 0.6939737200737 187 45 195 54
class 0.9101409912109375 15 56 21 64
class 0.8377106189727783 26 56 33 64
class 0.31507471203804016 23 54 29 63
class 0.6956914067268372 44 53 50 61
class 0.5508609414100647 42 49 52 62
class 0.6938355565071106 56 54 63 61
class 0.4843721389770508 53 51 61 60
class 0.8281835317611694 66 51 72 58
class 0.45340824127197266 62 51 69 60
class 0.39729389548301697 90 56 96 63
class 0.3652535676956177 97 56 103 62
class 0.7462860941886902 93 55 99 63
class 0.31568530201911926 100 53 105 60
class 0.5941170454025269 103 53 109 62
class 0.39030253887176514 121 53 126 61
class 0.8504324555397034 152 56 158 63
class 0.527396559715271 173 52 179 59
class 0.32253220677375793 169 50 177 59
class 0.7932354211807251 178 56 185 64
class 0.30001547932624817 178 52 184 61
class 0.9345903992652893 4 61 11 68
class 0.8668197989463806 44 66 51 74
class 0.4650365710258484 41 64 49 73
class 0.4843910336494446 42 61 48 69
class 0.7259916663169861 58 67 64 74
class 0.3188289701938629 56 65 62 74
class 0.746756374835968 90 65 96 73
class 0.6178410649299622 97 63 103 71
class 0.5775060057640076 92 64 100 73
class 0.33015334606170654 94 60 101 70
class 0.3557903468608856 104 64 110 72
class 0.7623103857040405 105 60 111 69
class 0.7639874815940857 117 65 124 73
class 0.4308238625526428 119 62 124 68
class 0.8317598104476929 151 68 157 75
class 0.5645153522491455 147 66 155 76
class 0.34612712264060974 152 65 159 74
class 0.7372767329216003 161 64 167 72
class 0.48647764325141907 157 63 164 72
class 0.566901683807373 191 62 197 69
class 0.6697760820388794 188 61 195 69
class 0.9388459920883179 2 76 9 83
class 0.697004497051239 17 71 22 79
class 0.7828407287597656 37 76 43 84
class 0.510732889175415 34 77 41 85
class 0.42271023988723755 43 73 49 81
class 0.5779262781143188 40 74 46 82
class 0.8498985171318054 57 77 63 86
class 0.4420788586139679 59 76 64 81
class 0.8629705905914307 68 78 75 85
class 0.35523587465286255 65 74 73 84
class 0.5446957349777222 92 78 98 86
class 0.749025821685791 106 71 112 80
class 0.7450835704803467 120 72 126 80
class 0.7609768509864807 129 77 136 85
class 0.629347562789917 126 74 134 83
class 0.3597891330718994 132 74 138 83
class 0.8650270700454712 171 72 178 80
class 0.8002076148986816 183 78 189 87
class 0.35392120480537415 181 77 187 85
class 0.4003707766532898 5 85 11 92
class 0.8441946506500244 10 89 17 97
class 0.7100812196731567 27 85 32 93
class 0.42755451798439026 23 87 31 95
class 0.6564841866493225 47 88 53 96
class 0.3424668610095978 47 85 54 92
class 0.550488293170929 50 85 57 94
class 0.4877762496471405 77 86 85 95
class 0.7011480331420898 84 86 90 94
class 0.8062718510627747 81 88 89 97
class 0.7612418532371521 98 83 104 91
class 0.30060648918151855 120 88 125 95
class 0.8537903428077698 130 81 137 88
class 0.40720221400260925 129 82 135 90
class 0.6865533590316772 143 85 149 92
class 0.5790013074874878 150 87 156 95
class 0.5754779577255249 145 86 153 95
class 0.4164109230041504 151 85 159 94
class 0.49337103962898254 155 87 161 95
class 0.6663358807563782 183 83 188 91
class 0.8505533337593079 3 93 9 100
class 0.3196641504764557 15 94 20 101
class 0.6058558225631714 23 97 29 105
class 0.6995872259140015 20 95 28 104
class 0.5211523175239563 21 93 29 101
class 0.7831881642341614 37 93 43 100
class 0.7157648205757141 46 98 52 106
class 0.48248612880706787 40 92 49 103
class 0.4042031466960907 47 95 53 102
class 0.4481278657913208 54 95 61 103
class 0.6660358309745789 50 95 57 105
class 0.4111889600753784 56 94 64 102
class 0.5797877311706543 59 91 67 100
class 0.7623499035835266 120 98 126 105
class 0.37090834975242615 116 95 124 105
class 0.4777906835079193 124 99 130 108
class 0.8223274350166321 134 98 141 107
class 0.8578482866287231 158 99 164 107
class 0.6205042600631714 186 92 195 103
class 0.664332926273346 5 110 11 117
class 0.31035688519477844 11 109 16 117
class 0.7305107712745667 27 103 33 110
class 0.6657772064208984 48 108 53 116
class 0.7178277373313904 60 109 68 119
class 0.6146335005760193 74 106 81 113
class 0.7450878620147705 71 102 81 112
class 0.7377001643180847 84 104 91 112
class 0.7920112609863281 111 107 117 115
class 0.5646560788154602 108 105 116 113
class 0.8095749020576477 120 109 125 117
class 0.5627046227455139 115 107 122 117
class 0.38442566990852356 120 107 127 114
class 0.7663735151290894 129 108 135 117
class 0.6324940323829651 125 108 133 118
class 0.4009324610233307 127 104 133 113
class 0.4584232270717621 131 106 138 114
class 0.7501987218856812 138 105 144 112
class 0.6518460512161255 134 107 142 116
class 0.31460991501808167 163 108 169 114
class 0.3728700280189514 168 108 174 115
class 0.5123946070671082 166 110 172 118
class 0.5674627423286438 186 108 191 116
class 0.7508863806724548 191 105 196 113
class 0.6113805770874023 187 105 195 116
class 0.3341599702835083 194 105 199 115
class 0.4262399971485138 4 115 8 122
class 0.49958300590515137 8 113 15 121
class 0.8400739431381226 32 117 38 125
class 0.322435200214386 48 116 54 124
class 0.43746960163116455 53 118 59 126
class 0.7312409281730652 50 118 58 127
class 0.594354510307312 77 118 83 125
class 0.8212968707084656 73 120 80 128
class 0.7954742312431335 95 119 102 127
class 0.716740608215332 140 121 146 129
class 0.5450673699378967 136 120 143 128
class 0.702989935874939 167 118 174 125
class 0.7991636991500854 185 119 190 126
class 0.6449360847473145 0 129 5 137
class 0.4343879222869873 0 128 2 137
class 0.739695131778717 25 130 31 138
class 0.3428597152233124 22 124 31 135
class 0.8953557014465332 32 130 39 138
class 0.815488874912262 57 128 63 136
class 0.3785655200481415 53 127 62 136
class 0.7807728052139282 85 127 91 135
class 0.7375765442848206 131 123 137 132
class 0.37066712975502014 127 126 134 135
class 0.8350135684013367 141 124 148 132
class 0.36174461245536804 136 124 144 133
class 0.9176136255264282 173 131 179 139
class 0.5509563684463501 172 129 178 137
class 0.6500304937362671 190 129 197 138
class 0.36543115973472595 193 127 199 137
class 0.9471092820167542 4 135 10 143
class 0.30261507630348206 2 136 5 145
class 0.7719966173171997 22 138 28 146
class 0.6406161189079285 19 140 26 149
class 0.3656112551689148 21 135 27 143
class 0.6831941604614258 32 141 39 149
class 0.4894111752510071 49 136 54 144
class 0.7533161640167236 56 140 63 147
class 0.6605207920074463 52 137 60 146
class 0.43151724338531494 57 137 64 145
class 0.8137767910957336 68 140 74 148
class 0.45208555459976196 64 139 72 148
class 0.7577527761459351 90 140 97 149
class 0.4740072786808014 99 136 105 144
class 0.5359106063842773 92 139 100 147
class 0.7756118178367615 109 136 115 144
class 0.5015990734100342 104 135 112 144
class 0.7583020329475403 119 140 126 148
class 0.6136069893836975 116 137 124 146
class 0.6114240288734436 120 137 128 145
class 0.7760748863220215 140 141 146 149
class 0.545044481754303 137 140 144 149
class 0.7626447677612305 153 142 159 150
class 0.3610895276069641 150 140 156 149
class 0.4304129183292389 163 141 170 149
class 0.5434184074401855 170 140 177 147
class 0.5778861045837402 167 141 173 149
class 0.8428592085838318 195 138 199 147
class 0.40710002183914185 196 138 199 143
class 0.7839179635047913 17 150 22 158
class 0.31948140263557434 17 148 22 154
class 0.32749301195144653 20 147 26 155
class 0.6491612195968628 37 147 43 155
class 0.38677847385406494 35 145 42 152
class 0.5438046455383301 58 150 64 157
class 0.30385324358940125 55 146 67 155
class 0.7575209140777588 67 152 74 160
class 0.3429574966430664 63 149 71 159
class 0.7551634907722473 77 149 83 158
class 0.7335729598999023 73 151 80 159
class 0.742790937423706 80 148 89 158
class 0.7300344705581665 111 152 116 159
class 0.32989177107810974 120 147 126 154
class 0.4501779079437256 118 144 125 152
class 0.3828643262386322 153 148 158 155
class 0.843125581741333 179 145 186 153
class 0.8694378733634949 4 158 10 165
class 0.32239830493927 2 159 5 169
class 0.7061075568199158 12 161 18 169
class 0.7162415981292725 8 160 16 169
class 0.7446534633636475 36 156 42 164
class 0.612639844417572 33 160 39 167
class 0.8457377552986145 46 161 52 169
class 0.47065040469169617 57 158 62 166
class 0.42126673460006714 54 155 62 164
class 0.8173696994781494 76 162 81 169
class 0.5332414507865906 72 160 80 169
class 0.7721945643424988 90 162 96 170
class 0.661341667175293 100 162 106 170
class 0.3221261501312256 95 161 102 170
class 0.3372037708759308 98 159 108 169
class 0.5812808275222778 106 160 113 168
class 0.641858696937561 104 160 110 170
class 0.9072142243385315 118 155 124 163
class 0.7063610553741455 136 155 143 164
class 0.8303059935569763 152 158 158 166
class 0.7711525559425354 174 157 180 165
class 0.3536638617515564 171 158 178 167
class 0.3138403594493866 176 157 184 167
class 0.7978175282478333 193 162 199 169
class 0.6063129305839539 190 157 197 166
class 0.669792652130127 0 171 4 178
class 0.5350005626678467 0 169 3 181
class 0.7020025253295898 15 170 21 178
class 0.580548882484436 12 169 19 178
class 0.312554270029068 13 166 19 174
class 0.6319708228111267 22 168 29 176
class 0.6794101595878601 19 168 26 177
class 0.5738586783409119 39 166 48 177
class 0.7694017887115479 57 167 63 174
class 0.799153208732605 65 167 72 175
class 0.3204498589038849 69 169 74 175
class 0.8023040294647217 90 172 96 180
class 0.3466724455356598 88 170 95 179
class 0.7921116352081299 110 171 116 179
class 0.6666914820671082 119 173 125 180
class 0.46989551186561584 115 171 121 180
class 0.7526088953018188 130 173 136 179
class 0.7723107933998108 127 171 134 180
class 0.8214404582977295 150 174 157 181
class 0.754228413105011 148 173 153 181
class 0.4410262107849121 168 169 175 176
class 0.7673624753952026 165 168 173 177
class 0.7938575148582458 179 170 186 179
class 0.3339439928531647 182 169 192 178
class 0.7489379644393921 196 170 199 178
class 0.36324796080589294 193 169 199 178
class 0.4267624616622925 194 167 199 176
class 0.8336305618286133 2 178 7 186
class 0.3418441414833069 0 178 4 188
class 0.44145792722702026 16 179 22 187
class 0.37113726139068604 11 177 19 186
class 0.5503238439559937 23 183 30 190
class 0.8249891996383667 19 183 25 191
class 0.3939858078956604 28 180 31 186
class 0.7786754369735718 29 180 36 189
class 0.4437364935874939 31 178 36 185
class 0.7625740170478821 42 180 50 190
class 0.5008740425109863 46 181 55 188
class 0.8004640936851501 56 184 63 191
class 0.6905374526977539 53 183 59 191
class 0.3422892689704895 58 182 63 188
class 0.5052151083946228 66 181 72 189
class 0.5480043888092041 60 178 69 187
class 0.41222426295280457 62 176 70 184
class 0.8231061100959778 76 183 83 191
class 0.6339728832244873 73 182 80 191
class 0.6700113415718079 89 183 95 191
class 0.527356743812561 85 183 91 191
class 0.3208157420158386 91 180 95 185
class 0.5757712721824646 100 183 106 191
class 0.42832151055336 94 179 100 188
class 0.578064501285553 107 181 113 189
class 0.7303021550178528 103 182 110 191
class 0.8040993213653564 142 183 148 191
class 0.3010888993740082 164 182 170 189
class 0.7242321372032166 170 184 176 192
class 0.7546923160552979 166 183 174 191
class 0.34626781940460205 192 180 199 189
class 0.7119208574295044 22 191 29 197
class 0.7811084389686584 19 191 25 199
class 0.4030229449272156 22 188 27 195
class 0.805256724357605 34 194 41 199
class 0.38988152146339417 48 193 54 199
class 0.5652183890342712 55 194 62 199
class 0.5833116769790649 51 194 59 199
class 0.7476730346679688 67 191 73 199
class 0.6912336945533752 64 193 71 199
class 0.7028144598007202 85 185 94 197
class 0.6864237189292908 97 193 103 199
class 0.7830361723899841 94 193 101 199
class 0.538831353187561 110 190 116 197
class 0.7620934247970581 119 192 125 199
class 0.6613226532936096 116 190 122 199
class 0.7641434073448181 132 190 138 198
class 0.6836338043212891 156 193 163 199
class 0.8371884822845459 174 193 179 199
class 0.3152027726173401 176 192 179 197
class 0.6821342706680298 194 189 199 196
