class 0.7748730182647705 0 4 4 11
class 0.32075825333595276 23 1 29 7
class 0.5009142756462097 18 0 27 5
class 0.8131380081176758 32 4 38 10
class 0.6472356915473938 47 3 53 9
class 0.843745231628418 54 0 60 5
class 0.45168688893318176 51 0 58 7
class 0.8756852149963379 85 0 92 7
class 0.8037824034690857 108 0 114 7
class 0.7708923816680908 116 4 123 12
class 0.7361032962799072 114 5 120 12
class 0.7306625843048096 130 0 136 7
class 0.32830139994621277 126 0 132 7
class 0.7278706431388855 158 0 163 7
class 0.4556359052658081 156 3 162 9
class 0.48805150389671326 196 3 199 10
class 0.4290633499622345 0 10 4 17
class 0.7684552669525146 32 9 39 17
class 0.8093795776367188 45 11 52 19
class 0.8624593019485474 66 13 73 21
class 0.41453978419303894 64 7 72 19
class 0.7039698958396912 79 15 84 22
class 0.3308204710483551 77 10 86 21
class 0.807182788848877 88 14 95 22
class 0.4352659285068512 83 13 91 23
class 0.8395199179649353 111 15 116 23
class 0.6639515161514282 126 14 133 23
class 0.7538708448410034 136 13 142 20
class 0.7934786081314087 170 9 177 16
class 0.4149916172027588 167 10 175 19
class 0.9239160418510437 183 9 188 17
class 0.6113050580024719 179 10 184 17
class 0.90523362159729 195 15 199 24
class 0.8435565233230591 16 27 22 33
class 0.5144543051719666 15 24 20 33
class 0.8844642043113708 55 24 62 32
class 0.5815765857696533 52 21 61 30
class 0.8020257949829102 79 20 86 27
class 0.6978095769882202 89 21 96 28
class 0.8764185309410095 100 25 106 33
class 0.3017842173576355 97 21 105 31
class 0.7621431946754456 162 19 168 27
class 0.9037473201751709 183 25 189 33
class 0.8383005857467651 46 35 52 42
class 0.5317524075508118 107 31 113 39
class 0.6526135802268982 104 30 112 40
class 0.3742979168891907 110 30 117 38
class 0.7130810022354126 121 36 127 44
class 0.43380188941955566 116 34 122 41
class 0.684723436832428 124 34 130 43
class 0.7563269138336182 143 34 149 43
class 0.7938876152038574 171 30 179 38
class 0.8249033689498901 190 32 196 40
class 0.7629931569099426 17 47 22 54
class 0.8562195897102356 31 41 38 50
class 0.799170196056366 101 40 106 48
class 0.8083353638648987 108 40 115 47
class 0.32244688272476196 105 41 111 49
class 0.7987262606620789 131 41 137 49
class 0.3106383681297302 126 43 135 52
class 0.7437036633491516 187 46 194 54
class 0.9308371543884277 15 57 21 64
class 0.8663761019706726 26 57 32 64
class 0.394314706325531 23 55 29 64
class 0.3552745282649994 28 52 36 61
class 0.3152559995651245 30 50 37 58
class 0.7277644872665405 45 52 51 59
class 0.5758447647094727 42 53 50 64
class 0.34432169795036316 47 51 54 60
class 0.6536529660224915 56 55 62 61
class 0.421970009803772 51 51 61 60
class 0.7798861265182495 66 51 73 58
class 0.44512510299682617 63 51 69 60
class 0.3219528794288635 90 55 96 62
class 0.34948185086250305 96 54 103 61
class 0.6881795525550842 92 54 99 63
class 0.3834274411201477 103 53 109 62
class 0.7766711115837097 152 56 158 64
class 0.6201057434082031 175 52 181 60
class 0.7232425212860107 176 54 183 64
class 0.9309648871421814 4 61 11 68
class 0.882307767868042 45 67 51 75
class 0.5297076106071472 42 65 50 73
class 0.7081267833709717 59 66 64 73
class 0.856190025806427 90 65 96 73
class 0.7805631160736084 106 62 112 70
class 0.7277129292488098 116 65 125 73
class 0.48514291644096375 117 61 125 69
class 0.8231162428855896 150 68 157 75
class 0.5519060492515564 147 65 155 75
class 0.3619321882724762 152 65 159 73
class 0.8068884015083313 161 65 167 72
class 0.4760071933269501 158 64 165 74
class 0.4912034571170807 192 62 197 69
class 0.6180484294891357 188 60 195 69
class 0.9235833287239075 2 76 9 83
class 0.6275489926338196 17 71 22 79
class 0.8321744203567505 57 77 63 86
class 0.36863085627555847 59 75 64 81
class 0.8317185640335083 68 77 75 85
class 0.36017709970474243 64 74 72 83
class 0.33627280592918396 90 78 96 86
class 0.7967088222503662 120 72 126 80
class 0.7833945155143738 129 77 136 85
class 0.6075268983840942 126 74 134 83
class 0.3355044424533844 132 74 138 83
class 0.6554257869720459 6 84 12 92
class 0.8825262188911438 10 89 17 97
class 0.7767618298530579 27 86 33 93
class 0.4695775508880615 24 87 31 95
class 0.6964640617370605 48 87 53 95
class 0.4683104157447815 49 84 57 94
class 0.6858609318733215 84 86 91 94
class 0.8354072570800781 81 88 89 97
class 0.7734913229942322 97 83 104 91
class 0.5141696929931641 119 88 125 95
class 0.8224634528160095 130 81 137 89
class 0.41985106468200684 128 82 135 90
class 0.6036818623542786 143 85 149 93
class 0.6289828419685364 150 88 156 96
class 0.6418595910072327 145 86 153 95
class 0.4268420338630676 150 86 160 94
class 0.6101685166358948 155 87 162 96
class 0.7505625486373901 183 82 188 90
class 0.8185023069381714 3 94 9 101
class 0.3013644814491272 14 93 21 100
class 0.5796791315078735 23 97 30 105
class 0.7065057754516602 20 95 28 102
class 0.7469424605369568 37 93 43 101
class 0.7906383872032166 46 98 52 106
class 0.5087683796882629 40 93 50 104
class 0.5591622591018677 47 95 54 103
class 0.41599783301353455 54 95 61 103
class 0.5684886574745178 50 96 57 105
class 0.31913769245147705 57 94 63 101
class 0.4508229196071625 60 91 67 100
class 0.3679253160953522 110 100 115 107
class 0.4520499110221863 106 100 113 107
class 0.7754600644111633 120 97 126 104
class 0.35452744364738464 115 95 124 104
class 0.34214988350868225 118 93 123 100
class 0.38036781549453735 124 99 130 107
class 0.3286144733428955 139 100 145 107
class 0.7765456438064575 136 99 142 107
class 0.3264159858226776 190 95 196 102
class 0.6491352319717407 186 92 195 103
class 0.6627405881881714 5 110 11 117
class 0.31139323115348816 11 109 16 117
class 0.3499394953250885 8 111 15 118
class 0.7938200235366821 27 103 33 110
class 0.31422969698905945 25 103 31 112
class 0.570391833782196 47 109 53 116
class 0.5314457416534424 74 106 81 114
class 0.6806700825691223 70 102 81 112
class 0.7779161334037781 85 104 91 112
class 0.790459930896759 111 107 117 115
class 0.5795518159866333 108 105 116 112
class 0.8424135446548462 120 109 126 117
class 0.5289049744606018 116 107 122 117
class 0.7150614857673645 129 108 135 117
class 0.5911546349525452 125 109 132 118
class 0.35327285528182983 127 104 133 113
class 0.3707144260406494 131 106 138 113
class 0.687345564365387 138 104 145 112
class 0.659963071346283 134 107 142 116
class 0.3345974385738373 166 110 172 118
class 0.5721957087516785 186 109 191 117
class 0.7107446193695068 190 105 196 113
class 0.7206572890281677 187 106 194 116
class 0.3849113881587982 4 116 8 122
class 0.8440519571304321 31 117 38 125
class 0.44127389788627625 48 116 54 124
class 0.6718417406082153 49 118 57 127
class 0.6937288641929626 76 117 82 125
class 0.8430059552192688 72 120 79 128
class 0.31539854407310486 79 116 85 125
class 0.8194781541824341 96 119 102 127
class 0.7425870895385742 139 121 146 129
class 0.6362297534942627 137 121 143 127
class 0.7229074835777283 0 129 5 137
class 0.38320282101631165 0 129 2 137
class 0.6805821061134338 26 130 32 138
class 0.8754625916481018 32 130 39 138
class 0.8501288890838623 57 128 63 136
class 0.3484562933444977 55 124 61 133
class 0.850530743598938 86 127 92 136
class 0.841752827167511 131 124 137 132
class 0.8923702836036682 143 124 149 132
class 0.8270955085754395 174 131 180 138
class 0.6379696726799011 189 129 197 138
class 0.9487130641937256 3 135 10 143
class 0.3091353178024292 2 136 4 145
class 0.7708113789558411 22 139 29 147
class 0.6462873220443726 19 140 26 149
class 0.3700141906738281 21 135 27 143
class 0.6691740155220032 30 140 39 149
class 0.6999562978744507 58 140 64 148
class 0.7976505756378174 69 141 75 148
class 0.38234323263168335 65 139 72 148
class 0.7925347089767456 90 140 96 149
class 0.44086068868637085 99 136 105 144
class 0.45757681131362915 92 139 100 147
class 0.7647566199302673 109 135 116 143
class 0.5472584962844849 104 134 112 143
class 0.5765926241874695 118 141 124 149
class 0.3749583065509796 115 136 123 145
class 0.6915211081504822 141 141 147 149
class 0.6180872321128845 137 140 144 149
class 0.4247855544090271 164 141 170 148
class 0.3201659321784973 170 140 177 148
class 0.48367488384246826 166 141 174 149
class 0.8309481143951416 194 135 199 143
class 0.7953981161117554 17 150 22 158
class 0.5849471688270569 37 147 43 155
class 0.4240128993988037 35 144 42 153
class 0.4654765725135803 58 151 63 158
class 0.7939642667770386 68 152 74 160
class 0.33260807394981384 64 150 71 158
class 0.7148668169975281 77 149 83 158
class 0.6807999610900879 73 151 80 159
class 0.6827848553657532 80 147 89 158
class 0.6477677226066589 110 152 117 159
class 0.4334721565246582 119 144 125 152
class 0.8309324979782104 179 145 186 153
class 0.8550592660903931 4 157 10 165
class 0.3224952518939972 1 160 5 169
class 0.7583554983139038 8 160 16 170
class 0.7816257476806641 37 156 43 164
class 0.8853463530540466 46 162 52 170
class 0.5449137091636658 57 157 63 165
class 0.32240694761276245 53 158 60 167
class 0.8672882318496704 75 161 81 169
class 0.8073815703392029 90 162 96 170
class 0.7250993251800537 99 162 106 170
class 0.40261465311050415 95 161 102 170
class 0.3639534115791321 97 159 108 170
class 0.9163919687271118 118 155 124 163
class 0.7309389710426331 136 155 143 164
class 0.8461443781852722 153 159 158 167
class 0.8065972924232483 174 155 180 163
class 0.3167686462402344 171 157 178 166
class 0.8162147998809814 193 162 199 169
class 0.5742122530937195 190 157 198 166
class 0.7090579271316528 0 171 4 179
class 0.4689418077468872 0 170 2 181
class 0.5725410580635071 15 169 21 177
class 0.5611619353294373 12 167 19 177
class 0.5870599150657654 18 167 25 177
class 0.7983480095863342 57 167 64 174
class 0.8272152543067932 66 166 73 174
class 0.3972107470035553 62 167 70 175
class 0.3021836280822754 69 169 74 174
class 0.7681766748428345 90 172 96 181
class 0.7630582451820374 109 170 116 177
class 0.5138552188873291 107 166 116 176
class 0.6876291036605835 119 173 125 180
class 0.5113787055015564 115 171 122 181
class 0.651811420917511 130 172 136 180
class 0.7209253311157227 126 171 133 180
class 0.8284599184989929 152 173 158 181
class 0.5955474376678467 165 168 172 178
class 0.8293681144714355 180 171 187 179
class 0.33021917939186096 184 170 191 178
class 0.7963029742240906 196 171 199 178
class 0.3886386454105377 195 168 199 175
class 0.7960840463638306 2 178 7 185
class 0.36352381110191345 1 176 4 188
class 0.5868023633956909 16 179 22 187
class 0.45381733775138855 11 177 20 186
class 0.48836126923561096 23 183 29 190
class 0.8149316906929016 19 181 25 191
class 0.30926448106765747 27 179 31 187
class 0.7887126803398132 29 179 35 187
class 0.7882314324378967 45 183 52 190
class 0.34562116861343384 43 178 51 187
class 0.4570576548576355 47 181 54 188
class 0.8422247171401978 56 184 63 191
class 0.7179020643234253 54 183 59 191
class 0.3576544225215912 59 182 63 188
class 0.5659359097480774 66 182 73 189
class 0.3862493932247162 60 178 69 188
class 0.6328306198120117 89 183 95 190
class 0.5912192463874817 100 183 106 190
class 0.47477206587791443 94 179 101 187
class 0.5347567796707153 106 181 113 189
class 0.7930924296379089 103 182 110 191
class 0.3279675245285034 105 177 111 184
class 0.6335580945014954 22 192 28 199
class 0.7139032483100891 19 191 26 199
class 0.45808011293411255 21 188 27 196
class 0.7986716032028198 35 194 41 199
class 0.5789269804954529 48 193 54 199
class 0.5759761333465576 55 194 62 199
class 0.5642615556716919 51 194 59 199
class 0.7555319666862488 67 191 73 198
class 0.7488269209861755 64 192 71 199
class 0.7848171591758728 86 188 93 195
class 0.3089796006679535 101 188 106 195
class 0.6146609783172607 109 190 116 197
class 0.43819931149482727 103 187 112 198
class 0.6915562152862549 118 191 125 198
class 0.695855975151062 115 190 121 199
class 0.817162275314331 132 189 138 196
class 0.3305918276309967 127 188 135 197
class 0.8398913741111755 174 192 180 199
class 0.4271223545074463 176 192 179 197
