class 0.8109003305435181 0 4 4 12
class 0.5805240273475647 20 0 27 6
class 0.8432243466377258 35 0 41 5
class 0.8555163741111755 55 0 61 4
class 0.8939478993415833 85 0 92 7
class 0.915025532245636 109 0 115 7
class 0.7695410847663879 121 0 128 6
class 0.722554087638855 130 0 137 7
class 0.9288084506988525 160 0 166 8
class 0.30673927068710327 158 3 164 9
class 0.4664100408554077 0 10 4 16
class 0.7187190651893616 88 14 94 22
class 0.823645830154419 111 15 116 22
class 0.7681723237037659 132 15 138 23
class 0.37134483456611633 153 9 159 16
class 0.3936450779438019 154 7 162 17
class 0.9034253358840942 170 7 177 16
class 0.8919682502746582 194 15 199 24
class 0.34446513652801514 193 16 197 20
class 0.554185688495636 90 20 96 28
class 0.8244482278823853 100 25 105 33
class 0.4582991600036621 96 20 104 30
class 0.9089256525039673 183 26 189 33
class 0.8288436532020569 45 34 51 42
class 0.539298951625824 121 36 127 44
class 0.3122510612010956 119 34 126 42
class 0.6016568541526794 123 35 131 42
class 0.738560140132904 143 35 148 43
class 0.8354020118713379 171 30 178 38
class 0.7982590198516846 190 32 195 40
class 0.4506114423274994 17 47 22 53
class 0.8245049715042114 32 41 39 49
class 0.41317903995513916 122 44 127 52
class 0.7619595527648926 130 41 136 49
class 0.4032858908176422 125 43 134 52
class 0.7190048694610596 187 44 195 55
class 0.9259211421012878 15 57 20 65
class 0.8806585669517517 27 55 33 64
class 0.3027172088623047 24 54 31 63
class 0.4833484888076782 31 53 37 60
class 0.3992992341518402 29 53 35 61
class 0.45437851548194885 48 51 54 58
class 0.7921473979949951 55 53 63 60
class 0.47437140345573425 52 51 61 60
class 0.7863741517066956 66 51 73 58
class 0.4190874695777893 64 51 70 59
class 0.4311849772930145 90 56 96 64
class 0.6799294352531433 92 54 100 63
class 0.3893684446811676 102 52 110 62
class 0.3128020167350769 121 55 126 62
class 0.777370810508728 152 56 158 64
class 0.8858128786087036 178 55 185 63
class 0.9087299704551697 3 61 11 68
class 0.7505241632461548 47 68 53 75
class 0.778261125087738 90 66 95 73
class 0.7785361409187317 105 61 112 70
class 0.726503849029541 117 65 125 73
class 0.5208837985992432 119 61 125 69
class 0.8273756504058838 151 68 157 75
class 0.5899003744125366 148 65 155 75
class 0.7322673797607422 158 65 164 73
class 0.4621501863002777 155 61 167 74
class 0.7008671164512634 189 61 196 69
class 0.9205537438392639 1 76 9 84
class 0.5991893410682678 17 71 23 79
class 0.8247678875923157 57 78 63 86
class 0.7704102993011475 69 77 75 85
class 0.4144607484340668 67 74 76 84
class 0.6891275644302368 120 72 127 79
class 0.8082740902900696 127 72 134 80
class 0.5701704025268555 125 73 131 80
class 0.5785865187644958 5 83 11 90
class 0.7069661617279053 26 86 32 93
class 0.3228370249271393 25 82 32 90
class 0.673657238483429 48 86 54 96
class 0.7923766374588013 87 82 94 90
class 0.8314197063446045 97 83 104 91
class 0.5274849534034729 94 83 101 90
class 0.5624112486839294 151 88 157 96
class 0.6650354862213135 147 87 153 94
class 0.52393639087677 154 88 162 96
class 0.9218968152999878 2 95 8 102
class 0.3059144914150238 0 96 3 104
class 0.34270384907722473 26 94 33 101
class 0.7030745148658752 37 94 43 101
class 0.7294047474861145 45 97 52 105
class 0.6463289856910706 41 93 49 102
class 0.38301029801368713 48 95 52 102
class 0.6664817929267883 55 93 62 101
class 0.5223234295845032 51 96 58 104
class 0.4367293417453766 59 94 63 101
class 0.7638989090919495 118 93 125 100
class 0.35484203696250916 115 95 122 103
class 0.6354778409004211 190 93 195 101
class 0.7088736295700073 187 92 194 100
class 0.637027382850647 29 103 35 111
class 0.5003904700279236 48 107 54 115
class 0.349315345287323 50 104 57 113
class 0.5397634506225586 77 107 84 114
class 0.3977149724960327 76 103 84 111
class 0.7646785378456116 84 104 90 111
class 0.7793537974357605 108 104 115 111
class 0.6869280338287354 125 109 133 117
class 0.6987325549125671 139 104 145 111
class 0.7489421367645264 136 107 142 114
class 0.3514065146446228 165 110 172 117
class 0.6351194381713867 186 110 191 117
class 0.48124346137046814 28 119 36 127
class 0.3714151382446289 48 116 54 124
class 0.6871508955955505 50 119 56 126
class 0.6938902735710144 77 116 83 124
class 0.7908269166946411 73 120 80 127
class 0.7307591438293457 96 118 102 127
class 0.6436495184898376 140 121 146 129
class 0.7023511528968811 26 131 32 139
class 0.8742179274559021 33 130 39 138
class 0.8352363705635071 57 127 63 135
class 0.3906782865524292 55 124 61 132
class 0.7426155209541321 130 124 137 132
class 0.7953177094459534 141 125 147 132
class 0.4312601387500763 137 125 144 133
class 0.7668780088424683 174 131 179 138
class 0.7036551833152771 191 131 197 139
class 0.6719188690185547 23 138 29 146
class 0.6503176093101501 20 139 27 149
class 0.7349047064781189 30 140 39 149
class 0.6112880706787109 58 140 64 147
class 0.7992981672286987 68 141 75 148
class 0.35616761445999146 64 139 72 147
class 0.750888466835022 90 140 96 149
class 0.46343913674354553 99 135 105 143
class 0.42421025037765503 93 139 100 147
class 0.43502798676490784 119 142 125 149
class 0.8131173849105835 169 140 176 148
class 0.8634573221206665 17 151 22 158
class 0.3639558255672455 17 149 22 154
class 0.6584235429763794 37 147 43 155
class 0.4007866680622101 35 144 42 152
class 0.5388619303703308 58 150 64 158
class 0.8531820774078369 69 152 75 160
class 0.3004036545753479 65 151 71 158
class 0.7851318717002869 76 147 82 155
class 0.7073186635971069 72 150 80 159
class 0.5782408118247986 110 152 117 159
class 0.8409504890441895 179 145 185 153
class 0.3009062707424164 179 146 183 151
class 0.7542576789855957 13 162 20 169
class 0.7265363931655884 37 157 43 165
class 0.8477034568786621 46 162 52 170
class 0.6290406584739685 43 162 49 169
class 0.33140599727630615 48 161 53 169
class 0.6704652309417725 56 155 62 163
class 0.8763884902000427 74 161 80 169
class 0.6743959784507751 91 162 96 169
class 0.7992812395095825 100 162 106 170
class 0.4168763756752014 96 161 102 170
class 0.8738133907318115 118 155 125 163
class 0.6117807626724243 115 155 123 164
class 0.7909044027328491 136 156 143 164
class 0.8442807793617249 174 155 181 163
class 0.8011734485626221 193 161 199 170
class 0.6480003595352173 190 157 197 166
class 0.7629400491714478 0 172 4 179
class 0.5546714663505554 14 167 20 174
class 0.4459436237812042 11 169 18 176
class 0.35481399297714233 14 166 18 172
class 0.8043217062950134 20 167 27 176
class 0.8265811204910278 68 166 74 173
class 0.7557005286216736 91 172 96 180
class 0.8286730647087097 110 169 117 178
class 0.4236849248409271 109 167 115 173
class 0.8204270005226135 119 173 125 180
class 0.30237582325935364 115 172 122 180
class 0.7823845744132996 152 173 158 180
class 0.7267690896987915 165 169 172 178
class 0.6793835163116455 196 170 199 177
class 0.7476897239685059 3 178 9 184
class 0.7065218091011047 62 177 69 185
class 0.5639955997467041 92 178 98 187
class 0.5957200527191162 108 179 114 187
class 0.37244659662246704 109 177 115 183
class 0.6951279044151306 18 193 25 199
class 0.772514283657074 36 195 42 199
class 0.6032208204269409 56 195 62 199
class 0.518854558467865 53 194 59 199
class 0.7080740928649902 111 191 117 199
class 0.5289410948753357 108 192 114 199
class 0.6873897314071655 113 190 119 197
