class 0.7540903687477112 0 4 4 12
class 0.5380043387413025 18 0 25 5
class 0.6142653226852417 34 0 40 4
class 0.8422849178314209 54 0 61 5
class 0.4344037175178528 52 0 59 7
class 0.8661721348762512 86 0 91 7
class 0.8280463218688965 108 0 115 7
class 0.8474377393722534 116 4 123 12
class 0.7822290062904358 114 5 120 13
class 0.7785253524780273 130 0 136 7
class 0.4043486714363098 125 0 132 7
class 0.8420785069465637 159 0 165 7
class 0.3323005735874176 157 3 163 9
class 0.628613293170929 196 3 199 10
class 0.4196152687072754 0 10 4 17
class 0.7869936227798462 44 9 51 17
class 0.8139621019363403 67 14 73 21
class 0.41053488850593567 64 8 74 19
class 0.763323187828064 85 13 93 23
class 0.8375820517539978 111 15 117 23
class 0.6878616809844971 127 14 134 23
class 0.7267339825630188 136 13 142 21
class 0.34111616015434265 158 9 165 17
class 0.5768383741378784 154 7 163 18
class 0.8863310813903809 171 8 177 16
class 0.9528805613517761 184 8 190 16
class 0.3866710364818573 182 9 187 16
class 0.917763352394104 195 15 199 24
class 0.8461509943008423 54 23 61 31
class 0.6104397177696228 52 20 60 30
class 0.47253721952438354 90 20 96 27
class 0.7713304162025452 100 25 106 33
class 0.4260779619216919 96 20 104 30
class 0.9063570499420166 183 25 189 33
class 0.8739264607429504 45 35 51 43
class 0.6266638040542603 108 31 114 38
class 0.6277748346328735 105 27 115 38
class 0.3552128076553345 109 30 118 38
class 0.7346748113632202 120 37 126 44
class 0.5593038201332092 116 35 123 43
class 0.40485718846321106 126 36 133 43
class 0.6408767104148865 124 35 130 43
class 0.751586377620697 143 35 148 43
class 0.44694650173187256 141 34 147 42
class 0.8287836313247681 171 30 178 38
class 0.8156742453575134 190 32 195 41
class 0.5964305400848389 17 46 23 53
class 0.8452575206756592 32 42 39 51
class 0.39925649762153625 101 40 107 48
class 0.7400449514389038 106 40 112 48
class 0.4717949330806732 103 41 110 50
class 0.8046321272850037 131 41 137 49
class 0.30862003564834595 126 44 134 52
class 0.7347778677940369 187 45 194 55
class 0.9130359292030334 15 57 20 65
class 0.8451746702194214 27 56 32 64
class 0.3958922028541565 23 54 30 63
class 0.34164270758628845 32 53 37 59
class 0.3036775290966034 28 52 35 61
class 0.5816003084182739 48 51 54 58
class 0.8077662587165833 56 54 63 61
class 0.3945266604423523 52 51 61 61
class 0.8036626577377319 66 50 73 58
class 0.39783239364624023 63 50 69 60
class 0.32245558500289917 90 56 96 63
class 0.3717401325702667 96 54 103 61
class 0.7451404929161072 92 55 100 64
class 0.45868486166000366 102 53 110 62
class 0.3391568660736084 122 52 127 60
class 0.7703546285629272 151 56 158 64
class 0.41641032695770264 175 53 181 60
class 0.7429527044296265 176 54 183 63
class 0.9187953472137451 4 62 11 69
class 0.8327245712280273 46 67 52 75
class 0.8539859652519226 59 67 65 75
class 0.7960422039031982 90 66 96 74
class 0.72080397605896 106 61 113 70
class 0.7367307543754578 117 65 125 74
class 0.485721617937088 118 61 125 70
class 0.8411478400230408 150 68 157 75
class 0.5304536819458008 147 65 155 76
class 0.7868832349777222 160 65 166 72
class 0.5117157101631165 191 61 197 69
class 0.6642178297042847 188 60 194 68
class 0.9398735761642456 2 76 10 83
class 0.5051562786102295 17 71 22 79
class 0.8231191635131836 57 77 63 86
class 0.8161742091178894 69 77 75 85
class 0.3356130123138428 64 74 73 83
class 0.6738207340240479 120 72 127 80
class 0.763340950012207 129 78 136 85
class 0.6519438624382019 126 75 134 84
class 0.32098057866096497 132 75 137 82
class 0.6854186654090881 5 84 11 92
class 0.7692601680755615 10 89 17 97
class 0.7471393942832947 26 86 32 93
class 0.6532814502716064 48 86 53 95
class 0.36079055070877075 44 87 51 97
class 0.5940116047859192 50 85 56 94
class 0.7238269448280334 86 82 93 90
class 0.8180612325668335 97 83 104 90
class 0.8030648827552795 130 81 137 89
class 0.5418060421943665 143 85 149 93
class 0.6134689450263977 150 88 156 96
class 0.5770224928855896 145 86 153 95
class 0.5626395344734192 154 86 162 96
class 0.9041992425918579 3 93 10 101
class 0.30269935727119446 12 92 18 99
class 0.49999019503593445 26 95 32 102
class 0.3138997554779053 25 92 32 98
class 0.7779237031936646 37 93 43 100
class 0.719257652759552 46 97 52 105
class 0.5745492577552795 40 93 49 103
class 0.49206316471099854 47 95 53 102
class 0.448150098323822 55 94 61 102
class 0.5638378262519836 50 96 57 104
class 0.34519919753074646 58 94 63 101
class 0.5722483992576599 60 91 67 100
class 0.33810150623321533 108 100 115 106
class 0.5570242404937744 105 99 112 107
class 0.6379604339599609 118 95 124 102
class 0.4840352535247803 115 94 122 103
class 0.5300819873809814 117 92 122 100
class 0.457174152135849 127 100 134 107
class 0.7259271144866943 124 99 131 108
class 0.6938168406486511 135 99 142 108
class 0.3338809013366699 190 95 195 102
class 0.505954384803772 186 92 194 103
class 0.4589398503303528 5 109 11 117
class 0.6843294501304626 27 103 33 110
class 0.3473138213157654 48 107 53 114
class 0.6574066281318665 71 103 81 112
class 0.7507553100585938 84 104 91 112
class 0.7789158225059509 111 107 117 115
class 0.5307180285453796 108 105 116 113
class 0.7774443030357361 119 109 125 117
class 0.5230425000190735 115 107 121 116
class 0.7523859143257141 129 109 135 117
class 0.5855197906494141 125 108 133 118
class 0.345683217048645 127 104 133 112
class 0.6654962301254272 138 104 145 112
class 0.6370612382888794 135 106 142 114
class 0.4175812900066376 165 109 172 118
class 0.6164465546607971 185 109 191 117
class 0.7447177171707153 191 105 196 113
class 0.6676315069198608 187 106 194 115
class 0.5872809886932373 8 114 15 121
class 0.6747316718101501 28 119 36 127
class 0.3955899477005005 48 116 54 124
class 0.7395209670066833 50 119 57 128
class 0.5635426044464111 76 117 83 125
class 0.8153128027915955 72 120 79 127
class 0.3800859749317169 79 116 85 124
class 0.8103896975517273 96 119 101 127
class 0.612885057926178 140 121 146 129
class 0.622928261756897 136 120 142 128
class 0.873584508895874 0 129 5 137
class 0.7401310205459595 26 130 32 138
class 0.8532521724700928 32 130 39 138
class 0.840909481048584 57 128 63 136
class 0.34329941868782043 56 124 62 132
class 0.8018200993537903 131 123 138 132
class 0.8615067601203918 142 124 148 132
class 0.8116507530212402 174 131 180 138
class 0.5725478529930115 189 130 197 139
class 0.3729986846446991 0 135 4 142
class 0.72616046667099 21 138 28 146
class 0.7042298316955566 19 140 26 149
class 0.6750072240829468 30 139 39 148
class 0.6992618441581726 58 140 64 148
class 0.8289580941200256 69 140 75 148
class 0.745242714881897 91 140 96 149
class 0.48037028312683105 99 135 105 143
class 0.4345248341560364 92 139 100 147
class 0.7097162008285522 109 135 115 142
class 0.5600631237030029 104 134 112 143
class 0.5705158114433289 119 142 125 149
class 0.33470970392227173 115 138 124 146
class 0.782440721988678 140 141 146 149
class 0.7577200531959534 166 141 174 149
class 0.37854185700416565 192 135 197 142
class 0.8079579472541809 17 150 23 158
class 0.3649228513240814 18 148 22 153
class 0.6246914863586426 37 147 43 156
class 0.30958670377731323 35 144 42 152
class 0.5121153593063354 58 150 64 158
class 0.8005866408348083 68 152 74 161
class 0.4101025462150574 64 150 71 159
class 0.8186290860176086 77 148 83 156
class 0.7087828516960144 72 151 80 159
class 0.5839519500732422 111 152 117 160
class 0.3511325418949127 120 147 126 154
class 0.7642850279808044 179 145 186 153
class 0.8122761845588684 4 157 9 164
class 0.30521559715270996 1 159 5 169
class 0.7225841879844666 12 162 18 169
class 0.7427526712417603 37 156 44 164
class 0.847777783870697 46 162 52 170
class 0.48123446106910706 55 155 62 163
class 0.8580203652381897 74 160 80 169
class 0.7321578860282898 91 162 96 170
class 0.7979930639266968 100 162 106 170
class 0.3704282343387604 96 161 102 170
class 0.8874250054359436 117 155 124 163
class 0.7343873381614685 136 155 143 164
class 0.7913546562194824 152 159 158 167
class 0.7978922128677368 174 156 180 163
class 0.3129532039165497 171 158 179 167
class 0.7881969809532166 193 161 199 169
class 0.5536277294158936 189 157 198 166
class 0.7186716794967651 0 171 4 179
class 0.5910836458206177 12 167 18 176
class 0.4181337356567383 13 166 19 173
class 0.7272897958755493 19 167 27 175
class 0.40106627345085144 39 166 48 174
class 0.7825988531112671 58 166 64 174
class 0.8548051118850708 67 166 74 174
class 0.34300756454467773 65 166 70 172
class 0.7634378671646118 90 172 96 181
class 0.7713611721992493 110 170 116 178
class 0.40871748328208923 107 166 116 176
class 0.5769620537757874 119 173 125 180
class 0.4062756597995758 115 171 122 180
class 0.6234068274497986 130 172 135 179
class 0.7400121092796326 125 170 133 180
class 0.4405699670314789 128 169 141 181
class 0.837160050868988 152 172 157 180
class 0.7293884754180908 165 170 172 178
class 0.8037088513374329 180 170 186 178
class 0.30326417088508606 184 169 191 177
class 0.7754443883895874 196 171 199 178
class 0.3718854784965515 195 168 199 175
class 0.8394044637680054 2 177 7 184
class 0.34043073654174805 0 177 4 186
class 0.6171284914016724 16 177 23 186
class 0.7854540348052979 19 180 26 188
class 0.7566282153129578 44 182 50 189
class 0.3102332353591919 45 181 54 189
class 0.7961184978485107 56 183 63 191
class 0.7260249257087708 54 183 59 191
class 0.5028415322303772 63 180 70 188
class 0.6355483531951904 60 178 68 187
class 0.3698239326477051 63 177 69 184
class 0.6369338035583496 89 183 95 190
class 0.5957871675491333 100 183 106 190
class 0.3928247392177582 95 180 101 187
class 0.5223486423492432 105 182 112 189
class 0.8458685874938965 103 183 109 191
class 0.5351362824440002 18 192 26 199
class 0.803441047668457 33 194 40 199
class 0.5811393857002258 55 194 62 199
class 0.6022828817367554 52 193 60 199
class 0.7548319101333618 67 190 73 197
class 0.7629579305648804 64 192 69 199
class 0.3102650046348572 67 189 71 194
class 0.7934852838516235 87 187 93 195
class 0.665869951248169 110 190 116 197
class 0.508084774017334 104 188 112 197
class 0.7530992031097412 115 189 122 197
class 0.7187627553939819 131 188 137 196
class 0.4841070771217346 160 194 166 199
class 0.8092995285987854 174 192 179 199
