class 0.8699633479118347 0 4 4 12
class 0.6178057193756104 21 0 27 6
class 0.7844729423522949 35 0 40 5
class 0.8361244201660156 55 0 61 5
class 0.8816176652908325 86 0 92 7
class 0.8205479383468628 108 0 115 6
class 0.8181362748146057 116 4 123 11
class 0.7278831005096436 130 0 136 7
class 0.3887256681919098 125 0 132 7
class 0.902073323726654 159 0 166 8
class 0.31057214736938477 158 3 164 10
class 0.49278515577316284 0 10 5 16
class 0.7995288968086243 67 13 73 22
class 0.40431439876556396 65 8 73 19
class 0.753315269947052 85 12 93 23
class 0.8377963304519653 110 15 116 23
class 0.6835303902626038 136 13 142 21
class 0.6152788996696472 154 7 163 18
class 0.9157773852348328 170 8 177 17
class 0.8788130879402161 194 15 199 24
class 0.36917921900749207 192 16 197 20
class 0.8345469236373901 55 25 62 32
class 0.37181878089904785 53 19 62 31
class 0.677095890045166 90 20 96 27
class 0.8107942342758179 100 24 106 33
class 0.8746209740638733 183 25 189 33
class 0.833918035030365 45 34 51 42
class 0.8231523036956787 107 29 113 37
class 0.43283265829086304 122 37 128 44
class 0.3526786267757416 127 36 133 43
class 0.6738484501838684 124 35 131 43
class 0.67912358045578 143 35 149 43
class 0.8037879467010498 171 30 178 38
class 0.8111605048179626 189 31 195 40
class 0.619742214679718 17 47 22 54
class 0.814009964466095 32 41 39 50
class 0.8387354016304016 130 41 137 49
class 0.42511796951293945 127 44 135 52
class 0.7329856753349304 187 45 194 55
class 0.9128555655479431 15 57 21 65
class 0.8121788501739502 27 56 32 64
class 0.322427362203598 23 54 31 63
class 0.3525277078151703 28 53 35 61
class 0.4797861576080322 48 51 54 59
class 0.7869150042533875 55 53 63 61
class 0.4436549246311188 52 51 60 60
class 0.7851176261901855 67 50 73 58
class 0.41271790862083435 64 51 70 60
class 0.4634382426738739 90 56 96 63
class 0.45873504877090454 92 53 99 62
class 0.45554646849632263 103 52 109 61
class 0.4332772195339203 121 52 127 59
class 0.751754879951477 152 56 158 63
class 0.4246642291545868 175 52 181 60
class 0.7830668687820435 178 55 185 63
class 0.9375050067901611 4 61 11 68
class 0.7810577750205994 47 68 53 75
class 0.8246237635612488 89 66 95 74
class 0.7846686840057373 106 61 112 70
class 0.7529351115226746 116 65 125 73
class 0.4582688808441162 118 61 125 70
class 0.814443051815033 150 68 157 75
class 0.5860666632652283 147 65 155 75
class 0.36545053124427795 151 65 160 74
class 0.8097174763679504 159 66 165 73
class 0.4628690481185913 157 61 166 73
class 0.6481382846832275 188 61 195 69
class 0.9250801205635071 2 76 9 83
class 0.4716368317604065 17 71 23 79
class 0.8856167197227478 56 78 63 86
class 0.7297613620758057 69 77 75 85
class 0.6814969778060913 121 72 127 80
class 0.8014898896217346 128 74 135 82
class 0.6398665308952332 6 85 12 92
class 0.7762079238891602 10 89 17 97
class 0.745071291923523 26 85 33 93
class 0.7231732606887817 48 87 54 95
class 0.3178373873233795 46 88 52 97
class 0.749346137046814 87 82 94 90
class 0.8229610323905945 97 83 104 91
class 0.6106577515602112 150 88 155 96
class 0.7090207934379578 146 86 153 95
class 0.3488229811191559 152 87 159 94
class 0.44757020473480225 155 88 162 96
class 0.8712727427482605 3 94 9 101
class 0.3636491298675537 12 92 18 100
class 0.45335525274276733 26 94 32 101
class 0.7783424258232117 38 93 43 100
class 0.740352988243103 46 97 52 105
class 0.6088877320289612 41 93 48 103
class 0.4160013496875763 49 95 52 101
class 0.48885777592658997 54 94 61 102
class 0.6309076547622681 50 96 57 104
class 0.32421597838401794 58 93 63 101
class 0.5046253204345703 60 91 67 100
class 0.8038076162338257 117 93 123 101
class 0.5815965533256531 189 94 195 102
class 0.7719054818153381 186 92 193 100
class 0.546369731426239 5 109 11 117
class 0.7692587971687317 27 103 34 111
class 0.6105090975761414 48 108 53 116
class 0.5641782283782959 72 103 82 113
class 0.7531512975692749 84 104 91 111
class 0.749376118183136 110 107 116 115
class 0.5868957042694092 107 104 115 113
class 0.7363735437393188 117 109 124 117
class 0.556175708770752 114 108 121 117
class 0.5621693730354309 129 109 135 117
class 0.7735663056373596 126 110 132 118
class 0.6747546792030334 138 104 144 112
class 0.773318350315094 135 107 141 114
class 0.3694681227207184 165 110 172 117
class 0.6566405892372131 186 109 191 117
class 0.3548935353755951 5 115 10 121
class 0.38560959696769714 7 114 14 122
class 0.4968046545982361 28 119 36 127
class 0.3479224145412445 48 116 54 123
class 0.6968809366226196 50 119 57 127
class 0.6741368174552917 77 117 83 125
class 0.799048900604248 73 120 80 127
class 0.33159270882606506 79 116 85 124
class 0.7549527883529663 96 119 102 126
class 0.36220261454582214 140 121 146 128
class 0.39233073592185974 136 119 144 128
class 0.7178681492805481 26 130 32 138
class 0.34497037529945374 25 127 33 136
class 0.8639504313468933 32 130 39 138
class 0.8469650149345398 57 128 63 136
class 0.7490043640136719 131 124 138 131
class 0.8155099153518677 141 124 148 132
class 0.3936115801334381 138 125 144 133
class 0.8325077295303345 174 131 180 138
class 0.7222776412963867 191 130 197 138
class 0.7251890301704407 22 138 28 146
class 0.6296960711479187 19 139 26 149
class 0.40188470482826233 20 134 28 144
class 0.7010343074798584 33 141 40 149
class 0.5792901515960693 58 140 64 148
class 0.8134748339653015 68 141 75 148
class 0.4459907114505768 65 139 72 147
class 0.7019528150558472 91 141 96 149
class 0.4322682321071625 99 135 105 143
class 0.49822747707366943 92 139 100 147
class 0.36404770612716675 101 134 110 142
class 0.5201084613800049 120 143 126 149
class 0.8248855471611023 167 143 173 149
class 0.8244421482086182 17 150 22 158
class 0.3392505347728729 17 148 22 154
class 0.5155879259109497 37 148 43 156
class 0.3148745596408844 34 143 43 154
class 0.6266595721244812 59 150 64 158
class 0.780284583568573 68 152 75 161
class 0.7981082797050476 76 148 82 155
class 0.7635113596916199 72 151 80 159
class 0.5613230466842651 110 152 117 159
class 0.8071600198745728 180 145 186 153
class 0.7048335671424866 2 158 6 165
class 0.43469879031181335 0 159 3 170
class 0.644727885723114 9 160 17 169
class 0.7049314379692078 37 156 43 164
class 0.8035788536071777 46 162 52 170
class 0.6148133873939514 42 162 49 169
class 0.3581390976905823 47 160 53 169
class 0.6494404077529907 56 155 62 163
class 0.89188551902771 74 161 80 169
class 0.6985719203948975 91 162 96 169
class 0.7789099216461182 99 163 106 170
class 0.38427671790122986 96 161 102 170
class 0.8926645517349243 119 155 125 163
class 0.7262333035469055 136 156 144 164
class 0.8469573855400085 174 155 181 163
class 0.8169945478439331 193 162 199 169
class 0.6129737496376038 190 157 197 166
class 0.7241239547729492 0 172 4 179
class 0.4857134222984314 0 171 2 180
class 0.48809126019477844 15 168 21 175
class 0.49557340145111084 12 167 18 175
class 0.39553454518318176 13 166 19 172
class 0.6712238788604736 20 168 27 175
class 0.8253232836723328 68 166 75 174
class 0.788215160369873 90 172 95 180
class 0.7669028639793396 110 170 116 178
class 0.48533982038497925 108 167 116 174
class 0.7478665113449097 119 173 125 180
class 0.38588306307792664 115 172 122 180
class 0.6601348519325256 130 172 136 179
class 0.708493173122406 126 170 135 180
class 0.8031687140464783 151 173 157 180
class 0.6981329917907715 165 168 172 178
class 0.783532440662384 181 168 187 176
class 0.8068627715110779 196 171 199 178
class 0.3653412461280823 195 168 199 175
class 0.8615590333938599 3 177 8 185
class 0.3775867819786072 0 178 4 187
class 0.7160376906394958 17 178 23 186
class 0.36876344680786133 12 177 20 185
class 0.7554932832717896 18 182 25 190
class 0.8217663168907166 44 183 50 191
class 0.7235171794891357 60 177 67 186
class 0.5811313986778259 89 184 95 191
class 0.5693598389625549 86 184 92 191
class 0.625312864780426 107 179 114 186
class 0.5001375675201416 17 192 25 199
class 0.8330883383750916 34 194 40 199
class 0.6980552673339844 53 194 60 199
class 0.7829397916793823 87 188 94 196
class 0.6740413308143616 111 190 117 197
class 0.4967292845249176 108 191 115 199
class 0.7745048403739929 115 189 122 197
