class 0.803180992603302 0 4 4 12
class 0.42719605565071106 23 1 29 8
class 0.6014997959136963 18 0 27 5
class 0.7804633975028992 33 3 39 10
class 0.4269716739654541 47 3 53 9
class 0.7985630631446838 53 0 59 6
class 0.8802011013031006 85 0 92 7
class 0.780459463596344 108 0 114 7
class 0.7939419746398926 116 4 123 12
class 0.7253665328025818 130 0 136 7
class 0.3653983473777771 125 0 132 7
class 0.8320674300193787 158 0 164 8
class 0.36324429512023926 156 3 162 10
class 0.3971385061740875 196 2 199 9
class 0.42720717191696167 0 10 4 16
class 0.7145500779151917 32 9 39 18
class 0.7543100118637085 45 10 52 18
class 0.8030275702476501 66 14 73 21
class 0.6428182721138 63 10 72 19
class 0.765965461730957 87 15 94 22
class 0.851761519908905 111 15 116 23
class 0.6774073839187622 127 14 134 23
class 0.7367281913757324 136 13 142 20
class 0.32834118604660034 154 7 162 16
class 0.8794281482696533 171 7 177 17
class 0.9316118955612183 183 8 189 16
class 0.4914790987968445 180 10 184 15
class 0.9079898595809937 195 15 199 24
class 0.8852027058601379 55 24 61 32
class 0.5924985408782959 52 21 61 30
class 0.5989840030670166 90 20 96 27
class 0.8608571887016296 100 25 106 33
class 0.3837697505950928 97 21 104 30
class 0.8797215819358826 183 25 189 32
class 0.8739457130432129 45 35 51 43
class 0.703906774520874 108 31 114 39
class 0.7010028958320618 120 37 126 44
class 0.41129279136657715 116 34 123 42
class 0.3740396797657013 127 36 133 43
class 0.570236325263977 124 35 131 43
class 0.7261691689491272 143 35 149 44
class 0.8422715663909912 171 30 178 38
class 0.8176131844520569 190 32 195 41
class 0.621356189250946 17 47 22 54
class 0.8264873623847961 32 41 39 50
class 0.809924304485321 101 40 106 48
class 0.6426244378089905 108 40 114 48
class 0.8225226998329163 130 41 137 49
class 0.3046081066131592 126 44 134 52
class 0.7370957732200623 187 45 194 55
class 0.9323343634605408 15 57 21 65
class 0.8502622246742249 27 56 32 64
class 0.3778877854347229 23 54 29 63
class 0.38395634293556213 32 52 38 59
class 0.3204532563686371 29 52 35 60
class 0.6567503213882446 48 51 54 58
class 0.31375882029533386 45 52 52 61
class 0.7022151947021484 56 54 63 61
class 0.44408130645751953 51 51 60 60
class 0.775353729724884 66 51 73 58
class 0.4530235230922699 63 51 69 59
class 0.33712059259414673 90 56 96 63
class 0.3934482932090759 96 55 102 62
class 0.8126070499420166 92 55 99 64
class 0.4674467146396637 103 53 109 61
class 0.30336496233940125 104 50 109 58
class 0.7686372399330139 152 56 158 64
class 0.3834160566329956 175 52 181 59
class 0.7262179851531982 179 56 185 63
class 0.9343945980072021 4 61 11 69
class 0.8053867220878601 47 68 52 75
class 0.7420007586479187 59 67 65 74
class 0.8188940286636353 90 66 96 73
class 0.7535839080810547 106 61 112 70
class 0.7375363111495972 117 66 124 73
class 0.45877745747566223 119 61 125 68
class 0.8283050656318665 150 68 157 75
class 0.5719560384750366 147 65 155 75
class 0.7783036828041077 160 65 166 72
class 0.37585732340812683 183 61 190 69
class 0.5630404949188232 192 62 197 69
class 0.6812989711761475 188 60 194 68
class 0.9343580007553101 2 76 9 83
class 0.6292535066604614 17 71 23 79
class 0.8230196833610535 57 77 62 86
class 0.3584141731262207 58 75 64 81
class 0.8563915491104126 69 78 75 86
class 0.3528558313846588 65 74 73 83
class 0.36565157771110535 90 79 96 86
class 0.7572000026702881 121 72 127 80
class 0.32815685868263245 119 72 125 78
class 0.767996609210968 129 77 136 84
class 0.5992442965507507 126 74 134 83
class 0.3111828863620758 132 75 138 83
class 0.5898905992507935 5 85 11 91
class 0.8432126045227051 11 89 17 97
class 0.7289009690284729 26 85 32 92
class 0.5113009214401245 24 86 31 95
class 0.6256355047225952 48 88 53 96
class 0.38109394907951355 45 89 51 97
class 0.5519335269927979 50 85 57 94
class 0.48292315006256104 79 89 86 96
class 0.6140559911727905 85 85 92 92
class 0.7115607857704163 81 86 91 96
class 0.32282015681266785 83 81 94 92
class 0.8033545017242432 98 82 104 90
class 0.8613987565040588 130 81 137 89
class 0.6023873090744019 143 85 149 93
class 0.579562246799469 150 88 156 96
class 0.5648499727249146 145 86 153 95
class 0.3329713046550751 158 87 164 94
class 0.6063475012779236 155 87 162 96
class 0.8917218446731567 3 94 9 101
class 0.4223857522010803 12 93 19 100
class 0.641949474811554 25 95 31 102
class 0.5149535536766052 23 92 31 100
class 0.8203600645065308 38 93 43 100
class 0.7614859938621521 46 98 52 105
class 0.5379173755645752 40 94 49 103
class 0.516492486000061 47 95 53 102
class 0.39648309350013733 54 94 61 102
class 0.6645387411117554 50 96 57 105
class 0.33247774839401245 57 94 63 101
class 0.5089186429977417 60 91 67 100
class 0.650974452495575 119 96 125 103
class 0.447966605424881 115 95 123 104
class 0.694502592086792 124 98 130 107
class 0.8293644189834595 135 99 142 108
class 0.6290141940116882 186 92 194 103
class 0.5926892161369324 5 110 11 117
class 0.3262719511985779 11 108 16 117
class 0.7316750884056091 27 103 33 110
class 0.4454033672809601 47 108 53 115
class 0.6841505765914917 71 103 81 113
class 0.7986423373222351 85 104 91 113
class 0.7596317529678345 110 107 116 115
class 0.607481837272644 107 104 116 113
class 0.8068761825561523 120 109 126 117
class 0.511171817779541 115 106 122 117
class 0.7020673155784607 129 109 135 117
class 0.6005682945251465 125 108 132 118
class 0.3553076684474945 127 104 133 113
class 0.3113837242126465 131 106 138 114
class 0.6376696825027466 138 105 144 112
class 0.7300915122032166 134 107 142 116
class 0.4022062420845032 165 109 172 118
class 0.512829065322876 186 109 191 117
class 0.7186856865882874 190 105 196 113
class 0.7225754857063293 187 105 194 116
class 0.38901135325431824 5 115 10 122
class 0.4417882263660431 8 113 14 121
class 0.7697551250457764 29 120 36 127
class 0.46738308668136597 48 117 54 125
class 0.7356562614440918 50 119 57 127
class 0.6848797798156738 76 117 83 125
class 0.8214142918586731 72 120 79 127
class 0.3201659619808197 79 116 85 124
class 0.848088800907135 95 119 101 127
class 0.4732028841972351 140 121 146 128
class 0.40870732069015503 136 119 143 127
class 0.8710912466049194 0 129 6 136
class 0.35700520873069763 0 129 2 137
class 0.730283796787262 26 131 32 138
class 0.8302683234214783 32 129 39 137
class 0.8536124229431152 57 128 63 136
class 0.7020112872123718 86 126 92 134
class 0.7907434105873108 131 124 138 132
class 0.871765673160553 142 124 148 131
class 0.8277963399887085 173 131 179 138
class 0.6039668917655945 189 130 197 139
class 0.6145070195198059 2 135 8 143
class 0.7268689274787903 22 138 29 146
class 0.6732603311538696 19 140 26 149
class 0.7666541934013367 33 141 39 149
class 0.6726027727127075 58 140 64 148
class 0.8074635863304138 69 141 75 148
class 0.4176509976387024 65 140 72 148
class 0.7532851696014404 91 140 96 149
class 0.4861389100551605 99 135 105 143
class 0.3860054612159729 93 139 100 147
class 0.813782811164856 110 135 116 143
class 0.5288742184638977 105 134 113 143
class 0.49680766463279724 119 141 125 149
class 0.6980900168418884 141 141 146 149
class 0.6303196549415588 137 140 143 149
class 0.4877789318561554 169 140 175 148
class 0.6876139044761658 166 141 174 149
class 0.4858867824077606 192 135 198 142
class 0.822765052318573 17 150 23 158
class 0.3325895369052887 17 148 22 154
class 0.5588651895523071 37 148 43 155
class 0.34726276993751526 35 143 43 153
class 0.5852102637290955 58 151 64 158
class 0.7963876724243164 68 152 74 161
class 0.36152464151382446 64 150 71 159
class 0.7867942452430725 77 149 84 157
class 0.7570990324020386 73 151 81 159
class 0.42658692598342896 80 147 85 154
class 0.6261649131774902 111 152 117 160
class 0.8396337628364563 179 145 186 153
class 0.8732394576072693 4 157 10 164
class 0.3265575170516968 2 159 5 169
class 0.7293168902397156 8 160 17 170
class 0.7947914004325867 37 156 43 164
class 0.8468495607376099 46 162 52 170
class 0.47268912196159363 57 158 62 166
class 0.3499884009361267 53 158 60 167
class 0.4468173384666443 55 155 62 163
class 0.8755866289138794 75 162 81 170
class 0.6899163126945496 72 159 80 168
class 0.722500205039978 91 162 96 170
class 0.7428042888641357 100 162 106 170
class 0.37543120980262756 96 160 103 170
class 0.37632235884666443 97 159 107 169
class 0.9120323061943054 118 155 125 163
class 0.6573078632354736 136 155 143 164
class 0.8369780778884888 153 160 159 167
class 0.8150396943092346 174 155 180 163
class 0.835238516330719 193 161 199 169
class 0.5618495941162109 190 156 198 166
class 0.667563259601593 0 171 4 179
class 0.60311359167099 12 168 19 177
class 0.41668519377708435 13 166 20 173
class 0.7080305218696594 19 167 25 176
class 0.37014448642730713 39 165 48 175
class 0.816870927810669 58 166 64 174
class 0.8374504446983337 66 166 73 174
class 0.4680400490760803 61 166 70 175
class 0.7555071115493774 90 172 96 180
class 0.785036563873291 110 170 116 178
class 0.40864598751068115 108 166 116 176
class 0.5631927251815796 119 172 125 180
class 0.41098150610923767 114 171 121 181
class 0.6495548486709595 130 173 136 180
class 0.6797264814376831 126 170 134 180
class 0.4154163599014282 127 169 141 181
class 0.8138570785522461 152 172 158 180
class 0.6472793817520142 165 168 172 177
class 0.8156664371490479 180 171 187 179
class 0.3293493390083313 184 169 191 178
class 0.7649716734886169 196 171 199 178
class 0.33946311473846436 193 169 199 178
class 0.3770073652267456 195 168 199 175
class 0.8302484154701233 2 177 7 185
class 0.41881486773490906 0 177 4 187
class 0.6126508712768555 16 179 22 186
class 0.45840948820114136 11 176 20 186
class 0.5043749213218689 22 182 29 189
class 0.8132764101028442 19 182 25 191
class 0.6448753476142883 31 181 38 188
class 0.7883210778236389 29 179 35 188
class 0.8067327737808228 42 181 49 191
class 0.40166884660720825 47 181 54 188
class 0.8431471586227417 56 184 62 191
class 0.7515711188316345 53 183 59 191
class 0.3017010986804962 59 183 63 189
class 0.4794168174266815 66 182 73 189
class 0.37888312339782715 61 179 69 189
class 0.661065399646759 86 183 92 191
class 0.5303012132644653 100 183 106 190
class 0.4833658039569855 94 179 101 187
class 0.47325971722602844 107 181 113 189
class 0.7949004173278809 103 183 110 190
class 0.34729114174842834 196 177 199 185
class 0.6632794141769409 21 192 28 198
class 0.6476885676383972 19 190 26 199
class 0.47173815965652466 21 187 26 197
class 0.8008963465690613 35 194 41 199
class 0.5586743354797363 55 194 62 199
class 0.5516764521598816 51 194 59 199
class 0.7838250398635864 68 190 74 197
class 0.6867417097091675 64 191 71 199
class 0.7559680938720703 86 188 93 195
class 0.38875508308410645 101 188 107 195
class 0.6448986530303955 109 189 116 197
class 0.45725616812705994 104 187 112 197
class 0.6782341599464417 118 190 124 198
class 0.6859901547431946 114 189 122 199
class 0.5056717395782471 120 189 127 198
class 0.7926331162452698 131 189 137 196
class 0.4083694815635681 127 188 135 198
class 0.8316688537597656 174 192 180 199
class 0.40394946932792664 176 192 179 197
