class 0.7471151351928711 0 4 4 11
class 0.48223209381103516 21 0 27 6
class 0.48376041650772095 18 0 26 5
class 0.7173991203308105 35 0 41 5
class 0.8956594467163086 55 0 61 6
class 0.41400912404060364 53 1 60 7
class 0.9014672040939331 86 0 92 7
class 0.8292157053947449 107 0 114 7
class 0.8137713670730591 117 4 123 12
class 0.7749226689338684 114 5 121 12
class 0.7641943097114563 130 0 136 7
class 0.38324156403541565 125 0 132 7
class 0.8368602991104126 159 0 165 8
class 0.34955891966819763 156 3 162 9
class 0.3913649916648865 197 3 199 10
class 0.8536698222160339 45 8 52 16
class 0.7943913340568542 67 13 73 21
class 0.3921908140182495 64 7 74 19
class 0.7272197604179382 84 13 93 23
class 0.8224198818206787 111 15 116 23
class 0.6465981602668762 127 14 134 23
class 0.7772402763366699 136 13 142 21
class 0.36948060989379883 153 9 159 16
class 0.3005150556564331 154 7 162 17
class 0.932060718536377 171 8 177 16
class 0.8751250505447388 184 8 190 15
class 0.9432104825973511 195 15 199 24
class 0.8572121262550354 56 25 62 32
class 0.6665602326393127 53 22 61 31
class 0.693304717540741 90 20 96 27
class 0.8313558101654053 100 25 106 33
class 0.3177598714828491 96 21 104 30
class 0.9093188643455505 183 24 189 32
class 0.821911096572876 45 35 51 43
class 0.6979596614837646 107 31 113 38
class 0.31526830792427063 110 30 117 39
class 0.6204384565353394 120 36 127 44
class 0.3447820544242859 116 34 123 42
class 0.37023451924324036 127 36 133 43
class 0.5706344246864319 124 36 130 43
class 0.7440413236618042 143 35 149 44
class 0.39179518818855286 141 34 146 42
class 0.8571799397468567 171 30 178 38
class 0.8499220013618469 189 32 195 41
class 0.4440922439098358 17 47 22 53
class 0.7687920928001404 32 42 39 50
class 0.6873696446418762 101 40 107 48
class 0.5734471082687378 106 40 112 49
class 0.42491307854652405 102 42 110 50
class 0.32544374465942383 121 45 127 52
class 0.7847932577133179 130 41 137 49
class 0.364848256111145 126 44 133 52
class 0.711921751499176 187 44 194 54
class 0.8983672261238098 15 57 21 64
class 0.8397098779678345 26 56 32 64
class 0.44913652539253235 22 54 30 63
class 0.46040254831314087 31 52 37 59
class 0.5811682939529419 48 51 54 58
class 0.7396490573883057 55 53 63 60
class 0.3841155469417572 51 51 60 60
class 0.800708532333374 66 50 73 58
class 0.47034192085266113 63 51 69 59
class 0.3634279668331146 90 56 96 62
class 0.7650521397590637 91 55 99 64
class 0.46700960397720337 102 53 109 61
class 0.303701788187027 122 53 127 60
class 0.7731039524078369 151 56 158 64
class 0.31987136602401733 175 52 181 60
class 0.7859784364700317 179 56 185 64
class 0.9209691882133484 4 62 11 69
class 0.8016290068626404 46 67 52 75
class 0.8788828253746033 59 67 65 75
class 0.8208188414573669 90 66 96 74
class 0.7395016551017761 106 61 112 70
class 0.7333827614784241 117 65 125 73
class 0.45897236466407776 119 61 125 69
class 0.8209746479988098 151 68 157 75
class 0.5412781238555908 147 65 155 75
class 0.7917469143867493 159 65 165 72
class 0.5431947112083435 191 61 197 69
class 0.6644276976585388 188 60 195 68
class 0.9407625198364258 2 76 9 83
class 0.5388731956481934 17 71 23 79
class 0.8497728109359741 56 78 62 86
class 0.8264174461364746 69 77 75 85
class 0.37448784708976746 92 79 98 86
class 0.6020548343658447 120 72 126 79
class 0.7328506708145142 129 78 136 86
class 0.6571241617202759 126 76 133 83
class 0.41544029116630554 127 73 134 81
class 0.6290423274040222 6 85 11 92
class 0.8216968178749084 10 89 17 97
class 0.7883414030075073 26 86 32 94
class 0.3183990716934204 26 83 31 90
class 0.7371827960014343 48 87 53 96
class 0.41288360953330994 45 88 52 96
class 0.4454374313354492 50 85 56 94
class 0.7741091251373291 87 82 94 90
class 0.8232442736625671 97 82 104 90
class 0.7589901685714722 129 81 137 89
class 0.3260968327522278 143 84 149 92
class 0.6272302865982056 150 88 156 95
class 0.6387971043586731 145 85 153 94
class 0.36868441104888916 151 87 158 94
class 0.5679657459259033 155 87 162 96
class 0.9110828638076782 4 93 10 100
class 0.3398630619049072 11 92 18 99
class 0.3657757639884949 26 95 32 102
class 0.8018065690994263 37 93 43 101
class 0.7280442714691162 46 97 52 105
class 0.5535698533058167 40 93 48 104
class 0.4450302720069885 48 95 53 102
class 0.5623025298118591 50 95 57 104
class 0.4583582878112793 52 92 60 102
class 0.35653185844421387 58 93 63 101
class 0.57513827085495 59 91 67 100
class 0.3657202124595642 105 98 113 107
class 0.6492691040039062 118 94 125 102
class 0.4389926791191101 114 94 123 103
class 0.45321160554885864 127 100 134 107
class 0.7029445171356201 124 99 131 108
class 0.6645432114601135 135 99 142 108
class 0.509523332118988 186 92 194 103
class 0.5159273147583008 5 110 11 117
class 0.7194303870201111 27 103 34 110
class 0.5745993852615356 48 109 53 116
class 0.6756382584571838 72 103 82 112
class 0.7077991962432861 85 104 91 112
class 0.794277012348175 111 107 117 115
class 0.6092133522033691 108 105 116 113
class 0.8120438456535339 119 109 125 117
class 0.5260845422744751 115 107 122 117
class 0.686288595199585 129 109 135 117
class 0.5464717149734497 125 108 132 118
class 0.325522780418396 127 104 133 112
class 0.6672617793083191 138 104 144 112
class 0.6896505355834961 134 107 142 115
class 0.6339205503463745 186 109 191 117
class 0.7063620090484619 191 105 197 113
class 0.6699932217597961 187 105 194 115
class 0.31927651166915894 5 115 10 122
class 0.43038636445999146 8 113 14 121
class 0.5098810791969299 28 119 36 127
class 0.4314713776111603 48 117 54 125
class 0.7127227783203125 50 120 57 127
class 0.5552207231521606 77 117 83 125
class 0.7873989939689636 72 120 79 127
class 0.3814570903778076 79 116 85 124
class 0.7729456424713135 96 119 102 127
class 0.6614585518836975 139 121 145 128
class 0.6599799990653992 136 120 143 128
class 0.8547195196151733 0 129 6 137
class 0.6879811882972717 26 130 32 138
class 0.3256269693374634 25 127 34 136
class 0.8470883369445801 32 130 39 138
class 0.821200430393219 57 128 63 137
class 0.38494402170181274 54 124 62 133
class 0.7040541768074036 131 124 138 132
class 0.8291866183280945 142 124 148 131
class 0.8205228447914124 174 131 180 138
class 0.7032345533370972 191 130 197 138
class 0.37938642501831055 0 135 4 142
class 0.6773328185081482 22 137 28 146
class 0.686805784702301 19 140 26 149
class 0.7099521160125732 30 140 39 149
class 0.6981275081634521 58 139 64 147
class 0.8134658336639404 69 141 75 148
class 0.3982481062412262 65 139 72 147
class 0.7617946267127991 90 140 96 149
class 0.47139427065849304 99 135 105 144
class 0.5141209363937378 93 139 100 147
class 0.3900494873523712 101 133 110 143
class 0.6410707235336304 119 142 125 149
class 0.7364361882209778 138 141 144 149
class 0.8106633424758911 166 142 173 149
class 0.784916341304779 17 150 23 158
class 0.4103809893131256 14 151 20 159
class 0.3034203350543976 18 149 21 153
class 0.6006678938865662 37 147 43 155
class 0.3273329436779022 35 144 43 152
class 0.6073685884475708 58 150 64 158
class 0.7728961110115051 68 152 75 161
class 0.3023524582386017 64 150 71 158
class 0.7824320197105408 77 148 83 156
class 0.7209969162940979 72 151 80 159
class 0.561691403388977 110 152 117 159
class 0.7725580334663391 179 145 186 153
class 0.7755816578865051 3 157 9 164
class 0.3297652006149292 1 159 5 169
class 0.7307367920875549 8 161 16 169
class 0.781305730342865 37 156 43 164
class 0.8558188080787659 46 162 52 170
class 0.4822773039340973 57 158 63 166
class 0.4523838758468628 55 155 62 163
class 0.8411022424697876 74 160 80 169
class 0.7534273862838745 91 162 96 170
class 0.7987031936645508 100 162 106 170
class 0.42088717222213745 96 161 103 170
class 0.9021824598312378 118 155 124 163
class 0.7706558704376221 136 155 143 164
class 0.8305585384368896 153 157 158 165
class 0.7869629859924316 174 156 180 163
class 0.40734103322029114 177 157 184 167
class 0.8195291757583618 193 162 199 169
class 0.5751660466194153 189 157 197 166
class 0.7187565565109253 0 172 5 179
class 0.47407108545303345 14 168 21 176
class 0.48982739448547363 11 168 18 176
class 0.3707134425640106 13 166 19 172
class 0.7389951944351196 20 167 27 175
class 0.48178038001060486 40 166 48 174
class 0.7986889481544495 58 167 64 174
class 0.8389248251914978 67 167 74 174
class 0.3021184206008911 62 167 69 175
class 0.3106864094734192 65 167 70 172
class 0.7359530329704285 90 172 96 181
class 0.7987794280052185 110 170 116 178
class 0.4196809232234955 108 166 116 175
class 0.6786962151527405 118 173 125 180
class 0.5321770906448364 114 172 121 181
class 0.6539502739906311 130 172 135 179
class 0.7617309093475342 126 170 133 179
class 0.456706166267395 128 169 140 181
class 0.8191501498222351 152 173 157 180
class 0.703148603439331 165 168 173 178
class 0.8011316657066345 180 170 186 178
class 0.3370555341243744 181 168 188 175
class 0.7996166348457336 196 171 199 178
class 0.37049001455307007 195 168 199 175
class 0.794792890548706 3 177 8 185
class 0.33423352241516113 0 177 4 186
class 0.7068844437599182 17 179 23 187
class 0.7746828198432922 20 181 27 189
class 0.8019198179244995 43 182 50 190
class 0.4484034478664398 63 181 70 189
class 0.6553604006767273 60 178 68 187
class 0.6559693217277527 89 183 95 191
class 0.4583602845668793 100 183 106 190
class 0.3308497369289398 94 180 100 188
class 0.5606492161750793 106 182 113 189
class 0.8389890789985657 103 183 110 191
class 0.5081287622451782 18 192 25 199
class 0.7637437582015991 33 194 40 199
class 0.6818958520889282 52 194 60 199
class 0.7430488467216492 68 190 74 197
class 0.7297078967094421 64 191 70 198
class 0.7617108225822449 86 188 93 195
class 0.6669766902923584 110 190 116 197
class 0.4658612608909607 105 188 112 197
class 0.7476547956466675 116 190 122 198
class 0.6402254104614258 113 189 120 197
class 0.8068762421607971 174 192 179 199
