class 0.7664654850959778 1 3 17 18
class 0.46590131521224976 8 4 26 18
class 0.4180397093296051 21 4 40 18
class 0.4417922794818878 36 4 55 18
class 0.5863155722618103 48 4 67 18
class 0.6131829619407654 62 4 81 18
class 0.47590601444244385 74 4 93 18
class 0.5515635013580322 88 4 107 18
class 0.5458781123161316 102 4 121 18
class 0.6094016432762146 114 3 133 18
class 0.505111038684845 128 4 147 18
class 0.594920814037323 140 3 159 18
class 0.5017982721328735 153 3 173 17
class 0.5917984247207642 167 3 187 18
class 0.56300950050354 179 4 199 18
class 0.8312545418739319 192 3 213 19
class 0.9630805253982544 231 1 249 19
class 0.6599287986755371 1 10 16 26
class 0.3331224322319031 22 9 39 25
class 0.5311075448989868 36 9 54 25
class 0.6754083633422852 49 9 66 25
class 0.5100672841072083 62 10 79 26
class 0.6491997241973877 75 9 92 26
class 0.6337189674377441 88 10 105 26
class 0.3515365421772003 102 10 119 25
class 0.4059756398200989 115 10 132 26
class 0.39402490854263306 128 10 145 26
class 0.42632678151130676 141 9 158 26
class 0.505693793296814 154 11 172 26
class 0.5452346205711365 167 10 185 26
class 0.27776920795440674 180 9 198 25
class 0.9682520031929016 211 7 229 25
class 0.22789216041564941 232 7 248 26
class 0.30890971422195435 1 26 15 41
class 0.11129064857959747 22 27 39 41
class 0.13836532831192017 35 26 52 41
class 0.1944330781698227 49 25 66 41
class 0.1366046816110611 62 25 79 41
class 0.15098150074481964 75 26 92 41
class 0.18569248914718628 88 25 105 41
class 0.26129743456840515 101 26 119 42
class 0.3812800943851471 114 26 132 42
class 0.32307785749435425 127 25 145 41
class 0.2325049489736557 140 25 158 42
class 0.22016817331314087 155 25 173 41
class 0.31499919295310974 167 25 186 41
class 0.41839948296546936 180 25 198 41
class 0.19334205985069275 193 25 213 41
class 0.3256490230560303 205 25 224 41
class 0.22612978518009186 232 23 248 42
class 0.2689395546913147 1 39 15 54
class 0.15044330060482025 22 39 40 54
class 0.19798928499221802 35 38 53 55
class 0.28338515758514404 50 38 67 55
class 0.3965083658695221 63 38 80 55
class 0.39447250962257385 75 38 93 55
class 0.2630109488964081 88 38 105 55
class 0.26537954807281494 102 37 120 54
class 0.3757573962211609 115 37 132 54
class 0.313607782125473 128 37 145 54
class 0.28954142332077026 141 38 159 55
class 0.3034897446632385 155 38 173 55
class 0.3336566090583801 167 38 185 55
class 0.27836093306541443 180 38 199 55
class 0.26423221826553345 194 38 212 55
class 0.35545453429222107 206 39 225 54
class 0.2145392745733261 220 39 236 54
class 0.37912696599960327 233 36 247 55
class 0.3207749128341675 1 52 15 67
class 0.20562057197093964 36 51 53 68
class 0.34270280599594116 50 50 67 68
class 0.3191109001636505 63 50 80 68
class 0.30101385712623596 76 50 93 68
class 0.34594210982322693 89 51 106 68
class 0.25244584679603577 102 52 120 69
class 0.33908718824386597 115 51 132 68
class 0.49555692076683044 129 51 146 68
class 0.5520450472831726 142 50 159 68
class 0.4693010449409485 155 50 173 68
class 0.3816375732421875 168 50 185 67
class 0.3157006502151489 181 50 198 68
class 0.3487824499607086 195 51 211 67
class 0.27280446887016296 207 51 224 67
class 0.17414018511772156 233 50 247 69
class 0.22707878053188324 1 65 16 80
class 0.11563985049724579 23 65 40 81
class 0.16816554963588715 36 65 53 82
class 0.2925216257572174 51 64 68 81
class 0.3538843095302582 62 64 80 81
class 0.29869693517684937 77 64 94 81
class 0.3534409701824188 90 63 107 81
class 0.4748516380786896 102 64 120 81
class 0.38729989528656006 115 64 133 81
class 0.46652480959892273 128 63 146 81
class 0.3998761773109436 142 63 160 81
class 0.33727458119392395 155 63 173 81
class 0.3070222735404968 169 63 186 81
class 0.4242672026157379 181 64 198 82
class 0.47178271412849426 195 64 212 82
class 0.21327519416809082 207 65 225 81
class 0.15640510618686676 220 66 236 81
class 0.2669757604598999 233 63 247 81
class 0.25508472323417664 1 78 15 94
class 0.14851748943328857 23 78 40 93
class 0.31958118081092834 36 77 54 94
class 0.37178727984428406 50 77 68 94
class 0.41488322615623474 63 77 81 94
class 0.3457772135734558 76 77 94 95
class 0.2784806489944458 89 76 107 94
class 0.2965366542339325 102 76 120 94
class 0.3368663191795349 116 76 134 94
class 0.4312056601047516 128 77 146 94
class 0.42050954699516296 142 77 160 95
class 0.37551137804985046 155 77 173 95
class 0.26891809701919556 168 77 187 95
class 0.21383000910282135 181 76 199 95
class 0.20731717348098755 195 77 213 95
class 0.22857637703418732 208 77 225 94
class 0.10205037891864777 220 77 236 93
class 0.1809512823820114 233 76 247 94
class 0.23882880806922913 1 91 15 107
class 0.10681963711977005 37 91 55 108
class 0.29429540038108826 51 90 69 107
class 0.4168250262737274 63 90 81 108
class 0.30713218450546265 75 89 94 108
class 0.23984290659427643 89 89 106 108
class 0.31057119369506836 103 90 121 109
class 0.18287135660648346 115 89 133 108
class 0.3622751235961914 129 90 147 108
class 0.46497002243995667 143 90 160 107
class 0.4949750006198883 154 91 172 108
class 0.32507678866386414 169 90 187 108
class 0.3460389971733093 182 90 200 109
class 0.5748358368873596 194 91 212 109
class 0.1408584713935852 208 90 226 107
class 0.21164530515670776 233 90 247 107
class 0.11112380027770996 2 106 15 120
class 0.2438531070947647 25 105 41 120
class 0.45225903391838074 36 104 54 121
class 0.33428841829299927 50 103 68 121
class 0.2817699611186981 63 102 82 121
class 0.2766140401363373 76 102 95 121
class 0.2685109078884125 88 102 108 122
class 0.33766764402389526 102 101 121 122
class 0.230804905295372 115 103 134 122
class 0.30928176641464233 129 103 147 122
class 0.5087206959724426 142 104 160 122
class 0.6304619908332825 154 103 172 121
class 0.3283635675907135 168 102 187 120
class 0.3004538118839264 233 103 247 121
class 0.44279745221138 2 118 16 133
class 0.1738809049129486 37 116 55 134
class 0.27900949120521545 49 116 67 134
class 0.1800769716501236 62 115 81 134
class 0.5916644334793091 114 114 133 135
class 0.24548561871051788 129 115 147 134
class 0.22274956107139587 142 116 160 134
class 0.25198066234588623 154 115 172 133
class 0.9301853775978088 187 115 204 133
class 0.1723049432039261 207 116 226 133
class 0.24764086306095123 233 115 247 133
class 0.1901976615190506 2 131 15 146
class 0.12161219865083694 37 130 54 147
class 0.26251694560050964 50 130 68 148
class 0.9965569376945496 94 126 111 145
class 0.24536973237991333 115 129 134 149
class 0.36589911580085754 130 130 147 148
class 0.45855972170829773 141 131 158 149
class 0.20824652910232544 155 130 173 148
class 0.11656291037797928 167 129 186 146
class 0.24372966587543488 194 132 214 150
class 0.11600933969020844 207 131 225 148
class 0.13414038717746735 233 129 247 147
class 0.3096504807472229 2 145 16 160
class 0.12467146664857864 37 144 54 161
class 0.3832996189594269 50 143 67 160
class 0.12997131049633026 61 143 81 160
class 0.10343937575817108 87 145 106 162
class 0.617231547832489 115 142 133 160
class 0.5748892426490784 128 142 146 160
class 0.5582177639007568 142 143 159 161
class 0.21254870295524597 154 142 172 160
class 0.13763482868671417 167 143 186 161
class 0.2533762753009796 180 143 199 160
class 0.416775643825531 194 143 213 160
class 0.3324587643146515 207 144 225 159
class 0.2321266382932663 233 143 247 161
class 0.2320007085800171 1 157 16 172
class 0.18828332424163818 36 155 55 174
class 0.22902923822402954 49 156 68 173
class 0.13448821008205414 62 156 80 174
class 0.22460037469863892 89 155 107 172
class 0.41934627294540405 101 155 120 172
class 0.15381698310375214 114 155 133 172
class 0.1870197057723999 143 154 161 171
class 0.5386444926261902 154 155 172 174
class 0.266048401594162 167 156 186 174
class 0.23472578823566437 182 156 200 173
class 0.40565070509910583 194 156 213 173
class 0.3440742790699005 207 157 226 172
class 0.11913192272186279 220 158 236 173
class 0.2990448772907257 233 154 247 173
class 0.2671249508857727 0 169 15 185
class 0.11571894586086273 62 169 81 186
class 0.13342498242855072 76 170 94 187
class 0.29340997338294983 89 169 107 186
class 0.13988354802131653 102 169 119 185
class 0.23337598145008087 116 170 134 186
class 0.9510541558265686 134 170 151 187
class 0.58925861120224 154 168 172 186
class 0.3901226222515106 168 170 186 187
class 0.3435935080051422 182 170 200 186
class 0.43501073122024536 194 170 213 186
class 0.3074844181537628 208 170 226 185
class 0.17536668479442596 233 169 247 187
class 0.9884492754936218 7 183 25 202
class 0.1504933387041092 26 181 44 199
class 0.11432986706495285 37 182 55 200
class 0.26611971855163574 50 183 68 200
class 0.298452764749527 63 183 81 200
class 0.3314613997936249 76 182 94 199
class 0.3819635808467865 89 184 106 200
class 0.3962724506855011 102 184 119 200
class 0.3022148907184601 116 182 134 199
class 0.1689959615468979 128 183 146 199
class 0.24361954629421234 142 183 160 199
class 0.5008004903793335 154 182 172 200
class 0.6374625563621521 169 183 186 200
class 0.4674025774002075 181 183 199 200
class 0.6028199195861816 195 183 213 200
class 0.36706972122192383 208 183 226 199
class 0.198185533285141 220 184 236 199
class 0.3637996017932892 232 182 247 200
class 0.22925402224063873 37 196 54 213
class 0.4170805811882019 50 196 67 213
class 0.33312517404556274 63 196 80 213
class 0.3253811001777649 77 195 94 213
class 0.46555352210998535 89 194 106 212
class 0.4194069802761078 103 195 120 213
class 0.2257785201072693 116 196 134 213
class 0.6926329135894775 129 195 147 212
class 0.6266018152236938 141 195 160 212
class 0.6193318963050842 155 196 173 212
class 0.6643237471580505 169 196 186 213
class 0.6542091369628906 181 196 199 213
class 0.6000627279281616 194 195 212 213
class 0.3845243752002716 208 196 226 213
class 0.17776437103748322 220 196 236 212
class 0.394365131855011 233 195 247 213
class 0.28647828102111816 2 209 16 225
class 0.1670757681131363 10 207 26 222
class 0.14109346270561218 23 208 39 224
class 0.1717822402715683 37 209 54 225
class 0.2641102373600006 51 208 67 225
class 0.3711152672767639 63 209 80 226
class 0.2825460135936737 76 208 93 226
class 0.3563530147075653 90 209 107 227
class 0.33749884366989136 103 209 120 227
class 0.19705741107463837 115 210 133 227
class 0.2209111899137497 129 210 146 227
class 0.28934240341186523 142 210 159 226
class 0.3465432822704315 155 210 172 226
class 0.31454458832740784 169 210 186 226
class 0.44203606247901917 181 210 199 227
class 0.5323253273963928 194 210 212 227
class 0.29368069767951965 207 210 225 226
class 0.10280657559633255 220 210 235 226
class 0.19001591205596924 233 208 246 226
class 0.5381280779838562 1 224 16 238
class 0.1507624387741089 51 222 68 238
class 0.16598737239837646 63 222 79 239
class 0.11780266463756561 77 223 93 239
class 0.15250369906425476 90 222 107 238
class 0.2206125557422638 103 222 120 238
class 0.3029633164405823 117 222 134 238
class 0.25709375739097595 129 222 146 237
class 0.23681549727916718 142 222 159 238
class 0.2719877064228058 157 222 173 238
class 0.27856630086898804 168 222 185 238
class 0.2680372893810272 182 222 199 237
class 0.4200875163078308 195 222 212 239
class 0.273449182510376 208 223 224 239
class 0.3682456314563751 232 223 247 241
class 0.814050555229187 0 233 16 249
class 0.18726736307144165 10 232 27 248
class 0.41246435046195984 24 232 41 248
class 0.5224578976631165 37 232 55 248
class 0.37835007905960083 50 231 68 248
class 0.468558669090271 63 231 81 248
class 0.5583194494247437 76 230 95 248
class 0.4380670189857483 89 231 107 248
class 0.46605855226516724 102 231 120 248
class 0.5453789830207825 116 230 134 248
class 0.5170931220054626 129 231 147 248
class 0.45783597230911255 141 231 160 249
class 0.47659194469451904 156 231 174 248
class 0.5466623902320862 168 231 187 248
class 0.4353100657463074 180 231 199 249
class 0.4861544072628021 195 231 214 248
class 0.5918055176734924 207 231 225 249
class 0.23823979496955872 220 232 238 249
class 0.886836588382721 232 231 249 249
