class 0.610495388507843 0 3 16 17
class 0.24514800310134888 9 4 26 17
class 0.33408665657043457 22 4 40 18
class 0.26722854375839233 36 4 54 18
class 0.4062117338180542 48 3 68 18
class 0.5364048480987549 61 3 80 18
class 0.470640629529953 75 4 94 18
class 0.6281392574310303 87 3 106 18
class 0.4254901111125946 102 4 120 17
class 0.5107473731040955 114 4 133 18
class 0.4894677698612213 128 4 147 18
class 0.46240344643592834 140 4 159 18
class 0.5434146523475647 154 4 173 18
class 0.6117323040962219 168 4 186 18
class 0.4050842523574829 179 4 198 17
class 0.5493958592414856 194 4 213 18
class 0.42200374603271484 206 3 225 18
class 0.3021232783794403 222 4 237 17
class 0.8264732956886292 232 3 249 18
class 0.6360211968421936 1 10 15 26
class 0.10997523367404938 10 10 24 24
class 0.5408098101615906 35 9 53 26
class 0.6164137125015259 48 9 66 26
class 0.35804471373558044 75 9 92 25
class 0.45360177755355835 88 9 105 25
class 0.37789857387542725 102 11 119 26
class 0.38373953104019165 115 10 132 25
class 0.5228426456451416 127 10 145 26
class 0.35494372248649597 141 10 158 25
class 0.5081018209457397 154 10 172 26
class 0.5028568506240845 167 9 184 26
class 0.5529797077178955 181 10 198 26
class 0.6304197907447815 194 9 211 26
class 0.35408198833465576 208 10 224 26
class 0.1143740564584732 220 10 234 25
class 0.16599242389202118 1 26 15 41
class 0.20197294652462006 49 25 67 41
class 0.261116087436676 62 26 79 41
class 0.27975982427597046 74 26 92 42
class 0.15344645082950592 88 26 106 41
class 0.21841296553611755 101 25 119 40
class 0.26624050736427307 115 25 132 40
class 0.3401390612125397 128 25 145 40
class 0.2877620756626129 141 25 159 41
class 0.19690844416618347 154 25 171 41
class 0.24445848166942596 167 26 185 41
class 0.2326725274324417 180 25 198 41
class 0.27273228764533997 194 25 212 41
class 0.11846943199634552 207 25 224 40
class 0.24514350295066833 233 24 247 42
class 0.3382960259914398 2 38 16 53
class 0.10077692568302155 22 39 39 54
class 0.15329299867153168 35 39 53 55
class 0.3142566680908203 50 38 67 55
class 0.4026765823364258 62 38 79 55
class 0.4032183587551117 75 38 92 55
class 0.32600513100624084 88 38 106 54
class 0.22802221775054932 101 38 119 55
class 0.22584019601345062 115 38 132 55
class 0.22287486493587494 129 38 146 55
class 0.28274205327033997 141 38 159 55
class 0.31041133403778076 154 38 171 55
class 0.39271271228790283 168 37 186 54
class 0.4399465024471283 181 38 198 55
class 0.34997308254241943 194 38 212 55
class 0.1771143674850464 207 39 225 54
class 0.14247149229049683 219 39 235 54
class 0.18709591031074524 233 36 246 55
class 0.2706860601902008 1 52 15 67
class 0.2055652141571045 36 50 53 67
class 0.3326963782310486 50 51 67 68
class 0.2779318690299988 62 50 79 68
class 0.35028743743896484 76 51 93 68
class 0.3404198884963989 89 50 106 68
class 0.35578688979148865 102 50 119 68
class 0.43590328097343445 116 50 133 68
class 0.4048088490962982 128 51 145 68
class 0.3253397047519684 142 50 159 68
class 0.3424377143383026 155 50 171 68
class 0.33559268712997437 169 51 185 68
class 0.3813380300998688 181 50 198 68
class 0.40414896607398987 195 51 212 68
class 0.23663859069347382 207 51 225 67
class 0.11633075773715973 220 51 235 66
class 0.24620597064495087 233 50 247 68
class 0.4028784930706024 1 65 16 80
class 0.2589642405509949 50 63 67 81
class 0.3089805841445923 63 64 80 81
class 0.40734797716140747 76 64 93 82
class 0.22411522269248962 89 63 107 81
class 0.313618540763855 102 64 120 82
class 0.3502250611782074 115 64 133 81
class 0.2292429804801941 129 63 146 81
class 0.37430641055107117 142 63 159 81
class 0.43984726071357727 155 64 172 81
class 0.41676363348960876 168 65 186 82
class 0.2816871106624603 181 64 199 81
class 0.3554816246032715 195 64 213 81
class 0.14546379446983337 207 65 225 81
class 0.2879426181316376 232 64 247 82
class 0.2117406129837036 1 79 15 94
class 0.15151484310626984 36 77 54 95
class 0.26746127009391785 50 77 68 95
class 0.24111230671405792 63 77 80 94
class 0.4482100307941437 76 76 94 94
class 0.31346791982650757 89 77 107 94
class 0.3625209629535675 103 76 121 94
class 0.42105555534362793 116 76 134 94
class 0.29218989610671997 128 77 146 95
class 0.24481217563152313 142 77 160 95
class 0.3521645665168762 155 76 173 94
class 0.36230209469795227 168 76 187 94
class 0.34704601764678955 182 77 200 95
class 0.35708853602409363 194 77 212 95
class 0.21388818323612213 207 78 226 94
class 0.24357722699642181 233 75 247 94
class 0.45676133036613464 1 91 16 107
class 0.2174924612045288 23 92 40 108
class 0.1507747769355774 36 91 54 108
class 0.29225489497184753 50 90 67 107
class 0.40261000394821167 63 90 81 107
class 0.3103965222835541 76 90 93 108
class 0.36693376302719116 89 89 107 108
class 0.36941564083099365 103 90 120 108
class 0.26797422766685486 116 90 134 108
class 0.3013911247253418 128 89 146 108
class 0.1988464742898941 142 90 159 108
class 0.3245248794555664 156 90 173 108
class 0.29429736733436584 168 90 186 108
class 0.3460008502006531 181 90 199 107
class 0.2575061619281769 194 90 213 107
class 0.22455883026123047 208 91 226 107
class 0.15414705872535706 233 89 247 107
class 0.20325401425361633 1 105 15 120
class 0.1119137778878212 23 104 40 120
class 0.20471103489398956 36 103 54 120
class 0.38780641555786133 49 103 67 121
class 0.35863929986953735 63 102 81 120
class 0.3178771734237671 76 103 94 121
class 0.2999206781387329 89 103 107 121
class 0.3089423179626465 103 103 121 121
class 0.2520824670791626 116 102 133 121
class 0.29153862595558167 129 102 147 122
class 0.3045993149280548 142 103 159 122
class 0.38503482937812805 155 103 173 121
class 0.35500094294548035 168 103 186 121
class 0.2680603861808777 181 103 199 121
class 0.4132431745529175 195 104 213 121
class 0.3542761206626892 208 104 226 120
class 0.10967985540628433 220 104 236 120
class 0.1539892703294754 233 102 247 121
class 0.3995818495750427 1 118 16 133
class 0.11970403790473938 23 118 41 133
class 0.1472739577293396 35 117 54 134
class 0.283280611038208 50 117 68 134
class 0.2545193135738373 62 117 80 134
class 0.2645832896232605 77 117 94 134
class 0.3182700574398041 90 117 107 135
class 0.38778212666511536 102 116 120 135
class 0.3117767870426178 116 116 134 134
class 0.30548354983329773 129 115 147 133
class 0.29834285378456116 141 115 159 134
class 0.2205236852169037 155 115 173 134
class 0.330077588558197 168 115 186 134
class 0.2597714364528656 181 116 199 134
class 0.19504083693027496 195 116 213 134
class 0.15337151288986206 207 117 225 133
class 0.14393793046474457 233 115 247 133
class 0.36966121196746826 1 130 16 146
class 0.12181838601827621 23 131 40 146
class 0.13321174681186676 36 130 54 147
class 0.34651967883110046 50 130 68 147
class 0.3731749951839447 63 129 81 147
class 0.35156071186065674 76 129 94 147
class 0.32382604479789734 89 129 107 147
class 0.192862868309021 103 128 121 146
class 0.22708038985729218 154 128 172 148
class 0.1878926157951355 168 128 185 147
class 0.2974115014076233 184 128 201 146
class 0.4592100977897644 194 130 212 147
class 0.22995300590991974 207 130 225 146
class 0.15811477601528168 234 129 247 147
class 0.2789548635482788 2 144 16 159
class 0.11003923416137695 23 144 41 160
class 0.18665863573551178 36 143 55 161
class 0.27327096462249756 49 143 68 160
class 0.26895591616630554 63 143 81 160
class 0.30946066975593567 76 142 94 160
class 0.33951660990715027 89 142 106 160
class 0.9906868934631348 130 138 146 158
class 0.11373068392276764 153 142 171 161
class 0.18577902019023895 168 143 186 161
class 0.16043686866760254 183 145 200 162
class 0.2974720001220703 195 143 212 160
class 0.2166433483362198 207 143 225 159
class 0.21786054968833923 233 142 247 160
class 0.3795275390148163 1 156 16 172
class 0.17819344997406006 23 156 40 173
class 0.1532442271709442 36 156 55 174
class 0.1890331357717514 49 155 69 173
class 0.23840676248073578 62 155 81 173
class 0.23715993762016296 75 155 94 173
class 0.3387918174266815 89 156 107 173
class 0.10111366957426071 102 157 120 173
class 0.20853297412395477 128 159 146 174
class 0.29623377323150635 141 157 159 174
class 0.2860465347766876 154 156 172 173
class 0.3456389605998993 167 157 186 174
class 0.41591086983680725 182 156 200 173
class 0.4552064538002014 194 157 212 174
class 0.21575713157653809 207 157 226 173
class 0.1594896912574768 233 155 247 173
class 0.20184029638767242 1 171 16 186
class 0.3439064025878906 24 170 43 187
class 0.4031965434551239 36 169 55 188
class 0.24214063584804535 49 169 69 188
class 0.1916009485721588 63 168 82 187
class 0.19242587685585022 75 169 94 187
class 0.16046933829784393 89 169 108 187
class 0.10977134108543396 115 169 134 186
class 0.17406827211380005 128 169 147 185
class 0.2967038154602051 141 169 160 186
class 0.15903593599796295 155 170 173 186
class 0.3093082904815674 168 169 186 186
class 0.2490098923444748 181 169 199 186
class 0.3736737072467804 195 169 213 186
class 0.2995457947254181 207 170 226 186
class 0.10519897937774658 220 170 236 185
class 0.39733922481536865 232 169 247 187
class 0.38447102904319763 0 181 15 197
class 0.11438391357660294 39 180 58 199
class 0.7574992179870605 49 182 68 202
class 0.35301247239112854 63 182 81 200
class 0.26262301206588745 77 182 94 200
class 0.18261376023292542 89 182 107 200
class 0.10976344347000122 103 182 121 200
class 0.17952655255794525 116 182 133 200
class 0.19658920168876648 129 183 146 199
class 0.3002970814704895 142 183 159 199
class 0.3641698658466339 155 183 173 200
class 0.3955710232257843 168 183 185 200
class 0.3164967894554138 182 183 199 200
class 0.4237048923969269 195 183 213 199
class 0.32172057032585144 207 183 225 199
class 0.20558786392211914 233 182 247 199
class 0.9950570464134216 28 193 45 213
class 0.6306179761886597 50 194 69 214
class 0.4146747589111328 63 196 81 214
class 0.3325258195400238 78 196 95 214
class 0.394299179315567 89 196 107 215
class 0.18985594809055328 103 195 120 214
class 0.31748706102371216 116 195 133 214
class 0.38308414816856384 130 196 147 213
class 0.5771815180778503 142 196 159 213
class 0.39035192131996155 155 195 172 213
class 0.4195939302444458 169 195 186 212
class 0.5126971006393433 182 196 199 213
class 0.45951154828071594 195 196 212 214
class 0.3573501408100128 207 196 225 213
class 0.12078990787267685 219 197 235 212
class 0.21338798105716705 233 196 247 213
class 0.22391067445278168 1 211 15 225
class 0.17416171729564667 22 210 38 225
class 0.33917638659477234 50 208 68 226
class 0.25382912158966064 63 209 82 226
class 0.13395462930202484 75 206 93 225
class 0.15623803436756134 104 206 122 226
class 0.28018033504486084 116 208 135 226
class 0.16100552678108215 129 208 145 225
class 0.3161594867706299 144 207 160 225
class 0.43123331665992737 157 209 173 226
class 0.18080396950244904 168 209 185 225
class 0.1801317036151886 182 208 198 225
class 0.3417176902294159 195 208 212 225
class 0.238419771194458 208 209 225 226
class 0.11561442166566849 220 210 235 225
class 0.3082066476345062 232 209 246 227
class 0.7426382899284363 1 223 16 238
class 0.2138279676437378 24 221 40 236
class 0.43315157294273376 36 221 53 237
class 0.22637058794498444 50 223 67 238
class 0.995151937007904 89 218 107 238
class 0.10716141760349274 103 221 122 238
class 0.2038525938987732 157 222 173 238
class 0.1972568929195404 169 223 185 239
class 0.23719164729118347 196 223 212 239
class 0.16132254898548126 208 223 223 238
class 0.24544212222099304 232 223 246 240
class 0.7516515851020813 0 233 16 249
class 0.11840786784887314 10 233 27 248
class 0.1612565815448761 24 232 41 248
class 0.2620158791542053 36 233 54 249
class 0.37291982769966125 50 232 68 248
class 0.2992902100086212 75 233 96 247
class 0.16730353236198425 87 232 107 249
class 0.2572685182094574 102 232 122 248
class 0.17986558377742767 114 231 135 248
class 0.3212762176990509 129 231 148 248
class 0.3441082537174225 141 232 160 249
class 0.29221537709236145 155 231 173 248
class 0.3618549406528473 168 231 187 248
class 0.21534571051597595 181 231 199 248
class 0.5135601758956909 194 231 212 249
class 0.40150338411331177 207 231 225 248
class 0.23508688807487488 220 231 238 248
class 0.8881757259368896 231 232 248 249
