class 0.78926020860672 0 2 17 18
class 0.272972047328949 9 4 26 17
class 0.5111660957336426 22 4 40 18
class 0.44994455575942993 36 4 54 17
class 0.483160138130188 48 3 66 18
class 0.47740471363067627 62 4 81 18
class 0.5623289942741394 75 4 94 18
class 0.3946416676044464 88 4 107 18
class 0.4037339985370636 101 4 119 18
class 0.39440280199050903 115 4 134 18
class 0.6242325305938721 127 3 146 18
class 0.638781726360321 141 3 160 18
class 0.6658071875572205 153 3 172 18
class 0.40236616134643555 167 4 186 18
class 0.38457199931144714 180 4 199 17
class 0.5448273420333862 207 4 225 18
class 0.31431180238723755 221 4 237 18
class 0.6893492937088013 232 3 249 19
class 0.5052136182785034 1 10 16 26
class 0.34143373370170593 23 10 39 25
class 0.3043040633201599 35 10 52 26
class 0.45803290605545044 50 10 66 25
class 0.5386991500854492 63 10 79 25
class 0.5080463886260986 76 9 92 25
class 0.3931475877761841 89 9 105 25
class 0.4133555293083191 102 9 118 25
class 0.49851518869400024 115 9 132 25
class 0.58902508020401 141 9 158 25
class 0.4883793294429779 168 9 185 25
class 0.4144299328327179 181 9 198 26
class 0.6600898504257202 194 9 212 26
class 0.34599578380584717 207 9 224 26
class 0.47931408882141113 1 26 15 41
class 0.2277711182832718 48 26 66 41
class 0.17227201163768768 62 24 79 40
class 0.19037403166294098 75 25 92 40
class 0.16427217423915863 88 25 105 41
class 0.18981994688510895 101 25 118 41
class 0.20434655249118805 115 26 132 41
class 0.1650128811597824 128 26 145 41
class 0.2302044928073883 141 26 158 42
class 0.16230033338069916 154 26 171 42
class 0.23879587650299072 167 26 185 42
class 0.12636320292949677 180 24 198 41
class 0.17019127309322357 233 22 248 42
class 0.386175274848938 1 38 15 54
class 0.10197238624095917 36 38 53 54
class 0.16694027185440063 49 37 67 54
class 0.23871465027332306 62 38 79 55
class 0.23375271260738373 75 38 92 55
class 0.1955687701702118 88 38 106 55
class 0.21438515186309814 102 38 119 55
class 0.20708070695400238 115 37 132 54
class 0.24152126908302307 128 38 145 55
class 0.32277265191078186 142 37 159 54
class 0.5166133642196655 155 38 172 55
class 0.5134398341178894 166 38 184 55
class 0.9984776377677917 210 40 229 59
class 0.13881519436836243 232 36 248 55
class 0.1885785609483719 1 52 15 66
class 0.18002371490001678 37 51 54 68
class 0.28224754333496094 50 51 67 68
class 0.3691340982913971 62 50 79 68
class 0.3390020430088043 76 51 93 69
class 0.375901997089386 89 52 106 69
class 0.2704761028289795 102 51 119 68
class 0.22686444222927094 115 51 132 69
class 0.24300706386566162 129 51 146 68
class 0.30049827694892883 142 51 158 68
class 0.29476696252822876 154 50 172 68
class 0.35517314076423645 168 50 185 68
class 0.24100220203399658 232 50 248 68
class 0.1427592635154724 1 66 15 80
class 0.11331969499588013 36 65 54 81
class 0.20566265285015106 49 64 67 81
class 0.24437850713729858 63 64 80 81
class 0.361278235912323 76 63 93 81
class 0.3900027275085449 90 63 107 81
class 0.2616737484931946 102 64 120 81
class 0.29826751351356506 115 64 133 82
class 0.2662715017795563 128 64 146 81
class 0.26078712940216064 142 63 160 81
class 0.2721427083015442 154 64 172 82
class 0.27927476167678833 168 64 186 82
class 0.17428188025951385 195 64 214 81
class 0.4311123192310333 207 65 225 81
class 0.26299604773521423 218 65 236 81
class 0.2805495858192444 232 64 247 82
class 0.2551754415035248 1 79 15 94
class 0.13698521256446838 35 77 54 95
class 0.19815409183502197 50 77 67 94
class 0.2661148011684418 63 77 81 95
class 0.36961689591407776 76 76 94 94
class 0.3510376513004303 89 77 107 95
class 0.300775408744812 102 76 120 94
class 0.29187819361686707 115 76 133 94
class 0.2603467106819153 128 76 146 94
class 0.2698482275009155 142 76 160 94
class 0.3809308707714081 155 77 173 94
class 0.3862062692642212 168 77 186 95
class 0.2031715363264084 181 77 199 94
class 0.22371689975261688 194 77 212 94
class 0.24505700170993805 208 77 225 93
class 0.17994000017642975 220 77 236 93
class 0.23622554540634155 233 76 247 94
class 0.28566452860832214 2 91 16 106
class 0.23147189617156982 50 90 68 107
class 0.29886484146118164 62 90 80 107
class 0.3267751634120941 76 90 94 107
class 0.2432176023721695 89 89 107 107
class 0.2699683606624603 102 89 121 108
class 0.2908187508583069 115 90 133 108
class 0.2511742413043976 128 89 147 107
class 0.28299248218536377 141 89 160 107
class 0.4148910343647003 156 89 173 107
class 0.32948148250579834 168 90 186 107
class 0.29481905698776245 181 90 199 107
class 0.4690658152103424 195 91 212 107
class 0.29151132702827454 207 91 224 106
class 0.10728543996810913 221 91 236 106
class 0.369632363319397 233 90 247 108
class 0.26848822832107544 1 104 16 119
class 0.1095665991306305 23 105 40 120
class 0.2185514271259308 49 103 68 120
class 0.24556924402713776 63 102 81 120
class 0.33215442299842834 76 102 94 121
class 0.19873005151748657 89 102 108 120
class 0.22614605724811554 102 103 121 121
class 0.31457722187042236 116 103 134 121
class 0.24097473919391632 128 104 146 121
class 0.25460028648376465 142 104 160 121
class 0.3140271008014679 155 103 173 121
class 0.41850370168685913 168 103 186 121
class 0.32447320222854614 181 103 199 121
class 0.3949342668056488 195 103 212 120
class 0.3386748433113098 207 104 225 120
class 0.11019039154052734 221 105 237 119
class 0.3393001854419708 233 102 247 120
class 0.21473070979118347 1 118 16 133
class 0.11334734410047531 23 117 40 133
class 0.14484654366970062 36 117 54 134
class 0.24484218657016754 49 117 67 134
class 0.24798351526260376 63 117 81 134
class 0.29433584213256836 76 116 94 134
class 0.34419625997543335 90 116 108 134
class 0.4466197192668915 102 116 120 135
class 0.3285868465900421 116 116 134 134
class 0.37129417061805725 129 116 146 134
class 0.5176596641540527 142 116 160 134
class 0.47256502509117126 155 116 174 134
class 0.3353593647480011 168 116 186 133
class 0.35863882303237915 181 117 200 134
class 0.38605040311813354 194 117 212 134
class 0.3892161548137665 208 117 227 134
class 0.1706794947385788 220 118 236 133
class 0.25444671511650085 233 116 247 134
class 0.30669113993644714 2 131 16 146
class 0.1150769591331482 23 131 40 147
class 0.15167614817619324 37 130 55 147
class 0.4216732084751129 50 130 68 148
class 0.4041447937488556 63 130 81 147
class 0.3531518876552582 76 129 94 147
class 0.29749423265457153 90 129 107 147
class 0.3762277364730835 103 128 121 147
class 0.3733288049697876 116 128 133 147
class 0.27311331033706665 129 129 146 147
class 0.3305146098136902 142 128 160 147
class 0.3547075390815735 155 129 173 147
class 0.3639737069606781 169 130 187 148
class 0.39797666668891907 181 130 200 148
class 0.504875898361206 195 131 213 148
class 0.30085745453834534 207 132 226 147
class 0.2571898102760315 220 130 237 146
class 0.31271183490753174 233 128 248 147
class 0.3452725410461426 2 144 16 159
class 0.19292712211608887 24 143 41 159
class 0.188846156001091 36 143 55 160
class 0.35472163558006287 50 143 68 160
class 0.3921358585357666 63 143 81 160
class 0.4851745069026947 76 142 94 161
class 0.3177040219306946 89 143 107 161
class 0.2757530212402344 102 142 120 161
class 0.19338726997375488 115 143 134 162
class 0.3363693654537201 128 142 146 162
class 0.27650249004364014 142 142 160 162
class 0.34266969561576843 155 142 174 160
class 0.4543937146663666 168 142 187 161
class 0.5976034998893738 181 143 200 161
class 0.46150994300842285 194 143 214 161
class 0.668877899646759 207 143 227 160
class 0.2455323338508606 219 144 237 160
class 0.4175068438053131 233 141 249 161
class 0.19747887551784515 1 157 16 172
class 0.13175204396247864 24 157 41 173
class 0.3702675998210907 37 156 55 173
class 0.433493971824646 50 155 68 173
class 0.4316015839576721 63 156 81 174
class 0.37748223543167114 76 156 94 174
class 0.302537202835083 89 155 107 173
class 0.18990395963191986 102 155 121 174
class 0.23728899657726288 129 153 148 173
class 0.4246649742126465 142 154 161 174
class 0.37969574332237244 155 156 174 174
class 0.5159132480621338 168 155 187 174
class 0.33979639410972595 181 155 200 173
class 0.35095280408859253 209 154 228 170
class 0.1758255958557129 220 154 238 170
class 0.7633000016212463 233 154 249 173
class 0.45476850867271423 1 171 16 186
class 0.14691409468650818 24 170 41 186
class 0.4091462194919586 35 169 54 186
class 0.3114546239376068 50 169 68 187
class 0.4834350049495697 64 168 82 187
class 0.4799351692199707 76 168 94 186
class 0.14589497447013855 89 169 107 185
class 0.9983440041542053 118 171 136 190
class 0.45140689611434937 142 168 160 186
class 0.5652572512626648 155 169 174 186
class 0.3855433464050293 168 170 186 186
class 0.13283051550388336 180 169 199 186
class 0.9878336191177368 199 170 218 188
class 0.9857426285743713 222 170 242 188
class 0.16835300624370575 232 168 248 185
class 0.5158294439315796 1 183 15 199
class 0.2527427673339844 23 182 40 198
class 0.15516798198223114 36 181 55 199
class 0.38757210969924927 64 181 82 200
class 0.4266827404499054 76 182 94 200
class 0.16353152692317963 89 182 106 199
class 0.41267865896224976 142 183 160 200
class 0.48112043738365173 155 182 173 199
class 0.5366111993789673 168 183 186 199
class 0.22662338614463806 181 184 200 200
class 0.33754658699035645 219 185 237 198
class 0.24444696307182312 232 185 248 201
class 0.6551504135131836 1 196 16 213
class 0.19110386073589325 11 197 27 212
class 0.2497854381799698 24 197 41 212
class 0.9973418116569519 52 194 70 216
class 0.21007657051086426 63 193 81 212
class 0.6387192010879517 76 194 94 213
class 0.31230244040489197 89 197 106 213
class 0.3441503942012787 104 195 121 211
class 0.6126397848129272 115 196 133 212
class 0.5998349189758301 128 195 146 212
class 0.4806748628616333 142 195 159 213
class 0.4051988422870636 155 196 173 213
class 0.43659287691116333 168 195 186 212
class 0.34939977526664734 181 195 199 213
class 0.6202026009559631 194 196 212 212
class 0.43008923530578613 207 195 225 211
class 0.4810510277748108 219 196 236 211
class 0.5273656845092773 232 195 248 213
class 0.4217621982097626 1 209 15 225
class 0.3783840239048004 76 208 93 225
class 0.3553704023361206 89 209 106 226
class 0.19637742638587952 102 209 119 226
class 0.23727907240390778 116 209 133 226
class 0.2770101726055145 129 208 146 226
class 0.27915188670158386 143 209 160 225
class 0.306285560131073 156 209 173 225
class 0.2955978512763977 168 209 185 226
class 0.17647196352481842 182 209 199 226
class 0.2709987163543701 194 209 212 226
class 0.14090098440647125 220 210 235 225
class 0.20420143008232117 233 209 247 226
class 0.8163663744926453 1 223 16 239
class 0.12408282607793808 38 223 54 239
class 0.5671250820159912 50 222 67 238
class 0.3148466646671295 62 222 79 238
class 0.1464274525642395 77 223 93 238
class 0.27016571164131165 90 222 106 238
class 0.3254745602607727 103 223 120 239
class 0.19621676206588745 116 223 132 239
class 0.10046734660863876 129 223 146 239
class 0.12945833802223206 143 223 160 239
class 0.16290602087974548 155 223 172 239
class 0.382091760635376 169 222 186 239
class 0.18226481974124908 182 223 199 239
class 0.24726064503192902 195 223 212 239
class 0.10574962198734283 207 224 224 238
class 0.38077878952026367 232 224 247 241
class 0.7946655750274658 0 233 16 249
class 0.1825927346944809 10 232 27 249
class 0.37367528676986694 24 231 41 248
class 0.22538937628269196 36 232 53 248
class 0.1924189329147339 49 231 67 248
class 0.3156604766845703 63 231 81 248
class 0.46823370456695557 76 231 94 248
class 0.5099723935127258 88 232 106 248
class 0.5147027969360352 103 231 121 248
class 0.6608222723007202 116 230 134 248
class 0.5539003014564514 129 231 147 248
class 0.6986236572265625 141 231 160 248
class 0.576386570930481 154 231 173 248
class 0.638245701789856 169 231 187 248
class 0.3949221074581146 182 230 200 248
class 0.6067711710929871 194 230 213 248
class 0.5110723972320557 206 231 225 248
class 0.19731257855892181 220 232 238 248
class 0.9102188348770142 231 231 248 249
