class 0.8243952989578247 0 3 17 18
class 0.31371790170669556 9 4 27 18
class 0.5208654403686523 21 4 40 18
class 0.4046340584754944 35 4 54 18
class 0.41625428199768066 48 3 68 18
class 0.6238996386528015 62 3 81 18
class 0.39207062125205994 74 3 94 18
class 0.6053950786590576 88 3 108 17
class 0.5634990334510803 101 3 120 17
class 0.4944722652435303 114 3 133 17
class 0.5578508377075195 128 4 146 18
class 0.454210102558136 141 4 159 18
class 0.49193665385246277 155 3 173 18
class 0.5531516075134277 167 4 185 18
class 0.46973466873168945 180 4 198 18
class 0.52092045545578 194 3 212 18
class 0.593951404094696 208 4 226 18
class 0.3478640019893646 221 4 237 17
class 0.9086037278175354 232 2 249 19
class 0.6425179243087769 1 9 15 25
class 0.12758426368236542 10 9 26 24
class 0.4514680504798889 22 10 39 25
class 0.5618410110473633 35 9 53 26
class 0.4464747905731201 48 9 66 26
class 0.5538984537124634 62 10 80 26
class 0.5447168350219727 75 10 93 26
class 0.49334296584129333 88 9 106 26
class 0.520660936832428 102 9 119 25
class 0.4412793219089508 114 10 131 26
class 0.5556297898292542 129 9 145 25
class 0.5861411690711975 141 9 158 26
class 0.33305418491363525 155 9 171 25
class 0.47663915157318115 181 10 198 25
class 0.5524539947509766 193 9 210 26
class 0.10865413397550583 220 9 234 25
class 0.3367280066013336 1 27 15 41
class 0.10529585927724838 35 25 53 41
class 0.2848990857601166 49 26 67 41
class 0.33094656467437744 62 25 80 41
class 0.2876053750514984 76 26 93 41
class 0.20117782056331635 88 26 106 41
class 0.18175992369651794 101 26 119 42
class 0.12513545155525208 115 26 133 41
class 0.1875421702861786 128 25 145 41
class 0.16289949417114258 142 24 159 40
class 0.1119311973452568 154 25 171 41
class 0.13310565054416656 193 25 211 41
class 0.12759849429130554 233 24 247 42
class 0.5297392010688782 1 38 16 54
class 0.2750519812107086 22 38 39 53
class 0.21422578394412994 35 39 53 55
class 0.34274351596832275 49 37 67 55
class 0.3350265324115753 63 38 80 55
class 0.359317421913147 76 37 93 54
class 0.4216568171977997 89 38 106 55
class 0.3432512581348419 102 37 119 55
class 0.20936237275600433 115 37 132 56
class 0.32114022970199585 129 37 146 55
class 0.17797942459583282 140 38 159 56
class 0.14131920039653778 153 37 171 56
class 0.2099858969449997 194 38 212 56
class 0.20131732523441315 206 39 224 55
class 0.23022401332855225 233 37 247 55
class 0.11389993131160736 1 52 15 67
class 0.23309127986431122 36 50 54 68
class 0.48884841799736023 50 51 67 68
class 0.5094702839851379 63 50 80 68
class 0.3691846430301666 77 51 95 68
class 0.17080439627170563 86 47 104 67
class 0.20253704488277435 117 48 135 68
class 0.18646501004695892 130 49 147 68
class 0.21264784038066864 141 48 159 68
class 0.11178410798311234 154 49 173 68
class 0.16494250297546387 207 50 224 68
class 0.12364122271537781 233 49 246 68
class 0.47054386138916016 1 66 16 81
class 0.1151050254702568 36 64 54 82
class 0.3773215115070343 50 64 67 81
class 0.36970895528793335 63 64 80 81
class 0.9920660257339478 102 61 119 81
class 0.17599043250083923 117 63 135 81
class 0.29212650656700134 128 64 146 82
class 0.256936252117157 143 64 162 81
class 0.9881062507629395 165 65 184 86
class 0.15974730253219604 233 63 247 81
class 0.5120592713356018 1 77 16 93
class 0.1271020621061325 23 77 40 94
class 0.22073273360729218 37 77 54 94
class 0.3457164466381073 50 77 68 94
class 0.5522838234901428 63 77 81 94
class 0.20280195772647858 75 77 94 94
class 0.1707477569580078 101 79 119 96
class 0.1951131522655487 116 78 134 95
class 0.22021494805812836 127 76 145 94
class 0.14402155578136444 143 75 162 92
class 0.9904976487159729 198 73 215 94
class 0.1675906926393509 233 76 247 94
class 0.11660001426935196 23 91 40 107
class 0.11069143563508987 36 91 54 108
class 0.2427387833595276 50 90 67 107
class 0.32153236865997314 63 89 81 107
class 0.11266448348760605 89 90 108 107
class 0.3454366624355316 102 89 120 106
class 0.36794063448905945 114 89 133 107
class 0.2326233685016632 128 91 146 108
class 0.11196471005678177 141 92 160 108
class 0.14408229291439056 155 90 174 108
class 0.17861302196979523 167 91 186 108
class 0.21667680144309998 233 89 247 107
class 0.17127498984336853 1 105 15 121
class 0.14744329452514648 37 103 55 122
class 0.3063407242298126 49 103 67 121
class 0.3974713981151581 63 104 80 121
class 0.33486148715019226 76 104 93 121
class 0.33864226937294006 89 104 107 121
class 0.335275262594223 102 104 120 121
class 0.2951350510120392 115 104 133 121
class 0.26094359159469604 129 104 146 121
class 0.3387484848499298 142 104 160 120
class 0.2151160091161728 154 104 172 121
class 0.10731661319732666 168 103 186 121
class 0.1841166913509369 207 103 225 119
class 0.14841699600219727 233 102 247 120
class 0.15577813982963562 1 116 15 132
class 0.13473089039325714 36 116 55 135
class 0.19248495995998383 49 117 67 134
class 0.29001080989837646 63 116 80 134
class 0.30359140038490295 76 116 94 134
class 0.3343260586261749 89 116 107 133
class 0.2739732265472412 102 116 120 133
class 0.34844696521759033 115 117 133 134
class 0.2334008663892746 129 117 146 134
class 0.253893107175827 142 116 160 134
class 0.2771247625350952 155 116 173 134
class 0.2181093692779541 168 116 186 134
class 0.10248704999685287 208 116 225 133
class 0.26547473669052124 233 116 247 134
class 0.9827957153320312 10 132 29 150
class 0.17481842637062073 35 129 53 147
class 0.2936852276325226 50 130 68 147
class 0.2612389922142029 62 130 80 148
class 0.4273066520690918 76 130 94 147
class 0.43116965889930725 89 130 107 148
class 0.296597957611084 102 130 120 147
class 0.43590047955513 115 130 133 147
class 0.28133630752563477 129 130 147 147
class 0.3068281412124634 142 130 160 147
class 0.3216804265975952 155 130 173 147
class 0.24334566295146942 169 129 187 147
class 0.2263968586921692 181 129 199 147
class 0.16653138399124146 194 130 212 147
class 0.14653274416923523 208 130 225 146
class 0.17777031660079956 233 128 247 146
class 0.10717330873012543 36 142 54 160
class 0.2397521287202835 50 142 68 160
class 0.32745441794395447 63 143 81 160
class 0.41766345500946045 76 143 93 160
class 0.3545789420604706 90 142 107 160
class 0.3288729190826416 102 143 120 161
class 0.44582444429397583 116 142 134 160
class 0.5581124424934387 129 143 146 160
class 0.4563280940055847 142 143 159 160
class 0.36741653084754944 156 142 174 160
class 0.24035559594631195 167 142 186 160
class 0.13315975666046143 181 143 199 160
class 0.28948795795440674 195 144 213 161
class 0.3481321930885315 207 144 225 160
class 0.2555616497993469 233 142 247 161
class 0.16073033213615417 1 157 16 172
class 0.15897443890571594 9 156 26 171
class 0.12861000001430511 36 156 55 173
class 0.2934845983982086 49 156 67 173
class 0.31651991605758667 63 157 81 173
class 0.4564466178417206 76 156 94 173
class 0.3164486289024353 89 156 107 173
class 0.31228336691856384 102 155 120 173
class 0.24796512722969055 115 156 133 173
class 0.29179203510284424 129 155 147 173
class 0.37817656993865967 142 154 159 172
class 0.2979181408882141 155 155 173 173
class 0.3464955687522888 168 156 187 174
class 0.23056098818778992 181 156 200 174
class 0.3679131865501404 195 157 213 173
class 0.2583301365375519 207 156 225 172
class 0.16169145703315735 233 155 247 173
class 0.22359421849250793 36 170 55 187
class 0.3385641872882843 49 170 68 186
class 0.38591137528419495 63 169 81 186
class 0.3091825246810913 76 169 94 185
class 0.2991640567779541 89 169 107 186
class 0.3092886507511139 102 169 120 186
class 0.3587839901447296 116 169 134 186
class 0.369102418422699 129 170 146 186
class 0.29914039373397827 142 170 160 187
class 0.22514846920967102 155 169 173 186
class 0.2565614879131317 168 168 186 186
class 0.30816420912742615 182 169 200 186
class 0.430702805519104 195 169 213 186
class 0.25237491726875305 207 169 226 185
class 0.33383578062057495 233 168 247 186
class 0.45314356684684753 1 184 15 199
class 0.13377337157726288 23 183 40 199
class 0.19227837026119232 37 182 54 199
class 0.3714504837989807 50 182 68 199
class 0.3870697617530823 63 182 81 199
class 0.32632672786712646 77 183 94 199
class 0.351814866065979 89 182 107 199
class 0.3339192569255829 103 182 120 199
class 0.448693186044693 116 182 133 199
class 0.575351893901825 130 182 147 199
class 0.49344757199287415 143 181 160 199
class 0.43543243408203125 156 183 174 200
class 0.4140856862068176 168 183 185 200
class 0.4297944903373718 182 183 199 200
class 0.3233568072319031 195 182 212 199
class 0.17961812019348145 208 183 226 199
class 0.19910597801208496 233 182 247 200
class 0.46990782022476196 1 196 15 212
class 0.13892880082130432 11 196 26 211
class 0.3273899555206299 24 197 40 213
class 0.3243406116962433 37 196 54 214
class 0.37527865171432495 50 196 68 214
class 0.5111750960350037 64 196 81 214
class 0.46359458565711975 76 195 94 213
class 0.45526763796806335 89 195 107 213
class 0.4599851667881012 104 196 121 213
class 0.47821909189224243 115 195 132 213
class 0.4758961498737335 129 195 147 213
class 0.41953331232070923 143 196 160 213
class 0.4489612281322479 155 195 173 213
class 0.36588403582572937 169 195 186 213
class 0.5016586184501648 182 195 199 213
class 0.5463317632675171 195 196 213 214
class 0.40875327587127686 207 197 225 214
class 0.15744972229003906 220 197 236 212
class 0.3454420864582062 233 195 247 213
class 0.17172494530677795 1 209 15 225
class 0.1439121514558792 26 209 40 225
class 0.3069165349006653 37 209 53 226
class 0.3867185711860657 50 209 68 227
class 0.4277397096157074 64 209 81 226
class 0.4259064793586731 76 209 94 227
class 0.43089398741722107 89 209 107 227
class 0.3058481514453888 103 208 120 226
class 0.29896047711372375 116 209 133 226
class 0.32426291704177856 129 209 146 226
class 0.34847941994667053 142 209 159 226
class 0.3963660001754761 156 209 173 227
class 0.2904815673828125 168 210 186 227
class 0.3933456540107727 182 209 199 226
class 0.43588730692863464 195 208 212 226
class 0.28090307116508484 208 208 225 225
class 0.2986840605735779 232 210 247 227
class 0.6408447623252869 1 224 16 239
class 0.14726896584033966 26 223 41 238
class 0.2839673161506653 37 222 53 238
class 0.16015884280204773 51 222 67 238
class 0.19056113064289093 64 222 81 238
class 0.2923889458179474 77 222 94 238
class 0.18863432109355927 90 222 107 238
class 0.23764942586421967 103 223 120 239
class 0.24494951963424683 116 223 133 238
class 0.2435097098350525 130 222 146 238
class 0.38752231001853943 143 222 159 238
class 0.3735843598842621 156 222 172 238
class 0.1942598670721054 169 222 186 238
class 0.19596104323863983 182 222 198 238
class 0.3835095167160034 196 223 212 239
class 0.17890247702598572 208 224 224 239
class 0.34023723006248474 232 222 247 239
class 0.7604916095733643 0 233 17 249
class 0.14676469564437866 10 232 27 248
class 0.23380409181118011 24 231 42 248
class 0.4258725345134735 36 231 55 248
class 0.40372392535209656 50 232 69 248
class 0.444306343793869 62 231 81 248
class 0.5395445227622986 76 231 95 249
class 0.4375241696834564 89 232 108 249
class 0.5942908525466919 103 231 121 248
class 0.4453643262386322 115 231 133 249
class 0.5368414521217346 129 232 148 249
class 0.41731101274490356 142 231 160 248
class 0.48097461462020874 155 231 173 248
class 0.5389995574951172 168 231 187 248
class 0.4362371861934662 181 231 200 248
class 0.6395559310913086 194 231 213 249
class 0.4603838324546814 207 231 225 249
class 0.20993009209632874 220 232 238 249
class 0.9045101404190063 232 232 249 249
