class 0.8444660305976868 0 3 17 18
class 0.2796517312526703 8 4 26 18
class 0.4805263578891754 22 4 40 18
class 0.44550591707229614 36 4 54 18
class 0.5603291392326355 48 3 67 18
class 0.4999099373817444 62 4 81 18
class 0.594447135925293 75 3 93 18
class 0.6031073927879333 88 3 107 18
class 0.43849703669548035 101 3 119 18
class 0.4666737914085388 114 4 133 17
class 0.5055271983146667 128 4 147 17
class 0.5527439117431641 140 3 159 17
class 0.6324089765548706 154 3 173 17
class 0.6421173810958862 167 3 186 18
class 0.48299291729927063 180 4 199 18
class 0.48976901173591614 193 3 213 18
class 0.27571797370910645 208 3 226 18
class 0.37217310070991516 221 4 237 17
class 0.8401418924331665 232 3 248 18
class 0.5613004565238953 1 9 16 25
class 0.16910095512866974 10 9 25 24
class 0.43159419298171997 22 10 38 25
class 0.38627904653549194 36 10 53 25
class 0.5693981051445007 49 9 66 25
class 0.42485690116882324 62 9 79 25
class 0.5053246021270752 75 10 92 25
class 0.3517274856567383 89 10 106 25
class 0.5612435340881348 102 10 119 26
class 0.5452865362167358 114 9 131 25
class 0.3589225709438324 128 9 145 25
class 0.3684300482273102 141 10 158 26
class 0.4067704379558563 155 10 172 26
class 0.6481440663337708 168 9 185 26
class 0.5508557558059692 180 9 198 26
class 0.6318240165710449 194 9 211 26
class 0.4770273268222809 208 9 225 25
class 0.11253634095191956 220 8 234 24
class 0.28828251361846924 1 26 15 41
class 0.11948839575052261 35 26 52 41
class 0.2600034475326538 50 25 67 41
class 0.17585039138793945 62 25 79 41
class 0.281260222196579 75 25 93 41
class 0.2618370056152344 88 26 106 41
class 0.38215896487236023 101 24 119 41
class 0.37550148367881775 115 25 132 42
class 0.369117796421051 128 25 145 41
class 0.26769134402275085 141 24 159 40
class 0.35963770747184753 155 26 172 41
class 0.3865034580230713 167 26 185 41
class 0.26493123173713684 180 26 198 42
class 0.4103453457355499 194 26 211 42
class 0.11799753457307816 207 26 224 40
class 0.10151357203722 234 24 247 42
class 0.386074960231781 1 39 15 54
class 0.10737276822328568 23 39 40 54
class 0.28354591131210327 36 38 53 55
class 0.33819571137428284 50 38 66 54
class 0.3709796369075775 62 38 79 55
class 0.23431184887886047 76 38 93 55
class 0.3552212417125702 88 38 105 55
class 0.20572438836097717 102 37 119 55
class 0.22240576148033142 115 35 131 53
class 0.42463597655296326 130 37 146 55
class 0.2990122437477112 142 38 159 55
class 0.38467395305633545 155 38 172 55
class 0.46078023314476013 168 37 185 54
class 0.3735117018222809 181 37 198 54
class 0.4489554464817047 195 37 212 54
class 0.2601393759250641 207 38 225 53
class 0.21725885570049286 233 36 246 55
class 0.5576252937316895 1 52 15 67
class 0.20101135969161987 24 52 40 67
class 0.22458887100219727 36 50 53 68
class 0.34598734974861145 49 51 66 67
class 0.4498904049396515 63 50 79 68
class 0.45522430539131165 77 51 93 68
class 0.46202215552330017 89 51 105 68
class 0.29113343358039856 100 50 117 68
class 0.941521406173706 117 51 134 70
class 0.2251095175743103 130 49 146 67
class 0.5300315618515015 142 51 158 68
class 0.6103856563568115 154 51 171 69
class 0.30437302589416504 168 52 185 68
class 0.2241888791322708 181 51 198 68
class 0.2655516266822815 195 50 212 67
class 0.2630766034126282 207 51 225 67
class 0.1348596066236496 220 52 235 67
class 0.24094723165035248 233 50 246 68
class 0.29689130187034607 1 65 15 80
class 0.16106128692626953 24 65 40 80
class 0.18403059244155884 36 64 54 81
class 0.3328458070755005 49 64 66 81
class 0.5148718357086182 64 64 80 82
class 0.492615282535553 77 64 93 81
class 0.33396992087364197 89 64 106 81
class 0.22799789905548096 101 64 119 82
class 0.11329565197229385 114 66 132 82
class 0.3324376940727234 141 63 158 81
class 0.3521978259086609 155 64 172 80
class 0.5171087980270386 169 64 186 81
class 0.4458118677139282 181 64 198 82
class 0.22064237296581268 195 65 212 81
class 0.2191535234451294 207 64 225 80
class 0.18489959836006165 233 63 247 81
class 0.44872093200683594 2 78 16 94
class 0.2457154095172882 37 78 54 95
class 0.4414089620113373 50 78 67 95
class 0.4857724606990814 64 77 80 94
class 0.4810086488723755 76 77 93 94
class 0.3027597665786743 89 77 106 94
class 0.2459973692893982 102 76 120 93
class 0.5840098261833191 115 75 133 92
class 0.4566788375377655 128 77 146 93
class 0.43346211314201355 141 78 159 95
class 0.3144485354423523 155 78 172 94
class 0.31941771507263184 168 77 185 94
class 0.3056902289390564 182 77 199 94
class 0.39895862340927124 196 78 213 95
class 0.15168501436710358 207 78 225 93
class 0.13308054208755493 233 76 247 94
class 0.519113302230835 2 91 16 107
class 0.19853253662586212 23 92 39 107
class 0.1879885196685791 36 90 54 107
class 0.2823709547519684 50 90 68 107
class 0.4195619523525238 64 91 80 107
class 0.4974857568740845 76 91 93 108
class 0.3221590220928192 89 90 106 107
class 0.1983550786972046 102 90 119 108
class 0.1275153011083603 115 92 133 109
class 0.23836146295070648 128 92 146 108
class 0.39182403683662415 142 90 160 107
class 0.4732849895954132 155 90 173 107
class 0.2774931788444519 168 90 186 107
class 0.36015987396240234 181 90 199 107
class 0.3904985189437866 195 90 213 107
class 0.18658579885959625 208 91 226 107
class 0.12562991678714752 220 91 236 107
class 0.1963057667016983 233 90 247 108
class 0.3176477253437042 1 104 15 119
class 0.21516366302967072 24 104 40 120
class 0.27850791811943054 36 104 53 121
class 0.3758995532989502 50 103 67 120
class 0.49353620409965515 63 103 80 120
class 0.4167414903640747 76 103 93 120
class 0.2852398455142975 89 104 106 121
class 0.3607025444507599 103 104 120 120
class 0.5381630063056946 116 103 133 120
class 0.4545338749885559 128 103 146 120
class 0.25621023774147034 141 103 159 120
class 0.32789406180381775 155 103 173 121
class 0.3306855261325836 168 104 187 121
class 0.2970433831214905 181 103 199 120
class 0.3074423670768738 195 103 213 120
class 0.16281801462173462 208 104 226 120
class 0.18932779133319855 233 102 247 121
class 0.3795306086540222 1 118 15 133
class 0.13473418354988098 24 117 40 133
class 0.32319265604019165 37 116 54 134
class 0.35922032594680786 50 117 67 135
class 0.32043763995170593 64 116 80 133
class 0.5291846394538879 77 116 94 134
class 0.49999868869781494 89 117 106 134
class 0.46023526787757874 102 116 119 133
class 0.32808998227119446 116 117 133 134
class 0.3219853937625885 129 117 146 134
class 0.2546461820602417 141 117 159 134
class 0.281385600566864 155 116 174 134
class 0.34700608253479004 168 116 186 133
class 0.23758763074874878 180 116 199 134
class 0.1711132675409317 194 116 213 134
class 0.17208780348300934 208 116 225 133
class 0.10930201411247253 221 117 237 133
class 0.28957483172416687 233 115 247 134
class 0.5453101992607117 1 130 15 146
class 0.22984331846237183 24 130 40 146
class 0.21572844684123993 37 130 55 148
class 0.4013807773590088 50 130 67 148
class 0.2743867337703705 63 130 80 147
class 0.27297544479370117 77 130 94 147
class 0.41324689984321594 90 130 107 147
class 0.5224758982658386 103 130 119 147
class 0.3635440468788147 116 130 133 147
class 0.3671621084213257 128 130 146 147
class 0.3186708986759186 142 129 160 147
class 0.422475129365921 155 130 173 147
class 0.3032667934894562 168 129 186 147
class 0.3683946132659912 181 129 199 147
class 0.38561099767684937 195 130 213 147
class 0.23686222732067108 207 131 225 146
class 0.14879974722862244 221 130 237 146
class 0.2602408230304718 233 128 247 147
class 0.5444045066833496 2 143 16 159
class 0.12193139642477036 52 141 70 159
class 0.3961348831653595 62 142 80 161
class 0.42068377137184143 76 143 94 160
class 0.44511938095092773 90 143 107 160
class 0.35770806670188904 103 142 120 159
class 0.30383703112602234 116 143 133 160
class 0.4102845788002014 129 143 146 160
class 0.40041229128837585 142 143 159 160
class 0.46725210547447205 155 142 173 160
class 0.41546836495399475 169 142 187 160
class 0.307358980178833 180 143 199 160
class 0.28049978613853455 194 143 212 160
class 0.1826888471841812 207 143 225 159
class 0.30772119760513306 233 141 247 160
class 0.5987105965614319 2 157 16 172
class 0.9961575269699097 41 157 58 175
class 0.500657320022583 62 156 80 174
class 0.4315013885498047 76 157 93 174
class 0.3077268898487091 90 156 107 173
class 0.3452896475791931 103 156 120 173
class 0.4016294777393341 116 156 133 173
class 0.4055599272251129 129 156 146 173
class 0.40318241715431213 142 156 159 173
class 0.3607843816280365 154 156 173 173
class 0.23777131736278534 168 155 187 173
class 0.16980889439582825 181 155 200 172
class 0.1815129518508911 195 155 213 172
class 0.28356483578681946 207 157 226 173
class 0.26628097891807556 233 155 247 174
class 0.6007187366485596 1 170 15 186
class 0.20527119934558868 62 169 80 186
class 0.3244326710700989 77 169 94 185
class 0.49768733978271484 89 170 107 186
class 0.372580349445343 102 170 120 186
class 0.4019082486629486 116 169 133 186
class 0.3875941038131714 130 169 147 186
class 0.49609747529029846 142 169 160 186
class 0.43200623989105225 155 169 173 186
class 0.32703161239624023 168 169 186 187
class 0.13890722393989563 181 170 200 187
class 0.21148577332496643 196 171 214 187
class 0.6525334119796753 207 170 225 186
class 0.1267203837633133 219 171 235 185
class 0.1710667908191681 233 168 247 186
class 0.5456581115722656 1 183 15 199
class 0.11478369683027267 23 184 41 199
class 0.4383668899536133 36 183 54 199
class 0.530454695224762 49 182 67 198
class 0.3040909171104431 63 183 80 200
class 0.22503583133220673 76 183 94 200
class 0.34728723764419556 90 183 107 199
class 0.4143598973751068 103 182 119 199
class 0.49777600169181824 116 182 133 199
class 0.38125693798065186 130 183 147 199
class 0.4479006826877594 142 183 159 200
class 0.4251721501350403 156 183 173 200
class 0.40871718525886536 169 182 186 199
class 0.48730725049972534 182 183 199 200
class 0.4961742162704468 194 183 212 200
class 0.31186166405677795 207 182 225 198
class 0.11190705001354218 220 183 236 198
class 0.4379752278327942 232 183 247 200
class 0.4235038459300995 1 197 15 213
class 0.12840865552425385 23 197 40 213
class 0.21591728925704956 36 195 53 212
class 0.2560749650001526 50 196 68 214
class 0.5009469389915466 63 196 80 214
class 0.28840240836143494 76 196 93 213
class 0.3178361654281616 90 196 107 213
class 0.38547131419181824 103 197 119 213
class 0.4588155448436737 117 196 133 213
class 0.38721320033073425 129 195 146 212
class 0.5758997201919556 143 195 160 213
class 0.5015316009521484 156 196 173 213
class 0.48076388239860535 168 196 185 214
class 0.2824719250202179 182 195 199 213
class 0.43591466546058655 194 196 212 213
class 0.22195428609848022 208 196 225 213
class 0.13245129585266113 219 197 235 212
class 0.32149288058280945 233 195 247 213
class 0.6528412699699402 2 209 16 225
class 0.1401023268699646 35 208 54 226
class 0.5202812552452087 76 208 93 226
class 0.3529198169708252 89 209 106 226
class 0.31521451473236084 103 209 119 226
class 0.37753164768218994 116 208 132 225
class 0.2778751850128174 130 209 146 226
class 0.37204140424728394 143 209 159 226
class 0.3078840672969818 156 208 172 226
class 0.34805452823638916 169 208 186 225
class 0.3745271861553192 181 210 199 227
class 0.4124027490615845 195 209 213 226
class 0.18515172600746155 207 210 224 226
class 0.12446364015340805 219 210 235 225
class 0.3198145627975464 232 208 246 226
class 0.6852720975875854 2 223 16 238
class 0.9963059425354004 55 219 72 236
class 0.12551654875278473 90 222 107 238
class 0.14079135656356812 103 222 119 238
class 0.17793400585651398 130 222 146 239
class 0.20884166657924652 143 222 159 239
class 0.14956390857696533 156 223 172 239
class 0.19229532778263092 169 223 185 239
class 0.1906643509864807 182 222 199 239
class 0.1839393675327301 195 223 212 239
class 0.23476795852184296 208 223 224 239
class 0.31294867396354675 232 223 246 240
class 0.7073496580123901 0 233 16 249
class 0.24488595128059387 76 232 96 248
class 0.42213156819343567 88 232 107 248
class 0.5606139302253723 103 231 121 248
class 0.349394291639328 115 232 134 248
class 0.44570136070251465 129 231 147 248
class 0.5536026358604431 142 231 161 248
class 0.4892244338989258 155 231 173 248
class 0.539216160774231 168 231 187 248
class 0.5568685531616211 182 231 200 248
class 0.5422106981277466 194 230 213 248
class 0.5240532159805298 207 231 225 248
class 0.2302131950855255 220 232 238 249
class 0.8851243257522583 232 232 249 249
