class 0.820391833782196 1 3 17 18
class 0.3812156617641449 9 4 26 18
class 0.4454300105571747 22 4 41 18
class 0.5234790444374084 35 4 55 18
class 0.5713260173797607 48 4 68 18
class 0.5271997451782227 61 4 81 18
class 0.3783484697341919 74 3 94 18
class 0.549099326133728 88 3 108 18
class 0.6276494860649109 101 3 121 18
class 0.6073835492134094 113 3 133 18
class 0.5098225474357605 128 4 147 18
class 0.5209822654724121 140 4 160 18
class 0.31704726815223694 167 4 186 17
class 0.36898073554039 180 3 199 17
class 0.47075018286705017 193 4 213 18
class 0.3293950855731964 207 4 226 18
class 0.30119186639785767 221 4 237 17
class 0.7773928046226501 233 3 249 18
class 0.47376394271850586 1 9 16 25
class 0.13632149994373322 10 10 25 24
class 0.416075736284256 23 10 39 25
class 0.4458833932876587 35 9 53 25
class 0.5706364512443542 49 9 67 25
class 0.5811042189598083 61 9 80 26
class 0.5122460126876831 75 10 93 26
class 0.546748161315918 87 9 106 26
class 0.4747617244720459 102 9 120 25
class 0.5657339096069336 114 9 132 25
class 0.5892096757888794 128 9 145 25
class 0.6019194722175598 141 9 159 25
class 0.6090352535247803 154 9 172 25
class 0.46587270498275757 168 9 185 25
class 0.49583733081817627 180 9 198 26
class 0.7279134392738342 194 9 212 25
class 0.4495886266231537 208 9 225 25
class 0.2015451043844223 220 9 234 25
class 0.281742662191391 1 26 15 40
class 0.14174889028072357 23 27 39 40
class 0.32339295744895935 35 26 53 42
class 0.32632210850715637 49 26 66 41
class 0.32854974269866943 62 25 79 41
class 0.17663849890232086 75 26 93 41
class 0.2661411166191101 88 26 106 42
class 0.39963534474372864 101 27 119 42
class 0.34453386068344116 114 26 132 42
class 0.24623237550258636 128 26 145 41
class 0.23045800626277924 141 26 158 41
class 0.21181194484233856 154 26 172 41
class 0.23031964898109436 168 25 185 41
class 0.2665727436542511 181 26 199 41
class 0.24151137471199036 193 26 211 41
class 0.10702353715896606 207 26 224 41
class 0.10459482669830322 234 24 247 42
class 0.2814328372478485 1 39 15 54
class 0.19272877275943756 23 39 39 54
class 0.2574814260005951 36 38 53 54
class 0.36703792214393616 50 37 67 54
class 0.4698139429092407 63 37 80 55
class 0.4596867561340332 75 38 93 55
class 0.3653565049171448 89 38 106 55
class 0.39524951577186584 101 37 119 54
class 0.34872493147850037 114 38 132 54
class 0.322352796792984 128 38 146 54
class 0.44344162940979004 142 38 159 54
class 0.41512542963027954 154 38 172 55
class 0.2485690712928772 167 37 184 55
class 0.32214805483818054 182 36 199 54
class 0.4575214982032776 195 38 212 54
class 0.2827988564968109 206 39 224 54
class 0.12307808548212051 220 39 236 54
class 0.34832459688186646 233 36 246 55
class 0.41070637106895447 2 52 15 67
class 0.2559279799461365 24 51 39 67
class 0.17000018060207367 37 51 53 68
class 0.2561172544956207 50 51 67 68
class 0.31414246559143066 63 50 80 67
class 0.22261054813861847 76 50 93 67
class 0.22788973152637482 89 50 107 68
class 0.253880113363266 102 50 120 68
class 0.28931665420532227 115 50 132 67
class 0.2886355221271515 129 50 145 67
class 0.30084946751594543 142 50 159 68
class 0.3272591829299927 155 49 172 67
class 0.35518595576286316 168 50 185 68
class 0.21480613946914673 182 51 199 68
class 0.4097887873649597 195 51 212 68
class 0.26955920457839966 207 51 224 67
class 0.24335508048534393 233 50 246 68
class 0.45978859066963196 0 64 15 80
class 0.27562448382377625 37 64 54 82
class 0.41974395513534546 50 64 67 81
class 0.40442097187042236 64 63 81 81
class 0.4450492858886719 76 63 94 81
class 0.3402896523475647 90 64 107 81
class 0.25322216749191284 102 64 120 82
class 0.24807751178741455 116 63 133 82
class 0.2526242136955261 129 63 146 81
class 0.41385653614997864 141 63 159 81
class 0.32165321707725525 155 64 172 82
class 0.27950116991996765 169 64 186 82
class 0.3097665011882782 182 64 199 81
class 0.39890745282173157 194 64 211 81
class 0.33179670572280884 207 65 225 81
class 0.21247686445713043 233 63 247 81
class 0.20157918334007263 1 77 16 94
class 0.25469744205474854 50 77 67 95
class 0.41505059599876404 64 77 81 94
class 0.4627962112426758 77 77 94 95
class 0.4241745173931122 89 76 107 94
class 0.3980944752693176 103 76 121 95
class 0.3848731219768524 115 76 133 95
class 0.3135015368461609 129 76 147 94
class 0.2827478051185608 141 76 159 94
class 0.36670127511024475 155 76 173 94
class 0.3241163492202759 168 77 186 94
class 0.2007555216550827 181 77 199 95
class 0.2340930849313736 194 77 212 95
class 0.1565995067358017 207 77 226 94
class 0.1944303959608078 221 78 238 95
class 0.301452100276947 233 76 247 95
class 0.9974279403686523 13 92 30 110
class 0.324120432138443 36 91 54 109
class 0.45966437458992004 50 91 67 108
class 0.46221959590911865 63 90 80 108
class 0.45742568373680115 77 89 95 107
class 0.39901888370513916 90 89 108 108
class 0.20995813608169556 103 88 121 106
class 0.2828294336795807 117 88 135 107
class 0.6042552590370178 128 89 146 109
class 0.26428478956222534 142 90 160 108
class 0.32901427149772644 155 90 173 108
class 0.2770668566226959 168 90 186 108
class 0.2245769500732422 181 90 199 108
class 0.26215681433677673 194 89 213 108
class 0.20460815727710724 233 88 249 107
class 0.22207674384117126 36 103 54 121
class 0.5204066038131714 50 103 67 120
class 0.650911808013916 63 103 81 121
class 0.5692902207374573 76 104 94 121
class 0.6278564929962158 90 103 108 122
class 0.9437828063964844 107 104 124 122
class 0.546211838722229 129 102 147 121
class 0.3762054145336151 142 104 160 122
class 0.2687792479991913 155 104 172 122
class 0.2860371768474579 168 104 187 122
class 0.9984596967697144 210 105 229 123
class 0.20883136987686157 232 102 248 121
class 0.1716020256280899 1 118 16 134
class 0.2274332046508789 22 118 40 133
class 0.2094445675611496 36 117 54 134
class 0.32070988416671753 50 117 67 134
class 0.6279736757278442 64 117 81 134
class 0.5950988531112671 75 117 93 134
class 0.5772878527641296 91 116 109 133
class 0.6005730032920837 101 117 120 135
class 0.30816081166267395 115 117 134 136
class 0.3510534167289734 128 116 146 135
class 0.4552648961544037 142 116 160 134
class 0.39301779866218567 155 117 173 135
class 0.5138400197029114 168 116 186 135
class 0.12480958551168442 181 116 199 134
class 0.12451502680778503 232 115 247 134
class 0.23367436230182648 1 131 16 146
class 0.14647157490253448 36 130 54 147
class 0.42019063234329224 50 130 67 147
class 0.6233183741569519 63 130 81 147
class 0.5110159516334534 76 129 94 146
class 0.16867871582508087 88 127 107 145
class 0.2841148376464844 102 127 121 145
class 0.7235023379325867 114 127 133 146
class 0.3935333490371704 128 128 147 147
class 0.4932039976119995 142 130 160 148
class 0.47843870520591736 155 129 173 148
class 0.32121533155441284 167 129 186 147
class 0.20022809505462646 195 130 213 147
class 0.6404225826263428 207 130 225 145
class 0.16748982667922974 219 130 236 145
class 0.2573992609977722 233 128 247 147
class 0.19032040238380432 1 144 15 159
class 0.11368897557258606 36 144 54 160
class 0.37436461448669434 50 143 67 160
class 0.4725804924964905 63 143 80 160
class 0.41141700744628906 76 143 94 160
class 0.9797610640525818 98 141 117 161
class 0.20402055978775024 117 142 135 159
class 0.11917200684547424 127 142 146 160
class 0.11402372270822525 156 140 174 159
class 0.18155063688755035 167 141 186 161
class 0.15515734255313873 194 143 212 160
class 0.1883634626865387 208 142 225 158
class 0.11961520463228226 220 143 236 158
class 0.285121887922287 233 141 247 160
class 0.2717870771884918 1 158 16 173
class 0.16452337801456451 23 157 40 173
class 0.17320498824119568 37 157 54 173
class 0.4232560694217682 49 156 67 173
class 0.4487408697605133 63 157 80 173
class 0.4358670115470886 77 156 94 172
class 0.1690484881401062 87 158 106 174
class 0.4100506007671356 101 158 119 175
class 0.10640237480401993 116 158 134 174
class 0.14639556407928467 127 156 144 173
class 0.9927268028259277 144 156 162 176
class 0.2569972574710846 167 155 186 174
class 0.25882741808891296 181 156 200 174
class 0.3276534974575043 195 156 213 173
class 0.22052732110023499 206 158 224 173
class 0.2995007634162903 233 155 247 174
class 0.29756253957748413 1 169 16 185
class 0.13815432786941528 23 169 40 185
class 0.18159234523773193 36 169 55 186
class 0.35711926221847534 50 169 68 186
class 0.4700712561607361 63 169 80 186
class 0.31911328434944153 76 170 94 186
class 0.3662164807319641 89 169 107 186
class 0.5732200145721436 101 168 120 185
class 0.21401526033878326 116 169 133 184
class 0.3048199713230133 129 171 147 186
class 0.3077279031276703 142 170 158 185
class 0.15859128534793854 156 171 174 188
class 0.24681423604488373 167 169 186 186
class 0.24018190801143646 181 170 199 186
class 0.2656894028186798 195 171 212 187
class 0.34129413962364197 208 170 226 185
class 0.15082989633083344 220 171 236 185
class 0.40987899899482727 232 169 247 187
class 0.3119839131832123 1 184 15 199
class 0.15386973321437836 24 184 42 200
class 0.1816963106393814 36 183 54 201
class 0.27744829654693604 50 183 68 201
class 0.3033294975757599 63 181 80 199
class 0.3362952470779419 77 182 94 199
class 0.2604730725288391 89 182 107 200
class 0.3305480480194092 102 183 120 200
class 0.21571864187717438 115 184 133 200
class 0.406377911567688 130 182 147 199
class 0.7245453000068665 141 181 159 198
class 0.4629746973514557 154 182 173 198
class 0.33328473567962646 168 183 186 199
class 0.3899787366390228 182 183 199 199
class 0.5375688672065735 195 183 212 199
class 0.32174840569496155 207 183 225 199
class 0.13964608311653137 220 184 236 199
class 0.3984925150871277 233 182 247 200
class 0.5693314671516418 1 196 16 212
class 0.10753097385168076 11 196 27 211
class 0.33272087574005127 25 196 41 212
class 0.3792560398578644 38 195 55 212
class 0.44824516773223877 50 195 67 213
class 0.4554133713245392 63 196 80 214
class 0.37243416905403137 77 196 94 213
class 0.42731693387031555 90 196 107 213
class 0.34302639961242676 102 196 119 213
class 0.23039287328720093 115 195 133 212
class 0.31074774265289307 130 196 147 213
class 0.35124173760414124 142 196 159 213
class 0.39305540919303894 155 195 173 213
class 0.42461249232292175 169 196 186 213
class 0.4196956157684326 181 195 199 212
class 0.4914836883544922 195 195 212 213
class 0.23797030746936798 207 196 225 213
class 0.23933619260787964 220 196 236 212
class 0.43939852714538574 233 195 247 213
class 0.26409125328063965 2 210 15 226
class 0.20144730806350708 25 211 40 226
class 0.21037344634532928 37 210 53 226
class 0.26643770933151245 50 209 67 226
class 0.31258827447891235 63 208 81 226
class 0.3146808445453644 77 208 93 226
class 0.322599321603775 90 208 106 226
class 0.3541087508201599 103 209 120 226
class 0.37948811054229736 116 209 133 227
class 0.31505462527275085 130 209 146 226
class 0.3267075717449188 142 209 159 226
class 0.3260740339756012 156 210 173 226
class 0.3878501355648041 169 209 186 226
class 0.3488326966762543 181 209 198 226
class 0.3243476450443268 194 209 212 226
class 0.24138881266117096 208 210 225 226
class 0.15570908784866333 220 210 235 225
class 0.30948907136917114 233 209 247 226
class 0.7917927503585815 1 223 16 239
class 0.3248864710330963 25 221 40 236
class 0.2503974437713623 37 221 53 237
class 0.2235698401927948 50 222 67 238
class 0.14150993525981903 64 221 80 237
class 0.20136456191539764 78 222 94 238
class 0.261771023273468 90 222 106 238
class 0.17814816534519196 103 222 119 238
class 0.21399493515491486 117 221 133 238
class 0.2659326493740082 129 222 146 239
class 0.1969543993473053 142 222 158 238
class 0.1490565538406372 155 222 172 238
class 0.16995276510715485 169 222 186 239
class 0.14407174289226532 182 222 199 238
class 0.22558417916297913 195 223 212 239
class 0.31073305010795593 208 223 224 239
class 0.359794944524765 232 223 247 240
class 0.7587705254554749 0 233 16 249
class 0.1421494334936142 10 232 27 248
class 0.3060750961303711 24 232 41 248
class 0.4221605658531189 37 231 54 248
class 0.5269483923912048 50 231 68 248
class 0.3327975571155548 63 232 81 248
class 0.5347391366958618 76 231 95 248
class 0.41795220971107483 90 231 108 248
class 0.5465250611305237 102 231 120 249
class 0.47471675276756287 116 231 134 248
class 0.39683467149734497 128 230 147 248
class 0.5393089652061462 142 231 160 249
class 0.49945902824401855 156 231 174 248
class 0.462769478559494 168 230 186 248
class 0.4950510561466217 182 231 200 248
class 0.5592401027679443 195 231 213 248
class 0.6184155941009521 207 230 225 248
class 0.26873698830604553 219 232 238 249
class 0.8909479975700378 232 232 249 249
