class 0.7258456945419312 0 3 17 18
class 0.32144594192504883 9 4 27 17
class 0.45391565561294556 22 4 40 18
class 0.4119756817817688 35 4 54 18
class 0.3483741581439972 49 4 67 18
class 0.4022652208805084 62 4 80 18
class 0.5017327666282654 76 4 95 17
class 0.5259722471237183 87 4 106 18
class 0.3629956841468811 102 4 120 17
class 0.5624305605888367 115 4 133 18
class 0.36050498485565186 127 4 146 18
class 0.43116456270217896 141 4 160 18
class 0.31296730041503906 166 3 186 18
class 0.47789984941482544 179 3 201 18
class 0.29584386944770813 206 3 226 18
class 0.3420103192329407 222 3 239 17
class 0.8023681044578552 231 2 249 18
class 0.743516206741333 1 9 16 26
class 0.23750442266464233 9 10 25 25
class 0.43073752522468567 23 10 40 25
class 0.5297433137893677 35 9 53 25
class 0.5856088399887085 49 10 66 26
class 0.4933303892612457 62 10 79 26
class 0.4781723916530609 75 10 92 26
class 0.5575708150863647 89 9 106 25
class 0.4889468252658844 101 10 118 26
class 0.4649209976196289 115 9 132 25
class 0.5102972984313965 128 9 145 25
class 0.48223620653152466 142 9 159 25
class 0.49901655316352844 154 9 172 25
class 0.3537576496601105 166 9 186 27
class 0.6740480661392212 194 8 214 26
class 0.5634937286376953 206 9 225 27
class 0.21926216781139374 233 9 247 27
class 0.14518798887729645 1 26 15 41
class 0.1790430098772049 35 25 53 41
class 0.20017774403095245 49 25 67 40
class 0.19285805523395538 62 25 79 41
class 0.17496435344219208 76 25 93 40
class 0.16770727932453156 88 25 105 41
class 0.182086780667305 102 25 119 40
class 0.2775375545024872 114 26 132 41
class 0.2303941398859024 128 26 145 41
class 0.20311224460601807 141 26 159 41
class 0.9928339123725891 184 27 202 45
class 0.2728241980075836 206 24 226 41
class 0.34277230501174927 233 23 247 41
class 0.5234360098838806 1 40 15 55
class 0.1592356562614441 23 39 40 54
class 0.21950042247772217 36 38 54 54
class 0.3192906379699707 49 37 67 54
class 0.3458631932735443 63 38 80 54
class 0.36850181221961975 76 38 93 55
class 0.30981841683387756 88 38 105 55
class 0.24021057784557343 102 38 119 55
class 0.35384249687194824 115 37 132 55
class 0.3669126629829407 129 38 145 55
class 0.4211820363998413 141 38 159 55
class 0.2776550352573395 182 34 198 51
class 0.28461116552352905 205 39 224 54
class 0.3130291700363159 233 37 247 54
class 0.2725697457790375 1 51 15 66
class 0.3778812289237976 24 51 40 66
class 0.36112481355667114 36 51 53 67
class 0.38216087222099304 49 51 66 68
class 0.4296034574508667 63 50 80 68
class 0.3428686559200287 76 50 93 67
class 0.324113130569458 88 50 105 68
class 0.28839752078056335 102 51 119 68
class 0.3204757273197174 116 50 133 68
class 0.30989089608192444 129 50 146 68
class 0.269819438457489 141 51 158 68
class 0.11506421118974686 168 50 186 68
class 0.42834901809692383 181 52 198 69
class 0.6998312473297119 194 50 212 68
class 0.301100492477417 206 51 224 67
class 0.20998576283454895 233 50 247 68
class 0.38560473918914795 1 66 16 81
class 0.1089102178812027 23 65 40 81
class 0.175492525100708 35 65 54 82
class 0.31948816776275635 50 64 67 81
class 0.3505776822566986 63 64 81 81
class 0.25599104166030884 76 64 94 82
class 0.1813078075647354 89 64 107 81
class 0.4217945337295532 102 64 120 82
class 0.3692862391471863 116 64 134 82
class 0.3505129814147949 129 63 147 82
class 0.47486376762390137 141 63 159 82
class 0.1672874242067337 154 62 173 82
class 0.1250709742307663 168 63 186 82
class 0.1542733758687973 181 62 199 81
class 0.18897341191768646 193 63 212 81
class 0.13508625328540802 207 65 225 80
class 0.1821412444114685 233 62 247 81
class 0.44447562098503113 1 78 16 94
class 0.12298040837049484 23 78 41 94
class 0.24128015339374542 36 77 54 94
class 0.40541568398475647 49 77 68 94
class 0.3882073163986206 63 77 81 94
class 0.39021024107933044 76 76 94 94
class 0.33005014061927795 88 78 107 95
class 0.32347825169563293 102 77 121 95
class 0.42172008752822876 115 77 134 95
class 0.2782507836818695 128 77 147 95
class 0.20166708528995514 142 76 160 95
class 0.14900335669517517 168 76 187 96
class 0.1894553154706955 194 78 213 95
class 0.1677115112543106 207 79 225 94
class 0.1811629831790924 233 76 247 95
class 0.25734806060791016 1 91 16 106
class 0.14456243813037872 23 92 41 107
class 0.17492498457431793 36 90 55 107
class 0.31287580728530884 49 90 68 107
class 0.4291345179080963 63 90 81 107
class 0.396535187959671 76 89 94 107
class 0.3679891526699066 89 89 107 107
class 0.4481380879878998 102 90 120 107
class 0.46758055686950684 115 90 134 108
class 0.5431532263755798 131 90 149 107
class 0.2460004985332489 141 89 159 107
class 0.9883296489715576 153 92 172 112
class 0.3199065625667572 169 87 188 108
class 0.29122480750083923 194 91 213 109
class 0.22263914346694946 208 91 225 107
class 0.21245425939559937 233 89 247 107
class 0.22647063434123993 1 105 16 120
class 0.10657614469528198 24 104 41 120
class 0.10831671208143234 35 103 54 121
class 0.27540990710258484 50 103 69 121
class 0.3102273643016815 62 102 81 121
class 0.16639938950538635 75 102 94 121
class 0.15274979174137115 89 103 108 121
class 0.3272845149040222 102 103 120 121
class 0.4880415201187134 116 103 133 121
class 0.4097711443901062 130 102 148 120
class 0.13277369737625122 141 103 160 121
class 0.20860415697097778 182 104 199 122
class 0.531622588634491 194 103 212 121
class 0.2242279350757599 207 104 225 119
class 0.12234418094158173 219 104 236 120
class 0.3280639946460724 233 103 247 121
class 0.19964003562927246 2 118 16 133
class 0.11742293834686279 23 118 41 134
class 0.1477658748626709 35 117 54 135
class 0.25679996609687805 51 116 69 134
class 0.3871062994003296 63 116 81 134
class 0.25746938586235046 75 116 94 135
class 0.30442649126052856 90 116 108 134
class 0.38127079606056213 102 116 120 134
class 0.49268385767936707 116 116 134 133
class 0.3530295193195343 128 116 146 134
class 0.49471330642700195 142 117 161 134
class 0.6686931848526001 154 117 173 134
class 0.30496492981910706 167 116 186 134
class 0.35115301609039307 180 117 199 134
class 0.4314134120941162 195 117 213 134
class 0.183029443025589 207 118 225 133
class 0.17518767714500427 233 115 248 133
class 0.32901686429977417 2 130 16 146
class 0.11982197314500809 23 130 41 146
class 0.2557448446750641 49 128 68 147
class 0.20641252398490906 62 129 82 148
class 0.2738959789276123 75 128 94 148
class 0.24028630554676056 89 129 107 148
class 0.4224567115306854 103 130 120 148
class 0.37445446848869324 115 130 132 148
class 0.21870887279510498 128 129 146 147
class 0.2932909429073334 142 129 160 147
class 0.34022051095962524 155 129 172 147
class 0.3280686140060425 168 130 186 147
class 0.28396475315093994 182 130 200 147
class 0.4195428192615509 194 130 213 147
class 0.21864457428455353 207 130 226 146
class 0.26605284214019775 233 129 248 147
class 0.13586364686489105 1 144 15 159
class 0.2653558850288391 48 141 68 161
class 0.15060420334339142 75 140 95 162
class 0.31674808263778687 90 142 108 161
class 0.40731269121170044 103 142 120 160
class 0.568309485912323 116 142 133 160
class 0.5137307643890381 129 143 146 161
class 0.38528233766555786 142 143 159 160
class 0.4027678966522217 154 144 172 161
class 0.37028586864471436 169 143 186 160
class 0.22714565694332123 182 142 199 160
class 0.3642536997795105 195 143 213 160
class 0.2688463628292084 207 144 226 160
class 0.29466092586517334 233 142 247 160
class 0.27319175004959106 2 158 16 173
class 0.2172713577747345 23 158 40 173
class 0.9920035600662231 61 157 80 178
class 0.23895563185214996 78 154 96 174
class 0.1629314422607422 90 155 108 174
class 0.29126524925231934 102 156 120 174
class 0.35390806198120117 116 157 133 174
class 0.5241392850875854 128 156 145 174
class 0.3233129382133484 143 157 160 173
class 0.7526066899299622 155 156 173 173
class 0.5730922818183899 168 156 186 173
class 0.27731943130493164 181 157 199 174
class 0.30580198764801025 195 156 213 174
class 0.2987173795700073 207 156 226 173
class 0.10117548704147339 220 157 237 173
class 0.2330799251794815 233 155 247 173
class 0.3153192102909088 1 171 15 186
class 0.28408223390579224 24 170 41 185
class 0.23662883043289185 37 169 55 185
class 0.13870835304260254 47 170 67 187
class 0.3367367684841156 90 170 107 187
class 0.3891449570655823 103 170 120 186
class 0.3723306357860565 115 169 133 186
class 0.4924164414405823 130 169 147 186
class 0.43311983346939087 142 171 159 187
class 0.40926283597946167 155 169 172 186
class 0.2674582004547119 168 169 186 186
class 0.2962005138397217 182 169 200 186
class 0.38292989134788513 195 170 213 186
class 0.305440753698349 207 170 226 186
class 0.12064957618713379 219 170 236 185
class 0.18129897117614746 233 169 247 186
class 0.32325929403305054 1 184 15 199
class 0.19564996659755707 23 183 40 199
class 0.104093998670578 37 183 54 199
class 0.39281031489372253 49 182 68 199
class 0.6317341327667236 63 183 81 200
class 0.449866384267807 75 182 94 199
class 0.5436564683914185 90 183 107 199
class 0.5229198932647705 102 183 120 199
class 0.4800891578197479 116 183 133 199
class 0.45295554399490356 129 183 146 200
class 0.42164599895477295 143 182 160 198
class 0.4379938244819641 155 182 172 199
class 0.37888863682746887 169 183 187 199
class 0.3920760750770569 182 183 199 200
class 0.5432160496711731 195 183 212 200
class 0.3258463442325592 208 183 226 199
class 0.2555956542491913 233 182 247 200
class 0.5298075675964355 1 197 15 213
class 0.1640375256538391 11 197 26 212
class 0.26422226428985596 23 197 40 212
class 0.14571444690227509 36 196 54 213
class 0.24828895926475525 50 196 68 213
class 0.3274914026260376 63 195 80 213
class 0.34501057863235474 76 196 94 213
class 0.44008582830429077 91 195 107 213
class 0.47341084480285645 103 196 120 213
class 0.4560914635658264 116 195 133 213
class 0.5327185392379761 129 195 146 212
class 0.580012321472168 142 196 159 213
class 0.386383056640625 155 196 172 213
class 0.41136205196380615 169 196 186 213
class 0.5005472302436829 183 196 200 213
class 0.4773159325122833 194 195 212 213
class 0.33585208654403687 207 195 225 212
class 0.12812772393226624 221 197 237 212
class 0.299972802400589 232 195 246 213
class 0.3079770505428314 2 209 15 225
class 0.20922265946865082 25 210 40 226
class 0.26613911986351013 37 210 54 226
class 0.3241574764251709 51 208 67 225
class 0.4917689561843872 63 209 80 226
class 0.3784181773662567 76 209 93 226
class 0.3967774510383606 90 209 107 226
class 0.3929879069328308 103 208 120 225
class 0.300577312707901 115 208 132 226
class 0.27474626898765564 129 209 146 226
class 0.3090972602367401 142 208 159 226
class 0.3303442895412445 156 209 173 226
class 0.43433383107185364 168 209 186 226
class 0.4931168854236603 182 209 200 227
class 0.44014889001846313 195 209 213 226
class 0.37092962861061096 207 210 225 226
class 0.14631997048854828 220 209 236 224
class 0.2748417854309082 232 207 246 225
class 0.8293629884719849 1 223 16 239
class 0.14291346073150635 37 222 53 238
class 0.15322373807430267 64 222 80 238
class 0.23904134333133698 77 222 94 238
class 0.33280807733535767 90 222 106 238
class 0.35647067427635193 103 222 120 238
class 0.23141367733478546 117 222 133 238
class 0.34946608543395996 129 222 145 238
class 0.22729721665382385 143 223 159 239
class 0.2305784970521927 156 223 172 239
class 0.21441467106342316 169 222 186 238
class 0.13198278844356537 182 222 199 238
class 0.24894142150878906 196 223 212 239
class 0.2043125033378601 208 223 224 238
class 0.31191307306289673 232 223 247 241
class 0.7634499073028564 0 232 17 249
class 0.19408731162548065 10 232 28 248
class 0.5004286170005798 23 231 41 248
class 0.4341166615486145 37 231 55 248
class 0.4422059655189514 50 232 68 248
class 0.5462392568588257 63 231 82 248
class 0.5166707634925842 76 231 94 248
class 0.4138478934764862 89 231 107 249
class 0.5876752138137817 102 231 121 249
class 0.43579840660095215 115 231 133 248
class 0.44925656914711 128 231 146 249
class 0.588164210319519 143 231 161 248
class 0.5304219126701355 154 231 172 248
class 0.6025185585021973 168 231 187 248
class 0.5726256370544434 181 231 200 249
class 0.5835831165313721 195 231 213 248
class 0.4656103253364563 206 231 225 248
class 0.2226511538028717 220 232 238 249
class 0.8678277730941772 232 232 249 249
