class 0.9148139357566833 1 3 17 18
class 0.2012227177619934 8 4 25 17
class 0.2698182761669159 21 4 40 18
class 0.49875327944755554 35 4 54 18
class 0.4841090142726898 48 4 67 18
class 0.5904996395111084 62 4 81 18
class 0.3829902708530426 75 4 94 18
class 0.5005771517753601 87 3 107 18
class 0.5558273792266846 101 4 120 18
class 0.5118826627731323 115 4 134 17
class 0.4555736482143402 127 4 146 18
class 0.3391125798225403 140 4 159 17
class 0.38425013422966003 154 4 173 17
class 0.35897499322891235 167 3 186 17
class 0.5206473469734192 180 4 199 18
class 0.6224009394645691 194 3 212 18
class 0.39503926038742065 207 4 225 18
class 0.5053983330726624 221 4 238 17
class 0.7175267338752747 232 3 249 18
class 0.4101108908653259 1 9 15 25
class 0.10757274180650711 10 10 26 25
class 0.38653260469436646 22 10 39 25
class 0.5049694180488586 35 9 53 25
class 0.5049325823783875 49 9 66 26
class 0.5917946696281433 62 9 80 25
class 0.5323255658149719 75 10 92 25
class 0.4564133286476135 88 9 105 25
class 0.45892101526260376 115 9 132 25
class 0.5297924280166626 128 9 145 25
class 0.5899294018745422 140 10 158 26
class 0.40519261360168457 154 9 171 25
class 0.4008725881576538 167 10 184 26
class 0.5149683356285095 181 9 198 25
class 0.6842644214630127 194 9 212 26
class 0.3977091312408447 208 10 224 25
class 0.2044823318719864 221 9 235 25
class 0.2951640188694 233 7 247 26
class 0.389731228351593 1 26 15 41
class 0.11608801782131195 35 26 53 41
class 0.20251473784446716 49 26 67 41
class 0.17633724212646484 62 25 79 40
class 0.30926916003227234 75 25 93 41
class 0.2629129886627197 87 26 105 41
class 0.14011402428150177 101 26 118 41
class 0.2899531424045563 115 26 132 41
class 0.31932875514030457 128 25 145 41
class 0.38610315322875977 141 25 159 40
class 0.1932339370250702 153 26 171 41
class 0.24214741587638855 166 25 185 41
class 0.2214028239250183 180 25 198 41
class 0.29546770453453064 194 25 212 41
class 0.20425377786159515 206 25 224 40
class 0.5783793330192566 233 24 248 43
class 0.16670091450214386 1 37 15 53
class 0.11609102785587311 22 39 41 54
class 0.20444045960903168 35 38 54 55
class 0.2113915979862213 48 37 67 55
class 0.20498189330101013 61 38 80 55
class 0.30461087822914124 75 38 93 55
class 0.3011643886566162 89 37 106 54
class 0.34674373269081116 101 38 119 54
class 0.42914047837257385 115 38 132 55
class 0.33841124176979065 129 38 146 54
class 0.3027002215385437 141 38 158 54
class 0.2719292938709259 154 37 172 54
class 0.2241986244916916 167 38 185 55
class 0.20324039459228516 181 38 199 55
class 0.32346203923225403 194 39 212 55
class 0.3077588379383087 206 39 224 54
class 0.10113432258367538 234 36 247 54
class 0.35951632261276245 2 52 16 68
class 0.20811116695404053 22 50 40 68
class 0.16922925412654877 36 50 55 69
class 0.27299097180366516 49 50 67 68
class 0.23510706424713135 62 50 79 68
class 0.1940603107213974 76 50 93 68
class 0.15495039522647858 89 50 107 68
class 0.1334526687860489 102 51 119 68
class 0.3070913553237915 116 50 133 68
class 0.42066317796707153 128 50 145 68
class 0.4723687171936035 142 51 159 68
class 0.3628072142601013 155 51 172 68
class 0.43647879362106323 168 50 185 68
class 0.2949000597000122 181 50 198 68
class 0.25947120785713196 194 51 212 68
class 0.22875118255615234 208 51 226 67
class 0.38783228397369385 219 52 236 67
class 0.5303114056587219 232 51 247 69
class 0.1744554042816162 25 63 43 81
class 0.11450482159852982 36 62 55 83
class 0.1383126676082611 49 63 68 82
class 0.16774967312812805 62 63 81 82
class 0.2521837651729584 76 64 94 83
class 0.279819518327713 90 64 108 82
class 0.3376307487487793 102 63 120 82
class 0.255874902009964 115 63 133 81
class 0.2652141749858856 128 64 146 81
class 0.3367745280265808 142 63 160 81
class 0.39631617069244385 155 64 173 81
class 0.37231409549713135 168 64 186 82
class 0.2215331494808197 181 64 199 81
class 0.3193138837814331 194 65 212 82
class 0.15812072157859802 207 65 225 80
class 0.163202166557312 233 63 247 81
class 0.9631324410438538 7 71 25 91
class 0.14535902440547943 49 75 69 96
class 0.28763827681541443 63 77 82 96
class 0.3271583020687103 75 76 94 95
class 0.29115602374076843 89 76 108 95
class 0.30454564094543457 102 76 121 96
class 0.25407519936561584 115 77 134 95
class 0.34434381127357483 128 76 147 94
class 0.42214837670326233 141 76 160 95
class 0.3047771155834198 154 76 173 94
class 0.3489079773426056 168 76 187 94
class 0.3049468696117401 181 76 200 94
class 0.3409017026424408 194 76 212 94
class 0.1787051111459732 207 78 225 94
class 0.3323524594306946 232 76 247 95
class 0.1152106299996376 0 92 16 107
class 0.9234938621520996 19 93 38 112
class 0.45592933893203735 37 87 56 108
class 0.19741731882095337 63 90 82 108
class 0.3072100877761841 77 90 95 109
class 0.24527902901172638 88 89 107 109
class 0.22842544317245483 102 87 121 108
class 0.2440033107995987 115 88 134 109
class 0.24405603110790253 128 89 147 108
class 0.36238381266593933 141 89 160 108
class 0.34230345487594604 154 90 173 108
class 0.2135528028011322 167 90 186 108
class 0.18522338569164276 182 89 200 107
class 0.19872264564037323 195 90 213 108
class 0.19012831151485443 206 91 225 107
class 0.16606418788433075 233 88 247 107
class 0.18885426223278046 37 104 56 121
class 0.2241620570421219 62 103 81 120
class 0.29592058062553406 76 101 95 120
class 0.5678309202194214 93 106 110 123
class 0.11893680691719055 99 103 119 124
class 0.44495347142219543 115 102 134 123
class 0.36949652433395386 128 103 147 122
class 0.3438251316547394 142 103 161 121
class 0.3943437933921814 156 102 174 121
class 0.39795997738838196 168 104 186 121
class 0.2514926493167877 180 104 199 121
class 0.3121957778930664 195 104 213 121
class 0.30414673686027527 207 105 225 121
class 0.20127923786640167 233 104 247 121
class 0.21938927471637726 22 118 39 133
class 0.15377174317836761 35 115 54 133
class 0.3082902729511261 49 116 68 133
class 0.1965538114309311 62 116 80 133
class 0.19313198328018188 77 116 95 134
class 0.9386423826217651 93 113 110 131
class 0.4700008034706116 116 116 135 135
class 0.43036726117134094 128 115 147 134
class 0.38665392994880676 142 116 160 134
class 0.3904915750026703 155 116 173 134
class 0.2763403356075287 167 116 186 134
class 0.21497036516666412 181 116 200 134
class 0.3106310963630676 194 117 212 134
class 0.29183968901634216 207 117 226 134
class 0.22133949398994446 232 115 247 134
class 0.24520789086818695 1 131 16 146
class 0.10964024066925049 23 130 40 146
class 0.105314701795578 35 130 54 148
class 0.19021762907505035 49 129 67 147
class 0.19120970368385315 62 130 81 147
class 0.14396962523460388 76 130 95 146
class 0.5584756135940552 88 131 106 148
class 0.5204813480377197 102 131 121 148
class 0.3274878263473511 114 129 133 147
class 0.16311483085155487 128 130 146 147
class 0.21531368792057037 142 130 160 148
class 0.3055717647075653 155 129 173 147
class 0.2412802278995514 168 129 187 147
class 0.200833261013031 181 129 200 147
class 0.2867344617843628 195 129 213 147
class 0.3282230496406555 208 130 226 146
class 0.1519031971693039 233 129 248 147
class 0.258169949054718 1 144 16 159
class 0.11925268173217773 36 143 54 161
class 0.24927206337451935 49 143 67 161
class 0.3388351500034332 63 142 81 160
class 0.2624918222427368 76 143 94 160
class 0.27828726172447205 88 142 107 160
class 0.3043919503688812 101 142 120 160
class 0.2661399245262146 116 143 134 160
class 0.20286056399345398 128 142 146 160
class 0.39170119166374207 142 142 159 160
class 0.5580877661705017 155 143 173 161
class 0.16020503640174866 167 142 185 162
class 0.11349613219499588 182 142 200 161
class 0.29215043783187866 195 143 213 161
class 0.2368544489145279 207 144 225 161
class 0.13785187900066376 234 141 248 159
class 0.19120514392852783 1 157 16 172
class 0.186975359916687 36 156 54 172
class 0.30314725637435913 49 156 67 173
class 0.3599388301372528 62 156 80 173
class 0.31175658106803894 76 156 93 174
class 0.18146514892578125 89 156 107 174
class 0.23737706243991852 102 157 120 174
class 0.23379738628864288 116 156 133 173
class 0.16740280389785767 128 156 146 173
class 0.10973034054040909 140 154 159 172
class 0.14529792964458466 171 153 189 173
class 0.21484221518039703 181 155 199 175
class 0.17016682028770447 194 155 213 174
class 0.16801667213439941 207 156 226 173
class 0.1697741597890854 233 156 247 175
class 0.3669703006744385 1 170 15 186
class 0.18939733505249023 36 170 54 187
class 0.22728416323661804 50 170 68 186
class 0.40685710310935974 62 169 80 186
class 0.41299232840538025 76 170 94 186
class 0.46231576800346375 89 170 107 187
class 0.3916305601596832 102 170 120 186
class 0.2485066056251526 115 169 132 186
class 0.9494167566299438 158 168 174 186
class 0.33975669741630554 181 169 199 188
class 0.18470869958400726 194 169 213 187
class 0.15959800779819489 208 171 227 187
class 0.14680613577365875 233 167 248 187
class 0.4098670482635498 2 183 16 199
class 0.19959087669849396 23 183 40 199
class 0.2728581428527832 37 182 54 199
class 0.3576345145702362 50 183 68 199
class 0.4370037615299225 63 182 81 199
class 0.40146374702453613 76 182 94 199
class 0.46204373240470886 90 181 107 199
class 0.45752570033073425 103 182 120 199
class 0.4733614921569824 116 182 134 199
class 0.2746773660182953 129 182 146 199
class 0.18867860734462738 143 182 160 198
class 0.31684818863868713 154 185 171 201
class 0.1764679253101349 168 185 187 201
class 0.16946673393249512 180 182 198 200
class 0.2517051100730896 232 179 248 199
class 0.452413946390152 1 197 15 212
class 0.21108023822307587 24 197 40 213
class 0.3514961302280426 38 196 55 213
class 0.48539096117019653 50 196 68 213
class 0.48092952370643616 63 196 81 214
class 0.38736701011657715 77 196 94 213
class 0.4537311792373657 90 195 107 213
class 0.4233226776123047 104 195 120 213
class 0.19562377035617828 116 196 133 213
class 0.20926281809806824 130 196 146 213
class 0.20122464001178741 143 196 160 213
class 0.38470399379730225 155 195 173 212
class 0.43583542108535767 167 195 186 213
class 0.21176031231880188 181 196 199 212
class 0.2015126347541809 195 196 212 213
class 0.9949583411216736 213 192 231 212
class 0.18564407527446747 232 195 248 213
class 0.2944645285606384 1 210 15 225
class 0.13108554482460022 24 210 39 226
class 0.30279019474983215 38 209 54 226
class 0.41023632884025574 51 208 68 226
class 0.45997199416160583 63 208 81 226
class 0.3512900769710541 77 209 94 227
class 0.48926156759262085 90 209 107 227
class 0.47977450489997864 104 208 121 226
class 0.4842238128185272 116 209 133 227
class 0.3508099317550659 129 208 146 226
class 0.23643885552883148 142 208 159 226
class 0.2087106853723526 156 209 173 226
class 0.23353560268878937 168 209 186 226
class 0.21506325900554657 181 210 198 226
class 0.2467348426580429 206 211 223 226
class 0.8189718127250671 1 224 17 239
class 0.10831590741872787 26 222 40 237
class 0.1727525144815445 38 222 53 238
class 0.15805570781230927 51 223 68 239
class 0.21126040816307068 64 222 81 238
class 0.18822789192199707 77 222 93 238
class 0.19223785400390625 90 221 106 238
class 0.18142227828502655 104 222 120 238
class 0.2692180871963501 117 221 133 237
class 0.13220933079719543 129 222 145 239
class 0.14054206013679504 143 222 159 239
class 0.21994005143642426 156 223 172 239
class 0.19209861755371094 169 223 185 239
class 0.15875732898712158 182 222 199 238
class 0.7994043827056885 0 232 17 249
class 0.19265872240066528 10 232 27 248
class 0.2520487308502197 24 232 41 248
class 0.5607801675796509 38 232 55 248
class 0.5934118032455444 50 231 68 248
class 0.45517709851264954 63 231 81 248
class 0.5780653357505798 76 231 94 248
class 0.4293256402015686 89 231 108 248
class 0.5051271319389343 101 231 120 248
class 0.3281724452972412 116 231 134 248
class 0.5338661670684814 129 231 147 248
class 0.6289372444152832 141 231 159 249
class 0.5831360220909119 155 230 173 248
class 0.5916381478309631 168 231 186 248
class 0.3616240620613098 181 232 200 248
class 0.4202192425727844 194 231 212 248
class 0.15415963530540466 206 232 224 248
class 0.8101905584335327 232 232 249 249
