class 0.7126137018203735 0 3 17 18
class 0.41934093832969666 9 4 26 18
class 0.3866431713104248 22 4 40 18
class 0.438912957906723 36 3 54 18
class 0.5616505146026611 49 3 68 17
class 0.5337585806846619 61 3 81 17
class 0.38758936524391174 73 2 94 18
class 0.7746232748031616 113 3 134 19
class 0.39070725440979004 126 3 146 18
class 0.3633418381214142 141 4 160 17
class 0.5075656175613403 153 4 172 17
class 0.5302034616470337 167 4 185 17
class 0.4499073624610901 180 4 199 17
class 0.5704910159111023 193 3 212 18
class 0.5366323590278625 207 4 226 18
class 0.23986384272575378 221 4 237 17
class 0.8117812871932983 232 2 249 18
class 0.7492757439613342 1 10 16 26
class 0.3992670476436615 23 10 39 24
class 0.545968770980835 36 9 53 25
class 0.7209756374359131 49 10 66 26
class 0.1973470151424408 62 9 78 24
class 0.13407756388187408 75 9 94 26
class 0.9930699467658997 93 6 110 25
class 0.43962183594703674 127 9 145 26
class 0.3382492661476135 141 10 158 26
class 0.4039287567138672 154 9 171 26
class 0.44964599609375 167 10 184 26
class 0.5301522016525269 180 9 198 26
class 0.6111790537834167 194 9 212 26
class 0.34558191895484924 207 9 224 25
class 0.12065883725881577 234 8 247 26
class 0.21627050638198853 1 25 15 40
class 0.17644181847572327 36 26 53 42
class 0.30768513679504395 49 24 67 40
class 0.223939910531044 61 25 79 41
class 0.19700951874256134 87 26 106 42
class 0.17713576555252075 101 27 121 43
class 0.18714264035224915 113 25 131 42
class 0.3313034474849701 128 26 146 42
class 0.26324301958084106 141 26 159 42
class 0.16198815405368805 153 25 172 41
class 0.20796240866184235 167 24 185 41
class 0.2217692881822586 179 25 198 42
class 0.23606836795806885 195 25 213 41
class 0.16366803646087646 207 26 225 41
class 0.16468371450901031 233 23 246 41
class 0.34292784333229065 1 40 15 55
class 0.1438145935535431 23 39 40 54
class 0.33390510082244873 35 38 53 55
class 0.3445001244544983 50 38 67 55
class 0.3777713477611542 62 37 80 54
class 0.1389138102531433 75 38 93 55
class 0.290026992559433 89 37 107 54
class 0.2682977318763733 101 36 119 53
class 0.3127673268318176 116 37 134 54
class 0.12369247525930405 141 36 160 54
class 0.5120961666107178 154 36 172 56
class 0.23929961025714874 167 37 185 55
class 0.3131524622440338 182 38 199 55
class 0.6047711372375488 195 39 212 55
class 0.18684932589530945 207 38 224 53
class 0.14861130714416504 233 37 246 55
class 0.2934556007385254 1 52 16 67
class 0.10012810677289963 23 52 39 67
class 0.2995176315307617 36 51 53 68
class 0.4490492045879364 50 52 67 69
class 0.3527315557003021 63 51 80 68
class 0.24921981990337372 75 51 93 69
class 0.3649348020553589 89 50 106 68
class 0.30200526118278503 102 52 119 68
class 0.24216818809509277 116 50 134 67
class 0.9818201661109924 137 48 155 68
class 0.49629950523376465 156 48 173 67
class 0.25066813826560974 168 50 186 68
class 0.35055169463157654 182 51 199 68
class 0.41146421432495117 195 50 212 68
class 0.18871711194515228 207 52 224 68
class 0.21065457165241241 233 48 247 67
class 0.4233012795448303 1 65 16 81
class 0.1911211907863617 36 64 54 81
class 0.393987238407135 50 63 68 80
class 0.4098253548145294 63 64 80 81
class 0.49948111176490784 76 64 93 81
class 0.4468490779399872 89 64 107 81
class 0.44000545144081116 102 64 119 81
class 0.21090660989284515 116 64 134 80
class 0.2865774929523468 127 64 146 81
class 0.4091273844242096 141 65 159 82
class 0.18569914996623993 153 64 173 82
class 0.24155138432979584 167 64 186 82
class 0.16591876745224 181 63 199 80
class 0.15284378826618195 208 63 225 80
class 0.12315109372138977 233 63 247 81
class 0.12595805525779724 1 77 15 92
class 0.11344253271818161 23 78 40 94
class 0.20082901418209076 36 78 54 94
class 0.31914955377578735 49 77 68 94
class 0.30018025636672974 63 76 81 94
class 0.4030144214630127 76 76 94 94
class 0.34314069151878357 89 77 107 94
class 0.31743595004081726 102 78 120 95
class 0.26424741744995117 115 78 133 95
class 0.4271778166294098 128 78 147 95
class 0.40456894040107727 141 76 160 94
class 0.37650370597839355 154 77 173 94
class 0.1160302460193634 168 77 187 94
class 0.9926919937133789 195 78 213 98
class 0.14673691987991333 209 76 227 93
class 0.10260676592588425 218 76 235 92
class 0.16761291027069092 233 76 247 94
class 0.17583729326725006 36 90 54 107
class 0.3755705654621124 49 90 68 107
class 0.36366575956344604 63 90 81 107
class 0.31965360045433044 76 90 94 107
class 0.2961810529232025 89 90 107 108
class 0.24231675267219543 102 89 120 107
class 0.31420135498046875 116 89 134 107
class 0.37479206919670105 128 90 146 107
class 0.2957095503807068 141 91 159 108
class 0.45039305090904236 155 91 173 107
class 0.16556626558303833 167 91 186 107
class 0.2028181105852127 179 92 199 109
class 0.20322175323963165 233 89 247 107
class 0.16614654660224915 1 105 16 120
class 0.1090187355875969 23 104 40 120
class 0.1981816291809082 36 104 54 121
class 0.29213666915893555 50 103 68 121
class 0.4017346501350403 63 103 81 121
class 0.2779948115348816 75 103 93 121
class 0.20096074044704437 90 102 108 120
class 0.25049519538879395 102 103 120 121
class 0.1971726268529892 115 103 133 121
class 0.23180535435676575 128 103 146 121
class 0.37139996886253357 142 103 159 120
class 0.39020970463752747 155 104 173 121
class 0.15838496387004852 167 104 185 121
class 0.2440144419670105 182 103 200 120
class 0.6678488850593567 194 103 213 120
class 0.23212964832782745 205 104 225 120
class 0.15037715435028076 233 102 247 120
class 0.30572330951690674 1 119 15 134
class 0.10522858053445816 23 118 40 133
class 0.19492827355861664 36 117 54 134
class 0.35411229729652405 50 117 68 134
class 0.28124722838401794 62 116 80 134
class 0.21485428512096405 76 116 94 134
class 0.18686355650424957 89 116 107 135
class 0.22076913714408875 102 115 120 135
class 0.20136217772960663 115 115 133 135
class 0.16948264837265015 128 116 146 134
class 0.35017815232276917 142 117 159 135
class 0.3433144688606262 155 116 173 134
class 0.24496224522590637 168 117 186 134
class 0.15512844920158386 180 118 199 135
class 0.24283826351165771 195 117 213 134
class 0.1254703253507614 207 117 226 133
class 0.10507231205701828 219 118 236 133
class 0.2602967321872711 233 117 247 135
class 0.32529252767562866 2 130 16 146
class 0.12020361423492432 23 130 40 146
class 0.22498509287834167 36 130 54 147
class 0.2594532370567322 50 129 68 147
class 0.2640296518802643 62 129 81 147
class 0.2479294091463089 76 129 95 148
class 0.23100055754184723 88 128 107 148
class 0.14388340711593628 102 127 121 148
class 0.14490601420402527 128 129 147 148
class 0.272931307554245 142 129 160 147
class 0.32531049847602844 155 130 173 147
class 0.35052773356437683 168 129 186 147
class 0.4558469355106354 181 129 199 146
class 0.34729817509651184 194 129 212 146
class 0.18782801926136017 207 130 226 146
class 0.18969838321208954 233 128 247 147
class 0.1784660816192627 1 145 16 159
class 0.13178658485412598 23 144 40 160
class 0.22228537499904633 36 143 54 160
class 0.4077412784099579 50 143 68 161
class 0.2900564968585968 62 143 80 161
class 0.20582455396652222 76 142 95 161
class 0.24216671288013458 116 141 134 162
class 0.14311063289642334 128 141 147 161
class 0.31290918588638306 142 143 160 161
class 0.4225810468196869 155 143 173 160
class 0.2947647273540497 168 143 186 161
class 0.284328430891037 181 144 199 161
class 0.287991464138031 194 144 213 160
class 0.15745122730731964 207 144 226 160
class 0.2577897608280182 233 141 247 160
class 0.3378028869628906 1 157 15 173
class 0.12683658301830292 36 156 55 173
class 0.3526206314563751 51 155 68 173
class 0.2573721706867218 62 156 81 172
class 0.18586665391921997 77 155 95 172
class 0.8691989779472351 94 153 110 171
class 0.36969029903411865 116 154 135 174
class 0.15459835529327393 129 155 147 173
class 0.33004164695739746 141 155 160 173
class 0.2902795076370239 155 156 173 173
class 0.457960844039917 168 155 187 173
class 0.42503994703292847 181 156 200 173
class 0.45362600684165955 194 156 213 173
class 0.2117302268743515 208 157 226 173
class 0.1239130049943924 220 157 237 172
class 0.2726908028125763 232 155 247 173
class 0.25680267810821533 1 170 15 186
class 0.17559033632278442 23 170 40 186
class 0.1566540151834488 36 170 54 186
class 0.24313007295131683 50 170 68 186
class 0.24848498404026031 63 170 81 186
class 0.35061168670654297 87 169 107 186
class 0.310849666595459 101 169 120 186
class 0.19186940789222717 128 170 147 187
class 0.3536958694458008 142 170 160 186
class 0.33116772770881653 155 170 173 186
class 0.31708675622940063 168 169 186 186
class 0.24626010656356812 181 168 199 186
class 0.4565281867980957 195 169 214 186
class 0.242649108171463 208 170 227 186
class 0.21857808530330658 233 168 247 186
class 0.3531821668148041 1 184 15 200
class 0.17285612225532532 24 183 40 199
class 0.2629026472568512 36 183 53 200
class 0.2344224601984024 51 183 68 199
class 0.3288790285587311 64 182 81 199
class 0.18733519315719604 76 183 94 199
class 0.2376113086938858 88 182 106 199
class 0.20659266412258148 102 183 120 200
class 0.3533382713794708 116 183 133 199
class 0.47875311970710754 129 182 146 199
class 0.5742842555046082 143 183 160 199
class 0.5331268906593323 155 183 173 200
class 0.5035107731819153 168 182 185 199
class 0.4906250834465027 182 183 199 200
class 0.37564918398857117 195 183 213 200
class 0.1963060051202774 207 183 225 199
class 0.3110443949699402 232 182 247 200
class 0.4006112217903137 1 196 15 212
class 0.16732051968574524 24 198 41 214
class 0.2633582651615143 36 196 54 215
class 0.2455025017261505 50 195 67 214
class 0.2115083783864975 64 195 81 213
class 0.28078901767730713 77 196 93 214
class 0.4016129672527313 89 197 105 214
class 0.34200647473335266 102 196 119 213
class 0.3178331255912781 116 196 133 213
class 0.4129345715045929 129 196 146 213
class 0.4224379062652588 143 195 160 212
class 0.46318238973617554 155 195 173 212
class 0.4447782039642334 169 196 186 213
class 0.5147430896759033 183 195 200 212
class 0.606180727481842 195 196 212 214
class 0.3870593309402466 207 197 225 213
class 0.12039946019649506 220 197 235 213
class 0.305586040019989 233 196 247 214
class 0.4061436057090759 1 209 15 225
class 0.28039711713790894 49 207 68 227
class 0.15893031656742096 64 208 81 226
class 0.2651768922805786 77 208 93 225
class 0.35750797390937805 90 208 106 226
class 0.40348130464553833 103 209 120 226
class 0.3338764011859894 116 209 133 226
class 0.3835350275039673 129 209 146 226
class 0.42052537202835083 142 210 159 227
class 0.3085157871246338 155 210 173 227
class 0.28786686062812805 169 209 186 226
class 0.36861321330070496 182 209 199 226
class 0.37599995732307434 195 209 211 226
class 0.21258486807346344 207 210 224 226
class 0.33930617570877075 233 207 247 225
class 0.6651054620742798 1 223 15 238
class 0.9854980707168579 31 219 50 238
class 0.13087451457977295 49 220 69 238
class 0.10212048888206482 77 223 93 239
class 0.12431293725967407 90 222 106 238
class 0.14830051362514496 103 222 119 239
class 0.1885450780391693 117 223 133 239
class 0.17801961302757263 129 223 146 239
class 0.19289734959602356 142 222 159 238
class 0.2751043438911438 156 222 173 238
class 0.19832609593868256 169 222 185 238
class 0.2724934220314026 182 222 198 238
class 0.4016311764717102 196 222 212 238
class 0.2660253643989563 207 223 224 239
class 0.24610425531864166 233 222 247 240
class 0.5462820529937744 0 233 16 249
class 0.2663285434246063 23 234 42 248
class 0.25001880526542664 34 232 55 248
class 0.24666260182857513 63 231 83 248
class 0.5167254209518433 76 231 95 248
class 0.4037119150161743 89 231 107 248
class 0.5728793144226074 102 231 120 249
class 0.5927770733833313 116 231 134 248
class 0.6032724976539612 129 231 147 248
class 0.5239038467407227 141 231 160 248
class 0.42637190222740173 155 231 173 248
class 0.45787355303764343 169 231 187 248
class 0.48060500621795654 181 231 199 248
class 0.5089701414108276 194 231 213 249
class 0.36451542377471924 207 231 225 249
class 0.21716666221618652 220 232 238 249
class 0.8680514693260193 232 232 249 249
