class 0.8201766610145569 0 3 17 18
class 0.3428828716278076 9 4 26 18
class 0.42639869451522827 22 4 40 18
class 0.565915048122406 35 3 54 18
class 0.48562178015708923 62 4 81 18
class 0.5737001895904541 75 4 93 18
class 0.5494875311851501 89 4 107 18
class 0.5468659400939941 100 4 119 18
class 0.59618079662323 115 4 133 17
class 0.5131403207778931 128 4 147 18
class 0.4309699237346649 140 4 160 17
class 0.5983290672302246 153 3 172 18
class 0.6186843514442444 167 4 186 18
class 0.6020097136497498 181 4 200 18
class 0.5682401061058044 193 3 212 18
class 0.4336172640323639 207 3 226 18
class 0.37696096301078796 220 4 237 18
class 0.7586799263954163 232 3 249 18
class 0.5805456042289734 1 9 16 25
class 0.11027321964502335 10 9 25 24
class 0.2823515832424164 22 10 38 25
class 0.4310282766819 35 9 53 25
class 0.5688965916633606 49 9 67 25
class 0.6212983131408691 62 9 80 26
class 0.58558189868927 75 9 92 26
class 0.4394415318965912 88 9 105 25
class 0.4763130247592926 101 10 119 26
class 0.5978959202766418 116 10 133 26
class 0.53352952003479 128 10 145 25
class 0.4481690526008606 141 10 158 25
class 0.5241550803184509 154 10 171 25
class 0.6237278580665588 167 9 185 26
class 0.5839018225669861 181 10 198 25
class 0.6512831449508667 194 9 211 25
class 0.5237363576889038 207 10 224 26
class 0.15088491141796112 220 9 235 25
class 0.21803991496562958 1 26 15 41
class 0.11107692122459412 22 26 39 40
class 0.11554508656263351 35 25 53 40
class 0.19573841989040375 49 26 66 41
class 0.32397592067718506 62 25 79 41
class 0.2506326138973236 75 25 93 41
class 0.25947070121765137 88 26 106 41
class 0.28335341811180115 102 25 119 41
class 0.28165769577026367 114 25 132 41
class 0.22161154448986053 128 26 145 41
class 0.3089451193809509 141 26 159 41
class 0.21791839599609375 153 27 171 42
class 0.2190093994140625 167 25 185 41
class 0.20748525857925415 180 26 198 42
class 0.2824349105358124 193 26 211 42
class 0.10629379749298096 207 25 225 40
class 0.41576874256134033 1 39 15 54
class 0.10904292017221451 35 38 53 54
class 0.34738096594810486 50 38 67 54
class 0.4240919351577759 62 39 80 55
class 0.2916441261768341 75 38 93 55
class 0.3938557207584381 89 38 106 54
class 0.4793907105922699 102 38 119 54
class 0.4416823089122772 115 38 132 54
class 0.3773095905780792 128 38 146 55
class 0.4403279423713684 142 37 160 54
class 0.6128935217857361 155 37 172 54
class 0.41337496042251587 167 35 184 53
class 0.20815764367580414 181 35 198 52
class 0.6959189176559448 195 36 212 54
class 0.4108371138572693 208 38 225 54
class 0.14431770145893097 220 38 235 53
class 0.19022603332996368 232 37 246 55
class 0.24782432615756989 2 52 16 67
class 0.15016603469848633 36 51 54 68
class 0.4202503263950348 49 50 67 67
class 0.49717241525650024 63 50 79 67
class 0.37991559505462646 76 51 93 68
class 0.4234543740749359 89 51 105 68
class 0.49627625942230225 103 52 120 69
class 0.5362399816513062 115 51 132 69
class 0.5311601161956787 129 51 145 68
class 0.4038639962673187 142 51 158 68
class 0.36529967188835144 157 50 173 67
class 0.12783855199813843 167 50 183 67
class 0.8309699296951294 180 52 197 70
class 0.34140151739120483 198 49 214 67
class 0.1765032857656479 208 51 225 66
class 0.13301993906497955 220 51 235 67
class 0.23326429724693298 233 49 247 67
class 0.3282375633716583 1 65 15 80
class 0.12260676175355911 23 65 41 81
class 0.1553531289100647 36 64 54 81
class 0.23777464032173157 49 63 67 80
class 0.41772106289863586 63 64 81 81
class 0.37812548875808716 76 63 93 81
class 0.40529993176460266 90 63 107 81
class 0.4232659637928009 102 63 120 81
class 0.4496089518070221 116 63 133 81
class 0.40998774766921997 129 63 146 81
class 0.4538968801498413 143 64 160 81
class 0.3602624535560608 156 63 173 81
class 0.20488549768924713 167 65 185 82
class 0.12574319541454315 181 65 198 82
class 0.15927709639072418 196 65 213 82
class 0.19799649715423584 207 65 225 81
class 0.20490097999572754 233 63 247 82
class 0.34586411714553833 1 78 15 94
class 0.1645520031452179 36 77 55 95
class 0.17776918411254883 49 78 67 96
class 0.2347394824028015 63 76 81 94
class 0.2470022439956665 76 76 94 95
class 0.3137226402759552 90 77 108 95
class 0.4854695498943329 103 78 120 96
class 0.420385479927063 116 78 133 95
class 0.47156551480293274 129 77 147 95
class 0.4303397834300995 142 77 159 95
class 0.35184964537620544 156 77 173 95
class 0.43685296177864075 169 77 186 94
class 0.6475237607955933 182 77 199 93
class 0.4032674729824066 193 77 212 94
class 0.29542893171310425 208 78 225 93
class 0.19365744292736053 220 78 236 93
class 0.36263054609298706 233 76 247 95
class 0.25450488924980164 1 91 15 107
class 0.2186034768819809 37 90 55 109
class 0.45472463965415955 50 89 68 109
class 0.4197244942188263 62 90 81 110
class 0.29651352763175964 76 90 93 109
class 0.3405112028121948 90 90 107 108
class 0.5479117035865784 103 89 121 107
class 0.42499443888664246 116 90 134 107
class 0.6327744126319885 129 90 146 108
class 0.556566596031189 142 90 159 108
class 0.3750859200954437 155 90 172 107
class 0.3287357687950134 169 90 186 107
class 0.29250165820121765 181 90 198 107
class 0.20604032278060913 194 90 212 107
class 0.1806585043668747 208 92 226 107
class 0.10615992546081543 220 92 236 107
class 0.2932356894016266 233 88 247 107
class 0.1295536309480667 1 104 15 120
class 0.200791597366333 10 103 28 120
class 0.26551106572151184 34 102 54 123
class 0.16047140955924988 49 100 69 121
class 0.13360312581062317 64 102 81 122
class 0.29878002405166626 78 102 96 120
class 0.7732740044593811 89 103 106 122
class 0.38090452551841736 103 103 120 120
class 0.2882077693939209 115 102 132 120
class 0.33789578080177307 129 102 146 120
class 0.23368477821350098 143 102 160 120
class 0.3724670112133026 156 104 173 120
class 0.5330460667610168 169 104 185 121
class 0.3599530756473541 181 104 198 121
class 0.38643357157707214 195 104 213 121
class 0.29717785120010376 208 104 225 120
class 0.15521563589572906 220 104 237 119
class 0.4279141128063202 232 103 247 122
class 0.2547689378261566 1 117 17 133
class 0.18630686402320862 38 114 56 133
class 0.1400069147348404 48 115 67 135
class 0.9332603216171265 66 114 83 133
class 0.4821522533893585 89 116 106 134
class 0.4515574276447296 103 116 120 133
class 0.5454590916633606 115 117 132 134
class 0.5776163339614868 130 118 146 134
class 0.23843345046043396 143 119 160 135
class 0.4893728196620941 154 118 171 135
class 0.5054970383644104 169 116 186 133
class 0.44368287920951843 182 117 199 134
class 0.3869164288043976 195 118 212 134
class 0.21879109740257263 207 118 225 133
class 0.13776035606861115 219 118 236 133
class 0.32762232422828674 233 115 248 134
class 0.9592617750167847 21 125 38 143
class 0.20425020158290863 37 130 56 147
class 0.23086822032928467 63 133 81 149
class 0.3405003845691681 75 132 93 148
class 0.5004886984825134 89 130 106 147
class 0.339460164308548 102 130 119 147
class 0.5060555934906006 116 129 133 147
class 0.6041178703308105 129 131 146 148
class 0.48123636841773987 142 131 159 147
class 0.5471962094306946 155 130 172 147
class 0.2976970076560974 167 130 185 147
class 0.34071946144104004 182 130 200 147
class 0.3757536709308624 195 130 212 147
class 0.2241460680961609 208 131 226 146
class 0.11329443007707596 220 131 236 146
class 0.3201858699321747 233 129 247 147
class 0.3299441337585449 21 145 39 160
class 0.11614466458559036 34 142 53 160
class 0.16704235970973969 50 143 69 160
class 0.5080108046531677 62 142 80 158
class 0.45826455950737 75 142 93 159
class 0.3433757424354553 90 144 106 160
class 0.27292922139167786 102 144 119 160
class 0.3798677623271942 116 143 133 160
class 0.42043232917785645 129 142 146 159
class 0.39962175488471985 142 143 160 160
class 0.5130331516265869 156 143 173 160
class 0.4216727316379547 168 144 186 161
class 0.28247907757759094 181 143 199 160
class 0.4213799834251404 195 143 212 160
class 0.18254710733890533 207 144 225 159
class 0.3172799050807953 232 142 247 161
class 0.10048986226320267 1 158 15 172
class 0.1951076239347458 22 156 40 171
class 0.12809991836547852 35 156 54 173
class 0.20260223746299744 50 156 68 173
class 0.43459615111351013 62 157 80 174
class 0.328177809715271 76 157 93 173
class 0.3963708281517029 89 156 106 173
class 0.4007183611392975 102 157 119 173
class 0.33402419090270996 115 157 133 174
class 0.31086698174476624 129 156 146 174
class 0.3491877615451813 142 157 160 174
class 0.40065139532089233 155 156 173 174
class 0.26843148469924927 168 155 186 173
class 0.2096223533153534 181 156 200 173
class 0.25508296489715576 194 156 212 173
class 0.22154994308948517 207 157 226 173
class 0.27086788415908813 233 155 248 173
class 0.19914506375789642 1 171 16 186
class 0.15363475680351257 23 171 40 186
class 0.1460457444190979 36 170 54 187
class 0.22790423035621643 50 169 67 186
class 0.5280165076255798 64 169 81 186
class 0.40722382068634033 76 169 93 186
class 0.3284252882003784 89 169 106 186
class 0.34349045157432556 103 169 120 186
class 0.3353770077228546 116 169 134 186
class 0.3347036838531494 129 169 147 186
class 0.39237499237060547 143 168 161 186
class 0.4193287789821625 155 168 173 186
class 0.19464422762393951 168 168 186 186
class 0.15456774830818176 181 168 200 186
class 0.2095639407634735 195 169 213 187
class 0.19862017035484314 207 170 225 186
class 0.2767716646194458 233 167 247 186
class 0.4358762204647064 1 183 16 199
class 0.35028210282325745 24 182 40 198
class 0.4598444402217865 37 183 54 200
class 0.47090426087379456 50 184 67 201
class 0.45090392231941223 63 183 80 199
class 0.5207251906394958 76 182 94 199
class 0.4756598472595215 89 183 106 200
class 0.4815748631954193 104 182 121 199
class 0.5527470707893372 116 182 133 200
class 0.3896990120410919 129 183 147 200
class 0.37362098693847656 143 182 160 200
class 0.5551671385765076 156 182 174 200
class 0.3828323483467102 167 183 187 202
class 0.1550019234418869 182 182 200 201
class 0.39654871821403503 196 182 213 200
class 0.37700754404067993 207 183 225 199
class 0.18149201571941376 233 183 247 200
class 0.5538568496704102 1 197 16 213
class 0.28467613458633423 24 197 40 212
class 0.38680803775787354 38 195 55 212
class 0.5194041728973389 51 194 68 211
class 0.5254488587379456 63 195 80 213
class 0.45507779717445374 77 195 94 213
class 0.4924950897693634 90 195 107 213
class 0.47180142998695374 103 196 120 214
class 0.35758644342422485 117 195 134 213
class 0.5810484886169434 130 195 147 213
class 0.6117281913757324 144 195 162 213
class 0.2873334288597107 153 194 171 212
class 0.3521384298801422 183 194 200 215
class 0.4493837058544159 195 195 213 213
class 0.3205135464668274 207 196 225 213
class 0.1083269864320755 220 196 236 212
class 0.37203317880630493 233 195 248 213
class 0.40233099460601807 2 210 16 226
class 0.16779592633247375 24 209 39 225
class 0.4166038930416107 38 209 54 226
class 0.41766366362571716 51 209 67 226
class 0.3661560118198395 63 210 80 227
class 0.3708544373512268 77 209 93 226
class 0.4584418833255768 91 209 107 226
class 0.4700663387775421 103 208 120 226
class 0.2805599272251129 116 209 133 226
class 0.35271164774894714 129 208 147 226
class 0.40899336338043213 144 208 162 225
class 0.9872178435325623 164 206 184 228
class 0.556465208530426 185 206 203 226
class 0.29210853576660156 194 208 211 225
class 0.19605065882205963 207 209 224 225
class 0.29761961102485657 232 208 246 225
class 0.8420341610908508 1 223 16 238
class 0.10990052670240402 11 222 26 237
class 0.15829923748970032 24 223 39 238
class 0.15550865232944489 38 223 54 239
class 0.2054789662361145 51 222 68 238
class 0.3469449579715729 64 222 81 238
class 0.289311945438385 76 223 92 239
class 0.1960589587688446 90 222 107 238
class 0.3600684106349945 104 222 120 239
class 0.3226342499256134 116 222 133 239
class 0.20376764237880707 129 223 146 239
class 0.1714227795600891 143 222 160 238
class 0.11802766472101212 154 224 171 239
class 0.3913255035877228 195 223 212 239
class 0.15597161650657654 207 224 223 239
class 0.2779833674430847 232 223 246 240
class 0.7361803650856018 0 233 17 249
class 0.1268494725227356 10 231 27 248
class 0.2997879683971405 24 231 41 248
class 0.5805758237838745 37 231 55 248
class 0.5502977967262268 50 232 68 249
class 0.5536028742790222 64 231 81 248
class 0.6339516043663025 76 230 94 248
class 0.42522990703582764 88 231 107 249
class 0.5185407400131226 103 231 121 249
class 0.4824920892715454 116 231 134 249
class 0.4790295362472534 128 231 147 248
class 0.325091689825058 140 232 159 248
class 0.46211493015289307 155 230 174 248
class 0.3896712362766266 167 230 187 247
class 0.22394147515296936 180 230 199 248
class 0.4270889461040497 195 231 213 249
class 0.37541553378105164 207 230 225 248
class 0.20354311168193817 220 232 238 249
class 0.8884371519088745 233 232 249 249
