class 0.7432209849357605 1 3 17 18
class 0.29775136709213257 9 4 26 17
class 0.30381497740745544 22 4 40 18
class 0.5353315472602844 36 4 54 18
class 0.5566205978393555 48 4 67 18
class 0.5566126704216003 61 3 81 18
class 0.5327414870262146 75 4 94 17
class 0.5897782444953918 87 3 107 18
class 0.505037248134613 101 4 120 18
class 0.49975475668907166 113 3 133 17
class 0.4804724156856537 127 3 147 17
class 0.7823647856712341 142 3 162 18
class 0.5012817978858948 180 2 201 18
class 0.2909921407699585 193 3 212 18
class 0.4438526928424835 221 4 237 18
class 0.6645566821098328 231 2 248 18
class 0.5791413187980652 1 10 15 26
class 0.15683390200138092 10 9 25 24
class 0.41058507561683655 23 10 40 25
class 0.5409296154975891 62 9 79 25
class 0.5857569575309753 75 10 93 26
class 0.5905780792236328 88 9 106 25
class 0.6661269664764404 102 9 119 25
class 0.7368286848068237 114 9 132 26
class 0.6698120832443237 127 10 146 27
class 0.5020808577537537 142 8 160 26
class 0.9967021942138672 163 8 183 27
class 0.4829181134700775 207 9 224 25
class 0.1058674156665802 233 9 246 27
class 0.1766590178012848 1 26 14 41
class 0.14288358390331268 35 26 53 41
class 0.21322928369045258 48 26 66 41
class 0.24949398636817932 61 25 79 41
class 0.3369238078594208 75 26 93 41
class 0.31293943524360657 88 26 107 42
class 0.1916046440601349 100 25 118 41
class 0.10879113525152206 114 23 133 40
class 0.21415787935256958 151 26 171 43
class 0.20765626430511475 206 25 223 40
class 0.21699416637420654 233 23 247 42
class 0.37839946150779724 1 39 16 54
class 0.17804817855358124 23 39 40 54
class 0.358135461807251 36 39 54 55
class 0.4979727864265442 49 38 67 55
class 0.3734980821609497 62 38 80 55
class 0.4553167223930359 76 38 93 55
class 0.4648198187351227 89 38 106 54
class 0.19468340277671814 101 37 118 54
class 0.1964932531118393 116 38 133 55
class 0.9911325573921204 131 36 147 53
class 0.3573239743709564 154 37 172 54
class 0.4323665499687195 167 36 185 53
class 0.20995670557022095 181 39 199 55
class 0.13735175132751465 194 39 212 54
class 0.44867444038391113 208 39 225 53
class 0.12572048604488373 220 39 235 53
class 0.2225123643875122 233 37 246 55
class 0.3135291039943695 1 52 15 67
class 0.15547655522823334 24 52 40 67
class 0.17388705909252167 37 51 54 68
class 0.3182443678379059 50 50 67 68
class 0.36697372794151306 62 51 79 68
class 0.4155479371547699 76 51 93 68
class 0.49724629521369934 89 51 106 69
class 0.2004930078983307 102 52 119 68
class 0.20791612565517426 127 52 144 68
class 0.19786585867404938 142 52 159 69
class 0.3994758725166321 154 50 171 68
class 0.1574726700782776 167 51 184 67
class 0.22870111465454102 182 53 199 69
class 0.35662809014320374 195 53 212 69
class 0.32735952734947205 207 51 224 67
class 0.12703628838062286 221 51 236 66
class 0.3924750089645386 233 49 247 68
class 0.3886203169822693 1 65 15 80
class 0.15257160365581512 23 65 39 81
class 0.30034103989601135 37 64 55 81
class 0.3477024734020233 50 64 67 81
class 0.3895995318889618 63 63 80 81
class 0.38202109932899475 76 63 93 81
class 0.5290835499763489 90 63 107 81
class 0.3440127372741699 103 64 120 81
class 0.26392480731010437 115 64 133 81
class 0.2055574506521225 128 64 145 81
class 0.2946585416793823 141 64 158 81
class 0.4571336507797241 156 65 172 82
class 0.3728932738304138 167 65 185 82
class 0.4533320367336273 181 64 199 81
class 0.5149545073509216 195 63 212 80
class 0.2584100067615509 207 65 224 80
class 0.18797846138477325 233 63 247 81
class 0.2473788559436798 1 79 15 94
class 0.15974114835262299 37 77 55 94
class 0.3019205331802368 50 77 68 94
class 0.5156223177909851 63 77 81 95
class 0.3197600543498993 76 77 93 95
class 0.2541523873806 89 77 107 95
class 0.4202527105808258 102 77 120 94
class 0.32336679100990295 115 77 133 94
class 0.29129675030708313 129 77 146 94
class 0.3346785008907318 141 78 159 94
class 0.3588939905166626 155 77 172 94
class 0.4217017590999603 168 78 186 95
class 0.3460777997970581 181 78 199 94
class 0.4062390923500061 194 78 212 94
class 0.1820157915353775 207 77 225 93
class 0.10409769415855408 220 78 237 93
class 0.2640264332294464 233 76 247 95
class 0.374772846698761 1 91 15 107
class 0.21911011636257172 36 91 54 108
class 0.3417104482650757 50 91 68 107
class 0.34648388624191284 63 90 80 108
class 0.3158896565437317 77 90 94 107
class 0.4094751477241516 89 90 107 107
class 0.3310343623161316 102 90 119 108
class 0.27582383155822754 116 91 133 108
class 0.3172737658023834 129 91 146 108
class 0.36492273211479187 142 91 159 108
class 0.3551427125930786 155 91 173 108
class 0.4161309003829956 168 91 186 108
class 0.31383004784584045 181 92 199 108
class 0.3968023359775543 194 91 213 108
class 0.15085351467132568 207 91 225 107
class 0.2460220903158188 232 88 247 106
class 0.45798006653785706 1 104 16 120
class 0.10021133720874786 23 104 39 119
class 0.22112607955932617 37 103 54 120
class 0.3307358920574188 50 102 68 120
class 0.4749372601509094 63 103 80 120
class 0.42780113220214844 77 104 94 121
class 0.3108426332473755 89 103 107 121
class 0.4729740023612976 103 103 120 121
class 0.47270211577415466 116 104 133 121
class 0.5841847062110901 128 104 145 121
class 0.41840842366218567 142 104 160 121
class 0.39981842041015625 155 104 173 121
class 0.37708327174186707 168 103 186 121
class 0.2554120719432831 182 103 200 120
class 0.3841591775417328 194 103 212 120
class 0.24498870968818665 208 104 226 120
class 0.15155771374702454 233 104 247 122
class 0.21647502481937408 2 118 16 133
class 0.15845264494419098 24 118 40 133
class 0.20723378658294678 36 117 54 134
class 0.2891506552696228 50 117 67 133
class 0.43887150287628174 64 116 80 133
class 0.49043673276901245 77 116 94 133
class 0.3160732388496399 89 117 106 134
class 0.3493748605251312 102 117 120 134
class 0.24812032282352448 116 116 133 133
class 0.3072609007358551 128 116 146 134
class 0.30616167187690735 142 116 160 133
class 0.3495303988456726 155 116 173 134
class 0.3402559161186218 168 117 186 134
class 0.2784552574157715 181 117 199 135
class 0.33834320306777954 194 116 213 134
class 0.19706985354423523 207 117 226 133
class 0.26268500089645386 220 117 237 133
class 0.41977742314338684 232 115 247 133
class 0.4247859716415405 1 131 15 147
class 0.1674521565437317 23 130 40 145
class 0.25163280963897705 36 130 54 147
class 0.35020050406455994 51 130 68 147
class 0.4620901644229889 63 130 80 147
class 0.432100385427475 77 130 94 147
class 0.3205146789550781 90 130 107 147
class 0.23138858377933502 102 129 119 147
class 0.18317775428295135 116 129 134 147
class 0.3731546401977539 129 129 146 146
class 0.33682340383529663 142 130 160 147
class 0.25423160195350647 155 129 173 147
class 0.19828446209430695 168 129 186 147
class 0.23023568093776703 181 128 200 147
class 0.24967145919799805 195 130 213 148
class 0.1171269565820694 207 130 225 147
class 0.2660343050956726 233 129 247 147
class 0.42716172337532043 1 144 15 160
class 0.15605299174785614 23 144 40 160
class 0.17638501524925232 37 143 54 160
class 0.3169773519039154 51 143 68 159
class 0.5227665901184082 63 142 80 159
class 0.422071248292923 77 142 94 159
class 0.3827964663505554 90 142 107 160
class 0.3605135977268219 103 143 120 161
class 0.3125793933868408 115 144 133 161
class 0.3331180512905121 130 143 147 160
class 0.3634156286716461 142 143 160 160
class 0.3189462721347809 156 143 173 160
class 0.29123908281326294 167 143 186 161
class 0.2358384132385254 181 143 200 161
class 0.3279602825641632 195 143 213 161
class 0.14436867833137512 207 143 226 159
class 0.2065790444612503 233 142 247 160
class 0.4768124520778656 1 158 16 173
class 0.13895776867866516 23 157 40 172
class 0.26193785667419434 37 157 55 174
class 0.3367777466773987 50 157 67 173
class 0.37664979696273804 62 156 80 173
class 0.2528199553489685 77 156 94 173
class 0.2600807249546051 90 156 107 173
class 0.3705233931541443 103 155 120 173
class 0.4395548403263092 115 155 133 173
class 0.33909234404563904 129 155 147 173
class 0.272981733083725 142 155 160 172
class 0.3197271227836609 155 155 174 173
class 0.2331426441669464 168 154 187 173
class 0.22848378121852875 181 155 200 173
class 0.3732834458351135 195 156 214 174
class 0.1506977379322052 207 156 225 173
class 0.18681810796260834 233 154 247 173
class 0.5644487738609314 1 169 16 186
class 0.16349254548549652 23 170 41 186
class 0.20172007381916046 36 169 54 186
class 0.3048446476459503 50 169 67 186
class 0.3498903810977936 64 168 81 185
class 0.44182759523391724 77 169 94 186
class 0.35266485810279846 89 169 107 186
class 0.21590669453144073 102 169 120 186
class 0.21185943484306335 115 168 133 186
class 0.30653464794158936 129 169 147 186
class 0.3352528512477875 142 170 160 187
class 0.35711756348609924 155 169 173 187
class 0.2111131250858307 169 169 187 187
class 0.23332108557224274 182 169 200 187
class 0.25804683566093445 194 169 213 187
class 0.18534834682941437 207 171 226 187
class 0.18814928829669952 233 168 247 187
class 0.5681480765342712 1 183 16 200
class 0.32032454013824463 23 183 41 200
class 0.3234379291534424 37 183 55 200
class 0.31162020564079285 49 183 67 200
class 0.37726378440856934 64 184 81 200
class 0.41827666759490967 76 182 93 200
class 0.39239487051963806 90 182 107 199
class 0.3924998939037323 103 182 120 200
class 0.38763684034347534 115 183 133 200
class 0.41887304186820984 130 182 147 200
class 0.43350815773010254 142 181 160 198
class 0.539775013923645 155 182 173 200
class 0.39080268144607544 169 182 187 200
class 0.3060905635356903 182 182 200 199
class 0.33593156933784485 195 184 212 201
class 0.28253623843193054 206 183 225 200
class 0.24257789552211761 233 181 248 200
class 0.14046648144721985 1 195 14 210
class 0.41919878125190735 25 194 42 212
class 0.228101909160614 37 195 54 213
class 0.33449116349220276 50 196 67 213
class 0.47917431592941284 64 195 80 213
class 0.5004733800888062 77 196 94 213
class 0.4660824239253998 90 196 107 214
class 0.5186106562614441 103 196 120 214
class 0.46725133061408997 116 196 133 213
class 0.39988240599632263 129 196 146 214
class 0.4718678593635559 143 197 160 214
class 0.43133994936943054 156 196 173 214
class 0.3221213221549988 169 196 186 213
class 0.3330709636211395 182 196 200 213
class 0.5588464140892029 195 195 213 213
class 0.4506734013557434 207 195 225 212
class 0.10531319677829742 220 195 237 211
class 0.24341844022274017 232 194 248 214
class 0.8992814421653748 8 203 25 221
class 0.11380302160978317 25 210 42 226
class 0.11785699427127838 37 209 53 226
class 0.1722828894853592 50 210 67 227
class 0.37653711438179016 64 210 80 227
class 0.4662777781486511 77 209 93 227
class 0.42278918623924255 91 209 108 226
class 0.37696924805641174 103 209 120 226
class 0.3982239365577698 116 208 133 226
class 0.4878096282482147 130 209 147 227
class 0.39557939767837524 142 209 159 226
class 0.392417311668396 155 209 172 226
class 0.3826049566268921 169 209 187 226
class 0.3018985092639923 182 209 198 226
class 0.3297950327396393 196 209 214 226
class 0.9847775101661682 216 211 235 230
class 0.14602500200271606 233 206 248 224
class 0.703279972076416 0 222 16 238
class 0.10150839388370514 11 224 27 238
class 0.31043851375579834 22 222 39 238
class 0.1101759672164917 51 222 67 238
class 0.22649410367012024 64 222 80 238
class 0.2923624515533447 77 222 93 239
class 0.19947460293769836 90 222 107 238
class 0.17309781908988953 103 222 120 238
class 0.11923360079526901 116 222 133 238
class 0.16967016458511353 130 222 146 238
class 0.29137951135635376 143 223 160 239
class 0.24787844717502594 155 222 172 238
class 0.26982370018959045 169 222 185 238
class 0.21341854333877563 182 222 199 238
class 0.364498496055603 196 221 214 237
class 0.1202668845653534 233 225 249 240
class 0.36799851059913635 0 233 16 249
class 0.10305426269769669 23 231 41 248
class 0.2891998589038849 37 231 55 249
class 0.3533390760421753 50 231 68 248
class 0.4125298857688904 63 231 81 248
class 0.5291560888290405 76 230 95 248
class 0.45695602893829346 89 231 108 248
class 0.6397984623908997 103 231 121 249
class 0.4990104138851166 116 231 134 248
class 0.5774997472763062 129 231 147 248
class 0.5942121744155884 142 230 161 248
class 0.42009440064430237 155 231 173 248
class 0.4916149973869324 168 232 187 249
class 0.3813198506832123 181 232 199 249
class 0.25697600841522217 194 232 212 249
class 0.21842560172080994 206 233 226 248
class 0.23048295080661774 219 234 239 249
class 0.8730067610740662 231 231 249 249
