class 0.8237767219543457 0 2 17 17
class 0.30885833501815796 8 3 28 17
class 0.7761615514755249 21 3 43 18
class 0.49855518341064453 34 3 55 18
class 0.5842304229736328 48 3 68 18
class 0.40477731823921204 63 4 81 17
class 0.6097338795661926 75 4 94 18
class 0.5047412514686584 88 3 106 17
class 0.45510682463645935 102 4 121 17
class 0.5880512595176697 114 3 133 18
class 0.5755341053009033 128 4 147 18
class 0.48823264241218567 140 4 159 18
class 0.46043679118156433 153 3 172 17
class 0.5329509973526001 167 3 186 17
class 0.4656064510345459 181 4 200 17
class 0.47074297070503235 194 3 212 17
class 0.6248719096183777 206 4 225 18
class 0.415133535861969 222 4 238 18
class 0.8445890545845032 231 3 248 19
class 0.5806940793991089 1 9 17 26
class 0.2283783107995987 36 9 54 27
class 0.5429008603096008 50 9 67 26
class 0.6944588422775269 62 10 80 26
class 0.6178205013275146 75 9 92 25
class 0.602353572845459 89 11 105 26
class 0.6299131512641907 102 10 119 26
class 0.5006004571914673 115 9 132 25
class 0.5639258027076721 129 9 146 25
class 0.6750441789627075 141 10 158 26
class 0.432815283536911 154 10 171 26
class 0.44891101121902466 167 10 184 26
class 0.5616791248321533 181 10 199 25
class 0.5544591546058655 195 10 211 25
class 0.37631961703300476 207 9 223 25
class 0.9847343564033508 17 21 37 39
class 0.17775674164295197 36 25 55 41
class 0.20298784971237183 49 25 66 41
class 0.21351605653762817 61 25 79 41
class 0.16504381597042084 75 26 92 41
class 0.22747574746608734 88 25 106 41
class 0.29775333404541016 101 26 119 41
class 0.24842111766338348 114 27 131 42
class 0.21812833845615387 128 27 145 42
class 0.3529825210571289 141 25 158 41
class 0.22827431559562683 154 25 171 41
class 0.23885218799114227 167 26 185 41
class 0.3088141679763794 180 27 198 42
class 0.21589305996894836 194 25 212 41
class 0.16493380069732666 206 26 225 41
class 0.2666673958301544 233 24 247 42
class 0.13064581155776978 1 40 15 53
class 0.2549639046192169 49 38 67 55
class 0.40927743911743164 62 39 79 55
class 0.2696574628353119 75 38 92 54
class 0.3267793357372284 90 38 107 54
class 0.3194316625595093 102 37 118 54
class 0.43057000637054443 116 38 132 54
class 0.4553883671760559 128 37 145 54
class 0.396933376789093 141 38 158 54
class 0.2659851610660553 154 38 171 55
class 0.26569756865501404 168 38 185 54
class 0.3416840434074402 181 37 198 54
class 0.4047705829143524 194 39 212 55
class 0.2971562147140503 207 39 225 54
class 0.2901189625263214 233 36 247 55
class 0.269684761762619 1 52 15 66
class 0.131600022315979 22 51 39 66
class 0.16578488051891327 35 51 53 68
class 0.24089780449867249 50 50 67 67
class 0.5206553936004639 63 51 79 68
class 0.43611881136894226 76 51 93 68
class 0.44408634305000305 89 51 105 68
class 0.41153302788734436 103 52 119 68
class 0.393573522567749 115 51 131 68
class 0.3743472099304199 129 51 145 68
class 0.3074670433998108 142 50 158 68
class 0.3973607122898102 155 51 172 68
class 0.3215324282646179 168 51 184 68
class 0.22064413130283356 182 51 198 68
class 0.33906105160713196 195 51 211 68
class 0.21722878515720367 208 52 225 67
class 0.13179990649223328 220 52 236 67
class 0.44697633385658264 232 50 247 68
class 0.15331628918647766 1 65 15 80
class 0.13455943763256073 35 65 53 82
class 0.23645953834056854 49 64 67 82
class 0.3852846026420593 64 64 81 81
class 0.3555031418800354 76 64 93 81
class 0.3620726466178894 89 64 106 81
class 0.3926999270915985 104 63 120 81
class 0.323906272649765 115 63 132 81
class 0.2758937478065491 129 63 146 81
class 0.2889550030231476 142 64 159 82
class 0.29856398701667786 155 63 172 81
class 0.2705765962600708 168 63 185 81
class 0.25282666087150574 182 63 199 81
class 0.3728542625904083 195 65 212 82
class 0.2236151248216629 207 65 225 81
class 0.2075432389974594 233 62 247 81
class 0.29890361428260803 1 79 15 94
class 0.1437191665172577 23 78 40 94
class 0.24311333894729614 36 78 53 95
class 0.2605781853199005 50 77 67 94
class 0.3499627113342285 63 77 80 94
class 0.3623998165130615 77 77 94 94
class 0.3335191011428833 90 77 107 94
class 0.35316985845565796 103 76 120 94
class 0.30006396770477295 116 76 133 94
class 0.3159635365009308 129 77 146 95
class 0.34573855996131897 142 77 159 94
class 0.46501660346984863 155 77 172 95
class 0.21047896146774292 168 77 186 95
class 0.26580166816711426 196 77 213 94
class 0.19203618168830872 206 78 225 94
class 0.3097950518131256 233 76 248 95
class 0.2559492588043213 1 91 16 107
class 0.26944801211357117 36 90 53 107
class 0.31228330731391907 50 90 68 107
class 0.3347053527832031 63 90 81 107
class 0.4102973937988281 76 90 93 107
class 0.34221380949020386 89 90 107 108
class 0.3975704312324524 102 90 120 108
class 0.2775512933731079 116 90 133 108
class 0.3343161344528198 128 90 146 108
class 0.3521341383457184 142 90 159 108
class 0.257712185382843 155 89 172 107
class 0.2216077446937561 168 89 186 108
class 0.11737164855003357 181 90 199 108
class 0.3051930069923401 195 91 213 109
class 0.18201054632663727 208 91 226 107
class 0.19572925567626953 234 89 248 107
class 0.199021577835083 1 105 16 120
class 0.1744193136692047 36 104 54 121
class 0.29657992720603943 49 104 67 121
class 0.19775325059890747 63 103 81 120
class 0.2537297308444977 76 103 93 120
class 0.36107972264289856 89 103 107 121
class 0.3016737401485443 103 103 120 120
class 0.27430590987205505 115 103 133 120
class 0.3344426453113556 129 103 146 121
class 0.26972460746765137 142 103 159 120
class 0.19856446981430054 155 104 173 121
class 0.22030986845493317 168 104 186 122
class 0.11714145541191101 181 104 199 122
class 0.2711392641067505 195 103 213 121
class 0.2658500075340271 208 104 227 121
class 0.10362912714481354 219 105 235 120
class 0.18168100714683533 234 103 248 121
class 0.19142992794513702 2 118 16 133
class 0.17404989898204803 23 118 40 134
class 0.14386363327503204 36 117 54 134
class 0.23591288924217224 49 116 67 133
class 0.24333001673221588 63 116 81 134
class 0.24761196970939636 76 117 93 134
class 0.2494306117296219 89 116 107 134
class 0.2569202482700348 102 117 120 134
class 0.2682342529296875 115 117 133 134
class 0.29840928316116333 129 116 146 133
class 0.33122017979621887 142 116 159 133
class 0.3677852153778076 155 116 173 133
class 0.4548533260822296 168 115 186 133
class 0.3356983959674835 181 116 199 134
class 0.32063382863998413 195 117 213 134
class 0.20318175852298737 207 116 225 132
class 0.24039344489574432 233 116 247 134
class 0.15068630874156952 1 132 16 147
class 0.13103286921977997 23 130 41 146
class 0.1761203408241272 35 130 54 147
class 0.24746286869049072 49 130 68 147
class 0.2788506746292114 62 129 80 147
class 0.3025977909564972 76 130 94 147
class 0.302441269159317 90 130 107 147
class 0.3298311233520508 103 130 120 147
class 0.365803986787796 115 129 133 147
class 0.3240649998188019 129 130 146 147
class 0.3649980127811432 142 130 159 147
class 0.3333893120288849 155 129 172 147
class 0.2691657841205597 168 129 186 147
class 0.22833213210105896 181 129 200 147
class 0.2060750275850296 194 130 213 147
class 0.30256128311157227 233 129 247 148
class 0.542187511920929 1 143 16 159
class 0.1122579574584961 36 142 54 160
class 0.23467710614204407 49 143 68 160
class 0.31620538234710693 63 143 81 160
class 0.40277767181396484 76 143 94 160
class 0.30033552646636963 89 142 107 160
class 0.3423343896865845 102 142 120 160
class 0.1858532428741455 115 142 133 160
class 0.18759840726852417 129 143 146 160
class 0.2819313704967499 142 142 159 160
class 0.29107221961021423 156 142 173 160
class 0.34010425209999084 168 142 186 160
class 0.26223820447921753 181 142 200 160
class 0.37466391921043396 195 143 213 161
class 0.2358214259147644 207 144 226 160
class 0.19444282352924347 233 141 247 160
class 0.17946432530879974 2 157 16 172
class 0.14213071763515472 36 157 55 174
class 0.22894449532032013 49 156 67 173
class 0.2751804292201996 63 156 82 173
class 0.3360401690006256 76 155 95 173
class 0.27439823746681213 88 156 107 173
class 0.236290842294693 103 155 121 173
class 0.22535067796707153 116 156 134 174
class 0.40557578206062317 130 157 147 174
class 0.38439059257507324 142 156 159 174
class 0.3010215759277344 155 156 173 173
class 0.325657457113266 168 155 186 173
class 0.20334374904632568 182 156 200 173
class 0.5479065179824829 195 156 213 173
class 0.5625023245811462 208 157 226 173
class 0.16528767347335815 220 156 237 171
class 0.23616957664489746 232 154 247 174
class 0.32894930243492126 1 171 15 186
class 0.10280732810497284 24 170 41 186
class 0.1735483705997467 36 169 55 186
class 0.3385102450847626 49 169 68 186
class 0.35987386107444763 63 169 81 186
class 0.3263709843158722 76 169 95 186
class 0.29982900619506836 90 168 108 186
class 0.3670884668827057 103 169 121 187
class 0.43967583775520325 115 169 133 187
class 0.2483619898557663 129 169 147 187
class 0.3710334897041321 143 169 161 187
class 0.29007747769355774 155 169 173 187
class 0.24270419776439667 169 169 186 186
class 0.2327563464641571 182 170 199 187
class 0.6643217206001282 197 171 215 187
class 0.22718563675880432 234 167 248 185
class 0.30284908413887024 1 183 15 199
class 0.17927078902721405 24 183 40 199
class 0.21624605357646942 37 183 55 200
class 0.30034834146499634 50 183 68 200
class 0.43554258346557617 63 183 81 200
class 0.5000076293945312 77 182 94 200
class 0.44859635829925537 90 183 108 200
class 0.39450329542160034 103 182 122 199
class 0.21057094633579254 114 180 132 199
class 0.36500874161720276 143 181 160 200
class 0.33775800466537476 156 181 173 200
class 0.3777563273906708 170 182 187 200
class 0.611537516117096 182 182 199 200
class 0.6635426878929138 196 182 213 199
class 0.8762509822845459 217 179 236 197
class 0.29773378372192383 234 183 249 200
class 0.30157703161239624 1 197 15 213
class 0.2867264449596405 25 197 41 213
class 0.2330930233001709 37 195 54 213
class 0.3898048400878906 50 195 68 213
class 0.49718257784843445 63 195 80 213
class 0.4281838834285736 77 195 94 213
class 0.6487127542495728 90 195 108 214
class 0.5061948299407959 103 195 122 213
class 0.9976378083229065 125 195 144 217
class 0.42995908856391907 143 195 163 214
class 0.21143361926078796 155 196 174 215
class 0.5016762018203735 167 196 186 215
class 0.36386656761169434 181 196 200 215
class 0.2671109735965729 195 196 213 214
class 0.17070189118385315 205 197 224 214
class 0.2311224341392517 220 199 237 214
class 0.38336673378944397 232 195 247 213
class 0.42570602893829346 1 209 15 226
class 0.28366971015930176 25 209 40 226
class 0.22623656690120697 37 209 53 226
class 0.2768447697162628 50 210 67 227
class 0.31285592913627625 64 209 81 226
class 0.4739972949028015 77 209 94 226
class 0.5306618213653564 89 209 107 227
class 0.16542404890060425 102 208 121 226
class 0.30119118094444275 154 207 175 227
class 0.12973864376544952 167 205 186 225
class 0.12175485491752625 207 209 225 225
class 0.16784338653087616 220 209 235 224
class 0.3065216839313507 233 208 247 226
class 0.7198707461357117 1 223 16 239
class 0.10917302221059799 25 222 40 238
class 0.13774405419826508 37 223 53 239
class 0.23399515450000763 51 222 68 238
class 0.30982470512390137 64 222 80 238
class 0.29051464796066284 77 223 93 239
class 0.21243509650230408 90 222 107 238
class 0.1051478385925293 117 222 135 238
class 0.9985799193382263 137 224 157 243
class 0.9982544779777527 178 224 197 243
class 0.29717180132865906 232 223 246 240
class 0.8038479089736938 0 233 17 249
class 0.15546371042728424 10 232 27 248
class 0.2751997709274292 24 232 42 248
class 0.48198747634887695 37 230 55 248
class 0.3986305296421051 49 232 68 249
class 0.48007315397262573 63 231 82 249
class 0.5847814679145813 76 231 94 248
class 0.5250964760780334 88 231 107 249
class 0.30531013011932373 102 232 121 248
class 0.19464221596717834 116 232 135 247
class 0.2799125909805298 205 231 225 248
class 0.2072526216506958 220 232 238 248
class 0.8490635752677917 232 232 248 249
