class 0.8926362991333008 0 2 17 18
class 0.32171618938446045 8 4 26 18
class 0.6536399126052856 22 4 41 18
class 0.5274562239646912 35 4 53 18
class 0.5255581736564636 48 3 67 18
class 0.534622848033905 62 3 81 18
class 0.6022078990936279 75 3 93 18
class 0.5672237277030945 88 4 107 18
class 0.5036503076553345 101 4 120 18
class 0.4966638386249542 114 3 133 17
class 0.42790350317955017 128 4 147 17
class 0.36009904742240906 141 4 159 17
class 0.3745153844356537 154 4 173 18
class 0.3712168335914612 167 4 185 17
class 0.43673840165138245 180 4 198 18
class 0.446586936712265 194 4 213 18
class 0.1918298304080963 221 4 237 17
class 0.8164794445037842 232 2 249 18
class 0.6343705654144287 1 9 16 26
class 0.46677395701408386 23 9 39 24
class 0.466691792011261 49 9 66 25
class 0.5619968175888062 62 9 79 25
class 0.5750679969787598 75 9 92 25
class 0.5962994694709778 89 9 106 25
class 0.5316108465194702 102 9 119 25
class 0.49571481347084045 115 9 132 25
class 0.5625978708267212 128 9 145 25
class 0.5447515249252319 141 9 158 25
class 0.6132559180259705 154 9 172 25
class 0.6664325594902039 167 10 185 26
class 0.5746506452560425 180 10 198 26
class 0.5768682360649109 194 9 211 26
class 0.5276818871498108 208 8 224 25
class 0.10472767055034637 220 10 234 25
class 0.1976243108510971 234 8 247 26
class 0.30101457238197327 1 25 15 40
class 0.1248948872089386 35 26 52 41
class 0.1416909545660019 49 26 66 41
class 0.2576536238193512 62 26 79 41
class 0.22414140403270721 75 26 92 41
class 0.19495689868927002 89 26 106 41
class 0.32568153738975525 102 26 119 42
class 0.28281623125076294 114 26 132 41
class 0.2967240810394287 128 26 145 41
class 0.18938936293125153 141 26 158 41
class 0.16646726429462433 154 26 172 41
class 0.186200350522995 167 25 185 41
class 0.22251316905021667 180 26 198 41
class 0.2385682761669159 194 26 212 41
class 0.17417630553245544 234 24 247 42
class 0.16440758109092712 1 39 15 54
class 0.17610342800617218 49 38 67 54
class 0.3811495304107666 62 38 79 55
class 0.41464394330978394 76 38 93 55
class 0.5384199023246765 89 39 106 55
class 0.5160607695579529 102 37 119 54
class 0.46720319986343384 115 37 132 54
class 0.4257359802722931 128 37 145 54
class 0.3598209023475647 142 38 159 54
class 0.38087737560272217 155 38 173 54
class 0.3799739181995392 167 38 185 55
class 0.4606856107711792 181 38 199 54
class 0.5507592558860779 193 38 211 55
class 0.2671290338039398 207 39 225 54
class 0.10230845212936401 220 39 236 53
class 0.26117318868637085 233 35 247 54
class 0.18546424806118011 0 51 16 67
class 0.2752097547054291 50 51 67 69
class 0.43499040603637695 63 51 79 68
class 0.31656378507614136 76 51 93 68
class 0.38891956210136414 89 50 106 68
class 0.34366971254348755 102 51 119 68
class 0.3910880386829376 116 51 133 68
class 0.4549751281738281 129 51 145 68
class 0.4807184338569641 142 51 159 68
class 0.40587276220321655 155 50 172 68
class 0.35227862000465393 168 50 185 67
class 0.2395934909582138 181 50 199 67
class 0.34266507625579834 194 50 212 67
class 0.26510289311408997 208 51 225 67
class 0.1719108521938324 233 50 246 69
class 0.14486299455165863 50 63 68 81
class 0.34236428141593933 63 63 80 81
class 0.349202960729599 76 64 93 81
class 0.39194852113723755 90 64 107 81
class 0.3836926221847534 102 64 120 81
class 0.3986946940422058 115 64 133 81
class 0.4372505843639374 128 65 146 81
class 0.4176217317581177 142 64 159 81
class 0.3808402419090271 155 64 172 81
class 0.3510534167289734 168 64 186 81
class 0.3099982738494873 181 64 199 82
class 0.400438129901886 195 64 213 81
class 0.20305663347244263 207 64 225 80
class 0.21283024549484253 233 63 247 82
class 0.9884741306304932 14 79 32 96
class 0.19193094968795776 36 76 54 95
class 0.1748119592666626 49 77 67 95
class 0.26690414547920227 63 77 80 94
class 0.4588330388069153 77 78 94 94
class 0.4668183922767639 89 77 107 94
class 0.3617120087146759 102 77 120 94
class 0.388910710811615 115 77 133 94
class 0.5191366672515869 128 76 146 94
class 0.44782695174217224 142 77 160 94
class 0.3132592439651489 155 77 173 94
class 0.3577565848827362 168 77 186 94
class 0.36660972237586975 181 77 199 94
class 0.4145093858242035 195 78 213 94
class 0.24816922843456268 208 79 226 94
class 0.2635401785373688 233 75 247 94
class 0.116447813808918 49 90 68 107
class 0.29366040229797363 63 91 81 107
class 0.461052268743515 76 90 94 107
class 0.46394088864326477 89 90 107 108
class 0.37426549196243286 102 90 120 108
class 0.38757312297821045 115 89 133 108
class 0.434596449136734 129 90 147 108
class 0.35326164960861206 142 90 160 107
class 0.2849576473236084 155 90 173 107
class 0.3145303726196289 168 90 187 108
class 0.3521265685558319 181 89 199 107
class 0.45785900950431824 195 90 213 107
class 0.27093377709388733 207 90 226 106
class 0.2608277499675751 232 89 247 108
class 0.10385357588529587 2 105 17 120
class 0.1697247475385666 9 105 26 120
class 0.12164897471666336 22 104 40 119
class 0.20364712178707123 50 105 68 121
class 0.30037394165992737 63 104 80 121
class 0.4135127663612366 76 104 94 121
class 0.39441147446632385 89 104 107 121
class 0.39786747097969055 102 104 120 121
class 0.3081243336200714 115 103 134 121
class 0.43558764457702637 129 103 147 120
class 0.512001633644104 142 103 160 121
class 0.3000169098377228 155 104 173 122
class 0.1914428323507309 167 103 186 121
class 0.1511625051498413 181 102 199 121
class 0.3009413182735443 196 102 214 121
class 0.20402520895004272 207 104 225 120
class 0.1948496252298355 233 102 247 121
class 0.2080242782831192 2 118 15 133
class 0.18000157177448273 50 116 68 133
class 0.276200532913208 64 116 81 133
class 0.3346672058105469 76 116 94 133
class 0.44046008586883545 90 116 107 133
class 0.4461509585380554 102 117 120 134
class 0.33421361446380615 115 118 134 135
class 0.42353418469429016 129 117 147 135
class 0.4265241324901581 142 116 160 134
class 0.32778769731521606 155 115 174 134
class 0.3075338304042816 167 116 186 134
class 0.25568023324012756 180 118 199 136
class 0.4034663736820221 196 118 214 135
class 0.257487028837204 207 118 226 134
class 0.1573268473148346 233 115 248 135
class 0.15905506908893585 1 132 15 147
class 0.2540327310562134 50 130 68 147
class 0.26550519466400146 63 130 80 147
class 0.32835596799850464 76 130 94 147
class 0.3305305242538452 89 130 107 147
class 0.38480114936828613 103 129 121 147
class 0.39814868569374084 115 129 134 146
class 0.5315737724304199 128 129 147 147
class 0.3821995258331299 142 129 160 147
class 0.21919484436511993 155 129 173 147
class 0.2071031779050827 168 129 186 148
class 0.23297648131847382 181 129 199 148
class 0.31040504574775696 195 130 213 148
class 0.45654040575027466 208 130 227 147
class 0.3020065724849701 220 130 238 147
class 0.24176695942878723 232 127 248 149
class 0.44919824600219727 1 144 16 160
class 0.1331760734319687 23 144 40 160
class 0.126127690076828 35 143 54 161
class 0.19461087882518768 49 142 68 160
class 0.25716716051101685 62 142 81 160
class 0.2635982036590576 76 142 94 160
class 0.24369102716445923 89 142 107 160
class 0.27794352173805237 102 142 120 160
class 0.27737730741500854 116 142 134 160
class 0.4569984972476959 129 141 147 160
class 0.32755282521247864 142 142 160 160
class 0.2196630835533142 155 142 173 161
class 0.2587500512599945 168 142 187 161
class 0.2172088921070099 181 142 200 161
class 0.1866115927696228 195 143 215 161
class 0.14962883293628693 234 140 249 160
class 0.2729091942310333 1 157 15 172
class 0.11920866370201111 35 156 55 173
class 0.1774369180202484 49 156 68 174
class 0.20655174553394318 62 155 81 174
class 0.14434073865413666 76 155 94 173
class 0.17817625403404236 89 156 107 174
class 0.18560431897640228 103 156 121 173
class 0.23711180686950684 116 156 134 174
class 0.24663768708705902 129 156 147 173
class 0.24918220937252045 142 155 160 173
class 0.26761895418167114 155 155 174 173
class 0.2914421856403351 168 156 187 174
class 0.22105461359024048 181 157 199 174
class 0.9973291754722595 218 151 235 171
class 0.23215515911579132 1 171 16 186
class 0.11120564490556717 23 170 41 186
class 0.10862866789102554 36 170 55 187
class 0.2775934040546417 49 169 68 187
class 0.267031192779541 63 169 81 187
class 0.1496245563030243 76 169 94 187
class 0.2785332500934601 90 168 108 186
class 0.29471153020858765 102 168 121 186
class 0.4421929121017456 116 169 134 186
class 0.42316585779190063 128 169 146 187
class 0.17432153224945068 142 169 160 186
class 0.24792015552520752 155 168 174 186
class 0.32150042057037354 168 168 187 186
class 0.2421482801437378 181 168 200 186
class 0.14917756617069244 195 169 214 185
class 0.10789898782968521 204 171 226 186
class 0.3585157096385956 1 183 15 199
class 0.1998399794101715 24 182 41 199
class 0.147307351231575 36 182 55 199
class 0.5044642090797424 50 181 69 200
class 0.37201622128486633 64 181 82 200
class 0.33898890018463135 76 182 94 202
class 0.14311575889587402 90 182 108 200
class 0.17910327017307281 103 182 120 200
class 0.35976332426071167 117 182 134 199
class 0.303697407245636 129 181 147 199
class 0.3541329503059387 142 183 160 200
class 0.47442030906677246 155 182 173 200
class 0.30281031131744385 168 182 186 199
class 0.24785873293876648 182 182 200 200
class 0.16090796887874603 195 183 212 199
class 0.11195503920316696 207 182 225 198
class 0.2283547967672348 233 181 247 199
class 0.508211612701416 1 197 16 212
class 0.2277875542640686 24 197 41 213
class 0.15525749325752258 37 196 56 212
class 0.524744987487793 77 192 96 213
class 0.29663461446762085 90 195 108 213
class 0.37552404403686523 102 196 120 214
class 0.2535097897052765 115 196 133 214
class 0.24688759446144104 129 196 147 214
class 0.3129240870475769 142 196 160 214
class 0.3690474331378937 155 196 173 213
class 0.27793046832084656 169 196 186 213
class 0.2412172257900238 182 196 199 213
class 0.34920668601989746 194 195 212 213
class 0.20848579704761505 207 197 225 213
class 0.14957307279109955 220 197 235 213
class 0.3119494318962097 233 195 247 213
class 0.39973440766334534 2 209 16 225
class 0.1953352838754654 24 210 39 225
class 0.9961986541748047 59 202 77 224
class 0.18974295258522034 77 207 97 226
class 0.10145436972379684 89 209 108 225
class 0.3492606580257416 102 208 121 227
class 0.4206044673919678 128 208 148 228
class 0.268600195646286 142 208 161 226
class 0.3284105956554413 156 209 174 226
class 0.39953818917274475 168 209 186 226
class 0.29982689023017883 182 208 198 225
class 0.5401374101638794 194 208 211 226
class 0.26407018303871155 207 209 224 225
class 0.12683400511741638 220 209 235 224
class 0.28195101022720337 232 209 247 227
class 0.7185611724853516 1 223 16 239
class 0.9611997604370117 117 225 136 244
class 0.19241094589233398 141 222 160 238
class 0.11854392290115356 169 221 185 237
class 0.2226504534482956 183 223 199 239
class 0.2848873734474182 195 222 211 238
class 0.24192950129508972 208 224 224 239
class 0.39106637239456177 232 222 247 240
class 0.7479075193405151 0 232 17 249
class 0.19048267602920532 10 231 27 248
class 0.18567025661468506 23 231 40 248
class 0.17441555857658386 37 232 54 248
class 0.118392713367939 49 232 67 248
class 0.10214416682720184 61 232 81 248
class 0.23543782532215118 75 232 95 248
class 0.3920536935329437 100 232 120 248
class 0.5435327291488647 140 231 160 249
class 0.1912292093038559 154 232 174 249
class 0.2772602438926697 169 232 188 248
class 0.4499482810497284 181 231 200 248
class 0.39810270071029663 194 231 213 249
class 0.536168098449707 206 230 225 248
class 0.20135824382305145 220 232 238 249
class 0.8460740447044373 232 232 249 249
