class 0.8325673341751099 0 2 17 18
class 0.35623589158058167 8 4 26 18
class 0.5736836194992065 22 4 42 18
class 0.4361580014228821 34 3 55 18
class 0.5908408761024475 48 3 68 18
class 0.6127609014511108 62 3 81 18
class 0.47713467478752136 74 4 93 18
class 0.498519629240036 89 4 107 17
class 0.6416429281234741 101 3 119 18
class 0.5741500854492188 114 3 133 18
class 0.38846537470817566 127 4 146 18
class 0.638987123966217 142 3 160 18
class 0.46141302585601807 153 4 173 18
class 0.5751251578330994 166 3 186 18
class 0.6029934883117676 180 3 199 18
class 0.39332884550094604 193 3 212 18
class 0.4561506509780884 208 4 226 18
class 0.4960344433784485 221 4 237 18
class 0.7041516900062561 232 3 248 18
class 0.406229704618454 1 9 16 26
class 0.4777980148792267 34 9 54 28
class 0.3918896019458771 49 9 67 26
class 0.5178987383842468 62 9 80 26
class 0.5594482421875 75 10 92 25
class 0.466315895318985 88 10 105 26
class 0.5240758061408997 102 9 118 25
class 0.39075711369514465 115 9 132 25
class 0.5520520210266113 128 10 144 26
class 0.5984944105148315 141 9 158 25
class 0.5089353919029236 155 10 172 26
class 0.49025219678878784 167 10 185 26
class 0.5105327367782593 181 9 199 25
class 0.6772111654281616 193 9 211 26
class 0.5132988691329956 208 9 224 25
class 0.1958792507648468 233 8 247 26
class 0.16985315084457397 1 25 15 40
class 0.34954556822776794 37 24 55 42
class 0.22578974068164825 49 25 67 42
class 0.2835155725479126 61 26 79 42
class 0.21300475299358368 75 26 92 41
class 0.16362646222114563 88 25 105 40
class 0.31090667843818665 102 26 119 41
class 0.14189012348651886 115 26 131 41
class 0.24842038750648499 127 25 144 41
class 0.2907183766365051 141 26 158 41
class 0.3520280420780182 154 26 172 42
class 0.3355900049209595 167 26 186 42
class 0.21869051456451416 180 26 198 41
class 0.32219141721725464 194 25 212 41
class 0.3116720914840698 233 24 247 42
class 0.25998547673225403 2 39 17 54
class 0.9586840271949768 20 33 37 51
class 0.42214739322662354 38 38 56 56
class 0.23187249898910522 49 37 67 55
class 0.43517228960990906 62 38 80 54
class 0.4366806149482727 76 38 93 54
class 0.26333680748939514 89 38 105 54
class 0.27293074131011963 102 37 118 54
class 0.22548510134220123 115 38 132 54
class 0.20389381051063538 128 38 145 55
class 0.2965652644634247 142 38 159 54
class 0.5814688801765442 154 38 172 55
class 0.4019685387611389 168 38 185 54
class 0.4472757875919342 180 38 198 55
class 0.40061360597610474 194 38 212 55
class 0.20909537374973297 207 39 225 54
class 0.17111603915691376 219 39 235 54
class 0.3505125641822815 233 35 247 54
class 0.37377533316612244 23 52 40 67
class 0.13594979047775269 35 49 53 67
class 0.26011115312576294 49 50 67 68
class 0.3216637670993805 62 51 79 68
class 0.31626883149147034 76 51 93 67
class 0.28751879930496216 89 51 106 68
class 0.3278141915798187 102 51 118 68
class 0.2794691026210785 115 50 132 67
class 0.3464522063732147 129 51 145 68
class 0.23464074730873108 142 51 158 68
class 0.39802059531211853 155 51 172 68
class 0.33708176016807556 168 51 185 68
class 0.28633686900138855 181 50 198 67
class 0.3056294918060303 195 51 212 67
class 0.16169826686382294 207 51 225 67
class 0.12340856343507767 220 52 236 67
class 0.3285555839538574 233 50 247 69
class 0.14463046193122864 35 64 54 81
class 0.282709538936615 50 64 67 81
class 0.4716194272041321 63 64 80 81
class 0.30330538749694824 76 64 93 81
class 0.22993358969688416 89 64 107 81
class 0.2909422814846039 102 63 120 81
class 0.14082710444927216 115 64 133 81
class 0.2659154534339905 129 64 146 81
class 0.35843420028686523 142 64 159 81
class 0.45633313059806824 155 64 172 82
class 0.2832180857658386 168 64 186 81
class 0.30670425295829773 181 64 199 82
class 0.46499496698379517 194 65 212 82
class 0.19150380790233612 207 65 225 81
class 0.27485328912734985 233 62 247 81
class 0.3056997060775757 1 79 16 94
class 0.11560703814029694 36 78 54 95
class 0.3117356300354004 50 78 68 95
class 0.32011815905570984 63 77 80 95
class 0.3047367036342621 76 77 94 95
class 0.3702859580516815 89 77 107 95
class 0.22745102643966675 103 76 120 94
class 0.24467888474464417 116 77 133 95
class 0.25310343503952026 128 77 146 95
class 0.23501957952976227 142 77 160 94
class 0.2861121594905853 155 76 173 94
class 0.26923298835754395 168 76 187 94
class 0.24743232131004333 181 76 200 94
class 0.41240590810775757 194 77 213 95
class 0.2191452831029892 207 77 226 94
class 0.20240283012390137 233 76 247 94
class 0.3372670114040375 1 92 16 107
class 0.14943982660770416 24 91 40 107
class 0.2757759988307953 36 91 54 108
class 0.37677329778671265 50 90 68 107
class 0.35245707631111145 63 90 81 108
class 0.3796924948692322 76 90 93 108
class 0.368402361869812 90 90 107 108
class 0.15464942157268524 102 90 120 108
class 0.19879812002182007 116 89 134 107
class 0.3302531838417053 129 89 147 107
class 0.32498273253440857 142 90 160 107
class 0.3684046268463135 155 90 173 108
class 0.29276102781295776 169 90 187 108
class 0.27254295349121094 182 90 199 108
class 0.28612273931503296 195 90 212 108
class 0.1684855818748474 208 90 226 106
class 0.12717844545841217 220 91 237 107
class 0.31200915575027466 233 89 247 108
class 0.2542337477207184 1 104 16 120
class 0.10844114422798157 23 105 40 121
class 0.16366839408874512 36 103 54 120
class 0.23321068286895752 50 103 68 120
class 0.3680799901485443 63 103 81 120
class 0.3501821458339691 76 102 94 121
class 0.2691068947315216 89 102 107 121
class 0.16317526996135712 102 102 120 122
class 0.13741955161094666 115 103 133 122
class 0.16753582656383514 128 103 147 121
class 0.22824829816818237 142 103 160 121
class 0.3873209059238434 156 103 174 120
class 0.5093352794647217 168 103 186 121
class 0.306563138961792 182 103 200 120
class 0.46721208095550537 195 103 213 121
class 0.23374149203300476 207 104 226 120
class 0.1914004683494568 233 102 247 121
class 0.2516355812549591 2 118 16 133
class 0.14773942530155182 23 117 40 133
class 0.1950424164533615 37 117 55 134
class 0.2728172540664673 49 116 68 134
class 0.27155590057373047 63 115 82 133
class 0.13601240515708923 103 114 122 134
class 0.14352764189243317 116 115 134 134
class 0.24815335869789124 128 117 146 134
class 0.4399110972881317 142 116 160 134
class 0.3324216902256012 155 116 173 134
class 0.29008910059928894 168 115 186 133
class 0.1854921132326126 182 116 200 134
class 0.21497872471809387 196 116 213 134
class 0.17811204493045807 208 117 226 133
class 0.13112859427928925 234 114 247 133
class 0.33007320761680603 1 131 16 146
class 0.12553583085536957 24 131 40 147
class 0.2593233585357666 36 130 54 147
class 0.2666589617729187 49 128 67 147
class 0.2898131310939789 64 129 83 147
class 0.9934302568435669 84 126 103 147
class 0.17805756628513336 104 128 123 147
class 0.1031435951590538 117 129 134 147
class 0.47098901867866516 129 130 146 148
class 0.299908310174942 141 130 159 148
class 0.2995474934577942 156 130 173 148
class 0.3595868647098541 169 131 187 148
class 0.3518579602241516 181 130 200 148
class 0.4674288034439087 195 130 213 147
class 0.23786501586437225 207 130 226 146
class 0.13554814457893372 233 130 247 148
class 0.25924062728881836 1 144 16 159
class 0.15517152845859528 24 143 40 159
class 0.2693711817264557 37 143 54 161
class 0.2363988161087036 50 143 67 161
class 0.15531407296657562 63 142 82 160
class 0.11451156437397003 74 144 94 162
class 0.13192792236804962 89 145 107 162
class 0.12222430109977722 99 143 119 161
class 0.12485631555318832 116 143 134 161
class 0.3080126941204071 129 142 147 161
class 0.3563861548900604 142 142 160 160
class 0.5508851408958435 155 143 173 161
class 0.5400274991989136 168 142 186 160
class 0.3502260446548462 180 142 200 160
class 0.29070886969566345 195 143 213 161
class 0.15087422728538513 206 144 226 160
class 0.20813752710819244 233 140 248 160
class 0.5065621137619019 1 157 15 173
class 0.14039462804794312 24 157 40 172
class 0.5112625956535339 37 156 54 174
class 0.3428135812282562 50 156 68 174
class 0.1980084329843521 75 155 94 173
class 0.3945806622505188 88 155 107 173
class 0.19486691057682037 101 155 120 173
class 0.15159621834754944 130 155 148 173
class 0.2799113392829895 141 155 160 174
class 0.21643348038196564 155 155 174 173
class 0.2741030156612396 168 155 187 173
class 0.34199896454811096 181 156 200 173
class 0.362954705953598 194 156 213 174
class 0.4050247073173523 208 157 227 173
class 0.17041076719760895 232 154 248 175
class 0.4847368597984314 2 170 16 186
class 0.1325741559267044 10 170 26 184
class 0.14778240025043488 25 169 42 184
class 0.244648739695549 63 168 81 186
class 0.3099314868450165 77 169 94 187
class 0.1975870430469513 88 169 106 185
class 0.9847496747970581 120 171 137 188
class 0.507849395275116 142 168 160 186
class 0.42872923612594604 155 170 173 187
class 0.3171982169151306 168 170 187 186
class 0.32854387164115906 181 169 200 186
class 0.4350072741508484 195 170 214 187
class 0.1353556513786316 208 168 225 184
class 0.9523085951805115 217 172 236 191
class 0.1603577733039856 233 167 248 185
class 0.5399516820907593 1 184 15 199
class 0.9949607253074646 46 179 63 199
class 0.35366299748420715 65 181 83 199
class 0.3260163366794586 77 182 94 199
class 0.36936894059181213 88 183 106 199
class 0.14497658610343933 103 183 121 200
class 0.14371687173843384 117 181 134 197
class 0.27921417355537415 142 182 160 199
class 0.4103229343891144 155 182 173 199
class 0.42600512504577637 169 183 186 200
class 0.3840849995613098 182 182 199 199
class 0.4453444480895996 196 181 214 198
class 0.11269421130418777 234 183 249 200
class 0.6895482540130615 1 196 15 212
class 0.18458124995231628 11 197 26 211
class 0.2517995238304138 23 197 40 211
class 0.11241215467453003 36 198 53 213
class 0.2530495822429657 49 198 67 214
class 0.14148370921611786 63 196 81 213
class 0.43868839740753174 77 196 94 213
class 0.5142403841018677 89 196 106 213
class 0.3371445834636688 103 196 121 213
class 0.6127137541770935 115 196 134 214
class 0.5060365796089172 128 196 147 213
class 0.5301197171211243 142 196 160 214
class 0.43223947286605835 156 196 173 213
class 0.6451405882835388 168 195 186 213
class 0.4205683469772339 182 196 199 213
class 0.2576800286769867 195 196 213 213
class 0.3909066617488861 208 196 226 212
class 0.5332749485969543 218 197 236 213
class 0.3249109983444214 232 195 248 213
class 0.42262130975723267 1 210 15 226
class 0.23696069419384003 24 209 39 225
class 0.18802642822265625 38 209 54 225
class 0.41597944498062134 49 208 67 224
class 0.2822003662586212 63 208 81 225
class 0.2577129304409027 77 209 93 225
class 0.44190093874931335 89 209 106 226
class 0.23981612920761108 103 209 120 226
class 0.2945619821548462 116 208 134 226
class 0.3441290855407715 129 209 147 226
class 0.43569040298461914 142 209 160 226
class 0.33229902386665344 154 209 172 226
class 0.3776099383831024 169 209 186 226
class 0.3303619921207428 181 209 199 226
class 0.33080023527145386 195 209 212 226
class 0.2341332882642746 207 210 224 226
class 0.17676964402198792 221 210 235 225
class 0.2760145664215088 233 208 247 226
class 0.7165331840515137 1 223 16 239
class 0.18152175843715668 25 223 40 238
class 0.12304165214300156 37 223 52 238
class 0.1048758327960968 63 223 80 239
class 0.1608215719461441 77 223 94 239
class 0.3323114812374115 90 222 106 239
class 0.14773817360401154 103 222 119 238
class 0.18374142050743103 117 223 134 238
class 0.33194640278816223 129 222 146 238
class 0.23754069209098816 143 222 160 238
class 0.2709760069847107 155 222 173 239
class 0.2548980414867401 168 223 186 239
class 0.16496697068214417 182 223 199 239
class 0.34790223836898804 195 223 211 239
class 0.21934884786605835 207 223 224 238
class 0.24180778861045837 232 223 246 240
class 0.8100687861442566 0 232 17 249
class 0.25022631883621216 10 232 27 249
class 0.4124518036842346 24 232 41 249
class 0.43282702565193176 37 231 54 248
class 0.4978489875793457 49 231 68 248
class 0.5205564498901367 63 231 81 248
class 0.5618584156036377 76 231 95 248
class 0.4866226613521576 88 230 107 248
class 0.4560871124267578 102 231 122 248
class 0.5534597635269165 116 231 135 248
class 0.6654313802719116 128 230 147 248
class 0.5492497682571411 142 230 161 248
class 0.5871347188949585 155 230 174 248
class 0.530430793762207 168 230 187 248
class 0.577131986618042 181 231 200 248
class 0.5619696974754333 194 231 212 249
class 0.4512019455432892 207 231 225 248
class 0.27582329511642456 220 232 237 249
class 0.8720041513442993 232 232 249 249
