class 0.8853910565376282 1 3 17 18
class 0.2529831826686859 8 4 25 17
class 0.5213558077812195 22 4 40 18
class 0.4557225704193115 35 3 54 18
class 0.4864325225353241 49 3 68 17
class 0.46721240878105164 61 4 81 18
class 0.4295795261859894 88 4 107 18
class 0.5067514181137085 102 4 121 18
class 0.47868087887763977 114 4 133 18
class 0.5210691690444946 127 3 147 18
class 0.5574677586555481 140 3 160 18
class 0.39476531744003296 153 4 173 18
class 0.4361797571182251 167 4 186 18
class 0.38900330662727356 180 4 199 18
class 0.38128966093063354 193 4 212 18
class 0.3258964419364929 207 4 225 18
class 0.32222309708595276 221 4 237 17
class 0.6768276691436768 232 2 249 18
class 0.5454756021499634 1 9 16 25
class 0.13753634691238403 10 10 25 25
class 0.3215816617012024 22 9 38 25
class 0.3693000376224518 35 9 52 26
class 0.5728810429573059 50 9 67 26
class 0.6818768978118896 62 9 80 25
class 0.5347652435302734 75 9 92 25
class 0.5778906941413879 89 9 106 25
class 0.5588433742523193 102 9 119 25
class 0.645591139793396 114 10 132 26
class 0.5635859370231628 127 9 145 26
class 0.5613130927085876 141 10 159 26
class 0.4719960689544678 154 10 171 26
class 0.4402555823326111 167 9 185 25
class 0.6005539298057556 181 9 198 26
class 0.7378840446472168 194 9 211 26
class 0.5802010893821716 207 10 224 26
class 0.16184109449386597 233 9 247 27
class 0.35440370440483093 1 26 15 41
class 0.22899430990219116 49 26 66 42
class 0.23012705147266388 62 26 79 41
class 0.16336065530776978 75 26 92 41
class 0.2065476030111313 89 25 106 41
class 0.19056831300258636 101 26 118 41
class 0.27915725111961365 115 25 132 40
class 0.309865266084671 128 26 145 41
class 0.3379938304424286 141 25 158 41
class 0.2649686932563782 154 25 172 41
class 0.1337878257036209 167 26 185 41
class 0.21785886585712433 180 25 198 41
class 0.3326990306377411 193 25 212 41
class 0.18988649547100067 207 25 225 41
class 0.18125057220458984 233 23 247 41
class 0.5793365240097046 1 39 16 54
class 0.18868312239646912 23 39 39 54
class 0.24348773062229156 36 38 53 54
class 0.6672680377960205 49 37 66 54
class 0.5161159038543701 62 38 79 54
class 0.3111703395843506 75 38 93 54
class 0.35087159276008606 89 38 106 55
class 0.27170491218566895 102 38 119 54
class 0.45011910796165466 114 38 132 55
class 0.39024102687835693 129 37 145 54
class 0.3477165400981903 141 38 158 55
class 0.2684714198112488 155 38 172 55
class 0.38907256722450256 168 38 185 56
class 0.3988324999809265 181 39 198 55
class 0.2709883153438568 194 38 212 54
class 0.5875945687294006 232 36 247 55
class 0.2692722976207733 1 51 15 66
class 0.1310870200395584 36 51 53 68
class 0.24119122326374054 50 50 67 67
class 0.37059760093688965 63 50 80 67
class 0.35866567492485046 76 51 93 68
class 0.3852192759513855 89 51 106 68
class 0.38032305240631104 102 51 119 68
class 0.3908522427082062 115 51 131 68
class 0.4609413743019104 129 51 145 68
class 0.409656286239624 142 50 159 67
class 0.3045884966850281 155 50 172 67
class 0.2993936538696289 168 49 185 67
class 0.4810068607330322 182 50 199 68
class 0.5224595069885254 195 51 213 68
class 0.25188934803009033 235 48 249 67
class 0.6078790426254272 1 66 16 81
class 0.19855892658233643 37 63 55 81
class 0.3372354805469513 49 64 67 81
class 0.3408258259296417 63 64 80 81
class 0.3778465688228607 76 63 93 81
class 0.43059319257736206 90 63 107 81
class 0.4006301760673523 102 63 119 81
class 0.4769527018070221 115 64 133 81
class 0.4473882019519806 129 64 146 81
class 0.3130899965763092 142 64 159 81
class 0.45837536454200745 156 64 172 81
class 0.2853613495826721 169 65 186 82
class 0.27569156885147095 180 64 198 82
class 0.9960209131240845 221 61 240 80
class 0.3109053373336792 2 78 16 93
class 0.23639099299907684 23 79 40 94
class 0.1859900951385498 37 77 54 94
class 0.3687345087528229 50 77 68 94
class 0.31311890482902527 63 77 81 94
class 0.31630173325538635 76 77 93 95
class 0.23929576575756073 89 77 106 95
class 0.2863596975803375 102 77 120 95
class 0.3083803057670593 115 77 133 94
class 0.3907431364059448 129 77 146 94
class 0.2584816813468933 142 77 159 94
class 0.2612001895904541 155 77 172 94
class 0.4040544033050537 169 77 186 94
class 0.5295228362083435 181 77 199 94
class 0.17668567597866058 194 78 212 95
class 0.10500980168581009 207 79 227 94
class 0.34340614080429077 232 78 248 96
class 0.4942367374897003 1 91 16 107
class 0.21090850234031677 23 91 40 107
class 0.1796584278345108 37 91 54 108
class 0.3788294792175293 50 90 68 108
class 0.28606969118118286 63 89 81 108
class 0.28965410590171814 76 89 94 108
class 0.2598018944263458 89 90 107 108
class 0.24723286926746368 102 90 120 107
class 0.35523566603660583 115 91 133 108
class 0.38796740770339966 129 90 146 108
class 0.3937671184539795 142 90 160 108
class 0.38055312633514404 155 91 173 108
class 0.36655697226524353 167 90 185 108
class 0.2580057382583618 181 90 199 108
class 0.1724967211484909 195 90 213 108
class 0.2125861495733261 232 87 247 105
class 0.3541859984397888 1 104 15 120
class 0.19743920862674713 23 104 40 120
class 0.3026665449142456 36 104 54 121
class 0.40721967816352844 50 103 68 121
class 0.538982629776001 64 103 82 122
class 0.23441573977470398 76 102 93 122
class 0.20885983109474182 89 103 107 122
class 0.28579145669937134 102 104 120 122
class 0.4602300822734833 115 104 133 121
class 0.4694996774196625 129 103 147 121
class 0.3050297200679779 142 103 159 120
class 0.34557902812957764 155 103 173 121
class 0.4544752240180969 168 103 186 121
class 0.18107937276363373 181 104 199 121
class 0.20911751687526703 194 103 212 121
class 0.16085238754749298 208 105 226 121
class 0.2653992176055908 233 103 247 122
class 0.744840145111084 1 118 16 134
class 0.23335209488868713 24 118 40 134
class 0.1931113451719284 36 116 55 134
class 0.13702930510044098 79 114 96 134
class 0.2767040729522705 89 115 107 134
class 0.29165539145469666 102 116 120 134
class 0.37864604592323303 115 116 133 134
class 0.31630584597587585 129 116 147 133
class 0.22963955998420715 142 116 160 134
class 0.27936267852783203 155 116 173 134
class 0.38559386134147644 169 116 186 134
class 0.3586632311344147 181 117 199 134
class 0.23857854306697845 195 117 212 134
class 0.3354312777519226 207 117 225 133
class 0.10270434617996216 220 117 236 133
class 0.2197405993938446 233 115 247 133
class 0.4598185122013092 0 128 14 145
class 0.4650195240974426 24 130 40 147
class 0.2746486961841583 38 130 56 147
class 0.10225534439086914 50 130 67 146
class 0.9919261336326599 61 125 78 146
class 0.1498497724533081 79 129 96 147
class 0.1954062134027481 90 129 107 147
class 0.26202255487442017 102 130 120 147
class 0.28487417101860046 116 130 134 147
class 0.326113760471344 129 130 147 147
class 0.3560212254524231 141 130 159 148
class 0.3975285589694977 155 129 174 147
class 0.28321683406829834 168 129 186 147
class 0.22272393107414246 182 129 199 146
class 0.3764711320400238 195 131 212 148
class 0.2451423704624176 207 130 225 146
class 0.25141116976737976 233 130 247 147
class 0.7852814197540283 6 144 24 161
class 0.4060046970844269 25 143 42 158
class 0.13413625955581665 48 143 68 160
class 0.15635938942432404 62 145 80 161
class 0.1042742133140564 76 144 95 161
class 0.26318180561065674 89 143 106 160
class 0.3747806251049042 103 143 121 160
class 0.43290963768959045 116 142 133 160
class 0.49757692217826843 129 143 147 160
class 0.29376500844955444 141 142 159 160
class 0.24419890344142914 155 142 173 160
class 0.33635377883911133 167 143 186 161
class 0.292058527469635 182 143 200 161
class 0.4765092432498932 195 143 212 160
class 0.16918818652629852 207 143 225 159
class 0.15736547112464905 233 142 247 160
class 0.719344437122345 0 159 14 175
class 0.13017530739307404 36 158 54 174
class 0.13207675516605377 48 156 67 173
class 0.15342757105827332 62 156 81 173
class 0.2206498682498932 75 156 94 173
class 0.2822912037372589 89 157 107 173
class 0.3930293619632721 102 156 120 173
class 0.3473672568798065 115 156 133 173
class 0.3227694630622864 129 156 147 173
class 0.4281935691833496 142 156 160 174
class 0.3733274042606354 154 157 173 174
class 0.27745363116264343 168 156 186 174
class 0.23364588618278503 181 156 200 173
class 0.33720827102661133 195 156 213 173
class 0.22928154468536377 207 156 225 172
class 0.3166942596435547 232 155 247 173
class 0.597057044506073 1 169 16 185
class 0.19126704335212708 35 169 54 186
class 0.2391226589679718 49 171 68 187
class 0.2016385942697525 62 170 81 187
class 0.2897707223892212 76 170 94 187
class 0.29279688000679016 89 169 107 186
class 0.33564719557762146 103 170 120 186
class 0.32451730966567993 115 169 133 185
class 0.3932969272136688 130 169 147 186
class 0.35877305269241333 142 168 160 185
class 0.546680748462677 156 168 174 186
class 0.4379729926586151 169 169 187 186
class 0.39707720279693604 181 169 199 187
class 0.4599083662033081 194 170 212 187
class 0.1936132311820984 207 170 226 186
class 0.19349835813045502 233 168 247 185
class 0.19598223268985748 1 183 15 199
class 0.1180126965045929 36 183 55 201
class 0.3868909478187561 49 182 68 201
class 0.30454495549201965 63 182 81 200
class 0.2931453287601471 75 182 94 200
class 0.3768090009689331 89 183 107 200
class 0.4004923701286316 103 182 120 199
class 0.5734682679176331 116 184 133 200
class 0.44478151202201843 129 183 146 200
class 0.33454829454421997 142 183 159 200
class 0.42327794432640076 156 182 173 200
class 0.33086901903152466 168 183 186 200
class 0.3335346579551697 182 182 199 199
class 0.5166445970535278 195 182 212 199
class 0.27789759635925293 208 183 226 198
class 0.10002102702856064 220 183 236 199
class 0.34185686707496643 233 182 247 200
class 0.4115550220012665 2 197 16 212
class 0.17351651191711426 51 193 69 213
class 0.3633960485458374 62 194 80 214
class 0.1852182149887085 76 196 94 213
class 0.34657493233680725 89 195 106 213
class 0.3787175416946411 104 196 120 213
class 0.4359361529350281 116 195 133 213
class 0.39855340123176575 129 196 146 213
class 0.4905778169631958 142 196 159 214
class 0.5066054463386536 156 195 173 213
class 0.4763913154602051 169 195 186 213
class 0.37416526675224304 182 196 200 213
class 0.5167080760002136 194 196 212 214
class 0.29715901613235474 207 197 225 213
class 0.14156202971935272 221 197 237 212
class 0.5042876601219177 232 195 247 213
class 0.4071275293827057 2 210 16 226
class 0.9905581474304199 41 208 58 227
class 0.5514567494392395 62 208 81 226
class 0.24668754637241364 76 209 94 227
class 0.34197768568992615 90 210 107 227
class 0.35063809156417847 103 209 119 227
class 0.41789761185646057 116 209 133 226
class 0.3709838092327118 129 209 146 226
class 0.398741215467453 143 209 160 226
class 0.5416529774665833 155 209 173 227
class 0.43891751766204834 169 209 186 227
class 0.3107632100582123 182 209 199 226
class 0.41461095213890076 195 208 212 226
class 0.300685316324234 208 209 225 225
class 0.1182473823428154 220 210 235 225
class 0.31030821800231934 232 209 247 226
class 0.6757433414459229 1 222 16 238
class 0.16702234745025635 62 221 80 237
class 0.1335757076740265 90 221 107 238
class 0.23343580961227417 103 222 119 238
class 0.2175115942955017 116 222 132 239
class 0.15574029088020325 130 223 146 238
class 0.11324315518140793 143 223 159 238
class 0.16434122622013092 156 223 173 239
class 0.19149504601955414 169 222 185 239
class 0.1786225140094757 182 222 199 238
class 0.39428964257240295 195 223 211 239
class 0.23068831861019135 208 223 224 239
class 0.3699430823326111 232 221 247 239
class 0.6661388278007507 0 233 16 249
class 0.3640827238559723 35 231 54 247
class 0.23803947865962982 48 231 69 248
class 0.21464833617210388 63 231 82 248
class 0.263424277305603 76 231 95 248
class 0.4296422302722931 89 231 107 249
class 0.26134398579597473 103 231 121 248
class 0.46427980065345764 115 231 134 248
class 0.6380535960197449 129 231 148 248
class 0.5937910079956055 142 231 160 248
class 0.6207094192504883 155 231 174 248
class 0.47596174478530884 168 231 187 248
class 0.467897891998291 181 232 200 249
class 0.6276233792304993 194 231 213 249
class 0.43298813700675964 207 231 225 249
class 0.278516948223114 220 233 238 249
class 0.8922366499900818 232 233 249 249
