class 0.6090213656425476 0 3 17 18
class 0.2446288764476776 9 4 27 17
class 0.29219985008239746 21 4 41 18
class 0.44245412945747375 34 3 54 18
class 0.5451067090034485 49 3 69 18
class 0.5946748852729797 61 3 81 18
class 0.6304771304130554 74 3 94 17
class 0.5652810335159302 88 3 108 18
class 0.6151711344718933 101 3 121 18
class 0.5328963398933411 114 4 134 17
class 0.7717685103416443 127 3 149 18
class 0.7581074237823486 139 3 161 18
class 0.5552242398262024 153 3 173 18
class 0.5255651473999023 166 3 187 18
class 0.6287105679512024 179 3 199 18
class 0.7304386496543884 194 3 214 18
class 0.448324590921402 206 3 224 18
class 0.288744181394577 222 4 238 17
class 0.9051191806793213 231 2 249 18
class 0.7571120858192444 1 10 16 27
class 0.16048039495944977 9 10 26 25
class 0.6587581038475037 22 10 41 27
class 0.6522936820983887 34 9 53 27
class 0.4481271803379059 49 8 67 26
class 0.5177465677261353 62 9 80 26
class 0.4763999283313751 74 10 92 27
class 0.44621309638023376 89 10 106 26
class 0.5873216986656189 101 10 119 27
class 0.6766003370285034 115 9 134 27
class 0.6257249116897583 153 9 172 27
class 0.47930002212524414 168 9 185 26
class 0.5186386108398438 180 10 198 27
class 0.6434725522994995 194 9 211 26
class 0.5503317713737488 208 10 224 26
class 0.13426454365253448 233 8 246 26
class 0.2953377962112427 1 25 15 41
class 0.19063733518123627 50 24 69 42
class 0.23987436294555664 62 25 80 42
class 0.289490282535553 75 26 93 42
class 0.40127071738243103 88 26 106 42
class 0.4845174551010132 101 25 119 41
class 0.4920065104961395 116 26 134 41
class 0.9791632294654846 136 23 155 41
class 0.3614538013935089 154 24 173 42
class 0.1802935004234314 168 25 185 41
class 0.28493568301200867 179 25 198 42
class 0.20171929895877838 194 26 212 41
class 0.14432553946971893 208 25 225 40
class 0.41219720244407654 233 24 247 41
class 0.5214128494262695 1 39 15 54
class 0.9965592622756958 33 34 51 54
class 0.3409873843193054 52 35 70 54
class 0.11059872061014175 62 38 80 55
class 0.31068623065948486 75 38 93 55
class 0.329868346452713 89 38 106 55
class 0.3885534107685089 102 39 119 55
class 0.2992587983608246 116 37 134 53
class 0.2212074100971222 127 39 146 55
class 0.4816843867301941 140 40 158 56
class 0.18573778867721558 153 37 171 55
class 0.15889979898929596 168 38 186 55
class 0.4092878997325897 181 38 198 55
class 0.3570603132247925 195 39 212 55
class 0.14224804937839508 207 39 224 54
class 0.1789482831954956 233 37 246 55
class 0.6260285973548889 1 51 16 67
class 0.10008034110069275 49 52 67 69
class 0.3097496032714844 63 51 80 69
class 0.460706502199173 76 51 93 68
class 0.4466499984264374 90 51 106 68
class 0.47497421503067017 102 50 119 68
class 0.14843064546585083 115 50 133 68
class 0.26288700103759766 129 49 147 66
class 0.6468647718429565 140 49 158 67
class 0.2588064968585968 154 51 172 68
class 0.1998845934867859 168 52 185 68
class 0.35792824625968933 182 51 199 68
class 0.45616838335990906 194 51 211 68
class 0.17625078558921814 206 51 224 67
class 0.2961266338825226 232 49 247 68
class 0.26402631402015686 1 64 16 80
class 0.18443700671195984 36 63 54 80
class 0.16924601793289185 48 63 67 80
class 0.1306026130914688 63 64 80 81
class 0.30391567945480347 76 64 94 81
class 0.3059180676937103 89 64 106 81
class 0.3741050064563751 102 64 120 81
class 0.22379115223884583 116 63 133 81
class 0.24936260282993317 128 65 146 82
class 0.18308505415916443 142 64 159 81
class 0.4769003689289093 155 64 172 81
class 0.5538480281829834 168 64 186 81
class 0.24291980266571045 180 63 198 81
class 0.3055418133735657 194 63 212 81
class 0.18735143542289734 207 65 225 80
class 0.260409951210022 233 63 247 82
class 0.5055842399597168 1 80 16 95
class 0.1143713966012001 36 77 54 94
class 0.24078497290611267 49 78 67 95
class 0.4253489673137665 62 78 80 95
class 0.44007062911987305 76 78 93 95
class 0.3288850784301758 89 78 107 95
class 0.3873195946216583 102 77 120 95
class 0.31719064712524414 115 77 133 95
class 0.44571539759635925 130 77 146 94
class 0.27595770359039307 141 77 158 94
class 0.3062989413738251 155 78 172 95
class 0.3688157796859741 169 77 186 94
class 0.1826549917459488 181 77 199 94
class 0.3310839533805847 194 78 212 95
class 0.28175607323646545 208 78 226 94
class 0.2889142334461212 233 77 247 95
class 0.3408883810043335 1 90 16 106
class 0.1278993934392929 23 91 40 106
class 0.17401345074176788 36 90 54 107
class 0.291143000125885 50 90 67 107
class 0.35004866123199463 62 89 80 107
class 0.32436108589172363 76 89 94 107
class 0.349528044462204 89 90 107 108
class 0.34157782793045044 101 90 120 108
class 0.22248350083827972 115 89 134 107
class 0.24334551393985748 128 90 145 108
class 0.33884644508361816 143 91 160 108
class 0.5758040547370911 155 90 172 108
class 0.3892797827720642 168 90 186 108
class 0.17277862131595612 181 91 199 108
class 0.2939668595790863 195 91 213 109
class 0.14301785826683044 208 91 226 107
class 0.3296264410018921 232 89 247 108
class 0.283265620470047 1 104 16 120
class 0.15155577659606934 35 104 53 121
class 0.2697156071662903 50 104 68 121
class 0.26962462067604065 62 103 80 121
class 0.315952867269516 76 104 94 121
class 0.24645881354808807 89 103 107 121
class 0.21472777426242828 102 102 120 120
class 0.16382646560668945 115 103 134 121
class 0.19660508632659912 128 103 146 121
class 0.1954597532749176 142 104 160 121
class 0.31285396218299866 155 103 173 120
class 0.2834469676017761 168 103 186 121
class 0.18144060671329498 181 103 200 121
class 0.3741680085659027 195 104 213 121
class 0.2489786148071289 207 105 226 121
class 0.14763160049915314 233 101 247 120
class 0.17596058547496796 1 118 16 133
class 0.17074604332447052 36 117 54 134
class 0.3028337061405182 49 116 67 133
class 0.32067233324050903 63 116 81 134
class 0.24828624725341797 77 115 95 134
class 0.339650422334671 89 116 107 134
class 0.37234383821487427 102 116 120 135
class 0.12483517825603485 115 116 133 135
class 0.15733881294727325 129 117 147 135
class 0.3197265565395355 141 116 159 134
class 0.21868053078651428 155 117 173 135
class 0.16090017557144165 168 116 186 134
class 0.1968863606452942 181 117 200 135
class 0.3826717436313629 195 118 213 135
class 0.37542879581451416 207 117 226 134
class 0.24716545641422272 233 114 249 135
class 0.42321309447288513 1 131 16 146
class 0.11542733013629913 23 130 40 146
class 0.19119200110435486 36 130 54 147
class 0.27777159214019775 49 129 67 147
class 0.3697700500488281 63 129 81 147
class 0.3069966435432434 76 129 95 148
class 0.20385923981666565 89 129 107 147
class 0.1617247760295868 102 127 120 146
class 0.1163843423128128 129 128 147 147
class 0.15612803399562836 141 128 159 147
class 0.17298220098018646 155 128 173 147
class 0.23905441164970398 168 129 187 147
class 0.23190371692180634 181 129 200 147
class 0.2805921733379364 194 129 213 147
class 0.2800416052341461 207 129 225 146
class 0.24454136192798615 233 128 249 148
class 0.2297600507736206 1 143 15 158
class 0.27093684673309326 36 144 53 160
class 0.23808875679969788 49 142 67 160
class 0.2716576159000397 63 142 81 161
class 0.268882155418396 76 142 94 160
class 0.2326229363679886 88 142 107 161
class 0.14970815181732178 128 142 147 162
class 0.1537659466266632 141 142 160 161
class 0.20141875743865967 154 143 173 161
class 0.19082291424274445 168 142 187 160
class 0.17247731983661652 180 142 200 160
class 0.14551155269145966 195 142 214 160
class 0.14162471890449524 207 143 224 159
class 0.9823963642120361 219 144 239 164
class 0.19740906357765198 234 141 249 160
class 0.14343850314617157 1 158 15 173
class 0.1210603341460228 24 157 40 173
class 0.20552906394004822 36 156 54 173
class 0.2712685167789459 49 156 68 173
class 0.35726892948150635 63 155 81 173
class 0.37057071924209595 76 155 95 173
class 0.2769234776496887 88 154 107 173
class 0.14741836488246918 141 154 161 174
class 0.1405671238899231 155 153 174 173
class 0.15994371473789215 167 155 186 173
class 0.14686261117458344 181 156 200 174
class 0.192789226770401 207 157 226 173
class 0.13176369667053223 219 157 236 171
class 0.4435001015663147 1 170 16 186
class 0.16862428188323975 23 170 40 186
class 0.18116478621959686 36 170 54 186
class 0.32972532510757446 50 169 68 186
class 0.20574477314949036 63 169 81 186
class 0.379193514585495 76 169 95 186
class 0.11778591573238373 89 168 107 186
class 0.989742636680603 120 168 138 188
class 0.1851499378681183 141 167 161 187
class 0.12261408567428589 155 169 174 187
class 0.2513571083545685 168 169 187 187
class 0.3803761303424835 181 170 199 187
class 0.12458326667547226 194 170 213 187
class 0.19866614043712616 208 169 227 185
class 0.37378373742103577 219 169 236 185
class 0.28756242990493774 232 168 247 186
class 0.43844208121299744 1 183 16 199
class 0.1292521357536316 24 183 40 199
class 0.19612529873847961 37 182 54 199
class 0.47493109107017517 51 182 68 199
class 0.4649169147014618 63 183 81 200
class 0.5246167778968811 76 182 94 200
class 0.16619178652763367 89 183 107 199
class 0.3932633101940155 116 183 133 200
class 0.2339712530374527 142 182 160 200
class 0.41291967034339905 156 182 174 199
class 0.4342610836029053 168 182 186 200
class 0.4745711386203766 182 182 199 200
class 0.4309593439102173 195 183 212 200
class 0.16769322752952576 207 184 225 200
class 0.26887956261634827 232 182 246 200
class 0.28489992022514343 1 197 15 212
class 0.49373528361320496 24 196 41 213
class 0.4099104106426239 37 196 54 213
class 0.44380491971969604 51 195 68 213
class 0.5492146611213684 63 196 81 213
class 0.5009974837303162 76 196 94 213
class 0.5306880474090576 89 196 108 213
class 0.15449488162994385 103 194 121 211
class 0.4857110381126404 116 192 134 211
class 0.5509989261627197 127 193 147 212
class 0.1484382301568985 142 196 159 213
class 0.2993382215499878 156 196 173 213
class 0.4724430739879608 168 195 186 212
class 0.45679137110710144 182 196 199 213
class 0.4490134119987488 195 195 212 213
class 0.29576557874679565 207 195 225 212
class 0.27505382895469666 232 195 247 213
class 0.42747247219085693 2 210 16 226
class 0.1032835990190506 11 210 25 225
class 0.21882066130638123 24 210 39 226
class 0.3473726511001587 36 209 53 226
class 0.30353158712387085 50 209 67 227
class 0.4882164001464844 64 208 81 226
class 0.2827341854572296 75 210 93 226
class 0.16106604039669037 90 207 107 225
class 0.9791097640991211 106 209 124 228
class 0.23515580594539642 113 208 132 226
class 0.4884844124317169 127 207 145 226
class 0.1820318102836609 143 209 160 225
class 0.29187312722206116 155 208 172 225
class 0.3408943712711334 169 209 185 226
class 0.4369080364704132 182 209 200 226
class 0.45799896121025085 194 209 211 226
class 0.17231054604053497 207 210 225 226
class 0.22788818180561066 233 208 247 226
class 0.8166004419326782 1 223 17 238
class 0.10797325521707535 11 221 27 236
class 0.2138548344373703 24 223 39 238
class 0.19709579646587372 37 222 53 239
class 0.1734064817428589 51 222 67 238
class 0.22186949849128723 64 223 81 239
class 0.14532412588596344 76 222 93 238
class 0.15862122178077698 129 220 146 237
class 0.10451109707355499 143 222 159 237
class 0.1189277395606041 156 223 172 238
class 0.19686846435070038 170 223 186 238
class 0.20439670979976654 182 222 198 238
class 0.3330499529838562 195 223 212 239
class 0.28295329213142395 208 223 224 238
class 0.3502572178840637 232 223 247 240
class 0.7421565055847168 0 232 17 249
class 0.11496873944997787 10 232 27 248
class 0.341758131980896 25 232 42 248
class 0.5316341519355774 36 231 55 249
class 0.5815716981887817 50 232 68 249
class 0.6507171392440796 63 231 81 248
class 0.45988255739212036 76 232 94 248
class 0.14883209764957428 90 232 108 247
class 0.6699908971786499 100 231 120 248
class 0.4162481725215912 114 231 134 248
class 0.274923175573349 128 232 147 248
class 0.2648339867591858 142 233 160 249
class 0.4718257486820221 155 231 173 248
class 0.5282624959945679 168 231 186 248
class 0.46731036901474 182 231 199 248
class 0.6590249538421631 194 231 212 249
class 0.35215866565704346 207 231 225 248
class 0.1408526748418808 219 232 237 248
class 0.8933967351913452 232 232 249 249
