class 0.8860816359519958 1 2 17 18
class 0.25918352603912354 9 4 26 18
class 0.44232332706451416 21 4 39 18
class 0.379069447517395 36 4 54 18
class 0.5187538266181946 48 4 68 18
class 0.5247763395309448 61 3 80 18
class 0.5510340929031372 75 4 94 18
class 0.43706682324409485 88 4 107 18
class 0.491792768239975 101 4 120 18
class 0.5589241981506348 114 4 133 17
class 0.5184074640274048 128 4 147 17
class 0.3098565340042114 140 4 159 17
class 0.39054903388023376 154 4 173 17
class 0.49203410744667053 167 4 185 18
class 0.4674502909183502 193 3 212 18
class 0.47369569540023804 207 4 226 18
class 0.3174004554748535 221 4 237 17
class 0.8094101548194885 232 3 249 18
class 0.5735787749290466 1 9 15 25
class 0.12717415392398834 10 10 26 24
class 0.29280954599380493 21 10 38 26
class 0.4785362780094147 36 10 53 26
class 0.463025838136673 49 9 66 25
class 0.464644193649292 62 9 79 25
class 0.5665974020957947 75 9 92 25
class 0.4384949505329132 88 10 106 25
class 0.5910246968269348 102 10 119 25
class 0.5575560927391052 115 9 132 25
class 0.5751303434371948 129 9 145 25
class 0.703764021396637 142 10 159 26
class 0.773349404335022 154 10 172 27
class 0.6472065448760986 168 9 185 26
class 0.5636049509048462 180 9 197 26
class 0.5888135433197021 194 9 211 25
class 0.5022011995315552 207 9 224 25
class 0.11014465242624283 220 9 234 25
class 0.18092434108257294 1 26 15 41
class 0.10240796953439713 22 27 39 41
class 0.12933585047721863 35 26 53 41
class 0.23296552896499634 49 26 67 41
class 0.23211520910263062 62 26 79 41
class 0.2070586234331131 75 25 92 41
class 0.17364773154258728 88 26 106 41
class 0.32530197501182556 101 25 118 41
class 0.2672771215438843 115 25 132 41
class 0.16748715937137604 128 25 145 41
class 0.42307788133621216 141 23 159 41
class 0.17785800993442535 154 23 172 41
class 0.10357078909873962 168 24 186 40
class 0.3071906268596649 180 25 198 42
class 0.4021308124065399 194 25 212 41
class 0.1333194226026535 207 25 224 40
class 0.15466561913490295 233 24 247 43
class 0.3241235911846161 1 38 16 53
class 0.11634837836027145 22 38 39 53
class 0.17525741457939148 36 38 54 54
class 0.21760374307632446 49 38 67 54
class 0.25588709115982056 62 38 80 54
class 0.3252300024032593 76 37 93 55
class 0.4720171391963959 89 38 106 55
class 0.5025606751441956 102 38 119 55
class 0.6454468369483948 115 38 132 55
class 0.5216395258903503 127 37 145 55
class 0.3769615590572357 141 35 159 54
class 0.15784959495067596 155 35 174 53
class 0.16738170385360718 168 37 186 54
class 0.5895620584487915 180 37 198 56
class 0.4071003496646881 194 38 212 55
class 0.23375281691551208 207 39 225 54
class 0.17144633829593658 220 39 236 54
class 0.45725926756858826 233 36 247 54
class 0.15672852098941803 1 53 15 67
class 0.11839015036821365 23 52 39 67
class 0.232625812292099 36 51 54 68
class 0.36245834827423096 50 50 67 67
class 0.4189700186252594 62 51 79 68
class 0.31561267375946045 75 51 92 68
class 0.2676558196544647 90 50 106 67
class 0.43860116600990295 103 50 119 68
class 0.515506386756897 116 51 132 68
class 0.15890555083751678 129 50 146 67
class 0.13975989818572998 140 49 158 67
class 0.9975730776786804 157 51 175 69
class 0.7694801092147827 180 50 197 69
class 0.4315153956413269 194 51 211 68
class 0.18521040678024292 208 51 225 67
class 0.18472406268119812 219 52 235 67
class 0.20146101713180542 233 50 247 68
class 0.29247185587882996 1 65 15 80
class 0.1618386209011078 49 64 67 81
class 0.22321218252182007 63 63 80 81
class 0.2695709466934204 77 64 94 81
class 0.4286525845527649 89 65 106 82
class 0.5187793374061584 103 64 120 82
class 0.44239166378974915 116 64 133 81
class 0.24970252811908722 128 64 146 81
class 0.3007420003414154 181 65 198 82
class 0.2080363631248474 194 65 212 81
class 0.1438864916563034 207 66 225 81
class 0.11986706405878067 220 65 236 80
class 0.2507661283016205 233 63 247 82
class 0.2697201371192932 1 78 15 94
class 0.12269724905490875 23 77 40 94
class 0.23586256802082062 49 76 68 95
class 0.2931618392467499 63 77 81 95
class 0.4081156849861145 76 77 94 95
class 0.32376110553741455 89 76 106 94
class 0.37449660897254944 103 76 121 94
class 0.3471505343914032 115 76 133 94
class 0.33424973487854004 127 77 146 95
class 0.2965012490749359 143 77 161 95
class 0.6310745477676392 155 77 173 93
class 0.5984084010124207 166 76 185 93
class 0.2733059227466583 181 77 199 94
class 0.29221126437187195 195 78 213 94
class 0.3266669809818268 207 78 225 94
class 0.366338849067688 233 76 247 95
class 0.10297869890928268 50 89 68 109
class 0.19262847304344177 63 89 81 108
class 0.28948816657066345 77 89 95 107
class 0.40614044666290283 90 89 107 107
class 0.35068845748901367 103 90 120 108
class 0.16923882067203522 115 90 132 108
class 0.2476281225681305 129 90 147 108
class 0.2779078185558319 142 90 159 108
class 0.21223920583724976 155 90 172 107
class 0.1734367311000824 168 90 186 108
class 0.16025519371032715 182 91 199 108
class 0.28332483768463135 195 91 212 108
class 0.17921847105026245 208 91 225 107
class 0.23398606479167938 233 89 247 107
class 0.14665110409259796 1 103 15 119
class 0.10082035511732101 38 101 57 121
class 0.16366912424564362 50 102 68 122
class 0.23463118076324463 62 103 81 122
class 0.25197094678878784 76 103 94 121
class 0.2450038343667984 90 103 107 121
class 0.2605130076408386 103 103 121 121
class 0.6242541074752808 116 103 133 121
class 0.49639424681663513 128 103 146 122
class 0.37796685099601746 143 103 159 121
class 0.3710862994194031 155 104 172 122
class 0.3828634023666382 169 104 186 121
class 0.2650073170661926 182 104 199 121
class 0.5216090083122253 195 104 212 120
class 0.2947356402873993 207 104 225 120
class 0.11061989516019821 220 104 236 120
class 0.26373398303985596 233 103 247 121
class 0.9906309247016907 27 117 44 136
class 0.2081792652606964 49 116 68 135
class 0.21503160893917084 63 115 80 134
class 0.3476538062095642 76 116 93 134
class 0.34727925062179565 89 117 107 134
class 0.20153631269931793 102 116 119 134
class 0.10688912868499756 114 114 133 133
class 0.5356457829475403 155 116 172 135
class 0.4205211400985718 169 117 186 135
class 0.24390144646167755 182 117 199 134
class 0.3427724242210388 195 117 212 134
class 0.25315922498703003 207 117 225 133
class 0.3069036900997162 233 115 247 134
class 0.10213325917720795 48 128 67 146
class 0.2679022252559662 63 130 80 147
class 0.336271196603775 77 130 93 147
class 0.442483127117157 90 129 106 147
class 0.21293315291404724 103 129 120 146
class 0.10194431990385056 114 129 132 147
class 0.9735743403434753 132 127 148 145
class 0.46234330534935 154 129 172 147
class 0.4066886007785797 169 129 186 147
class 0.2566075325012207 181 130 199 147
class 0.3234695792198181 195 129 213 146
class 0.30518996715545654 208 130 226 146
class 0.22357770800590515 233 129 247 147
class 0.12951278686523438 1 145 15 159
class 0.1609289050102234 34 142 54 159
class 0.14382754266262054 49 143 67 160
class 0.22470837831497192 63 142 80 159
class 0.38867437839508057 76 142 93 159
class 0.59251868724823 91 143 107 160
class 0.3752477169036865 102 143 119 160
class 0.2684139609336853 115 144 133 160
class 0.34331774711608887 128 145 145 161
class 0.1680339127779007 141 144 160 160
class 0.3289085030555725 155 143 172 160
class 0.2738514542579651 168 143 186 160
class 0.2342042326927185 181 144 199 161
class 0.2542389929294586 195 144 213 161
class 0.1480513960123062 207 144 225 160
class 0.23518623411655426 233 142 247 161
class 0.2096458524465561 1 157 16 172
class 0.18331119418144226 51 156 68 173
class 0.3255550265312195 62 157 79 173
class 0.35297608375549316 76 157 93 173
class 0.2764868438243866 90 156 107 172
class 0.20433251559734344 102 156 120 173
class 0.3038053810596466 115 156 133 172
class 0.33296748995780945 128 156 146 172
class 0.2884523868560791 141 156 159 173
class 0.362035870552063 155 157 173 173
class 0.35707175731658936 168 157 186 174
class 0.35255637764930725 181 156 200 173
class 0.3715222477912903 194 155 213 173
class 0.20690734684467316 207 156 226 172
class 0.3188559114933014 233 154 247 173
class 0.24605916440486908 2 170 16 185
class 0.17698149383068085 23 170 40 186
class 0.13282962143421173 35 170 54 187
class 0.20871096849441528 50 169 68 186
class 0.3280166983604431 63 169 80 186
class 0.3773142099380493 76 169 93 186
class 0.3676650822162628 90 170 107 186
class 0.3351677656173706 102 170 120 186
class 0.23703595995903015 115 169 133 186
class 0.2392789125442505 129 170 147 186
class 0.32677024602890015 141 170 159 186
class 0.4327027201652527 155 170 173 187
class 0.31695622205734253 168 169 186 186
class 0.2818681299686432 181 169 200 186
class 0.2758094072341919 194 170 213 187
class 0.12586882710456848 207 171 226 186
class 0.18704086542129517 233 168 247 186
class 0.10426130145788193 2 183 15 198
class 0.10841017216444016 36 182 55 200
class 0.20428693294525146 50 182 68 200
class 0.3242853581905365 63 182 80 199
class 0.5614878535270691 77 183 94 199
class 0.5322703719139099 89 183 106 200
class 0.4519102871417999 103 182 120 199
class 0.4537801742553711 116 183 134 200
class 0.48155155777931213 129 183 147 200
class 0.570586085319519 142 183 159 200
class 0.585896372795105 155 182 173 199
class 0.42190441489219666 168 182 187 200
class 0.3304802477359772 181 182 200 200
class 0.3105613589286804 195 182 214 199
class 0.27063828706741333 207 183 225 199
class 0.21671348810195923 233 182 247 200
class 0.10398148000240326 1 197 16 211
class 0.180370032787323 50 196 68 213
class 0.3136652410030365 63 197 80 214
class 0.4778660535812378 76 196 93 213
class 0.5006840825080872 89 196 107 214
class 0.40972900390625 102 196 119 214
class 0.5301694869995117 117 196 134 213
class 0.4172018766403198 129 196 147 214
class 0.5155097842216492 142 195 159 213
class 0.5584552884101868 155 195 173 213
class 0.3782462477684021 168 195 187 213
class 0.35784581303596497 182 195 200 213
class 0.5075121521949768 195 196 213 213
class 0.30155861377716064 207 196 225 213
class 0.33619338274002075 233 195 247 213
class 0.9978438019752502 18 210 37 230
class 0.16807737946510315 37 207 57 226
class 0.2702193856239319 63 209 80 226
class 0.25112318992614746 77 209 93 226
class 0.3763991892337799 90 209 107 226
class 0.5053591132164001 103 209 120 226
class 0.3680345118045807 116 208 133 226
class 0.44030502438545227 130 208 147 226
class 0.3884661793708801 141 209 159 227
class 0.32459938526153564 155 208 173 226
class 0.3182975649833679 169 209 187 227
class 0.28670912981033325 182 209 199 227
class 0.3130415081977844 194 208 212 226
class 0.1520780622959137 208 209 225 226
class 0.11903758347034454 219 210 235 226
class 0.18161869049072266 233 208 246 226
class 0.3813171088695526 1 221 16 236
class 0.21845261752605438 63 222 80 238
class 0.18549104034900665 77 222 93 238
class 0.2732357680797577 90 222 106 239
class 0.22477734088897705 104 222 120 238
class 0.18076775968074799 117 223 133 239
class 0.21760070323944092 129 222 146 238
class 0.21215249598026276 143 222 160 238
class 0.2737148106098175 156 223 173 239
class 0.17099863290786743 169 222 187 238
class 0.3493991196155548 182 222 199 239
class 0.37176206707954407 194 223 211 239
class 0.14636191725730896 208 224 225 239
class 0.501802921295166 232 223 247 240
class 0.1877603679895401 0 234 16 248
class 0.1404138058423996 36 232 55 248
class 0.20156008005142212 49 232 68 249
class 0.31668218970298767 63 231 82 249
class 0.3969307243824005 75 231 94 248
class 0.5674166679382324 90 231 109 248
class 0.4580254554748535 102 231 121 248
class 0.5242947936058044 116 231 134 248
class 0.45176804065704346 128 231 147 248
class 0.436417818069458 142 231 161 248
class 0.6141298413276672 155 230 174 248
class 0.45605501532554626 168 231 187 248
class 0.39810338616371155 181 230 200 248
class 0.5031801462173462 194 231 213 248
class 0.5478717088699341 207 231 226 249
class 0.2561603784561157 220 232 238 249
class 0.8359416723251343 232 231 249 249
