class 0.8982599377632141 1 3 17 18
class 0.22919636964797974 8 4 25 18
class 0.3727699816226959 22 4 40 18
class 0.31461408734321594 35 4 53 18
class 0.3955634534358978 62 4 80 17
class 0.4398646950721741 74 4 93 17
class 0.5293712019920349 89 4 107 17
class 0.5326429009437561 101 3 120 18
class 0.5249617695808411 115 4 133 18
class 0.4816366136074066 127 3 146 17
class 0.4235963821411133 141 4 159 18
class 0.370625764131546 154 4 173 17
class 0.5312930345535278 167 4 186 18
class 0.49919354915618896 180 4 199 18
class 0.6563830375671387 193 3 213 18
class 0.41222408413887024 207 4 226 18
class 0.33561715483665466 221 4 237 17
class 0.7962446212768555 232 2 249 18
class 0.13502514362335205 10 10 25 25
class 0.3317992091178894 23 10 38 25
class 0.438594251871109 36 9 53 25
class 0.5326930284500122 50 9 66 24
class 0.5557790994644165 62 9 79 25
class 0.6881731152534485 75 9 93 25
class 0.6016879677772522 88 9 105 25
class 0.6254537105560303 102 10 120 25
class 0.5459144711494446 115 10 132 25
class 0.49289053678512573 128 9 145 26
class 0.5388092398643494 141 9 158 26
class 0.5616554021835327 154 10 171 26
class 0.5132384896278381 167 9 184 26
class 0.4439617395401001 180 9 197 25
class 0.6260886192321777 208 10 225 25
class 0.12882453203201294 220 10 235 26
class 0.1320246309041977 233 8 247 26
class 0.3982979357242584 1 26 15 41
class 0.14034190773963928 36 25 53 40
class 0.2141437828540802 49 25 66 40
class 0.20443493127822876 62 25 80 41
class 0.21896183490753174 75 24 92 41
class 0.22119414806365967 89 26 106 41
class 0.28259462118148804 102 25 120 41
class 0.3125152289867401 115 25 132 41
class 0.3839390277862549 128 25 146 41
class 0.2150316685438156 141 25 158 41
class 0.2309040129184723 154 25 172 42
class 0.24641153216362 167 25 185 42
class 0.2773154079914093 179 26 198 43
class 0.26299145817756653 193 26 212 42
class 0.10108797252178192 206 25 224 40
class 0.12718677520751953 234 24 247 42
class 0.35001447796821594 1 38 15 54
class 0.18498994410037994 36 38 53 55
class 0.2391480803489685 49 38 67 55
class 0.31718379259109497 63 37 80 54
class 0.425641268491745 76 39 93 56
class 0.6064954400062561 90 38 107 55
class 0.5249088406562805 102 37 119 55
class 0.506722092628479 116 38 133 55
class 0.49361947178840637 128 37 146 55
class 0.2650798261165619 142 37 160 54
class 0.13462460041046143 153 36 172 53
class 0.19218924641609192 169 35 187 53
class 0.5373287796974182 180 35 197 55
class 0.3720717132091522 195 36 213 53
class 0.3505193889141083 208 38 225 53
class 0.16329756379127502 220 39 235 54
class 0.36788639426231384 233 36 247 54
class 0.3820413649082184 1 52 16 67
class 0.30862346291542053 24 52 40 67
class 0.23300489783287048 36 50 53 68
class 0.47409412264823914 50 51 67 68
class 0.5270611047744751 63 51 79 68
class 0.692653238773346 77 50 93 67
class 0.6709362864494324 90 50 106 68
class 0.42582178115844727 103 50 119 68
class 0.4586731195449829 116 50 133 68
class 0.3741375505924225 129 50 146 67
class 0.38342684507369995 142 50 159 68
class 0.9799343943595886 161 51 177 69
class 0.22706501185894012 181 49 199 68
class 0.17315174639225006 195 51 212 68
class 0.24140696227550507 208 51 225 67
class 0.1155034527182579 220 51 235 67
class 0.15361137688159943 233 50 247 68
class 0.3269825875759125 1 65 15 80
class 0.16260145604610443 24 65 39 80
class 0.15438684821128845 37 64 54 81
class 0.5969641208648682 51 64 68 81
class 0.617397129535675 63 64 80 81
class 0.2026055008172989 75 62 92 80
class 0.14350508153438568 90 61 107 79
class 0.5809731483459473 102 61 119 81
class 0.6194326877593994 117 64 133 81
class 0.32861238718032837 128 64 145 81
class 0.16625475883483887 143 63 160 80
class 0.4853157103061676 155 64 172 80
class 0.21502898633480072 167 65 185 82
class 0.2354888916015625 180 65 199 82
class 0.3531666100025177 195 65 212 82
class 0.3237236440181732 208 65 225 80
class 0.10398472100496292 220 64 236 79
class 0.20105083286762238 233 63 247 81
class 0.40575405955314636 1 78 15 94
class 0.1910627782344818 23 79 40 94
class 0.21984411776065826 36 78 54 95
class 0.468172162771225 51 77 68 94
class 0.6483680009841919 65 77 83 94
class 0.9563382267951965 85 77 104 96
class 0.35380691289901733 104 76 121 94
class 0.43527859449386597 118 77 134 94
class 0.3560526967048645 128 78 146 95
class 0.21635471284389496 143 77 160 94
class 0.6855097413063049 155 76 173 93
class 0.6120640635490417 167 77 185 93
class 0.3005530536174774 180 77 199 94
class 0.3389083743095398 195 78 213 94
class 0.2573596239089966 208 78 225 93
class 0.1863936185836792 233 76 247 94
class 0.4609736502170563 1 91 16 107
class 0.18849165737628937 23 91 40 107
class 0.22724905610084534 36 91 54 108
class 0.3831029236316681 50 91 68 108
class 0.49955278635025024 63 88 81 106
class 0.2693156898021698 103 91 121 108
class 0.5836626291275024 116 92 133 109
class 0.4326171576976776 128 90 146 108
class 0.2675963044166565 142 90 160 108
class 0.37561169266700745 155 90 173 108
class 0.2747189402580261 168 90 186 107
class 0.3346172571182251 181 90 199 107
class 0.5071960091590881 195 91 213 108
class 0.2865239679813385 207 91 225 107
class 0.24310332536697388 233 90 247 108
class 0.21862269937992096 1 104 15 119
class 0.21538357436656952 37 104 54 121
class 0.31266987323760986 50 103 68 121
class 0.24594122171401978 62 104 80 121
class 0.42992541193962097 77 103 95 120
class 0.7129425406455994 88 103 106 120
class 0.4362436532974243 101 102 119 120
class 0.1530350297689438 116 100 134 118
class 0.3947411775588989 128 103 146 121
class 0.3175688683986664 142 103 160 121
class 0.3923001289367676 155 104 173 121
class 0.3044246733188629 168 104 186 121
class 0.351115345954895 181 104 200 121
class 0.5169297456741333 195 104 213 120
class 0.221738800406456 207 104 225 120
class 0.28957051038742065 233 102 247 120
class 0.350128710269928 1 118 16 134
class 0.12308388948440552 24 117 41 133
class 0.2308613359928131 37 116 54 133
class 0.3822912871837616 50 116 68 133
class 0.34091734886169434 63 117 80 134
class 0.3003443777561188 76 117 93 134
class 0.22538167238235474 90 116 108 133
class 0.993928849697113 113 118 131 138
class 0.3627035617828369 130 115 148 133
class 0.21159803867340088 142 117 160 134
class 0.45266857743263245 155 117 172 134
class 0.5144399404525757 168 117 186 134
class 0.4202054738998413 181 116 199 134
class 0.41456305980682373 195 117 213 134
class 0.247233048081398 207 117 225 133
class 0.2616163194179535 233 116 248 134
class 0.3829900026321411 2 131 16 146
class 0.1403503566980362 37 130 54 148
class 0.18977616727352142 51 129 68 147
class 0.36834481358528137 64 129 81 147
class 0.40461084246635437 75 129 93 147
class 0.3740248680114746 142 130 160 147
class 0.5454978942871094 155 130 172 147
class 0.41862353682518005 168 130 185 147
class 0.3338434398174286 182 130 200 147
class 0.3956410884857178 195 130 213 147
class 0.2855362892150879 208 130 226 146
class 0.10973074287176132 220 130 236 146
class 0.28883302211761475 233 128 247 147
class 0.24537545442581177 1 144 15 159
class 0.10397779196500778 24 143 40 159
class 0.13182707130908966 38 142 55 160
class 0.3989725708961487 50 143 67 161
class 0.3672657012939453 63 142 80 160
class 0.34411749243736267 76 142 94 161
class 0.38529685139656067 103 142 121 160
class 0.6251956224441528 114 144 132 160
class 0.2813916504383087 127 143 146 160
class 0.3518241047859192 142 144 159 160
class 0.3555871844291687 155 143 173 160
class 0.4636542499065399 168 143 186 160
class 0.33560675382614136 182 143 200 160
class 0.3956715762615204 195 143 213 160
class 0.20825329422950745 208 143 226 159
class 0.3173971474170685 232 142 247 160
class 0.38578280806541443 1 158 15 173
class 0.2207048088312149 23 157 40 173
class 0.15524853765964508 37 156 54 173
class 0.4401463270187378 50 155 67 173
class 0.6300101280212402 63 156 81 174
class 0.38305363059043884 76 155 94 174
class 0.16609521210193634 88 156 107 175
class 0.17219825088977814 103 156 121 174
class 0.29166051745414734 115 155 133 173
class 0.2583153247833252 128 156 147 173
class 0.33425137400627136 142 156 159 173
class 0.32380005717277527 155 156 173 173
class 0.2732139229774475 168 156 186 173
class 0.23183795809745789 183 155 200 173
class 0.22607386112213135 194 155 212 173
class 0.1756647676229477 208 156 226 172
class 0.19689159095287323 233 154 247 173
class 0.38529905676841736 2 170 15 186
class 0.22163838148117065 51 169 68 186
class 0.48065677285194397 89 168 107 187
class 0.3923201560974121 103 169 121 187
class 0.3456191420555115 116 170 133 187
class 0.3474665582180023 129 170 146 186
class 0.43330520391464233 142 170 159 186
class 0.393775075674057 155 169 173 186
class 0.28416046500205994 168 170 186 186
class 0.24030731618404388 182 170 199 186
class 0.4158068001270294 195 170 213 187
class 0.29759681224823 206 170 225 186
class 0.23452477157115936 233 169 247 187
class 0.5933295488357544 1 183 15 199
class 0.27889445424079895 24 185 41 200
class 0.27026715874671936 37 183 54 200
class 0.43698081374168396 51 182 69 199
class 0.9750943183898926 71 182 90 202
class 0.5785835981369019 90 181 108 199
class 0.3897804319858551 103 182 120 199
class 0.5220360159873962 115 182 133 199
class 0.4105502665042877 129 182 146 199
class 0.4064851701259613 142 182 159 199
class 0.31063252687454224 156 182 173 199
class 0.4141536056995392 169 182 186 199
class 0.377817302942276 182 182 199 199
class 0.40459156036376953 195 182 212 199
class 0.3015495538711548 207 183 225 199
class 0.11422742903232574 220 184 236 199
class 0.30660685896873474 233 182 247 200
class 0.25877490639686584 1 197 15 212
class 0.5077007412910461 24 196 41 212
class 0.23417647182941437 35 196 53 215
class 0.14637671411037445 50 196 69 213
class 0.13694502413272858 63 196 80 212
class 0.2819918990135193 75 195 93 212
class 0.2761208713054657 89 196 107 213
class 0.47437864542007446 103 197 120 213
class 0.5523272752761841 115 196 132 213
class 0.48950251936912537 130 196 147 213
class 0.5419696569442749 142 195 160 213
class 0.4185866117477417 155 196 173 213
class 0.3265036940574646 168 196 186 213
class 0.3960360288619995 182 195 199 213
class 0.44388464093208313 195 195 212 213
class 0.32033196091651917 207 196 225 213
class 0.15673381090164185 220 197 236 212
class 0.35908979177474976 233 195 247 213
class 0.37413689494132996 1 210 16 225
class 0.11736505478620529 24 209 40 226
class 0.14009056985378265 49 209 68 228
class 0.443456768989563 63 209 81 227
class 0.3658461570739746 75 209 93 226
class 0.2640865445137024 89 209 107 225
class 0.37904608249664307 103 209 120 226
class 0.4056204557418823 116 209 133 225
class 0.346783310174942 129 209 146 226
class 0.356636106967926 143 208 160 225
class 0.38184767961502075 156 208 172 225
class 0.27774545550346375 168 210 186 226
class 0.3300299644470215 182 209 199 226
class 0.3914136588573456 194 210 211 227
class 0.19820545613765717 208 210 225 225
class 0.14480875432491302 220 210 235 225
class 0.27452588081359863 233 209 247 226
class 0.8037691116333008 1 223 16 239
class 0.9933975338935852 38 225 55 243
class 0.10816551744937897 63 223 80 238
class 0.24501772224903107 77 223 94 239
class 0.17969119548797607 90 223 106 238
class 0.19211125373840332 103 223 120 238
class 0.2509397864341736 117 223 133 238
class 0.36288803815841675 129 222 145 238
class 0.2326902598142624 143 222 159 238
class 0.31407785415649414 156 223 172 239
class 0.321753591299057 169 222 186 238
class 0.2732497453689575 183 222 199 238
class 0.46077847480773926 195 222 212 238
class 0.3067212402820587 207 224 224 239
class 0.4120618999004364 232 222 247 240
class 0.7690178155899048 0 233 16 249
class 0.21498285233974457 20 234 39 249
class 0.12620310485363007 51 233 72 248
class 0.4897565543651581 60 231 81 248
class 0.4211363196372986 76 231 95 248
class 0.6227203011512756 90 232 108 248
class 0.4530198276042938 102 231 120 248
class 0.4589908719062805 115 231 134 248
class 0.5568305253982544 128 231 147 249
class 0.5142673850059509 142 232 160 249
class 0.522335410118103 155 231 174 248
class 0.5321828126907349 168 231 187 248
class 0.5602953433990479 181 231 200 248
class 0.41036495566368103 194 231 212 248
class 0.5460888743400574 207 231 226 248
class 0.24784792959690094 220 231 238 249
class 0.8526073694229126 232 232 249 249
