class 0.7537204623222351 0 3 17 18
class 0.24817335605621338 9 4 27 18
class 0.2565876245498657 22 4 40 18
class 0.2966567873954773 35 4 53 17
class 0.4281436800956726 49 3 67 17
class 0.5115240812301636 62 4 80 18
class 0.5347830653190613 76 4 94 18
class 0.5392839312553406 88 4 106 18
class 0.5841058492660522 101 4 120 18
class 0.5173682570457458 114 4 133 17
class 0.6173152327537537 128 4 146 17
class 0.4382069706916809 140 4 159 18
class 0.43648022413253784 154 4 173 17
class 0.48036590218544006 166 4 186 18
class 0.4056735038757324 180 4 199 18
class 0.47979530692100525 193 4 212 18
class 0.2884666323661804 207 4 226 18
class 0.4123155474662781 221 4 237 18
class 0.6155455112457275 232 3 249 18
class 0.6374496817588806 1 10 16 26
class 0.17030124366283417 10 9 25 24
class 0.28752854466438293 22 10 39 25
class 0.37675684690475464 36 10 52 25
class 0.538801908493042 49 9 66 25
class 0.44206899404525757 63 9 79 24
class 0.5019732713699341 76 9 92 25
class 0.5157201290130615 89 9 106 25
class 0.6437464356422424 102 9 119 25
class 0.44355523586273193 115 10 132 26
class 0.5180778503417969 128 10 145 26
class 0.6250017285346985 140 9 158 26
class 0.31707364320755005 154 10 171 27
class 0.49361515045166016 168 9 185 25
class 0.6123402714729309 180 9 198 26
class 0.6783617734909058 194 9 211 25
class 0.49990516901016235 207 9 224 25
class 0.12633155286312103 220 9 235 24
class 0.18190602958202362 234 8 247 26
class 0.18648892641067505 1 27 15 41
class 0.14654044806957245 49 25 66 41
class 0.190870001912117 63 26 80 41
class 0.2543799877166748 75 26 92 42
class 0.2521773874759674 88 26 105 41
class 0.2880283296108246 102 25 119 41
class 0.3153564929962158 115 25 134 40
class 0.3979727625846863 128 24 146 41
class 0.21151675283908844 139 22 158 40
class 0.2668065130710602 166 25 185 41
class 0.20775869488716125 181 25 198 41
class 0.27669066190719604 193 25 212 41
class 0.1789943426847458 206 25 224 41
class 0.13576281070709229 233 23 247 41
class 0.3819209933280945 2 39 16 54
class 0.14556722342967987 22 39 39 53
class 0.1622932255268097 36 38 54 54
class 0.36331707239151 49 38 67 55
class 0.3734249770641327 62 38 79 55
class 0.44048556685447693 76 38 93 55
class 0.49896368384361267 89 38 106 55
class 0.523760199546814 102 38 119 55
class 0.43954768776893616 115 38 132 55
class 0.2839154601097107 129 37 148 54
class 0.9960383176803589 151 38 169 57
class 0.4804055094718933 168 36 187 54
class 0.3721635341644287 181 38 199 55
class 0.47483745217323303 194 38 212 55
class 0.3015027642250061 207 38 225 54
class 0.10652101784944534 220 39 236 54
class 0.1571332961320877 233 36 246 55
class 0.2894226908683777 1 52 15 67
class 0.2469533234834671 36 51 53 68
class 0.31968018412590027 50 50 67 66
class 0.5078697800636292 62 51 79 68
class 0.35251638293266296 76 51 92 68
class 0.43361008167266846 90 51 107 68
class 0.5746231079101562 103 51 119 68
class 0.5161331295967102 115 51 132 68
class 0.2636563777923584 128 51 146 68
class 0.31375110149383545 181 51 198 69
class 0.410588800907135 194 52 212 68
class 0.2623666822910309 208 52 225 67
class 0.22945962846279144 219 52 236 67
class 0.26171767711639404 233 50 247 69
class 0.2095331996679306 1 65 16 80
class 0.1293942928314209 23 66 40 81
class 0.1981494426727295 36 64 54 81
class 0.25482678413391113 50 65 67 82
class 0.44820451736450195 62 64 80 81
class 0.4995462894439697 76 65 93 81
class 0.5066804885864258 89 65 107 81
class 0.5340508818626404 102 64 120 81
class 0.5242341756820679 115 64 133 81
class 0.27147477865219116 128 64 146 81
class 0.7320346832275391 141 63 160 81
class 0.4619656205177307 153 64 172 80
class 0.2951616644859314 166 64 185 82
class 0.20442190766334534 182 64 199 81
class 0.5541714429855347 195 65 212 81
class 0.275478333234787 206 65 225 81
class 0.12587985396385193 220 65 236 80
class 0.22040069103240967 233 63 247 81
class 0.4374985694885254 1 78 16 94
class 0.1857796013355255 23 78 41 94
class 0.2678755521774292 36 77 54 95
class 0.35086578130722046 49 77 68 94
class 0.40599220991134644 62 78 81 95
class 0.4186757802963257 76 77 94 94
class 0.47588831186294556 89 77 107 95
class 0.5007759928703308 102 77 120 95
class 0.5177061557769775 115 77 133 95
class 0.18915268778800964 128 77 146 95
class 0.15759281814098358 141 76 159 94
class 0.27117592096328735 155 78 173 95
class 0.44983452558517456 167 78 185 95
class 0.23633220791816711 180 78 199 95
class 0.423524409532547 194 78 212 94
class 0.31602922081947327 207 78 225 94
class 0.22139409184455872 220 78 236 94
class 0.3376508355140686 233 77 247 95
class 0.3020336925983429 2 91 16 107
class 0.1845310777425766 22 91 40 107
class 0.19105978310108185 36 90 55 108
class 0.29435139894485474 50 90 68 107
class 0.3123246729373932 62 90 81 107
class 0.31930094957351685 76 90 94 107
class 0.5462362766265869 90 90 108 108
class 0.5295230746269226 102 90 120 108
class 0.410966694355011 115 89 133 107
class 0.3976384103298187 129 90 147 108
class 0.3223416209220886 142 91 160 108
class 0.36214765906333923 154 90 172 108
class 0.2459384799003601 168 90 185 108
class 0.1522921323776245 181 91 199 108
class 0.1795985847711563 194 91 212 108
class 0.15402346849441528 233 88 247 107
class 0.25275370478630066 1 104 16 120
class 0.15086078643798828 23 104 41 120
class 0.26959243416786194 36 104 54 121
class 0.26395636796951294 50 103 68 121
class 0.36140868067741394 63 103 81 121
class 0.37350860238075256 75 103 94 121
class 0.462793231010437 89 103 107 121
class 0.44004905223846436 102 103 121 121
class 0.3422762155532837 115 103 134 121
class 0.3875831961631775 128 103 146 121
class 0.30843278765678406 142 102 160 120
class 0.2836654782295227 155 102 173 120
class 0.2283303141593933 168 103 186 120
class 0.3985709547996521 181 103 199 121
class 0.33062565326690674 195 104 213 121
class 0.24937917292118073 207 105 225 121
class 0.2735029458999634 233 103 247 122
class 0.3147548735141754 2 117 16 133
class 0.18259356915950775 23 117 41 133
class 0.4680407643318176 37 116 55 134
class 0.520478367805481 50 117 68 135
class 0.35379675030708313 62 115 81 135
class 0.3712206184864044 76 115 95 135
class 0.4553048312664032 89 116 107 134
class 0.41698169708251953 103 116 121 134
class 0.2755744159221649 115 116 134 134
class 0.25451162457466125 128 115 147 133
class 0.36052635312080383 142 116 160 134
class 0.32577651739120483 155 116 172 134
class 0.24597570300102234 168 117 186 134
class 0.2243518978357315 181 116 199 134
class 0.2659813463687897 195 117 214 134
class 0.20115354657173157 207 117 225 133
class 0.19299925863742828 234 114 247 133
class 0.2546900808811188 1 131 16 146
class 0.34255802631378174 24 131 43 147
class 0.23777231574058533 64 127 82 147
class 0.3280680477619171 78 129 96 148
class 0.4163304269313812 89 130 107 147
class 0.3826354146003723 103 129 121 147
class 0.3139805793762207 115 129 134 147
class 0.2177162766456604 128 130 147 148
class 0.19656753540039062 141 129 160 148
class 0.18349121510982513 155 129 173 147
class 0.2977030277252197 168 129 186 147
class 0.2504425644874573 182 129 200 146
class 0.321694552898407 195 129 213 147
class 0.2448354959487915 208 130 226 146
class 0.22415542602539062 233 129 247 147
class 0.4377010762691498 2 144 16 160
class 0.17988954484462738 25 142 42 158
class 0.9924250245094299 47 138 64 158
class 0.32873934507369995 64 142 83 160
class 0.26960083842277527 77 142 95 160
class 0.48607897758483887 89 143 107 160
class 0.4215985834598541 102 143 120 162
class 0.2899954319000244 116 142 133 161
class 0.23405401408672333 129 142 147 161
class 0.24562525749206543 142 142 160 160
class 0.2467985302209854 155 143 173 161
class 0.31578630208969116 168 143 185 160
class 0.17498677968978882 181 143 199 160
class 0.23590311408042908 194 143 212 161
class 0.21967098116874695 208 143 226 159
class 0.11441272497177124 220 144 236 159
class 0.24113872647285461 233 142 247 161
class 0.4477555453777313 2 156 16 172
class 0.1006414070725441 23 157 41 172
class 0.11752291768789291 34 157 54 174
class 0.24630962312221527 49 158 68 174
class 0.12038249522447586 62 156 81 173
class 0.2991187870502472 76 156 94 173
class 0.3244875371456146 88 155 108 173
class 0.30156680941581726 102 154 121 173
class 0.20006777346134186 115 156 135 175
class 0.35795289278030396 128 155 147 175
class 0.2202654927968979 141 155 161 174
class 0.1903211921453476 154 155 173 174
class 0.25282618403434753 168 156 186 174
class 0.26892369985580444 181 157 199 174
class 0.3287990093231201 195 156 213 173
class 0.2993314862251282 207 157 225 173
class 0.11183873564004898 220 157 237 172
class 0.28012630343437195 233 155 247 173
class 0.23800668120384216 1 170 15 186
class 0.13216419517993927 37 169 55 186
class 0.4021545648574829 49 169 68 185
class 0.3220938444137573 62 169 81 186
class 0.3543582260608673 76 169 94 186
class 0.4213775396347046 89 169 107 187
class 0.11365806311368942 102 168 122 186
class 0.13609254360198975 129 165 149 185
class 0.2867358922958374 141 167 160 188
class 0.22454869747161865 155 168 174 187
class 0.3888811469078064 168 168 186 186
class 0.3429029583930969 181 169 199 186
class 0.331192284822464 194 170 212 186
class 0.14625349640846252 207 170 225 186
class 0.35215049982070923 232 169 247 187
class 0.42610839009284973 2 183 16 199
class 0.3449556529521942 10 184 27 200
class 0.3751909136772156 23 184 41 200
class 0.11032106727361679 37 183 54 200
class 0.42787039279937744 50 183 67 200
class 0.5795735716819763 63 184 81 201
class 0.4773457944393158 76 183 94 200
class 0.2068832367658615 89 182 107 198
class 0.18238773941993713 102 182 121 200
class 0.9953354597091675 120 182 138 201
class 0.5930950045585632 141 181 160 201
class 0.28236860036849976 155 183 173 200
class 0.3655437231063843 168 183 186 201
class 0.35503289103507996 182 183 199 200
class 0.5942344665527344 195 183 212 200
class 0.4143591523170471 208 183 226 199
class 0.23986157774925232 233 181 247 199
class 0.3929499685764313 1 196 17 212
class 0.2141989767551422 38 194 56 213
class 0.4209752678871155 50 195 68 213
class 0.620612382888794 63 195 81 214
class 0.6156365871429443 76 196 94 214
class 0.19567252695560455 87 196 106 214
class 0.32731056213378906 140 194 159 214
class 0.3030621111392975 156 196 173 213
class 0.49852022528648376 168 196 186 213
class 0.3831671178340912 181 195 199 213
class 0.4539493918418884 195 196 212 213
class 0.3832426965236664 208 197 225 213
class 0.11267857253551483 220 196 236 212
class 0.3107118606567383 233 195 247 213
class 0.3835422396659851 1 209 16 225
class 0.9947331547737122 19 204 37 225
class 0.12456604093313217 37 207 57 225
class 0.14185425639152527 50 209 68 226
class 0.4934104084968567 64 209 81 226
class 0.5342801213264465 75 209 94 227
class 0.28447672724723816 117 205 135 225
class 0.4782547354698181 126 207 147 227
class 0.3945869505405426 169 208 186 225
class 0.39892929792404175 181 209 198 227
class 0.42373934388160706 195 209 212 226
class 0.4543095827102661 207 209 224 225
class 0.1621726006269455 220 210 235 225
class 0.27481234073638916 232 209 247 227
class 0.5438722372055054 1 223 16 238
class 0.15263424813747406 63 223 80 238
class 0.18960994482040405 76 224 94 239
class 0.9961839318275452 111 224 130 243
class 0.10568729788064957 169 223 184 239
class 0.1912735253572464 183 221 199 237
class 0.48832789063453674 196 222 212 238
class 0.23237110674381256 207 223 223 238
class 0.39000895619392395 232 222 247 240
class 0.5139705538749695 0 233 16 248
class 0.24606670439243317 36 232 56 248
class 0.33143264055252075 50 231 69 248
class 0.49227985739707947 62 231 81 248
class 0.5490480065345764 75 231 94 248
class 0.2604775130748749 89 231 110 247
class 0.2824271619319916 155 231 174 248
class 0.4046783149242401 167 231 186 248
class 0.2315438985824585 181 233 200 249
class 0.43707484006881714 194 231 213 249
class 0.3280826508998871 207 231 225 249
class 0.29558679461479187 220 232 238 249
class 0.8223856687545776 232 232 249 249
