class 0.8112962245941162 1 3 16 18
class 0.3191123604774475 9 4 26 18
class 0.292688250541687 22 4 41 18
class 0.48513612151145935 50 4 68 17
class 0.5049778819084167 62 4 81 17
class 0.5025162100791931 74 4 94 18
class 0.3418710231781006 88 4 107 17
class 0.3116709589958191 101 4 120 17
class 0.5021267533302307 114 4 134 18
class 0.4582973122596741 127 4 146 18
class 0.564088761806488 141 3 160 18
class 0.3782418370246887 153 4 173 18
class 0.43823012709617615 166 3 187 17
class 0.71503084897995 179 3 202 18
class 0.7302886247634888 191 3 213 19
class 0.407172828912735 206 3 228 18
class 0.29272449016571045 220 3 238 18
class 0.8365017175674438 231 2 249 18
class 0.6762372851371765 1 9 16 26
class 0.26202431321144104 23 10 39 25
class 0.5358859300613403 35 9 52 25
class 0.4261290431022644 49 9 66 25
class 0.3801724314689636 62 9 79 25
class 0.6198903322219849 76 9 93 25
class 0.5280635952949524 88 10 106 26
class 0.6177525520324707 101 11 119 27
class 0.6544627547264099 115 9 132 25
class 0.668005645275116 127 9 145 26
class 0.6019532084465027 141 9 159 25
class 0.3005986511707306 154 9 171 26
class 0.12628598511219025 166 9 186 26
class 0.1023707464337349 194 8 214 27
class 0.6181949973106384 205 8 225 27
class 0.30822503566741943 233 8 248 26
class 0.18659257888793945 1 25 15 41
class 0.15820248425006866 36 25 52 40
class 0.12024259567260742 49 25 66 40
class 0.1425626277923584 61 26 79 41
class 0.19972550868988037 76 26 93 41
class 0.22184540331363678 88 25 106 41
class 0.21713022887706757 101 25 119 41
class 0.20338523387908936 114 26 132 41
class 0.16935694217681885 128 25 145 41
class 0.23401719331741333 141 25 159 41
class 0.10474123805761337 153 25 171 40
class 0.9593438506126404 186 24 204 41
class 0.5156257748603821 206 24 226 41
class 0.23390799760818481 234 23 248 41
class 0.40140971541404724 1 39 15 55
class 0.10333167761564255 22 38 39 54
class 0.12243077158927917 36 37 52 55
class 0.13595016300678253 49 37 66 55
class 0.2690565288066864 62 37 80 55
class 0.281166672706604 75 38 93 56
class 0.2708294689655304 89 38 106 55
class 0.365390419960022 102 38 120 55
class 0.36035001277923584 115 38 132 55
class 0.28827106952667236 128 39 146 55
class 0.32011082768440247 141 38 158 55
class 0.1543138176202774 153 38 171 55
class 0.12944918870925903 179 38 198 55
class 0.16811063885688782 192 39 212 55
class 0.12264496833086014 205 37 224 54
class 0.15131816267967224 233 37 247 55
class 0.42387744784355164 1 51 15 67
class 0.14037162065505981 36 48 54 68
class 0.23122535645961761 49 50 66 69
class 0.19262650609016418 63 49 81 68
class 0.25914373993873596 76 49 93 68
class 0.28232482075691223 89 51 107 68
class 0.3937010169029236 102 50 119 68
class 0.35559067130088806 116 50 133 67
class 0.38556185364723206 129 50 146 68
class 0.44558465480804443 141 50 158 68
class 0.3077915906906128 155 50 172 68
class 0.11762082576751709 168 50 186 68
class 0.21142487227916718 181 50 200 67
class 0.3123677670955658 193 50 212 67
class 0.19562216103076935 207 52 225 67
class 0.2391023188829422 233 49 247 68
class 0.6509929895401001 1 65 17 81
class 0.16346964240074158 62 63 80 82
class 0.31054988503456116 77 64 94 82
class 0.4185200333595276 90 64 107 81
class 0.30526337027549744 101 64 119 81
class 0.24937868118286133 116 64 133 81
class 0.3451097309589386 129 64 147 81
class 0.36827266216278076 142 64 159 81
class 0.49290016293525696 155 64 172 82
class 0.2008560448884964 168 64 186 82
class 0.24629296362400055 181 64 199 82
class 0.2457394003868103 194 65 212 81
class 0.16803468763828278 207 65 225 80
class 0.15756221115589142 234 62 247 81
class 0.4160456657409668 1 77 16 93
class 0.9967438578605652 38 72 56 92
class 0.14460794627666473 62 76 81 96
class 0.2969728708267212 76 77 94 95
class 0.28582772612571716 89 76 107 94
class 0.3732326328754425 102 77 120 95
class 0.32529038190841675 116 77 133 95
class 0.4387371838092804 130 77 147 94
class 0.35020700097084045 142 77 159 94
class 0.4195713698863983 155 77 173 94
class 0.3880642354488373 168 78 186 95
class 0.3700336515903473 181 77 199 94
class 0.37355586886405945 194 78 212 94
class 0.29098084568977356 208 77 226 93
class 0.13033106923103333 220 78 236 93
class 0.23079000413417816 233 77 247 95
class 0.5859598517417908 1 90 15 106
class 0.1796540915966034 34 89 53 107
class 0.18801532685756683 49 89 69 108
class 0.15871840715408325 61 89 81 108
class 0.17996583878993988 75 90 94 108
class 0.1729683130979538 90 91 107 108
class 0.3149004876613617 102 90 120 107
class 0.30544355511665344 116 90 133 107
class 0.4229584336280823 129 90 146 107
class 0.5070369243621826 143 90 160 107
class 0.5996854305267334 155 90 172 107
class 0.4829726219177246 168 90 186 107
class 0.38264021277427673 181 90 199 108
class 0.4065556526184082 195 91 212 108
class 0.23049430549144745 208 91 225 107
class 0.13288399577140808 220 91 236 106
class 0.20356690883636475 232 89 247 108
class 0.37976258993148804 1 105 15 120
class 0.5484735369682312 26 106 44 122
class 0.3499813377857208 33 104 52 121
class 0.2926557660102844 50 103 68 121
class 0.19082391262054443 64 104 81 121
class 0.41395655274391174 76 104 93 122
class 0.3812263011932373 89 104 107 121
class 0.32489413022994995 102 104 120 122
class 0.34961017966270447 116 103 133 121
class 0.2864265441894531 129 103 146 121
class 0.32632091641426086 142 104 159 121
class 0.3884008526802063 156 103 173 120
class 0.39432618021965027 168 103 186 120
class 0.2989942133426666 181 103 199 120
class 0.4375913143157959 195 104 213 121
class 0.24808096885681152 207 105 225 120
class 0.11579037457704544 220 104 236 119
class 0.27532142400741577 233 102 247 121
class 0.2990185022354126 1 118 15 133
class 0.10692985355854034 11 119 28 132
class 0.15855813026428223 20 119 40 134
class 0.17208480834960938 35 118 55 136
class 0.24806088209152222 49 116 67 135
class 0.3851419985294342 63 117 81 135
class 0.4909507930278778 76 116 94 135
class 0.27684780955314636 89 115 107 134
class 0.2354586273431778 102 115 120 134
class 0.2514156997203827 116 116 134 134
class 0.21472083032131195 128 118 145 135
class 0.4564930498600006 143 118 160 134
class 0.6085579991340637 155 118 172 134
class 0.5595842003822327 168 118 186 135
class 0.32253074645996094 181 117 199 134
class 0.471632182598114 196 117 214 133
class 0.28803709149360657 207 117 225 133
class 0.11389870196580887 220 117 236 133
class 0.35398149490356445 233 115 247 134
class 0.37792983651161194 1 131 15 146
class 0.1393403559923172 11 131 28 145
class 0.37375640869140625 21 129 39 145
class 0.17788581550121307 49 127 70 147
class 0.2306583821773529 62 127 81 146
class 0.1697946935892105 90 129 108 148
class 0.19416989386081696 103 128 121 148
class 0.3004314601421356 116 129 134 148
class 0.5267358422279358 129 130 146 148
class 0.38936683535575867 141 130 159 147
class 0.3252376914024353 155 129 173 146
class 0.47645944356918335 168 128 186 146
class 0.34363749623298645 181 130 199 147
class 0.4080851078033447 194 130 212 147
class 0.14791762828826904 207 131 225 147
class 0.2619740962982178 233 129 247 147
class 0.47232428193092346 1 144 15 159
class 0.9980865120887756 32 144 51 163
class 0.9952150583267212 73 143 92 164
class 0.37497904896736145 92 141 109 159
class 0.16035637259483337 102 142 120 161
class 0.23276859521865845 116 143 134 161
class 0.3982750177383423 129 142 147 160
class 0.47939276695251465 141 143 159 160
class 0.28357675671577454 154 144 173 160
class 0.31403520703315735 168 144 186 161
class 0.20985637605190277 181 143 199 160
class 0.31620100140571594 195 143 213 160
class 0.2854413688182831 208 143 226 159
class 0.21067960560321808 219 143 236 159
class 0.3236130475997925 233 142 247 161
class 0.2710864245891571 1 158 15 172
class 0.45658016204833984 74 156 93 172
class 0.1787954866886139 89 158 108 175
class 0.2659602761268616 102 156 120 173
class 0.46622759103775024 115 157 133 174
class 0.34754678606987 128 156 146 173
class 0.48494771122932434 142 156 160 173
class 0.3986161947250366 154 156 173 173
class 0.4180295169353485 168 156 187 173
class 0.33581075072288513 181 156 200 173
class 0.35908031463623047 194 156 213 173
class 0.17954207956790924 207 156 225 172
class 0.10702095925807953 220 157 237 172
class 0.34955331683158875 233 154 247 173
class 0.5032375454902649 1 170 15 186
class 0.268422931432724 23 170 41 185
class 0.5593259930610657 35 171 54 187
class 0.28433486819267273 48 169 67 186
class 0.3133285343647003 62 169 81 186
class 0.6491040587425232 75 168 94 185
class 0.3736378252506256 88 168 107 185
class 0.21424557268619537 102 169 120 186
class 0.45340588688850403 116 169 134 186
class 0.3965354561805725 128 169 146 186
class 0.321332186460495 142 169 160 186
class 0.377935528755188 155 169 173 186
class 0.38815954327583313 168 168 186 186
class 0.4059947431087494 182 169 200 186
class 0.3618561327457428 194 169 213 186
class 0.24118831753730774 208 170 226 185
class 0.10176019370555878 219 170 236 185
class 0.23629936575889587 233 168 247 187
class 0.5604254007339478 1 183 15 199
class 0.23832370340824127 23 183 40 199
class 0.31947365403175354 36 182 54 199
class 0.289691299200058 50 183 67 199
class 0.32412001490592957 63 183 81 199
class 0.4855397641658783 75 183 93 200
class 0.3917807936668396 90 183 107 200
class 0.4164057672023773 102 184 119 200
class 0.35717445611953735 117 183 134 200
class 0.42307138442993164 129 182 147 199
class 0.48819178342819214 142 183 160 200
class 0.45157667994499207 155 183 173 200
class 0.40268927812576294 169 183 187 200
class 0.48808640241622925 181 182 200 200
class 0.3790762424468994 195 182 213 200
class 0.20671574771404266 208 183 225 199
class 0.1115422397851944 220 183 236 198
class 0.3345027565956116 233 182 247 200
class 0.6527155041694641 1 196 15 212
class 0.23909156024456024 24 197 40 213
class 0.4043307602405548 37 196 54 213
class 0.6347670555114746 51 196 68 213
class 0.5909866690635681 63 196 80 213
class 0.4630911350250244 76 195 93 213
class 0.44289588928222656 90 196 107 213
class 0.5476864576339722 102 195 119 213
class 0.5062660574913025 117 195 134 213
class 0.44143351912498474 129 196 146 213
class 0.5273030400276184 143 195 160 213
class 0.6742721199989319 156 196 173 213
class 0.5182125568389893 168 196 186 213
class 0.3609711825847626 182 195 199 213
class 0.5594605207443237 196 196 213 213
class 0.27581918239593506 207 197 225 213
class 0.12861615419387817 221 198 237 212
class 0.4772171080112457 232 195 247 213
class 0.4087725579738617 1 210 15 226
class 0.18686668574810028 25 209 40 225
class 0.3044855296611786 37 210 53 226
class 0.40604618191719055 51 209 67 226
class 0.38554906845092773 63 209 80 226
class 0.39873626828193665 77 209 93 226
class 0.44129326939582825 90 209 107 226
class 0.40855857729911804 103 209 119 226
class 0.3666551113128662 116 209 133 227
class 0.41816332936286926 129 209 146 226
class 0.3277386724948883 143 209 159 226
class 0.3466760218143463 156 208 172 226
class 0.3707332909107208 169 208 187 226
class 0.4434455931186676 182 209 199 227
class 0.5160138010978699 195 208 212 226
class 0.3917548656463623 208 209 225 225
class 0.15290147066116333 220 210 235 225
class 0.19820913672447205 233 208 246 226
class 0.7743526697158813 1 223 16 239
class 0.1702590137720108 25 223 40 238
class 0.3052249550819397 37 222 54 238
class 0.2783535122871399 51 222 67 238
class 0.2629641890525818 63 222 80 238
class 0.19392754137516022 76 221 93 238
class 0.15803347527980804 90 222 107 238
class 0.12576815485954285 103 222 120 238
class 0.1815394163131714 116 222 133 238
class 0.1860765963792801 130 222 146 238
class 0.2352815866470337 143 222 159 238
class 0.24901649355888367 157 222 173 238
class 0.17942935228347778 169 223 185 239
class 0.21867907047271729 195 223 211 238
class 0.1385423094034195 208 223 224 238
class 0.47202977538108826 233 221 247 239
class 0.7353002429008484 0 232 17 249
class 0.11628929525613785 10 232 27 248
class 0.2641661763191223 24 231 41 248
class 0.4129084646701813 37 231 55 249
class 0.40249544382095337 51 231 69 248
class 0.4183961749076843 62 231 81 248
class 0.5358123183250427 76 231 95 248
class 0.5719683766365051 90 230 108 248
class 0.4449620246887207 102 231 120 248
class 0.4309692978858948 115 231 134 248
class 0.3972853124141693 129 232 147 249
class 0.4231472909450531 142 232 160 249
class 0.39646100997924805 155 231 173 249
class 0.5151585340499878 169 231 187 248
class 0.42903152108192444 181 231 200 248
class 0.5421701073646545 193 231 212 249
class 0.49941885471343994 208 232 226 249
class 0.16564150154590607 219 233 236 249
class 0.6971859931945801 232 233 249 249
