class 0.7782156467437744 0 2 16 18
class 0.5238163471221924 10 4 27 17
class 0.5382957458496094 21 2 40 18
class 0.9653491973876953 39 2 58 20
class 0.8654122352600098 61 3 80 18
class 0.5314297080039978 75 4 93 18
class 0.4999904930591583 89 4 107 18
class 0.3541453778743744 101 4 119 18
class 0.505957841873169 114 4 133 18
class 0.5194422006607056 128 4 146 18
class 0.49385881423950195 140 4 159 18
class 0.5420664548873901 154 4 173 18
class 0.3921164870262146 167 4 186 17
class 0.5209723711013794 180 3 199 18
class 0.2726515233516693 194 4 212 17
class 0.30004608631134033 207 4 225 18
class 0.4292012155056 221 4 237 17
class 0.8142204284667969 232 2 249 18
class 0.6945142149925232 1 10 16 26
class 0.4992292523384094 75 9 92 25
class 0.5876765847206116 102 10 119 26
class 0.4769461750984192 114 9 131 25
class 0.44184577465057373 128 9 145 25
class 0.5519590973854065 141 9 158 25
class 0.5125439763069153 168 10 184 26
class 0.46330535411834717 181 9 197 25
class 0.6361211538314819 195 9 212 25
class 0.5041890144348145 207 9 223 25
class 0.1512545794248581 220 9 234 25
class 0.18486852943897247 234 8 247 26
class 0.43328458070755005 1 26 16 41
class 0.46950453519821167 35 26 54 42
class 0.4368537962436676 48 26 67 41
class 0.45759689807891846 61 25 79 41
class 0.1763327717781067 75 25 92 40
class 0.16318875551223755 88 26 105 41
class 0.18893077969551086 102 25 119 40
class 0.15426406264305115 114 25 132 41
class 0.2088623195886612 127 26 145 41
class 0.2507564425468445 141 25 158 41
class 0.25913897156715393 154 26 172 41
class 0.30184152722358704 167 25 185 41
class 0.19307614862918854 180 26 198 41
class 0.23784761130809784 194 25 212 41
class 0.2467716634273529 234 24 247 42
class 0.3915800452232361 1 39 15 54
class 0.23481912910938263 36 37 54 54
class 0.29329371452331543 49 37 66 54
class 0.25905269384384155 62 38 79 54
class 0.19280417263507843 75 38 93 55
class 0.3182831108570099 89 38 106 55
class 0.32209908962249756 103 38 119 54
class 0.4078306257724762 115 38 133 55
class 0.42312678694725037 127 38 145 55
class 0.4253550171852112 142 37 159 54
class 0.4257165789604187 154 37 172 54
class 0.39256617426872253 167 38 185 55
class 0.3789665997028351 181 38 199 55
class 0.4777965247631073 195 38 212 55
class 0.3363153040409088 206 39 224 54
class 0.14603450894355774 220 39 236 54
class 0.4023776054382324 233 36 247 55
class 0.3968639671802521 1 52 15 67
class 0.1536114364862442 36 52 53 68
class 0.41606804728507996 49 52 66 68
class 0.2742508351802826 62 52 79 68
class 0.24222488701343536 76 51 93 68
class 0.47786593437194824 90 51 106 68
class 0.4464224874973297 102 51 119 68
class 0.35246211290359497 115 50 132 67
class 0.4174061417579651 128 51 145 68
class 0.31284141540527344 141 51 158 68
class 0.42481717467308044 155 51 172 69
class 0.34056055545806885 168 51 185 68
class 0.32008591294288635 180 51 198 68
class 0.46810731291770935 195 52 212 69
class 0.22704064846038818 207 52 224 67
class 0.22250226140022278 233 49 247 68
class 0.42972689867019653 1 65 15 80
class 0.15827111899852753 23 65 40 80
class 0.24030859768390656 36 63 54 81
class 0.3541942536830902 50 63 67 80
class 0.4448404610157013 63 63 79 81
class 0.24433177709579468 76 64 93 81
class 0.3040013313293457 90 63 107 80
class 0.34015703201293945 103 63 120 80
class 0.33604446053504944 115 64 133 81
class 0.4284883141517639 129 63 146 81
class 0.4992375075817108 141 64 159 82
class 0.5455290079116821 155 64 173 82
class 0.3852269947528839 168 64 186 81
class 0.267900288105011 181 64 199 81
class 0.4633377492427826 195 63 213 81
class 0.29691511392593384 207 65 225 81
class 0.10310015827417374 220 66 236 81
class 0.3455580472946167 233 63 247 82
class 0.41529375314712524 1 78 15 93
class 0.13899141550064087 36 77 54 94
class 0.13961903750896454 50 76 67 94
class 0.2663545608520508 63 76 80 94
class 0.254035621881485 76 77 93 95
class 0.2701069414615631 90 78 107 95
class 0.28426408767700195 103 77 120 95
class 0.35391873121261597 115 77 133 94
class 0.33180439472198486 129 77 147 95
class 0.38009315729141235 141 77 160 94
class 0.34649932384490967 155 77 174 94
class 0.3060859143733978 168 76 187 94
class 0.35265690088272095 180 78 199 95
class 0.2708797752857208 194 78 213 95
class 0.20684286952018738 207 78 226 94
class 0.2590693533420563 233 76 247 95
class 0.3921809196472168 1 91 15 106
class 0.15580062568187714 36 90 53 107
class 0.3032170832157135 50 91 68 108
class 0.3363650441169739 63 90 80 107
class 0.2943231165409088 76 90 94 108
class 0.32396751642227173 90 89 107 107
class 0.3743157982826233 103 90 121 108
class 0.24711060523986816 115 90 133 108
class 0.24912536144256592 129 89 147 108
class 0.247672438621521 141 89 160 108
class 0.35630306601524353 155 90 174 108
class 0.2813952565193176 167 90 186 108
class 0.20407600700855255 181 89 200 108
class 0.3551979959011078 195 90 213 108
class 0.31956663727760315 207 90 226 107
class 0.21534165740013123 233 89 247 107
class 0.18259286880493164 1 104 15 120
class 0.1962539404630661 37 104 54 121
class 0.20909810066223145 49 103 67 120
class 0.23130007088184357 63 103 81 120
class 0.2583687901496887 76 103 94 121
class 0.21779535710811615 90 103 107 122
class 0.22961023449897766 103 102 121 121
class 0.1787073016166687 115 102 133 121
class 0.14057785272598267 128 103 147 122
class 0.13603588938713074 142 103 160 123
class 0.21159294247627258 155 102 174 121
class 0.2198461890220642 167 102 186 121
class 0.2283886820077896 181 103 199 121
class 0.37784114480018616 194 103 212 121
class 0.234235480427742 208 104 226 120
class 0.11083343625068665 220 104 236 120
class 0.2298106551170349 233 102 247 120
class 0.128399059176445 1 117 15 133
class 0.13318541646003723 24 117 41 133
class 0.13749124109745026 36 116 54 133
class 0.22364071011543274 49 117 67 134
class 0.350997656583786 63 117 80 134
class 0.44034701585769653 76 117 94 135
class 0.41380444169044495 90 116 108 134
class 0.27914366126060486 102 116 120 135
class 0.2783665060997009 117 115 135 134
class 0.18931028246879578 128 114 146 134
class 0.20786340534687042 142 114 160 134
class 0.21039050817489624 153 114 173 135
class 0.21147172152996063 168 116 187 135
class 0.3062717020511627 181 116 198 134
class 0.4492117166519165 195 116 213 134
class 0.2838580906391144 208 117 226 133
class 0.15195678174495697 233 115 247 134
class 0.3756626844406128 1 132 16 148
class 0.17166973650455475 49 129 67 147
class 0.31146910786628723 64 129 81 146
class 0.40212130546569824 77 129 94 147
class 0.4863174259662628 89 130 107 148
class 0.11668282002210617 101 128 120 146
class 0.11210237443447113 140 127 159 147
class 0.18331480026245117 154 127 173 148
class 0.21215422451496124 182 130 199 148
class 0.36410924792289734 195 130 213 148
class 0.2056676298379898 208 130 225 147
class 0.28924185037612915 233 129 248 148
class 0.1315978318452835 22 142 40 160
class 0.12369291484355927 36 142 55 160
class 0.15608252584934235 49 143 68 161
class 0.31413307785987854 64 143 80 161
class 0.4342547357082367 76 143 93 160
class 0.4384157955646515 90 142 107 159
class 0.9957983493804932 132 139 149 159
class 0.10553913563489914 154 141 173 160
class 0.17051763832569122 168 142 187 160
class 0.34967711567878723 182 142 200 160
class 0.42137905955314636 194 142 213 160
class 0.2436455637216568 207 144 226 160
class 0.36486175656318665 220 145 239 161
class 0.7671986818313599 231 142 248 162
class 0.8757815361022949 4 156 23 174
class 0.1879705935716629 25 156 43 172
class 0.23001739382743835 50 157 68 174
class 0.2965780198574066 63 156 80 173
class 0.34955283999443054 76 155 94 172
class 0.3984195291996002 90 156 107 173
class 0.10091787576675415 102 155 120 172
class 0.1440843790769577 128 158 146 173
class 0.15429070591926575 141 157 161 174
class 0.1901245266199112 153 155 172 173
class 0.22938531637191772 168 157 186 174
class 0.34562504291534424 182 156 199 173
class 0.2662007212638855 194 156 213 174
class 0.23660898208618164 207 156 227 173
class 0.12123873829841614 231 155 248 173
class 0.21326953172683716 36 169 55 186
class 0.39876484870910645 50 169 68 186
class 0.4836030900478363 63 169 80 186
class 0.4345138967037201 76 169 93 185
class 0.36714527010917664 89 169 106 186
class 0.2581779360771179 103 170 120 186
class 0.1462801694869995 116 170 133 187
class 0.20058336853981018 128 169 146 185
class 0.2168000340461731 141 169 159 185
class 0.17789942026138306 155 170 173 186
class 0.3699345290660858 168 170 186 186
class 0.45358994603157043 181 170 199 187
class 0.3883247971534729 195 170 212 186
class 0.3299727737903595 208 170 227 186
class 0.9504611492156982 228 167 247 186
class 0.5236077308654785 1 183 16 200
class 0.15536858141422272 9 182 27 197
class 0.236836239695549 23 183 41 198
class 0.34950295090675354 37 183 54 200
class 0.45454031229019165 50 183 68 200
class 0.5486118793487549 64 183 81 199
class 0.6478235125541687 76 184 93 200
class 0.445173978805542 90 183 106 200
class 0.37820741534233093 104 182 120 199
class 0.40089526772499084 116 182 132 199
class 0.2777000665664673 128 182 145 199
class 0.3723750412464142 143 182 160 198
class 0.36339396238327026 155 182 172 198
class 0.500346302986145 169 182 185 199
class 0.4942511320114136 182 182 199 199
class 0.5296748876571655 195 183 212 200
class 0.2782026529312134 209 184 227 198
class 0.3080885708332062 218 185 235 200
class 0.40925297141075134 231 185 248 201
class 0.1460222601890564 1 196 15 212
class 0.21011178195476532 24 197 41 212
class 0.31457751989364624 37 196 54 213
class 0.5311108827590942 50 196 67 213
class 0.4755435287952423 63 196 80 213
class 0.44964343309402466 77 194 93 211
class 0.6067527532577515 91 195 107 212
class 0.44627732038497925 103 195 119 213
class 0.41957569122314453 117 195 133 213
class 0.41751402616500854 129 197 146 214
class 0.456670343875885 142 196 159 213
class 0.4450141191482544 156 197 172 214
class 0.46896690130233765 169 197 186 213
class 0.5371702909469604 182 197 199 214
class 0.5111683011054993 195 196 212 213
class 0.18005713820457458 207 196 225 212
class 0.24344225227832794 220 195 236 212
class 0.6476997137069702 232 194 248 212
class 0.3965055048465729 1 211 16 226
class 0.12323636561632156 11 210 27 225
class 0.3705892562866211 25 210 40 225
class 0.2989799380302429 37 209 54 226
class 0.41051629185676575 50 209 67 226
class 0.32150739431381226 63 209 80 225
class 0.26673468947410583 76 210 93 226
class 0.23108792304992676 90 209 106 226
class 0.3004223704338074 103 209 120 226
class 0.33901190757751465 116 209 133 226
class 0.35075294971466064 130 208 146 225
class 0.3916107714176178 142 209 159 226
class 0.4437609314918518 156 208 173 225
class 0.35561197996139526 168 208 186 226
class 0.38099461793899536 182 208 199 226
class 0.3838616609573364 195 209 212 226
class 0.1759158819913864 207 210 225 226
class 0.19921466708183289 232 209 246 226
class 0.8315122723579407 1 222 17 239
class 0.11931604892015457 25 223 40 237
class 0.17513307929039001 37 222 54 238
class 0.23139342665672302 51 222 67 238
class 0.23763760924339294 64 222 80 238
class 0.19311851263046265 77 220 93 237
class 0.23650671541690826 90 222 107 238
class 0.26873791217803955 103 222 119 238
class 0.19231782853603363 116 222 132 238
class 0.19604557752609253 130 223 146 238
class 0.3306620717048645 143 223 159 239
class 0.2690861225128174 156 222 172 239
class 0.14988546073436737 169 223 186 239
class 0.17927132546901703 182 223 199 239
class 0.2968007028102875 195 222 212 238
class 0.360818088054657 208 224 224 239
class 0.3438400328159332 232 223 247 240
class 0.7327058911323547 0 233 17 249
class 0.2017255425453186 10 232 27 248
class 0.4998140037059784 25 231 42 248
class 0.45871394872665405 36 231 55 248
class 0.5381884574890137 50 231 68 249
class 0.45049694180488586 63 231 81 248
class 0.5844981074333191 76 232 94 249
class 0.5244977474212646 90 231 108 248
class 0.4910217821598053 101 230 120 248
class 0.49661627411842346 116 231 134 248
class 0.49702152609825134 129 231 147 248
class 0.5992125868797302 142 231 160 248
class 0.6048101782798767 155 231 173 249
class 0.5449010729789734 169 231 188 248
class 0.642722487449646 181 231 200 248
class 0.5195924043655396 194 231 212 249
class 0.4879760146141052 207 230 226 248
class 0.2217753380537033 219 231 238 248
class 0.8513383269309998 232 232 249 249
