class 0.8402527570724487 0 2 17 18
class 0.29141363501548767 9 4 26 17
class 0.40487322211265564 22 4 41 18
class 0.5234057307243347 35 4 54 18
class 0.5895473957061768 48 4 67 18
class 0.5312532782554626 62 4 81 18
class 0.4028085768222809 74 4 93 18
class 0.4901208281517029 89 4 108 18
class 0.5427401661872864 101 4 119 18
class 0.5796206593513489 114 4 133 18
class 0.3806651830673218 127 3 146 17
class 0.4237043559551239 140 2 161 17
class 0.9878184795379639 157 2 176 20
class 0.8763418197631836 180 2 200 18
class 0.4714907705783844 193 3 212 18
class 0.43041545152664185 207 4 226 18
class 0.27628687024116516 220 4 237 17
class 0.7722905874252319 232 3 249 18
class 0.6989516019821167 1 9 16 26
class 0.22064417600631714 23 10 39 25
class 0.496683269739151 49 9 67 25
class 0.561589777469635 62 9 79 25
class 0.5165766477584839 75 10 92 26
class 0.5043830275535583 88 9 105 25
class 0.5511569976806641 102 9 119 25
class 0.5882993340492249 114 9 131 26
class 0.26710763573646545 128 9 145 25
class 0.1659529209136963 140 10 159 26
class 0.7390940189361572 181 8 198 26
class 0.5106417536735535 194 10 211 26
class 0.4166682958602905 208 9 224 25
class 0.11144795268774033 220 9 235 25
class 0.21928545832633972 233 8 246 26
class 0.3279600143432617 1 25 15 40
class 0.12752017378807068 22 26 39 41
class 0.11914150416851044 35 26 54 41
class 0.16433000564575195 49 25 67 41
class 0.23218460381031036 62 25 80 41
class 0.17929942905902863 75 25 92 41
class 0.16229248046875 88 26 106 41
class 0.16182070970535278 101 25 119 41
class 0.26788192987442017 114 25 132 41
class 0.16029813885688782 127 26 145 41
class 0.21327652037143707 142 25 160 40
class 0.662394642829895 153 25 172 41
class 0.5009449124336243 166 24 185 41
class 0.36959773302078247 180 25 198 41
class 0.36286747455596924 194 26 212 41
class 0.1440286934375763 206 25 224 40
class 0.17694176733493805 233 23 247 41
class 0.1823662519454956 1 39 15 54
class 0.1503983438014984 23 39 40 54
class 0.31646469235420227 36 38 54 55
class 0.27901408076286316 49 38 68 55
class 0.29677674174308777 62 37 80 55
class 0.27637985348701477 75 37 93 56
class 0.33181631565093994 89 37 107 55
class 0.32232537865638733 101 38 119 56
class 0.3725159466266632 115 38 132 55
class 0.40765494108200073 128 38 145 55
class 0.37154752016067505 142 38 159 55
class 0.3720533847808838 154 38 172 55
class 0.26316744089126587 167 38 185 55
class 0.34602272510528564 181 38 199 54
class 0.408419132232666 194 38 212 54
class 0.29602542519569397 207 39 225 54
class 0.33014291524887085 233 36 247 55
class 0.21145722270011902 1 52 15 67
class 0.13932009041309357 23 51 40 67
class 0.3064306974411011 37 51 55 68
class 0.36532843112945557 49 50 67 68
class 0.42907005548477173 63 49 81 68
class 0.4300759732723236 76 49 94 68
class 0.24744604527950287 89 49 107 69
class 0.32478976249694824 102 49 120 68
class 0.429286390542984 115 51 132 69
class 0.3879584074020386 129 51 145 69
class 0.2921886742115021 141 51 158 68
class 0.4003276824951172 155 52 172 68
class 0.28951433300971985 167 52 185 68
class 0.22988179326057434 181 51 199 68
class 0.37324583530426025 195 51 212 68
class 0.32034337520599365 208 52 225 67
class 0.15385450422763824 233 49 246 67
class 0.22534967958927155 1 65 16 80
class 0.11434220522642136 23 66 40 81
class 0.2738149166107178 37 64 55 81
class 0.2723865211009979 50 63 69 81
class 0.2004508227109909 91 61 109 81
class 0.29256707429885864 103 63 121 82
class 0.317109614610672 115 63 133 82
class 0.4138756990432739 129 64 146 81
class 0.34361669421195984 142 64 159 81
class 0.47792211174964905 156 64 173 81
class 0.46887779235839844 168 64 185 81
class 0.3394652307033539 181 64 198 81
class 0.449960321187973 195 64 212 81
class 0.2795769274234772 208 64 225 80
class 0.10791625082492828 220 64 236 80
class 0.1516195684671402 233 63 247 81
class 0.24129310250282288 1 78 16 94
class 0.22182227671146393 23 77 40 93
class 0.20423312485218048 35 77 53 95
class 0.14504872262477875 63 77 81 95
class 0.9746158123016357 75 71 92 92
class 0.2602323293685913 91 78 109 95
class 0.12936148047447205 101 76 120 95
class 0.16022968292236328 115 77 133 95
class 0.25234678387641907 129 77 147 94
class 0.4081890881061554 143 77 160 94
class 0.3887164890766144 155 77 173 95
class 0.2993083596229553 168 76 186 94
class 0.21837392449378967 181 77 199 94
class 0.4307703375816345 195 77 212 94
class 0.31966763734817505 208 78 226 93
class 0.16262194514274597 234 76 247 94
class 0.2688618004322052 1 92 15 108
class 0.12905609607696533 23 91 40 107
class 0.3570457696914673 36 90 54 108
class 0.15906919538974762 49 90 68 107
class 0.20544934272766113 63 89 82 107
class 0.4563012421131134 75 92 93 109
class 0.37922510504722595 87 89 106 107
class 0.2782798111438751 102 90 121 108
class 0.4318851828575134 115 91 134 108
class 0.38555824756622314 129 91 147 109
class 0.29656919836997986 142 90 159 108
class 0.30123770236968994 155 89 173 107
class 0.3196284770965576 168 90 187 108
class 0.1918981373310089 181 90 199 107
class 0.3224736750125885 195 90 213 107
class 0.18248072266578674 208 91 225 107
class 0.1763099581003189 233 89 247 108
class 0.3856411576271057 1 104 16 120
class 0.13619117438793182 23 104 40 120
class 0.15285158157348633 36 104 53 121
class 0.2747856080532074 51 104 68 121
class 0.21940977871418 63 103 81 121
class 0.23825041949748993 75 102 94 120
class 0.251497358083725 88 102 107 120
class 0.23431701958179474 102 103 120 121
class 0.3006884753704071 116 103 134 121
class 0.41614463925361633 129 103 147 121
class 0.45134690403938293 142 103 160 121
class 0.32408854365348816 154 103 173 122
class 0.2074110060930252 169 103 187 122
class 0.14366716146469116 181 103 199 121
class 0.3433181047439575 195 104 213 121
class 0.29060807824134827 207 104 225 120
class 0.1902577131986618 233 103 247 121
class 0.34183269739151 1 118 16 133
class 0.10536550730466843 24 118 40 134
class 0.2713731825351715 36 118 54 135
class 0.2949007451534271 50 116 68 134
class 0.34397464990615845 64 116 81 133
class 0.43900829553604126 75 116 93 134
class 0.2278398722410202 89 116 107 134
class 0.43025657534599304 103 116 121 134
class 0.5160719156265259 116 116 134 134
class 0.3966878354549408 129 116 147 134
class 0.4587722420692444 141 116 160 135
class 0.2568611800670624 155 115 174 135
class 0.3838750422000885 169 114 187 134
class 0.42084550857543945 181 116 199 135
class 0.2999977469444275 195 117 213 135
class 0.24511142075061798 208 117 226 134
class 0.2602475881576538 233 115 247 134
class 0.29299286007881165 1 130 15 146
class 0.16087031364440918 36 130 54 147
class 0.3954903483390808 50 130 67 147
class 0.42538902163505554 63 131 80 148
class 0.43289288878440857 76 130 94 147
class 0.29892292618751526 89 130 107 147
class 0.31107524037361145 103 130 120 147
class 0.41109761595726013 116 129 134 147
class 0.2749622166156769 130 128 148 146
class 0.16846805810928345 140 127 158 146
class 0.14626003801822662 156 128 174 147
class 0.2969697415828705 167 128 186 149
class 0.20662221312522888 182 128 199 147
class 0.28501173853874207 196 130 213 148
class 0.21267148852348328 208 130 226 146
class 0.19271838665008545 233 128 248 147
class 0.2067122757434845 1 144 15 159
class 0.1122216060757637 23 143 40 159
class 0.13914242386817932 36 144 54 160
class 0.418804794549942 50 143 67 160
class 0.4775400459766388 63 143 80 160
class 0.39412203431129456 76 143 94 160
class 0.38013750314712524 90 143 107 160
class 0.44162634015083313 103 142 121 160
class 0.41245439648628235 115 142 132 159
class 0.36109063029289246 130 143 148 160
class 0.9508750438690186 150 143 169 162
class 0.31565067172050476 168 141 187 160
class 0.3773784637451172 182 143 200 161
class 0.6673651337623596 195 143 213 161
class 0.3678674101829529 207 144 225 161
class 0.10247891396284103 220 144 237 159
class 0.30900609493255615 233 142 248 161
class 0.3296279013156891 2 157 16 173
class 0.15653355419635773 23 158 40 173
class 0.2266698181629181 37 157 54 173
class 0.4706500172615051 50 156 67 173
class 0.4359591603279114 64 155 81 172
class 0.40209561586380005 77 155 94 172
class 0.42930373549461365 89 156 107 173
class 0.3964826464653015 103 156 120 173
class 0.22464889287948608 115 155 133 172
class 0.13161318004131317 128 155 147 172
class 0.18467117846012115 142 157 160 174
class 0.36079639196395874 154 156 171 173
class 0.22656123340129852 167 156 186 174
class 0.3439705967903137 181 156 200 174
class 0.28414276242256165 194 154 212 172
class 0.11558407545089722 207 153 225 169
class 0.12040036916732788 221 156 238 172
class 0.2926548719406128 233 154 248 173
class 0.3372737765312195 2 170 16 186
class 0.12222632765769958 24 170 41 185
class 0.20442365109920502 37 169 54 185
class 0.4134734869003296 50 169 67 185
class 0.43053504824638367 63 170 80 186
class 0.3058510720729828 77 169 94 186
class 0.3455705940723419 89 169 107 186
class 0.2881530523300171 103 169 121 186
class 0.2090095579624176 116 169 134 186
class 0.1833529770374298 129 169 147 186
class 0.3728964626789093 142 168 160 186
class 0.5226082801818848 154 169 173 186
class 0.4180077910423279 168 169 186 186
class 0.30607032775878906 182 169 200 185
class 0.1695917695760727 194 169 211 184
class 0.9912975430488586 206 170 225 189
class 0.23526573181152344 233 168 248 186
class 0.42461270093917847 2 184 16 199
class 0.2521968185901642 24 184 41 199
class 0.2953961193561554 36 183 54 200
class 0.3779164254665375 51 183 68 199
class 0.5222434401512146 63 182 80 199
class 0.5856978297233582 76 182 94 199
class 0.48657548427581787 90 182 107 199
class 0.46940892934799194 103 183 121 200
class 0.3439941108226776 116 183 133 200
class 0.14741092920303345 129 182 146 201
class 0.22658690810203552 143 183 160 201
class 0.3312947750091553 155 182 173 199
class 0.2997528910636902 168 182 186 199
class 0.3560866713523865 182 183 199 199
class 0.20200318098068237 193 184 211 200
class 0.2647729814052582 233 182 248 200
class 0.5862933397293091 1 197 16 213
class 0.33790647983551025 23 196 40 212
class 0.3819054067134857 37 196 54 213
class 0.4576174318790436 51 196 68 213
class 0.5629437565803528 63 196 80 213
class 0.476042240858078 76 196 94 214
class 0.4313122034072876 90 196 107 213
class 0.45105618238449097 103 195 121 212
class 0.567609429359436 114 193 134 212
class 0.17132236063480377 145 193 162 212
class 0.8234310746192932 155 195 173 214
class 0.40803056955337524 168 196 185 213
class 0.3463324010372162 182 196 199 213
class 0.6140492558479309 196 196 213 213
class 0.6218603849411011 206 196 225 212
class 0.21457278728485107 219 196 236 211
class 0.39469289779663086 233 196 247 213
class 0.24525801837444305 1 210 15 225
class 0.2870918810367584 24 210 39 226
class 0.3537154793739319 38 209 55 226
class 0.3158135712146759 50 208 67 225
class 0.3497461974620819 64 208 81 225
class 0.3835632801055908 76 208 93 226
class 0.4201967418193817 90 209 107 227
class 0.12968142330646515 102 210 119 226
class 0.9885476231575012 132 204 149 226
class 0.3471676707267761 155 207 172 225
class 0.38808298110961914 169 209 186 226
class 0.2797190546989441 181 210 198 226
class 0.36944371461868286 195 209 212 226
class 0.3636239767074585 207 210 224 226
class 0.19312529265880585 233 209 247 226
class 0.8545203804969788 1 223 16 239
class 0.2515488564968109 25 221 40 237
class 0.1794578582048416 38 221 54 237
class 0.13113975524902344 51 222 67 238
class 0.13885429501533508 64 223 80 238
class 0.3540099859237671 77 223 93 239
class 0.5053619742393494 90 222 107 239
class 0.3737993836402893 102 222 120 238
class 0.1268366277217865 115 224 133 239
class 0.21552620828151703 155 223 172 239
class 0.2113579958677292 169 222 185 238
class 0.2263561189174652 182 223 198 239
class 0.20867571234703064 195 223 212 238
class 0.3366420865058899 207 223 224 239
class 0.10539238899946213 220 223 235 238
class 0.4084179103374481 232 223 247 240
class 0.7178252339363098 0 233 16 249
class 0.3883407711982727 24 232 41 248
class 0.3134682774543762 36 232 54 248
class 0.4937308728694916 51 232 69 248
class 0.5048719048500061 63 231 81 248
class 0.4684261679649353 75 231 94 248
class 0.4939216375350952 89 231 108 248
class 0.31523397564888 102 231 120 248
class 0.19198480248451233 116 231 134 248
class 0.15915042161941528 126 231 146 248
class 0.21492066979408264 141 231 160 248
class 0.3850671350955963 155 231 173 248
class 0.38652440905570984 168 231 186 248
class 0.4589519798755646 181 231 200 248
class 0.5057705044746399 194 231 212 249
class 0.6086661219596863 206 230 224 248
class 0.2792946994304657 220 232 238 249
class 0.8369208574295044 232 232 249 249
