class 0.7956237196922302 0 3 16 18
class 0.3903486728668213 9 4 26 18
class 0.4701552391052246 22 4 40 18
class 0.47685474157333374 35 3 54 18
class 0.5285629034042358 48 3 67 17
class 0.552280068397522 62 3 81 17
class 0.5168355703353882 88 4 107 18
class 0.6859613060951233 102 4 121 18
class 0.6618392467498779 113 3 133 18
class 0.5422608256340027 127 3 146 18
class 0.6456294655799866 153 3 173 18
class 0.6631648540496826 168 4 187 18
class 0.6458698511123657 178 2 199 17
class 0.16832488775253296 192 1 213 15
class 0.42816194891929626 207 2 229 17
class 0.4326707124710083 220 3 238 17
class 0.7859623432159424 232 2 249 18
class 0.6502083539962769 1 9 16 26
class 0.32152947783470154 23 10 39 25
class 0.37615519762039185 35 9 52 25
class 0.43788281083106995 49 9 67 26
class 0.4988851547241211 62 9 80 26
class 0.5776239633560181 75 9 93 26
class 0.3938966989517212 100 8 119 27
class 0.47296199202537537 114 9 133 26
class 0.4476461410522461 127 10 145 27
class 0.6230875849723816 141 9 159 26
class 0.5642839670181274 169 9 187 25
class 0.25746309757232666 181 9 199 25
class 0.9952206611633301 191 11 211 31
class 0.39929163455963135 210 9 228 26
class 0.18817263841629028 0 26 14 40
class 0.10042960196733475 22 27 39 41
class 0.11415047198534012 34 27 53 42
class 0.15078751742839813 48 26 67 42
class 0.13742302358150482 61 25 80 41
class 0.11908604204654694 75 25 95 41
class 0.3594677746295929 113 24 132 42
class 0.2288379967212677 128 24 146 41
class 0.2308308184146881 140 25 158 42
class 0.22313791513442993 154 26 172 42
class 0.11860063672065735 167 26 186 41
class 0.25831276178359985 233 23 247 42
class 0.14264850318431854 1 39 15 54
class 0.13815467059612274 24 39 40 54
class 0.29061296582221985 35 38 53 55
class 0.42751210927963257 49 39 67 56
class 0.42374011874198914 61 39 80 56
class 0.23889952898025513 77 37 95 54
class 0.9792225360870361 96 38 116 58
class 0.3552238941192627 113 35 132 55
class 0.19759337604045868 129 38 146 55
class 0.4476160407066345 141 38 158 55
class 0.5033448338508606 154 38 172 55
class 0.37860187888145447 167 38 185 55
class 0.31773313879966736 181 37 199 54
class 0.7828269600868225 194 37 213 54
class 0.4119218587875366 206 38 225 53
class 0.10859379172325134 220 38 236 53
class 0.2939595580101013 234 36 247 54
class 0.3906140625476837 1 52 16 68
class 0.14146605134010315 23 52 40 67
class 0.18968552350997925 37 50 53 67
class 0.34661293029785156 49 49 67 67
class 0.4196600019931793 62 50 80 67
class 0.13772137463092804 75 50 94 67
class 0.39953792095184326 128 51 145 68
class 0.4491572082042694 142 51 158 68
class 0.35951855778694153 154 51 172 69
class 0.2055215984582901 168 51 185 68
class 0.14042255282402039 181 51 198 68
class 0.3039270341396332 194 50 212 67
class 0.1821502447128296 208 52 225 67
class 0.19076791405677795 220 53 236 68
class 0.24575069546699524 233 49 246 68
class 0.19347617030143738 1 64 16 79
class 0.10995364934206009 36 64 54 82
class 0.19831311702728271 50 64 67 81
class 0.23852048814296722 62 63 80 82
class 0.10211294889450073 76 63 95 81
class 0.5037809610366821 88 64 107 82
class 0.3418348729610443 100 65 120 81
class 0.19334274530410767 114 65 133 82
class 0.2736683785915375 128 65 145 82
class 0.3908461928367615 142 64 159 81
class 0.4085227847099304 155 64 172 81
class 0.5147659778594971 169 65 186 81
class 0.32062384486198425 180 64 198 81
class 0.36139610409736633 194 64 212 81
class 0.40281200408935547 208 65 226 80
class 0.29928886890411377 220 64 236 80
class 0.18758149445056915 233 64 247 82
class 0.1704823076725006 1 80 16 94
class 0.10098288208246231 24 78 40 94
class 0.19028650224208832 37 76 54 94
class 0.2681565284729004 50 77 67 94
class 0.34142744541168213 63 76 81 95
class 0.20185168087482452 75 77 93 95
class 0.25984489917755127 89 76 107 94
class 0.27144700288772583 102 77 120 94
class 0.37930411100387573 115 77 133 94
class 0.509194552898407 128 77 146 94
class 0.3929581642150879 142 77 159 94
class 0.2659970223903656 155 77 173 94
class 0.21396185457706451 168 76 186 94
class 0.2164616733789444 181 77 199 94
class 0.2667483389377594 194 78 213 95
class 0.1858701854944229 208 78 226 94
class 0.14643818140029907 220 78 236 93
class 0.2767145037651062 234 76 247 94
class 0.39870119094848633 1 92 16 107
class 0.1657450944185257 24 92 40 107
class 0.20338431000709534 37 91 54 108
class 0.2752267122268677 49 90 66 108
class 0.26725661754608154 64 90 80 107
class 0.22477222979068756 76 90 93 107
class 0.32084760069847107 90 91 107 108
class 0.26808440685272217 102 91 119 108
class 0.19388216733932495 114 91 133 108
class 0.2175898551940918 128 90 146 108
class 0.27393630146980286 142 90 160 108
class 0.30118072032928467 155 90 173 108
class 0.2934548556804657 168 90 186 108
class 0.3508073091506958 181 90 200 108
class 0.46187806129455566 195 91 213 108
class 0.3027985394001007 207 91 225 107
class 0.20291827619075775 220 91 237 106
class 0.2778433561325073 234 90 247 108
class 0.4059329032897949 2 104 16 119
class 0.11601481586694717 24 104 40 119
class 0.2825751304626465 37 103 54 120
class 0.3596457839012146 50 103 67 120
class 0.273825466632843 63 103 80 120
class 0.47046759724617004 77 103 94 120
class 0.45885515213012695 90 103 106 120
class 0.4592168927192688 103 103 120 120
class 0.5011461973190308 115 103 133 121
class 0.3141934275627136 128 104 147 121
class 0.2851674258708954 142 103 160 121
class 0.27467989921569824 154 103 173 121
class 0.2505529522895813 168 103 187 121
class 0.26030808687210083 182 103 200 120
class 0.3498338460922241 194 104 213 121
class 0.21011829376220703 207 104 226 120
class 0.2654052674770355 233 103 247 121
class 0.16301168501377106 1 118 15 133
class 0.1432412564754486 36 117 54 133
class 0.2556841969490051 50 117 67 134
class 0.27521711587905884 63 117 81 134
class 0.3187422454357147 76 116 93 134
class 0.3028881251811981 90 117 107 134
class 0.29876628518104553 102 116 120 134
class 0.37464994192123413 116 116 133 134
class 0.4583054184913635 129 117 147 134
class 0.28754642605781555 142 117 160 134
class 0.3313268721103668 155 116 174 134
class 0.2813786268234253 168 116 187 134
class 0.2060863971710205 181 117 200 134
class 0.34850719571113586 195 116 213 134
class 0.2129364311695099 208 117 226 133
class 0.32330310344696045 233 115 247 133
class 0.3714328706264496 1 131 16 147
class 0.1679903119802475 23 131 40 147
class 0.1900254786014557 36 131 54 147
class 0.2712041139602661 50 129 67 146
class 0.2679786682128906 63 129 80 147
class 0.33465275168418884 77 129 94 146
class 0.3261537551879883 89 129 107 146
class 0.28640493750572205 102 130 121 146
class 0.20932480692863464 115 129 133 147
class 0.28712302446365356 130 129 148 146
class 0.41318652033805847 142 129 160 147
class 0.24390092492103577 155 128 173 147
class 0.25705844163894653 168 128 187 147
class 0.2642279863357544 181 129 199 147
class 0.3664313852787018 195 130 213 147
class 0.1537398397922516 206 130 225 146
class 0.3190705478191376 233 128 247 147
class 0.45156484842300415 1 144 16 159
class 0.13626892864704132 23 143 40 159
class 0.17531481385231018 36 142 54 159
class 0.23482637107372284 50 143 68 160
class 0.3921096622943878 63 142 80 160
class 0.35249629616737366 76 143 93 160
class 0.3539919853210449 89 143 107 160
class 0.31815704703330994 103 143 121 160
class 0.3204246461391449 116 142 134 160
class 0.34948456287384033 129 143 147 160
class 0.2840458154678345 142 141 160 160
class 0.16003157198429108 155 142 173 160
class 0.2529362142086029 168 142 186 161
class 0.12293239682912827 182 143 199 160
class 0.4468736946582794 195 143 212 160
class 0.16840317845344543 207 144 225 159
class 0.2746572494506836 233 142 247 161
class 0.30650243163108826 1 156 15 172
class 0.11242968589067459 36 156 54 173
class 0.27983129024505615 50 156 68 173
class 0.29920437932014465 62 156 80 173
class 0.28823307156562805 76 155 94 173
class 0.4766307771205902 89 155 107 173
class 0.4084025025367737 103 156 121 173
class 0.3624343276023865 116 156 134 173
class 0.3101803958415985 129 155 147 173
class 0.2948592007160187 142 155 160 173
class 0.26880645751953125 155 155 173 174
class 0.19849199056625366 169 155 187 173
class 0.25248265266418457 182 155 200 173
class 0.37685415148735046 195 155 212 173
class 0.316619873046875 208 157 226 172
class 0.21245208382606506 220 156 236 171
class 0.3313489854335785 232 155 247 173
class 0.2620391845703125 1 171 16 186
class 0.17574837803840637 23 171 41 187
class 0.20288634300231934 36 170 54 186
class 0.3800600469112396 50 170 68 186
class 0.4053856134414673 63 170 81 186
class 0.2915569543838501 76 169 94 186
class 0.2802247405052185 89 169 107 186
class 0.3917190134525299 103 169 121 187
class 0.4259527921676636 116 169 134 186
class 0.345455139875412 130 169 148 187
class 0.533367395401001 143 170 160 187
class 0.4707387685775757 155 169 173 188
class 0.14344410598278046 168 168 186 187
class 0.1549147218465805 181 168 200 187
class 0.21452584862709045 195 169 213 186
class 0.17264790832996368 207 169 225 185
class 0.28240734338760376 233 168 247 186
class 0.3830573856830597 2 183 16 199
class 0.2503613829612732 24 182 40 198
class 0.3448404371738434 36 182 54 199
class 0.41766756772994995 50 182 68 199
class 0.48374974727630615 63 182 81 199
class 0.5151017904281616 77 183 95 200
class 0.4745839536190033 89 183 107 200
class 0.36899083852767944 103 182 121 200
class 0.5132114887237549 116 183 134 200
class 0.6302193999290466 130 182 149 200
class 0.17422939836978912 139 179 158 198
class 0.2827419936656952 168 181 186 200
class 0.19564437866210938 182 182 200 200
class 0.23520323634147644 195 184 212 200
class 0.19458527863025665 207 184 225 199
class 0.10942021012306213 220 184 236 199
class 0.44607606530189514 233 183 247 201
class 0.4594513177871704 1 197 16 213
class 0.27237826585769653 23 197 39 213
class 0.29006460309028625 37 195 54 213
class 0.5115101933479309 51 196 68 213
class 0.5641634464263916 63 196 81 214
class 0.46295446157455444 77 195 94 213
class 0.5210675597190857 89 195 107 213
class 0.5453145503997803 103 196 121 214
class 0.5553423762321472 115 196 133 214
class 0.5798245072364807 129 195 148 213
class 0.9966689944267273 150 193 170 215
class 0.49761345982551575 170 194 189 214
class 0.21524210274219513 182 196 200 213
class 0.7306027412414551 194 196 212 214
class 0.38547199964523315 208 196 225 212
class 0.2918786406517029 220 197 236 212
class 0.5942550301551819 232 194 247 213
class 0.41550272703170776 1 209 15 225
class 0.19323289394378662 25 209 40 225
class 0.21853522956371307 38 210 54 226
class 0.3524356782436371 50 209 67 226
class 0.3734762966632843 64 208 81 226
class 0.44511929154396057 76 208 94 226
class 0.4643804430961609 89 209 107 227
class 0.4800494909286499 103 209 121 227
class 0.5124010443687439 115 209 133 227
class 0.5206469893455505 129 208 149 226
class 0.13421672582626343 138 209 157 227
class 0.11519835889339447 154 208 174 226
class 0.3214820623397827 194 208 212 226
class 0.23709358274936676 207 210 224 226
class 0.1399262249469757 220 210 235 225
class 0.36799395084381104 232 209 247 227
class 0.8331019878387451 1 223 16 238
class 0.13214966654777527 26 223 41 237
class 0.24091432988643646 38 222 53 238
class 0.27318817377090454 51 222 67 238
class 0.1903098225593567 64 222 80 238
class 0.25378355383872986 77 222 94 238
class 0.19120973348617554 90 222 107 238
class 0.2643980383872986 103 222 121 239
class 0.20411372184753418 115 223 133 239
class 0.10756200551986694 129 223 147 238
class 0.9831809997558594 150 224 169 242
class 0.11047002673149109 166 220 188 237
class 0.19879737496376038 195 224 212 239
class 0.27606844902038574 208 224 224 239
class 0.4091901183128357 232 222 247 239
class 0.715949535369873 0 232 16 249
class 0.1857559084892273 10 232 27 249
class 0.2299170345067978 25 232 42 249
class 0.4173027575016022 38 232 55 248
class 0.5665226578712463 50 231 68 248
class 0.4634670317173004 63 231 81 248
class 0.5322192311286926 76 231 95 248
class 0.600681722164154 90 231 108 248
class 0.579618513584137 102 231 121 249
class 0.41517698764801025 115 231 135 248
class 0.8051219582557678 128 231 149 248
class 0.17491748929023743 141 231 162 246
class 0.19985581934452057 182 232 202 248
class 0.5003870129585266 194 231 213 248
class 0.49397239089012146 206 231 225 248
class 0.185960590839386 220 232 238 248
class 0.892656147480011 232 232 249 249
