class 0.8552484512329102 1 2 17 18
class 0.3742513656616211 9 4 26 18
class 0.5194740295410156 21 4 41 19
class 0.38589930534362793 36 3 55 18
class 0.4137831926345825 49 4 68 17
class 0.4496622681617737 61 4 80 18
class 0.5354611277580261 75 4 94 18
class 0.5435584783554077 88 3 107 18
class 0.5092697739601135 101 4 120 17
class 0.6609249711036682 114 3 133 18
class 0.6277760863304138 128 3 146 18
class 0.5669556856155396 141 3 159 18
class 0.3652399778366089 154 3 173 17
class 0.5042955279350281 167 3 186 18
class 0.489036500453949 180 3 199 18
class 0.48929086327552795 194 4 213 18
class 0.3871014714241028 207 4 225 18
class 0.14292414486408234 222 4 237 17
class 0.9422990083694458 232 2 248 18
class 0.6066634058952332 1 9 15 26
class 0.5023475885391235 36 10 53 26
class 0.5607009530067444 49 10 67 26
class 0.635848343372345 62 9 80 26
class 0.5690277814865112 76 10 93 26
class 0.5097631812095642 88 10 106 26
class 0.5392477512359619 101 10 119 26
class 0.5154274702072144 115 9 132 25
class 0.6137965321540833 129 9 145 25
class 0.548960268497467 141 9 158 26
class 0.5179975628852844 154 10 172 26
class 0.4723638892173767 167 9 184 25
class 0.6476519107818604 180 10 198 27
class 0.631767988204956 194 10 212 26
class 0.39883455634117126 207 9 224 25
class 0.3562411069869995 1 26 15 41
class 0.11451847851276398 22 27 38 41
class 0.1809130311012268 35 25 53 41
class 0.356704980134964 49 25 67 41
class 0.38745543360710144 62 25 80 41
class 0.2903561294078827 75 25 93 41
class 0.2524239420890808 88 25 106 41
class 0.3510349690914154 101 25 119 41
class 0.27934277057647705 115 25 132 41
class 0.2775067687034607 127 23 144 40
class 0.2814120650291443 143 24 159 40
class 0.5506831407546997 154 25 171 41
class 0.21572169661521912 167 26 184 41
class 0.18179553747177124 180 25 198 41
class 0.2921023964881897 194 25 212 41
class 0.12726335227489471 206 26 224 41
class 0.205768883228302 233 25 247 43
class 0.35537025332450867 1 39 15 54
class 0.15596407651901245 23 39 39 54
class 0.2091962695121765 36 39 53 55
class 0.33188095688819885 49 38 67 54
class 0.4335290491580963 63 38 80 55
class 0.4186055362224579 76 38 93 55
class 0.3779740631580353 89 37 106 54
class 0.3839115500450134 102 38 119 55
class 0.39289557933807373 114 37 131 55
class 0.7005175948143005 129 38 146 56
class 0.18205063045024872 142 38 159 54
class 0.6593082547187805 154 38 171 54
class 0.6301230192184448 168 39 185 55
class 0.46475714445114136 180 39 198 55
class 0.41192206740379333 194 38 212 55
class 0.23061707615852356 206 38 225 54
class 0.23990480601787567 233 35 247 54
class 0.26430565118789673 1 52 15 67
class 0.1194409504532814 23 52 39 67
class 0.31255659461021423 37 51 54 68
class 0.45038893818855286 49 51 66 68
class 0.41099289059638977 63 51 80 68
class 0.3426010310649872 76 51 93 68
class 0.29896149039268494 90 51 106 68
class 0.34292787313461304 102 51 119 68
class 0.22730866074562073 114 50 132 69
class 0.12207905203104019 128 50 145 69
class 0.5659921765327454 154 50 171 68
class 0.4216064214706421 169 50 186 67
class 0.3984714150428772 181 50 198 67
class 0.34939059615135193 194 51 212 68
class 0.15935029089450836 207 51 225 67
class 0.29640430212020874 233 50 247 68
class 0.26125484704971313 1 66 15 80
class 0.13804379105567932 23 66 40 81
class 0.19945207238197327 36 65 54 81
class 0.34322935342788696 50 64 67 81
class 0.31406623125076294 63 64 81 81
class 0.46347060799598694 76 64 93 81
class 0.3796965181827545 90 63 108 81
class 0.3708353638648987 102 63 120 82
class 0.2291175127029419 115 62 134 81
class 0.23385107517242432 127 63 146 83
class 0.1890442967414856 140 64 159 82
class 0.4289475083351135 154 64 172 81
class 0.3916751742362976 169 64 186 81
class 0.27131858468055725 181 64 199 81
class 0.4009794294834137 195 64 213 81
class 0.2581118643283844 207 65 226 81
class 0.1021067425608635 219 65 236 80
class 0.2164560854434967 233 63 247 81
class 0.21201512217521667 1 79 15 94
class 0.10295648127794266 22 78 39 93
class 0.1503383219242096 36 77 54 94
class 0.3332260847091675 50 78 68 95
class 0.3549533486366272 62 78 80 95
class 0.39402642846107483 75 77 93 95
class 0.21137455105781555 90 76 110 95
class 0.1195458322763443 130 74 148 94
class 0.11371359974145889 142 77 160 95
class 0.33819979429244995 154 79 173 96
class 0.3543381094932556 168 78 186 95
class 0.22862853109836578 181 78 199 95
class 0.26306113600730896 194 78 213 95
class 0.17585638165473938 207 78 225 94
class 0.1397087574005127 233 76 247 94
class 0.39249905943870544 1 91 16 107
class 0.1113988533616066 23 92 40 108
class 0.21187132596969604 36 91 54 108
class 0.35471510887145996 50 90 68 107
class 0.4391499161720276 63 90 81 107
class 0.3043816089630127 75 90 93 107
class 0.15098586678504944 90 89 109 106
class 0.9733806848526001 112 84 129 104
class 0.18275964260101318 130 91 148 109
class 0.173373281955719 143 90 160 108
class 0.5663667321205139 155 90 173 107
class 0.4082716107368469 168 90 186 107
class 0.23203793168067932 182 90 200 108
class 0.2726776897907257 194 90 213 108
class 0.1313382387161255 207 91 226 107
class 0.10884486883878708 233 89 247 107
class 0.22682321071624756 2 105 16 120
class 0.13344229757785797 23 104 40 120
class 0.18958117067813873 36 104 54 121
class 0.3423008322715759 49 104 67 121
class 0.4620886445045471 64 103 81 120
class 0.33274397253990173 75 104 93 121
class 0.2281169295310974 102 104 121 121
class 0.402143657207489 114 105 132 122
class 0.17752045392990112 127 103 145 120
class 0.1990852802991867 141 104 160 121
class 0.1799270510673523 154 104 172 121
class 0.16045138239860535 168 103 186 121
class 0.2546849548816681 181 103 200 122
class 0.23054111003875732 194 104 214 123
class 0.11244065314531326 207 104 226 121
class 0.12017492204904556 234 102 247 120
class 0.42077305912971497 2 118 16 133
class 0.2012053281068802 36 117 53 134
class 0.30977338552474976 49 117 67 134
class 0.38474133610725403 63 116 80 133
class 0.42144447565078735 75 115 93 133
class 0.15879559516906738 89 116 107 134
class 0.10265529155731201 102 115 121 133
class 0.15689809620380402 114 115 132 133
class 0.18230214715003967 128 116 147 134
class 0.28827035427093506 142 117 160 134
class 0.349059522151947 154 117 173 134
class 0.2890301048755646 169 116 188 135
class 0.3056875467300415 232 116 247 134
class 0.32177188992500305 2 130 15 146
class 0.2546241879463196 37 130 54 147
class 0.34076017141342163 50 130 67 146
class 0.3271189332008362 62 129 80 147
class 0.2711121737957001 76 130 93 148
class 0.22310727834701538 89 129 107 147
class 0.1198902279138565 102 130 120 148
class 0.22977854311466217 116 130 133 147
class 0.2667323648929596 128 130 146 147
class 0.314414381980896 143 130 160 147
class 0.40946415066719055 155 130 172 147
class 0.19883577525615692 170 129 188 146
class 0.9940527081489563 189 129 209 150
class 0.19707582890987396 209 128 228 146
class 0.18655626475811005 233 129 247 146
class 0.26337969303131104 2 144 15 159
class 0.12846320867538452 37 143 55 160
class 0.2676573097705841 50 143 67 160
class 0.3771534860134125 64 143 80 160
class 0.47284233570098877 76 142 94 160
class 0.2760026752948761 89 142 107 160
class 0.38851162791252136 102 143 120 160
class 0.3816148042678833 116 143 133 160
class 0.41180700063705444 128 143 146 160
class 0.3887678384780884 142 143 159 160
class 0.40405821800231934 155 142 173 160
class 0.11460443586111069 168 142 187 159
class 0.25577622652053833 233 142 247 160
class 0.46381425857543945 2 157 16 172
class 0.16896016895771027 23 157 41 173
class 0.1801498532295227 37 156 55 173
class 0.30448323488235474 50 156 67 173
class 0.4699736535549164 63 156 80 173
class 0.4417247176170349 77 156 94 173
class 0.32329028844833374 89 157 106 174
class 0.26655641198158264 102 156 120 173
class 0.28089839220046997 116 156 133 173
class 0.2865656614303589 129 156 147 173
class 0.31504783034324646 142 156 159 173
class 0.3610036373138428 155 156 173 174
class 0.11862082779407501 168 156 186 174
class 0.34914976358413696 182 155 201 173
class 0.4648086130619049 193 155 212 173
class 0.2065821886062622 233 155 247 174
class 0.3111856281757355 0 170 15 186
class 0.18040978908538818 23 170 41 186
class 0.1891377717256546 36 169 55 187
class 0.29339852929115295 50 170 68 187
class 0.42350777983665466 63 168 81 185
class 0.29786136746406555 76 169 94 185
class 0.2987433671951294 90 168 108 185
class 0.3405762016773224 102 169 120 186
class 0.4535257816314697 116 169 133 186
class 0.34697404503822327 129 169 147 186
class 0.35768526792526245 142 169 160 187
class 0.29564547538757324 155 169 173 187
class 0.1850266307592392 167 170 186 188
class 0.13119351863861084 194 169 212 186
class 0.1800060123205185 207 170 227 186
class 0.10710673034191132 220 170 237 186
class 0.2518225908279419 233 167 248 186
class 0.2740187644958496 0 183 16 199
class 0.17207986116409302 25 181 43 198
class 0.466251939535141 36 182 54 200
class 0.4662712514400482 50 182 68 200
class 0.4564860463142395 63 183 81 200
class 0.40779244899749756 77 183 94 200
class 0.24900498986244202 90 183 107 200
class 0.2803157567977905 103 182 120 200
class 0.3586004376411438 116 182 133 199
class 0.48532387614250183 129 182 146 200
class 0.46548229455947876 142 182 160 200
class 0.4270368218421936 156 182 173 199
class 0.4216506779193878 168 181 186 199
class 0.3375641405582428 232 181 248 200
class 0.15240953862667084 1 196 16 212
class 0.9918336272239685 15 196 33 215
class 0.5696951746940613 37 194 55 213
class 0.5341457724571228 51 196 68 214
class 0.6878547668457031 64 196 81 213
class 0.5792160630226135 77 195 94 212
class 0.46955129504203796 90 195 107 213
class 0.5283445715904236 103 195 120 213
class 0.5116861462593079 116 196 133 213
class 0.4391334652900696 129 195 146 213
class 0.3671188950538635 143 195 159 213
class 0.44680631160736084 155 196 172 214
class 0.6276834011077881 169 196 186 214
class 0.17323876917362213 194 196 209 213
class 0.9980787634849548 209 191 228 213
class 0.11559813469648361 219 195 235 211
class 0.15585669875144958 231 193 247 212
class 0.39407679438591003 36 210 54 227
class 0.5027822852134705 50 210 67 226
class 0.4368213713169098 63 209 80 226
class 0.3067333996295929 77 209 94 226
class 0.23927751183509827 89 209 106 226
class 0.2476530373096466 103 208 119 225
class 0.2793552875518799 117 208 133 225
class 0.3249799609184265 130 209 146 226
class 0.34070631861686707 143 209 159 226
class 0.4190917909145355 156 208 172 226
class 0.3266761600971222 169 209 185 226
class 0.14101044833660126 182 208 198 225
class 0.35924309492111206 1 224 16 239
class 0.24907521903514862 24 222 40 237
class 0.18267154693603516 37 221 53 237
class 0.2142842561006546 51 222 68 238
class 0.2311503291130066 64 223 80 238
class 0.2361026406288147 77 221 93 237
class 0.2293662428855896 90 222 106 238
class 0.13674812018871307 103 223 119 238
class 0.23481197655200958 117 223 133 239
class 0.295975923538208 130 222 146 238
class 0.1581394523382187 142 221 158 238
class 0.24853184819221497 156 222 172 238
class 0.2916269898414612 169 222 185 238
class 0.12134549021720886 207 222 223 237
class 0.1327889859676361 232 224 246 240
class 0.717018723487854 0 233 17 249
class 0.13372702896595 23 233 41 249
class 0.4005279839038849 37 233 56 249
class 0.37464597821235657 51 232 69 248
class 0.6019385457038879 63 231 81 248
class 0.4759417176246643 76 231 94 249
class 0.47600722312927246 90 231 108 248
class 0.5108190774917603 103 231 120 248
class 0.5286932587623596 115 230 133 248
class 0.5820271968841553 130 231 147 248
class 0.45040956139564514 141 231 159 248
class 0.5003415942192078 154 231 173 249
class 0.30341607332229614 169 231 187 248
class 0.2684203088283539 180 232 199 248
class 0.2269333153963089 193 232 211 249
class 0.11114471405744553 207 232 224 248
class 0.8321172595024109 232 231 248 249
