class 0.7737339735031128 0 3 16 17
class 0.4153929352760315 9 4 26 17
class 0.4167723059654236 22 4 41 18
class 0.5362048745155334 35 4 54 18
class 0.46195200085639954 48 3 67 18
class 0.46984922885894775 62 4 81 17
class 0.297359824180603 89 4 108 17
class 0.29470905661582947 115 4 133 18
class 0.42191651463508606 127 4 146 17
class 0.7502781748771667 141 3 161 18
class 0.1014895886182785 154 3 173 18
class 0.6580202579498291 178 2 199 18
class 0.48994314670562744 193 3 213 18
class 0.43061554431915283 207 3 226 17
class 0.3989681005477905 221 4 237 18
class 0.7791817784309387 232 3 249 19
class 0.5385025143623352 1 11 16 27
class 0.15384726226329803 9 10 25 25
class 0.30368736386299133 23 10 39 25
class 0.5325118899345398 36 9 53 25
class 0.6074975728988647 49 10 66 26
class 0.4890815019607544 62 10 79 26
class 0.5744721293449402 75 8 93 25
class 0.4657541811466217 88 10 106 26
class 0.6392757892608643 102 9 120 25
class 0.5536933541297913 115 10 132 26
class 0.3898232579231262 127 10 144 26
class 0.971976101398468 159 8 176 25
class 0.496588796377182 181 8 199 26
class 0.5799735188484192 194 9 211 26
class 0.28111833333969116 208 10 224 26
class 0.1258668452501297 221 9 235 25
class 0.20801037549972534 233 8 246 26
class 0.33228638768196106 1 25 15 40
class 0.19032402336597443 35 26 54 41
class 0.27584707736968994 49 25 67 41
class 0.2578310966491699 62 26 80 42
class 0.20395298302173615 75 26 93 42
class 0.3315160274505615 88 25 106 41
class 0.273905873298645 101 25 119 41
class 0.25159260630607605 116 25 133 40
class 0.32258784770965576 127 24 145 40
class 0.11856482923030853 141 25 159 40
class 0.3241032063961029 154 27 172 42
class 0.22135035693645477 167 27 186 43
class 0.2248535305261612 180 25 199 41
class 0.2666442096233368 193 25 213 42
class 0.2479381263256073 207 25 224 41
class 0.18400464951992035 233 24 246 42
class 0.3926617205142975 1 39 15 54
class 0.22029313445091248 23 39 40 54
class 0.3234008252620697 35 37 54 54
class 0.43645361065864563 49 37 67 55
class 0.5436139106750488 63 37 81 55
class 0.5465849041938782 76 37 93 54
class 0.4255920350551605 88 37 105 55
class 0.5144150853157043 103 38 119 55
class 0.4142521619796753 114 38 131 55
class 0.39358416199684143 129 37 146 54
class 0.42671236395835876 141 37 158 55
class 0.4700902998447418 155 36 173 53
class 0.48467692732810974 167 37 185 54
class 0.31762683391571045 181 38 198 55
class 0.3639538288116455 194 38 212 54
class 0.2594810128211975 207 38 225 53
class 0.27258574962615967 233 36 247 55
class 0.337736040353775 1 52 15 67
class 0.270594984292984 23 51 40 67
class 0.32935959100723267 36 51 53 69
class 0.30573028326034546 50 50 67 68
class 0.2860921025276184 63 50 80 68
class 0.2707807719707489 77 50 93 68
class 0.36078914999961853 90 51 106 68
class 0.5856007933616638 103 50 119 68
class 0.30434972047805786 115 51 132 68
class 0.4365837275981903 128 51 145 69
class 0.4061119854450226 143 51 159 68
class 0.5815419554710388 155 51 171 68
class 0.48622626066207886 168 51 185 67
class 0.404680460691452 181 51 198 67
class 0.5119250416755676 195 52 212 68
class 0.4090460240840912 207 51 224 67
class 0.10040824115276337 220 52 235 67
class 0.21626617014408112 233 49 247 68
class 0.3183779716491699 1 65 15 80
class 0.1832815557718277 23 65 40 80
class 0.3946092426776886 37 63 54 81
class 0.7955023646354675 51 64 68 82
class 0.720910370349884 62 64 79 83
class 0.3698523938655853 77 63 94 81
class 0.3828672468662262 89 63 106 81
class 0.448820561170578 103 63 120 81
class 0.5722230672836304 117 64 133 81
class 0.6229287385940552 128 63 145 81
class 0.6162679195404053 142 64 159 81
class 0.5382629632949829 155 64 172 81
class 0.29474937915802 168 65 185 81
class 0.3623661994934082 181 64 198 81
class 0.39663076400756836 195 64 212 81
class 0.17185212671756744 207 64 225 80
class 0.21836133301258087 233 63 247 81
class 0.3337865471839905 2 78 16 94
class 0.24636894464492798 23 77 40 93
class 0.3669382631778717 37 77 56 94
class 0.3658396303653717 77 75 94 95
class 0.4628496766090393 91 76 107 94
class 0.4674154222011566 103 78 119 95
class 0.36700284481048584 115 76 132 94
class 0.2489812672138214 129 77 146 94
class 0.37580540776252747 142 77 159 94
class 0.39154618978500366 155 77 172 94
class 0.3218112885951996 169 77 186 94
class 0.33086827397346497 181 77 199 94
class 0.345276415348053 195 77 213 94
class 0.21102742850780487 207 78 226 94
class 0.30871689319610596 233 76 247 95
class 0.6904737949371338 1 90 16 107
class 0.2083655297756195 23 91 40 107
class 0.3659352958202362 38 90 56 108
class 0.9380033016204834 60 88 78 108
class 0.27928200364112854 77 89 95 107
class 0.3847622573375702 91 90 107 108
class 0.4791822135448456 102 90 119 107
class 0.4145086705684662 115 91 132 108
class 0.2984101474285126 129 91 147 108
class 0.4720157980918884 143 90 159 107
class 0.5785992741584778 156 90 173 107
class 0.34029439091682434 168 90 185 108
class 0.18361805379390717 182 90 200 107
class 0.26729026436805725 195 91 213 108
class 0.16221074759960175 207 91 225 107
class 0.23224695026874542 233 87 247 107
class 0.34927162528038025 1 104 15 120
class 0.13480521738529205 24 103 41 119
class 0.2645553648471832 36 101 55 122
class 0.19761252403259277 62 105 80 123
class 0.14672903716564178 76 104 94 122
class 0.31423673033714294 90 104 106 121
class 0.4443362355232239 102 104 119 121
class 0.3605891168117523 116 104 133 120
class 0.3908505439758301 129 103 146 120
class 0.30207255482673645 142 104 159 121
class 0.2938813269138336 156 102 173 120
class 0.3149699568748474 169 103 186 121
class 0.20958103239536285 181 104 199 121
class 0.2840316891670227 195 103 213 121
class 0.1683606058359146 208 103 226 119
class 0.11457248032093048 220 105 236 120
class 0.3470648229122162 233 104 247 122
class 0.4819885194301605 1 117 16 134
class 0.8557160496711731 18 120 37 137
class 0.3416130542755127 36 114 55 134
class 0.2869064211845398 50 115 69 134
class 0.3474058210849762 62 115 80 133
class 0.37029343843460083 76 117 94 133
class 0.35151228308677673 90 117 107 133
class 0.4353070557117462 102 117 119 133
class 0.5182659029960632 116 117 133 134
class 0.3559853434562683 129 116 147 134
class 0.46239912509918213 142 116 160 134
class 0.2918683886528015 155 116 173 135
class 0.21463565528392792 168 116 187 134
class 0.16298826038837433 180 116 199 135
class 0.17341473698616028 194 116 212 135
class 0.251803457736969 233 115 247 133
class 0.22535228729248047 1 130 15 145
class 0.33373787999153137 12 127 30 143
class 0.2023375779390335 35 130 55 148
class 0.2444668561220169 49 129 67 148
class 0.25107547640800476 62 131 80 148
class 0.35869351029396057 76 131 93 147
class 0.40334922075271606 90 130 107 147
class 0.40093904733657837 102 129 120 147
class 0.3701457381248474 116 129 133 146
class 0.30722495913505554 129 130 147 147
class 0.33620980381965637 142 129 161 147
class 0.2868708670139313 154 128 173 147
class 0.27790367603302 196 128 214 147
class 0.1634787768125534 207 130 226 147
class 0.11589308083057404 220 131 236 146
class 0.3325975239276886 233 129 247 147
class 0.3759632408618927 23 146 41 160
class 0.3579629361629486 34 143 53 160
class 0.31345683336257935 50 143 68 160
class 0.4315149486064911 62 143 80 160
class 0.4381547272205353 76 143 93 160
class 0.3009931743144989 89 143 106 160
class 0.25717777013778687 103 142 121 160
class 0.33430707454681396 116 143 133 160
class 0.46935781836509705 128 142 146 161
class 0.2286970317363739 142 142 160 160
class 0.11175605654716492 155 142 174 160
class 0.9919192790985107 182 143 201 165
class 0.1458900421857834 207 143 226 160
class 0.3341805338859558 232 141 247 160
class 0.4082881808280945 1 158 15 174
class 0.19589601457118988 22 157 41 172
class 0.2566375136375427 35 157 54 173
class 0.38115620613098145 49 157 68 173
class 0.4797702729701996 63 156 81 173
class 0.43699514865875244 76 156 94 173
class 0.3572273254394531 89 156 107 173
class 0.2756798565387726 102 155 120 173
class 0.3033471703529358 116 155 134 174
class 0.35631102323532104 129 155 146 173
class 0.32105544209480286 142 156 160 174
class 0.33477532863616943 156 156 174 173
class 0.20290470123291016 207 156 225 172
class 0.24588902294635773 233 155 247 173
class 0.344346821308136 1 170 16 186
class 0.10652092844247818 23 171 40 186
class 0.2099601775407791 36 171 54 186
class 0.4560365080833435 49 169 67 186
class 0.4685501158237457 63 170 81 186
class 0.2632111608982086 76 169 94 186
class 0.30223968625068665 89 169 108 186
class 0.3332330584526062 103 169 121 187
class 0.37575915455818176 116 168 134 186
class 0.39425259828567505 129 169 147 187
class 0.35280025005340576 142 169 160 186
class 0.2472984492778778 155 168 173 186
class 0.49860820174217224 170 168 188 186
class 0.6111737489700317 180 171 198 187
class 0.43958109617233276 193 170 213 186
class 0.19734711945056915 207 171 225 186
class 0.30226603150367737 233 169 247 186
class 0.2748277485370636 1 184 16 199
class 0.24554793536663055 24 184 40 199
class 0.35015541315078735 36 183 54 199
class 0.31726163625717163 50 183 67 199
class 0.43973618745803833 63 182 81 199
class 0.44924426078796387 77 183 94 200
class 0.43591034412384033 90 183 108 200
class 0.46463194489479065 103 182 121 199
class 0.49722954630851746 116 183 134 200
class 0.4880613386631012 129 182 146 200
class 0.4901104271411896 141 182 159 200
class 0.23806172609329224 155 183 173 200
class 0.20834584534168243 169 182 186 200
class 0.2502349019050598 181 182 199 199
class 0.3276526927947998 194 183 212 200
class 0.22861987352371216 206 184 224 199
class 0.4094543755054474 232 183 247 200
class 0.5999765992164612 1 196 16 213
class 0.292926162481308 24 196 39 212
class 0.28713852167129517 37 195 54 212
class 0.4348384141921997 50 196 67 213
class 0.4248560965061188 63 195 80 213
class 0.5072178840637207 77 196 94 213
class 0.3999519646167755 90 195 108 213
class 0.445301353931427 103 195 120 213
class 0.45513543486595154 116 194 134 212
class 0.5702985525131226 129 195 147 214
class 0.5467031002044678 142 195 160 213
class 0.4680168032646179 155 195 173 213
class 0.39609333872795105 168 195 186 213
class 0.35673972964286804 182 196 200 213
class 0.3738406002521515 194 196 212 213
class 0.22922444343566895 207 196 225 212
class 0.14920417964458466 220 196 236 212
class 0.384236603975296 232 195 247 213
class 0.4647918939590454 1 209 15 225
class 0.12060483545064926 24 208 38 224
class 0.17315030097961426 38 209 54 226
class 0.3071786165237427 51 207 67 225
class 0.4694893956184387 63 208 81 227
class 0.270992636680603 77 208 94 226
class 0.15989907085895538 90 209 107 226
class 0.2467144876718521 103 209 120 226
class 0.22706644237041473 116 209 133 226
class 0.4379127025604248 130 208 147 226
class 0.37299445271492004 142 209 160 226
class 0.32757869362831116 155 209 173 226
class 0.37638211250305176 169 209 187 226
class 0.4694737493991852 181 209 199 226
class 0.4076732397079468 194 209 212 227
class 0.19448812305927277 206 210 224 226
class 0.11177447438240051 219 210 235 225
class 0.273578941822052 233 208 247 226
class 0.6355801224708557 1 224 16 240
class 0.10271897912025452 26 224 41 238
class 0.2644656300544739 36 221 52 238
class 0.2662564516067505 50 223 67 239
class 0.13895505666732788 66 221 83 237
class 0.1349300742149353 77 222 94 238
class 0.1166267842054367 90 222 107 238
class 0.2675570547580719 104 222 120 238
class 0.37207505106925964 117 222 133 239
class 0.19421087205410004 130 223 146 239
class 0.1977887749671936 142 222 159 239
class 0.17385177314281464 156 222 173 239
class 0.18832549452781677 169 222 186 238
class 0.17983883619308472 181 222 199 238
class 0.29069793224334717 195 221 212 238
class 0.22399196028709412 207 222 224 238
class 0.33133161067962646 232 223 247 240
class 0.8728353977203369 0 232 17 249
class 0.36702513694763184 24 231 41 248
class 0.43557894229888916 35 231 53 249
class 0.14389821887016296 49 233 68 249
class 0.3407537341117859 64 234 83 249
class 0.38134658336639404 76 231 95 248
class 0.3207547962665558 89 231 108 248
class 0.4126082956790924 103 231 121 248
class 0.49687594175338745 116 231 134 248
class 0.5078434944152832 129 231 147 248
class 0.4535409212112427 141 231 160 248
class 0.48486945033073425 156 231 174 248
class 0.5046963691711426 168 230 187 248
class 0.5518580079078674 181 231 200 248
class 0.4335746169090271 194 231 213 248
class 0.34352555871009827 207 231 225 248
class 0.26959073543548584 220 232 239 249
class 0.8999738097190857 232 232 249 249
