class 0.8995761871337891 1 2 17 18
class 0.36313295364379883 8 4 26 18
class 0.6071790456771851 22 4 41 18
class 0.5331550240516663 35 3 54 18
class 0.4958229660987854 48 4 68 18
class 0.4733811616897583 62 4 81 17
class 0.565122127532959 74 4 93 18
class 0.638221800327301 88 3 107 18
class 0.4858681857585907 102 4 120 18
class 0.6121859550476074 114 4 133 18
class 0.5318245887756348 128 4 146 18
class 0.615090012550354 140 4 160 18
class 0.5776281952857971 154 4 173 17
class 0.4411584436893463 167 4 186 17
class 0.5432465076446533 180 3 199 17
class 0.5604748129844666 194 4 212 18
class 0.4784885048866272 207 4 226 17
class 0.3333185911178589 221 4 237 17
class 0.6850078105926514 232 3 249 18
class 0.4654536843299866 1 9 15 25
class 0.16445139050483704 10 10 26 25
class 0.33094456791877747 22 10 39 25
class 0.37305888533592224 36 9 53 25
class 0.4963163733482361 49 9 66 25
class 0.4106312096118927 62 10 79 26
class 0.372598260641098 75 10 92 26
class 0.4694382846355438 89 9 105 26
class 0.472721666097641 102 10 118 26
class 0.38134878873825073 115 9 131 25
class 0.5333928465843201 128 9 145 25
class 0.5826574563980103 141 9 158 25
class 0.5160272121429443 155 10 172 26
class 0.4846033453941345 168 10 185 26
class 0.3894219696521759 181 9 198 25
class 0.6089714169502258 194 9 211 25
class 0.5493897795677185 207 10 224 25
class 0.13894125819206238 220 9 234 25
class 0.16549983620643616 234 8 247 26
class 0.39031535387039185 1 26 15 41
class 0.11749356985092163 22 26 39 41
class 0.14813455939292908 35 26 53 41
class 0.27643007040023804 49 26 67 41
class 0.2487572729587555 61 26 79 42
class 0.27231988310813904 75 26 93 42
class 0.2839592695236206 89 25 106 41
class 0.35624635219573975 101 25 119 41
class 0.17815878987312317 115 26 132 41
class 0.3821510374546051 127 25 145 41
class 0.35599058866500854 141 26 158 41
class 0.36442694067955017 155 25 172 41
class 0.336007684469223 167 25 185 41
class 0.195383682847023 180 26 198 41
class 0.22732044756412506 194 26 212 42
class 0.2327527552843094 206 26 224 41
class 0.1279478371143341 233 25 247 43
class 0.18199335038661957 1 39 15 53
class 0.19798970222473145 36 39 53 55
class 0.34688109159469604 49 38 67 55
class 0.2663976848125458 63 38 80 55
class 0.3558189868927002 75 38 93 55
class 0.31440770626068115 89 39 106 55
class 0.2736281454563141 102 38 119 54
class 0.39216044545173645 115 38 132 54
class 0.5650705099105835 128 39 145 55
class 0.6254453063011169 141 38 158 55
class 0.4561292827129364 155 38 172 54
class 0.4092392921447754 168 37 185 55
class 0.4431968927383423 181 38 198 55
class 0.5021896362304688 194 39 212 55
class 0.23782801628112793 206 38 225 53
class 0.30919966101646423 221 38 239 54
class 0.5863093137741089 231 36 247 56
class 0.38826093077659607 2 53 16 68
class 0.19250470399856567 36 51 54 68
class 0.3161245882511139 49 51 67 68
class 0.22710242867469788 63 51 80 68
class 0.3494366407394409 76 51 93 68
class 0.44408246874809265 89 51 106 68
class 0.48734036087989807 102 52 119 69
class 0.4601869583129883 115 51 132 68
class 0.4993014931678772 129 50 145 67
class 0.554548442363739 142 50 158 67
class 0.469918817281723 155 51 172 68
class 0.41395580768585205 168 51 185 69
class 0.34510788321495056 182 51 199 68
class 0.42029720544815063 194 51 211 68
class 0.17252960801124573 206 50 224 67
class 0.43682828545570374 1 64 16 80
class 0.150172159075737 35 64 54 81
class 0.24555036425590515 50 63 68 80
class 0.3209294080734253 63 63 80 81
class 0.45688027143478394 77 63 94 81
class 0.330767959356308 89 63 106 80
class 0.3893767297267914 102 63 120 80
class 0.26645150780677795 116 64 133 81
class 0.23781706392765045 128 64 146 81
class 0.4333701729774475 143 64 159 81
class 0.4154622256755829 154 63 172 81
class 0.44222092628479004 169 64 187 82
class 0.4630521237850189 182 65 199 82
class 0.1648358553647995 194 64 212 81
class 0.9973574280738831 224 61 241 79
class 0.12957994639873505 1 78 15 93
class 0.17738816142082214 36 78 55 94
class 0.2724178731441498 49 77 67 95
class 0.24686448276042938 63 76 81 94
class 0.24269932508468628 76 76 94 94
class 0.2610677480697632 89 77 107 95
class 0.329238623380661 103 76 120 94
class 0.42984893918037415 116 77 134 94
class 0.4942520260810852 128 78 146 95
class 0.33238518238067627 141 77 159 94
class 0.2694461941719055 154 77 172 95
class 0.37978681921958923 169 77 186 95
class 0.4363505244255066 181 77 199 94
class 0.20645403861999512 194 77 212 94
class 0.13872696459293365 1 92 16 107
class 0.16184574365615845 23 91 40 107
class 0.24019037187099457 36 90 54 107
class 0.4085591435432434 50 90 68 108
class 0.34751591086387634 62 90 80 108
class 0.37099888920783997 76 90 94 108
class 0.43110913038253784 90 89 107 108
class 0.28480446338653564 103 90 120 108
class 0.204936221241951 116 89 133 108
class 0.31792381405830383 129 89 147 107
class 0.35959479212760925 142 90 160 108
class 0.31877392530441284 155 91 173 108
class 0.4959726929664612 168 90 186 108
class 0.37027499079704285 181 91 199 108
class 0.23469923436641693 193 91 212 108
class 0.2964494526386261 233 89 248 107
class 0.43851128220558167 1 105 16 121
class 0.30803990364074707 50 103 68 120
class 0.3432386815547943 63 103 80 121
class 0.407674103975296 76 103 94 121
class 0.4450349509716034 89 103 107 121
class 0.43444952368736267 102 102 120 121
class 0.21488511562347412 115 103 134 122
class 0.2454095333814621 129 103 147 122
class 0.2985232472419739 142 103 160 121
class 0.33986684679985046 155 103 173 121
class 0.37216895818710327 168 103 186 121
class 0.2914033532142639 181 103 199 121
class 0.304460346698761 195 103 213 121
class 0.11543852835893631 207 104 225 120
class 0.3775903880596161 233 103 248 121
class 0.25266233086586 1 117 15 133
class 0.1035962924361229 36 117 54 134
class 0.2961128056049347 50 117 68 134
class 0.446948766708374 64 116 81 134
class 0.5058825016021729 76 116 94 133
class 0.23777370154857635 89 115 107 133
class 0.1043463870882988 118 115 136 134
class 0.32449087500572205 128 115 146 135
class 0.23948436975479126 142 116 160 134
class 0.38094162940979004 155 117 173 134
class 0.2827242612838745 168 117 186 134
class 0.23575186729431152 181 117 199 134
class 0.3173186182975769 195 117 213 134
class 0.20541948080062866 208 118 226 134
class 0.22287897765636444 232 115 247 134
class 0.2210509032011032 1 130 16 146
class 0.1092153936624527 23 131 40 147
class 0.20728304982185364 36 130 54 148
class 0.2566867172718048 50 129 67 147
class 0.5004183650016785 64 129 81 147
class 0.4596810042858124 76 130 94 147
class 0.19659993052482605 89 129 107 147
class 0.9404640197753906 108 131 125 148
class 0.3917340636253357 129 128 147 147
class 0.27800679206848145 142 129 160 147
class 0.4611300826072693 155 129 173 147
class 0.5226559042930603 168 130 187 147
class 0.3544783592224121 181 130 199 147
class 0.37030884623527527 194 130 213 147
class 0.2026328146457672 207 130 226 146
class 0.3831707537174225 232 129 247 147
class 0.18271127343177795 2 144 16 159
class 0.3182937204837799 24 144 41 160
class 0.31990745663642883 35 143 54 162
class 0.1613032966852188 49 142 67 161
class 0.3658897578716278 63 142 80 161
class 0.46395131945610046 76 142 94 160
class 0.21463651955127716 90 143 108 159
class 0.12211468815803528 102 142 120 158
class 0.20375052094459534 128 143 146 161
class 0.3305476903915405 142 144 159 160
class 0.4812597930431366 155 144 173 161
class 0.27202799916267395 168 142 186 160
class 0.1967627853155136 181 142 199 160
class 0.2998594045639038 195 142 212 160
class 0.2808358371257782 208 144 226 160
class 0.24208366870880127 233 142 247 160
class 0.30013513565063477 2 157 16 173
class 0.13580729067325592 49 154 68 174
class 0.27132412791252136 64 156 81 174
class 0.5094249248504639 76 157 94 174
class 0.22887267172336578 90 156 108 173
class 0.5110003352165222 102 156 120 173
class 0.46280330419540405 115 157 133 173
class 0.3029041290283203 129 156 146 172
class 0.3707306981086731 142 156 160 173
class 0.49075356125831604 155 156 172 172
class 0.3313837945461273 169 157 187 173
class 0.26848945021629333 181 156 199 174
class 0.34915247559547424 194 157 212 174
class 0.2797158360481262 208 156 226 172
class 0.2335761934518814 233 155 247 173
class 0.5871015787124634 1 170 16 185
class 0.9898435473442078 32 167 50 187
class 0.3556845486164093 52 168 70 186
class 0.3164317309856415 64 170 82 187
class 0.5830256938934326 76 169 93 186
class 0.3462081849575043 89 170 106 186
class 0.3259372115135193 103 170 120 186
class 0.355548232793808 116 169 133 185
class 0.3872769773006439 129 170 146 186
class 0.38704875111579895 143 169 160 185
class 0.4678865075111389 156 169 173 186
class 0.31472307443618774 168 168 186 186
class 0.18682870268821716 181 169 200 186
class 0.17853258550167084 194 169 213 187
class 0.1784934252500534 208 171 226 186
class 0.18959474563598633 233 170 247 187
class 0.48663073778152466 1 183 16 198
class 0.33554181456565857 36 183 53 200
class 0.14516288042068481 50 182 68 199
class 0.41859766840934753 63 182 81 199
class 0.4630865156650543 76 182 93 199
class 0.5406484007835388 90 183 106 200
class 0.48391905426979065 103 183 120 199
class 0.329007089138031 115 183 132 200
class 0.35666680335998535 129 183 146 199
class 0.41457855701446533 143 182 160 199
class 0.2749449908733368 155 182 173 199
class 0.270954966545105 169 182 187 200
class 0.35969534516334534 183 182 201 200
class 0.35216566920280457 195 183 213 200
class 0.3181069493293762 207 183 226 199
class 0.10624560713768005 219 184 236 199
class 0.32327771186828613 232 182 247 200
class 0.5550528764724731 1 197 15 212
class 0.21036192774772644 24 195 40 211
class 0.4483477771282196 36 194 54 212
class 0.37652257084846497 51 196 68 212
class 0.418504536151886 63 197 80 214
class 0.489046573638916 77 196 93 213
class 0.5504755973815918 90 196 107 213
class 0.5892355442047119 103 196 120 213
class 0.5228030681610107 116 196 133 213
class 0.4514448642730713 129 196 146 213
class 0.5196253657341003 142 195 160 213
class 0.5897828340530396 155 196 173 214
class 0.4215015470981598 169 196 187 214
class 0.37703073024749756 182 196 200 214
class 0.47872665524482727 195 197 213 214
class 0.3969574272632599 206 197 225 214
class 0.41340702772140503 232 195 248 214
class 0.49196892976760864 1 210 16 225
class 0.16874735057353973 24 210 40 225
class 0.2867734730243683 37 209 53 226
class 0.37812983989715576 50 209 67 226
class 0.41448715329170227 64 209 80 226
class 0.4643922448158264 77 210 93 227
class 0.4546154737472534 89 209 106 227
class 0.36892083287239075 103 209 120 226
class 0.30230748653411865 116 209 133 226
class 0.408206045627594 129 209 146 227
class 0.3555782735347748 142 209 160 227
class 0.3401491641998291 155 208 173 226
class 0.32242822647094727 168 209 187 226
class 0.2711626887321472 182 209 200 226
class 0.46945318579673767 194 209 213 227
class 0.2321050465106964 207 209 225 226
class 0.4875278174877167 232 208 249 226
class 0.8569242358207703 1 223 16 239
class 0.15978822112083435 25 223 40 238
class 0.13267971575260162 37 223 53 238
class 0.15971995890140533 51 222 67 238
class 0.38486722111701965 65 222 80 238
class 0.46381115913391113 77 221 93 238
class 0.3544982075691223 90 221 106 238
class 0.20296251773834229 103 222 120 238
class 0.23087215423583984 116 222 132 238
class 0.2713167071342468 130 221 147 238
class 0.3182395100593567 143 222 160 238
class 0.20081757009029388 155 223 173 239
class 0.1543642282485962 169 223 186 239
class 0.15477895736694336 182 224 199 239
class 0.11030576378107071 207 222 225 237
class 0.9950671195983887 223 224 242 243
class 0.7610111236572266 0 232 16 249
class 0.19337980449199677 10 232 27 249
class 0.4234509766101837 24 231 42 248
class 0.4422530233860016 36 231 54 248
class 0.5142033696174622 49 232 68 248
class 0.5179415941238403 63 231 81 248
class 0.4977692663669586 76 231 95 248
class 0.46938616037368774 90 231 108 249
class 0.48829713463783264 103 231 121 248
class 0.4966908097267151 115 231 133 248
class 0.5141482353210449 129 231 147 249
class 0.5916211009025574 143 231 162 248
class 0.45420607924461365 155 231 173 248
class 0.41769593954086304 169 231 187 248
class 0.5066231489181519 181 231 200 248
class 0.2200351506471634 193 232 213 248
class 0.172881618142128 205 232 226 248
class 0.8536615371704102 232 233 249 249
