class 0.8888486623764038 1 2 17 18
class 0.3419873118400574 9 4 26 18
class 0.4037366509437561 21 4 40 18
class 0.39639803767204285 36 4 54 18
class 0.6715863943099976 48 4 67 18
class 0.44640305638313293 61 3 80 17
class 0.4606498181819916 75 3 94 17
class 0.48724207282066345 88 4 107 18
class 0.45888081192970276 101 4 121 18
class 0.5540098547935486 114 4 133 18
class 0.421755850315094 128 4 147 17
class 0.615644097328186 140 3 159 18
class 0.517937958240509 154 4 173 18
class 0.5678956508636475 167 3 186 18
class 0.43079254031181335 180 4 199 18
class 0.578169584274292 192 3 212 18
class 0.35496580600738525 207 4 225 18
class 0.5588569045066833 222 4 238 18
class 0.6874200105667114 231 3 248 18
class 0.39434438943862915 1 9 15 25
class 0.3540935218334198 23 9 39 25
class 0.3782874345779419 36 9 52 25
class 0.4873608350753784 62 10 80 26
class 0.5909122228622437 75 10 93 26
class 0.7294556498527527 88 10 106 26
class 0.6755091547966003 101 10 119 26
class 0.6004242897033691 115 9 132 25
class 0.5390707850456238 128 10 145 26
class 0.5217117071151733 141 9 158 25
class 0.5393288135528564 154 10 171 26
class 0.4557783603668213 168 9 185 25
class 0.5390846729278564 180 9 198 26
class 0.5803900957107544 194 9 212 25
class 0.33687546849250793 207 9 224 25
class 0.11714357137680054 220 9 235 24
class 0.1283818632364273 233 8 246 26
class 0.6859428286552429 1 26 15 42
class 0.14131276309490204 22 26 39 40
class 0.16201087832450867 35 26 53 41
class 0.3214789032936096 49 26 67 41
class 0.2743280827999115 61 26 79 41
class 0.2869129478931427 75 26 93 41
class 0.34612029790878296 88 25 106 41
class 0.2842807471752167 101 26 119 41
class 0.2859147787094116 115 26 133 41
class 0.3658960461616516 128 25 145 40
class 0.2753109335899353 141 26 159 41
class 0.33913755416870117 154 25 171 41
class 0.2710084021091461 167 26 185 41
class 0.2573271691799164 180 26 198 41
class 0.2565792500972748 194 26 212 41
class 0.15074361860752106 207 25 225 40
class 0.173427551984787 234 24 247 42
class 0.31512928009033203 1 38 15 53
class 0.11208751797676086 23 39 40 53
class 0.17957812547683716 36 38 54 54
class 0.420280784368515 49 37 67 54
class 0.46487686038017273 62 38 79 55
class 0.45781561732292175 76 38 93 55
class 0.4703282415866852 89 38 106 54
class 0.4972746968269348 102 38 120 55
class 0.4333869218826294 115 38 132 54
class 0.35363200306892395 128 38 145 54
class 0.4116695523262024 142 38 159 54
class 0.3298560678958893 154 37 172 54
class 0.296016126871109 167 37 185 54
class 0.335096150636673 181 38 199 55
class 0.5411843061447144 195 39 212 55
class 0.2770031988620758 206 38 224 54
class 0.261250376701355 233 36 247 54
class 0.28216683864593506 1 52 15 67
class 0.20140737295150757 23 52 40 68
class 0.1234203651547432 36 51 54 68
class 0.2606920897960663 49 51 67 68
class 0.3678800165653229 63 50 80 67
class 0.48174962401390076 76 51 93 68
class 0.40847060084342957 89 50 106 67
class 0.44174283742904663 102 49 119 67
class 0.43605920672416687 116 50 133 67
class 0.4541832506656647 129 50 145 67
class 0.48763829469680786 142 50 159 68
class 0.3437499403953552 155 51 171 68
class 0.24765002727508545 168 50 185 68
class 0.32329392433166504 182 50 199 67
class 0.46867242455482483 194 50 212 67
class 0.2173636555671692 207 51 225 67
class 0.24172000586986542 233 49 247 68
class 0.4061097204685211 1 65 15 81
class 0.1416313797235489 23 65 40 81
class 0.20408838987350464 37 64 54 81
class 0.4161292314529419 50 64 67 81
class 0.3310142159461975 63 64 80 81
class 0.33264344930648804 77 63 94 81
class 0.456034392118454 89 63 106 81
class 0.49998176097869873 103 64 120 82
class 0.4145031273365021 116 64 133 81
class 0.3022584915161133 129 64 146 81
class 0.31568995118141174 143 63 159 81
class 0.362051397562027 155 64 172 81
class 0.3558945059776306 168 65 185 82
class 0.2492452710866928 181 65 199 82
class 0.3569623827934265 195 64 213 82
class 0.2821187973022461 208 65 226 81
class 0.14067287743091583 220 66 236 81
class 0.31054800748825073 233 63 247 81
class 0.4620020389556885 1 77 16 93
class 0.15663324296474457 24 77 41 93
class 0.2668328285217285 36 77 54 94
class 0.3206002116203308 49 77 67 95
class 0.42943108081817627 64 77 80 95
class 0.40225544571876526 76 77 94 95
class 0.42213988304138184 89 77 107 95
class 0.402730792760849 103 77 120 94
class 0.3379233479499817 115 77 133 95
class 0.32425805926322937 129 77 146 95
class 0.3089233934879303 143 77 159 94
class 0.3166444003582001 155 77 172 94
class 0.3738689422607422 168 76 186 94
class 0.3827706277370453 181 77 199 94
class 0.40622103214263916 195 77 213 94
class 0.33662840723991394 208 78 226 94
class 0.16145522892475128 220 78 236 93
class 0.2870929539203644 233 76 247 95
class 0.2506190836429596 1 92 15 107
class 0.11433050036430359 24 91 40 107
class 0.24601194262504578 37 90 55 107
class 0.4047994017601013 50 89 67 107
class 0.5056442022323608 64 89 81 107
class 0.5298791527748108 75 89 93 108
class 0.522837221622467 90 89 108 108
class 0.32420483231544495 102 89 120 108
class 0.45683223009109497 115 89 133 108
class 0.1723220944404602 128 90 147 110
class 0.1725638210773468 142 90 160 109
class 0.2539462447166443 155 90 173 109
class 0.3134588301181793 168 91 185 109
class 0.3310539722442627 182 91 199 108
class 0.4049658179283142 194 91 212 108
class 0.28147560358047485 207 91 225 107
class 0.10084571689367294 220 90 236 106
class 0.1705056130886078 233 88 247 107
class 0.4658040702342987 2 105 15 121
class 0.16608190536499023 11 104 27 119
class 0.14088086783885956 23 104 39 119
class 0.15081824362277985 37 102 54 120
class 0.8789017796516418 53 103 70 121
class 0.3216235935688019 62 103 79 121
class 0.5658980011940002 75 103 93 122
class 0.36800646781921387 89 104 107 122
class 0.15162597596645355 102 104 120 122
class 0.170010045170784 115 102 134 121
class 0.23016808927059174 141 102 160 122
class 0.20239289104938507 155 102 173 121
class 0.2999807298183441 168 102 186 120
class 0.37608590722084045 182 103 200 120
class 0.4079129993915558 195 104 212 120
class 0.20710942149162292 207 104 225 120
class 0.30694085359573364 233 103 247 122
class 0.5222153067588806 2 117 16 133
class 0.20857170224189758 10 118 26 133
class 0.12255752831697464 36 116 54 133
class 0.5130781531333923 76 117 93 134
class 0.6159093379974365 90 118 107 134
class 0.27494439482688904 103 117 121 134
class 0.2094685584306717 116 116 133 133
class 0.9960329532623291 126 117 144 138
class 0.2571447789669037 143 114 161 133
class 0.1458769589662552 155 116 173 134
class 0.2165115922689438 167 118 185 135
class 0.18148073554039001 181 117 199 134
class 0.32711687684059143 195 117 213 134
class 0.29030081629753113 208 117 226 133
class 0.1606728583574295 219 118 236 133
class 0.1694859117269516 233 114 247 133
class 0.3881419003009796 1 130 16 146
class 0.12454057484865189 24 131 40 146
class 0.21697582304477692 37 130 54 147
class 0.6152715086936951 50 131 66 147
class 0.538331151008606 62 131 79 148
class 0.4588601589202881 77 131 93 147
class 0.5048784017562866 89 130 106 146
class 0.2472013384103775 102 130 121 146
class 0.15203532576560974 156 130 174 147
class 0.28194931149482727 168 129 186 146
class 0.2815517485141754 181 130 199 147
class 0.24992765486240387 195 130 212 147
class 0.1369664967060089 207 130 225 146
class 0.1674855798482895 234 129 247 148
class 0.31006917357444763 1 144 15 159
class 0.33280396461486816 23 144 40 160
class 0.16705141961574554 36 143 53 161
class 0.21494871377944946 49 142 66 160
class 0.24291197955608368 64 142 81 160
class 0.2909712493419647 76 143 93 161
class 0.42641958594322205 90 144 107 160
class 0.22064091265201569 102 143 120 160
class 0.2954760789871216 116 142 134 160
class 0.5355276465415955 127 143 146 161
class 0.2275872826576233 141 142 160 160
class 0.22900953888893127 155 142 173 160
class 0.22538624703884125 168 143 185 161
class 0.1708543747663498 182 143 199 161
class 0.13020922243595123 195 143 213 160
class 0.13949911296367645 207 143 225 160
class 0.1565849334001541 233 142 247 160
class 0.4563623070716858 1 157 15 173
class 0.33844512701034546 24 156 41 172
class 0.20409710705280304 49 157 67 175
class 0.22832483053207397 63 156 81 174
class 0.3041292726993561 77 156 94 173
class 0.4178214371204376 89 156 107 173
class 0.34288787841796875 103 156 120 173
class 0.15642701089382172 115 155 133 173
class 0.21653452515602112 129 155 146 173
class 0.12145469337701797 142 156 160 174
class 0.16174618899822235 155 156 173 173
class 0.33388054370880127 168 156 186 174
class 0.42322683334350586 182 155 200 173
class 0.1473417431116104 194 155 212 174
class 0.3552390933036804 232 156 247 174
class 0.5512087941169739 1 170 15 186
class 0.5775819420814514 52 168 69 186
class 0.3308103382587433 62 168 80 186
class 0.24388299882411957 76 169 94 186
class 0.469830721616745 90 169 107 186
class 0.4173687696456909 103 170 120 187
class 0.31355544924736023 116 170 133 187
class 0.2962048351764679 129 170 146 187
class 0.2817973792552948 142 169 160 186
class 0.3161383271217346 156 169 175 186
class 0.29692313075065613 233 167 247 186
class 0.49403712153434753 1 183 15 198
class 0.10918684303760529 23 185 40 199
class 0.8650640249252319 37 178 53 196
class 0.33360788226127625 52 182 69 199
class 0.2722327411174774 64 182 81 199
class 0.4411875307559967 76 183 93 200
class 0.4329012930393219 90 182 107 199
class 0.4064691960811615 103 182 121 199
class 0.4463343024253845 116 182 134 199
class 0.49221137166023254 129 182 146 200
class 0.2528648376464844 141 183 159 201
class 0.23489707708358765 157 181 175 199
class 0.9874098300933838 177 178 195 199
class 0.20977948606014252 197 181 216 199
class 0.26835402846336365 233 182 247 200
class 0.5815032124519348 1 197 16 213
class 0.3176650106906891 25 197 42 212
class 0.7137243747711182 36 197 54 214
class 0.6367488503456116 49 196 68 213
class 0.47410881519317627 63 196 81 213
class 0.6036123037338257 76 196 93 213
class 0.644327700138092 90 196 107 213
class 0.5062325596809387 104 196 121 213
class 0.341943621635437 116 195 133 212
class 0.22719678282737732 129 194 147 212
class 0.134290874004364 142 192 159 210
class 0.3318062424659729 155 194 173 213
class 0.196940079331398 181 199 199 215
class 0.1693347841501236 194 196 212 213
class 0.37319812178611755 208 197 225 213
class 0.1268763691186905 220 197 235 212
class 0.2747918367385864 233 195 246 213
class 0.48385608196258545 2 209 16 225
class 0.12862011790275574 25 209 40 225
class 0.2912634611129761 37 208 54 225
class 0.3136695623397827 49 208 67 226
class 0.21074679493904114 63 210 80 226
class 0.25386589765548706 76 209 94 226
class 0.40271979570388794 90 209 107 226
class 0.5152807235717773 103 210 120 227
class 0.20179669559001923 117 210 134 226
class 0.9950471520423889 140 208 159 230
class 0.2857102155685425 181 207 198 224
class 0.21035204827785492 194 209 211 225
class 0.11182139813899994 207 209 224 225
class 0.17825865745544434 220 210 235 225
class 0.30796486139297485 232 208 246 226
class 0.750697135925293 1 223 16 239
class 0.11375647783279419 25 224 40 238
class 0.14201827347278595 37 222 54 238
class 0.15027731657028198 50 222 67 238
class 0.2111918330192566 64 222 81 238
class 0.2243887186050415 77 222 94 238
class 0.2546141743659973 90 222 106 238
class 0.29103758931159973 103 221 120 238
class 0.12212727963924408 116 221 133 238
class 0.11936686933040619 182 223 198 239
class 0.135530486702919 207 223 223 238
class 0.11753009259700775 220 223 234 238
class 0.31660598516464233 232 223 246 240
class 0.8383422493934631 0 232 17 249
class 0.1336994469165802 10 232 27 248
class 0.6205598711967468 24 231 41 248
class 0.4517577588558197 37 231 55 248
class 0.47975921630859375 49 231 68 248
class 0.6262433528900146 63 231 81 248
class 0.49865803122520447 76 231 94 248
class 0.3921208381652832 89 231 108 248
class 0.3895152807235718 102 231 121 248
class 0.22730766236782074 114 231 133 249
class 0.24580170214176178 128 232 147 249
class 0.23742979764938354 140 233 160 249
class 0.2571692168712616 154 231 173 248
class 0.3007865846157074 168 231 186 249
class 0.4435729384422302 181 231 200 248
class 0.38928329944610596 194 231 212 248
class 0.4994193911552429 206 231 224 249
class 0.2789433002471924 221 232 239 249
class 0.9066796898841858 232 231 248 249
