class 0.8382251858711243 1 3 16 18
class 0.3570527136325836 9 4 26 17
class 0.5864551663398743 22 4 40 18
class 0.47541651129722595 35 3 54 18
class 0.4611997604370117 48 3 67 17
class 0.5548112392425537 61 3 80 17
class 0.6132165789604187 75 4 94 18
class 0.4742019474506378 89 4 108 18
class 0.5533287525177002 101 4 120 18
class 0.564703643321991 114 3 133 18
class 0.5688586235046387 128 4 147 18
class 0.5990585088729858 139 3 159 18
class 0.5798914432525635 155 3 174 17
class 0.384111613035202 167 3 187 17
class 0.48528000712394714 179 4 199 17
class 0.5161342024803162 194 4 213 18
class 0.3889942765235901 207 4 226 18
class 0.42066702246665955 220 3 237 17
class 0.8205092549324036 232 2 249 18
class 0.6957931518554688 1 9 15 26
class 0.1725754588842392 10 10 25 24
class 0.21663543581962585 22 9 38 25
class 0.3023982644081116 36 10 53 26
class 0.46155473589897156 49 10 66 26
class 0.5359300374984741 62 10 79 26
class 0.5452520847320557 75 9 92 25
class 0.5361111164093018 90 10 107 25
class 0.5818729400634766 101 10 119 26
class 0.4814334213733673 115 10 132 25
class 0.5085542798042297 128 9 145 26
class 0.5227051377296448 140 9 158 26
class 0.5237448215484619 154 10 172 25
class 0.5108320116996765 168 11 186 27
class 0.6917328834533691 180 10 198 26
class 0.6885958313941956 194 10 212 26
class 0.35612305998802185 207 9 223 25
class 0.18962189555168152 234 7 247 26
class 0.19616658985614777 1 26 15 41
class 0.10568448156118393 23 27 39 41
class 0.18940798938274384 36 26 54 41
class 0.300920307636261 49 25 67 41
class 0.27149128913879395 62 25 79 41
class 0.23751187324523926 75 26 92 41
class 0.18900585174560547 89 26 106 41
class 0.3407736122608185 102 25 119 41
class 0.4671306014060974 114 26 131 42
class 0.1649390012025833 128 26 145 41
class 0.23683111369609833 140 26 158 42
class 0.31429171562194824 154 26 172 42
class 0.2809874713420868 167 25 185 41
class 0.17294175922870636 180 25 198 41
class 0.18286047875881195 194 24 212 40
class 0.1382465958595276 207 25 225 40
class 0.343260794878006 233 24 247 43
class 0.3802782893180847 1 38 15 54
class 0.2555639445781708 23 39 40 54
class 0.36340633034706116 36 38 54 55
class 0.3474893271923065 49 37 67 54
class 0.39387550950050354 62 37 80 55
class 0.3562481701374054 76 37 93 54
class 0.3733437657356262 89 37 106 54
class 0.3626495897769928 102 37 119 54
class 0.301715612411499 115 35 131 53
class 0.2613579332828522 129 37 146 54
class 0.5158921480178833 141 37 158 55
class 0.3683401644229889 154 37 172 54
class 0.33257386088371277 168 37 186 54
class 0.3418530225753784 181 39 199 55
class 0.379219651222229 194 39 212 55
class 0.37133917212486267 206 39 224 54
class 0.27347585558891296 233 35 247 54
class 0.39018872380256653 2 52 15 67
class 0.21432393789291382 24 50 40 66
class 0.4610139727592468 37 50 54 68
class 0.6739725470542908 49 51 66 69
class 0.3825470507144928 62 50 79 68
class 0.29945141077041626 76 51 93 68
class 0.31094661355018616 89 51 105 68
class 0.2708524465560913 102 50 119 68
class 0.21803313493728638 116 51 133 68
class 0.12249855697154999 128 52 145 69
class 0.3673210144042969 142 50 159 68
class 0.3783232867717743 155 51 172 68
class 0.2919580638408661 168 51 185 68
class 0.39765873551368713 182 51 199 68
class 0.2830684185028076 195 50 212 67
class 0.2842024266719818 206 51 224 66
class 0.1455976963043213 233 49 246 67
class 0.49057671427726746 1 65 16 81
class 0.19736576080322266 24 64 41 80
class 0.520892322063446 63 64 79 82
class 0.3635081350803375 76 64 93 81
class 0.383572518825531 89 64 106 82
class 0.26887115836143494 103 64 120 82
class 0.31819647550582886 115 65 132 83
class 0.46222245693206787 129 64 146 82
class 0.4461100399494171 142 64 159 81
class 0.45004600286483765 155 63 173 81
class 0.31262102723121643 168 63 186 81
class 0.27539822459220886 181 63 198 81
class 0.2181350439786911 195 65 213 82
class 0.2392078936100006 207 65 225 81
class 0.26130610704421997 233 64 247 82
class 0.6316249966621399 2 78 16 94
class 0.2047346979379654 24 77 41 93
class 0.13768509030342102 39 77 56 94
class 0.3744277358055115 49 77 66 94
class 0.7414019107818604 64 77 80 94
class 0.3742311894893646 76 77 93 94
class 0.4146966338157654 89 77 106 94
class 0.37125229835510254 103 77 120 94
class 0.38518473505973816 115 76 133 94
class 0.33207404613494873 128 77 146 94
class 0.37432295083999634 141 77 159 95
class 0.226099893450737 154 76 173 94
class 0.1738167703151703 168 76 187 94
class 0.236443892121315 181 77 199 94
class 0.3039973974227905 194 77 213 94
class 0.29745054244995117 207 78 226 94
class 0.1219610720872879 220 79 236 95
class 0.20595644414424896 233 76 247 94
class 0.45377373695373535 2 91 16 107
class 0.13448742032051086 10 92 26 106
class 0.19346961379051208 51 92 68 109
class 0.3183101415634155 62 89 79 107
class 0.2898308336734772 76 91 94 108
class 0.28992101550102234 89 90 106 108
class 0.30320191383361816 103 90 120 108
class 0.23367151618003845 115 91 133 108
class 0.2561201751232147 128 91 146 108
class 0.3313755393028259 142 90 160 108
class 0.41240814328193665 154 91 173 108
class 0.22011883556842804 168 91 186 109
class 0.1956605464220047 181 91 200 108
class 0.3050564229488373 194 91 212 108
class 0.22148248553276062 208 91 226 107
class 0.18571004271507263 220 91 236 107
class 0.2024778574705124 233 90 247 108
class 0.3705351948738098 1 104 15 119
class 0.12893807888031006 24 105 40 120
class 0.3708716928958893 36 104 54 121
class 0.4553607404232025 49 104 67 120
class 0.2720975875854492 63 105 80 121
class 0.2943355441093445 76 104 93 121
class 0.39841750264167786 90 103 107 121
class 0.2580365836620331 102 103 121 120
class 0.46288353204727173 116 103 134 121
class 0.45173728466033936 128 103 146 121
class 0.3014371693134308 141 103 160 121
class 0.29170122742652893 155 102 173 120
class 0.32291993498802185 168 102 187 121
class 0.25364604592323303 182 103 199 120
class 0.45157769322395325 194 104 212 121
class 0.24903178215026855 207 104 225 120
class 0.13500775396823883 220 104 237 120
class 0.23583373427391052 233 102 247 120
class 0.32822394371032715 1 119 15 134
class 0.11313170939683914 24 118 39 133
class 0.19558444619178772 50 116 68 133
class 0.334268718957901 63 117 80 133
class 0.40905827283859253 76 116 94 134
class 0.40630289912223816 89 116 107 134
class 0.30157941579818726 102 116 121 134
class 0.3202345669269562 115 115 133 133
class 0.3225308358669281 129 116 148 133
class 0.2723427712917328 142 115 160 134
class 0.2063995748758316 155 116 173 134
class 0.22191980481147766 168 116 187 135
class 0.14484715461730957 181 117 199 134
class 0.30411598086357117 195 117 213 134
class 0.11341249197721481 207 117 225 133
class 0.19928652048110962 234 115 247 134
class 0.41315266489982605 1 131 15 146
class 0.15784305334091187 23 131 39 146
class 0.2482936978340149 37 131 54 147
class 0.2615857720375061 50 130 66 147
class 0.35809457302093506 64 130 81 147
class 0.35871025919914246 76 129 94 147
class 0.3304310739040375 89 129 107 147
class 0.28060081601142883 102 129 121 147
class 0.29266276955604553 115 130 134 148
class 0.31803035736083984 129 129 147 148
class 0.2891836166381836 142 129 161 148
class 0.2964276373386383 155 129 173 148
class 0.4088408946990967 168 129 186 147
class 0.2110096961259842 181 130 199 147
class 0.3348742723464966 195 129 213 147
class 0.20374779403209686 207 131 225 147
class 0.266167551279068 233 129 247 147
class 0.3521704375743866 1 144 16 159
class 0.21878938376903534 36 143 54 160
class 0.35005927085876465 49 143 67 160
class 0.33138391375541687 64 143 81 159
class 0.40102875232696533 77 143 94 160
class 0.3347105085849762 89 143 107 160
class 0.4452497065067291 102 143 121 161
class 0.472641259431839 116 142 135 160
class 0.5325814485549927 128 142 147 161
class 0.40342679619789124 141 142 160 161
class 0.2835688292980194 155 141 173 161
class 0.2462942749261856 168 141 186 161
class 0.1730954647064209 181 142 199 161
class 0.24971744418144226 195 143 213 161
class 0.12311488389968872 207 143 225 159
class 0.34947869181632996 233 142 247 160
class 0.2584487795829773 1 157 15 172
class 0.11045239120721817 23 157 40 172
class 0.17655353248119354 36 155 54 173
class 0.3228206932544708 50 155 68 172
class 0.31880488991737366 63 156 81 173
class 0.37416189908981323 77 155 94 173
class 0.3860761821269989 91 155 107 172
class 0.5724883675575256 103 155 120 173
class 0.31214413046836853 116 155 134 174
class 0.36149677634239197 129 155 147 173
class 0.41671353578567505 142 155 161 174
class 0.19976530969142914 155 154 173 174
class 0.2646918296813965 169 154 187 174
class 0.2736569941043854 182 154 200 174
class 0.31434178352355957 195 155 213 174
class 0.14217817783355713 206 157 225 173
class 0.329259991645813 233 154 247 172
class 0.2840980887413025 2 172 16 186
class 0.14201518893241882 24 171 40 185
class 0.15382036566734314 37 170 54 186
class 0.18977129459381104 50 169 67 186
class 0.2047846019268036 63 169 80 186
class 0.23535026609897614 77 169 94 186
class 0.32910627126693726 90 169 107 186
class 0.7417972087860107 103 169 120 187
class 0.3507837653160095 116 169 134 186
class 0.5626317262649536 129 169 147 187
class 0.8183969855308533 144 169 163 188
class 0.2733449637889862 182 167 200 187
class 0.21015594899654388 196 168 214 187
class 0.19564658403396606 207 170 225 186
class 0.17515018582344055 233 169 247 187
class 0.6302284002304077 1 183 16 199
class 0.3376099467277527 24 183 41 198
class 0.32287994027137756 37 182 54 199
class 0.3497332036495209 50 182 67 199
class 0.37871453166007996 64 183 80 199
class 0.46693354845046997 77 183 94 200
class 0.6140448451042175 120 182 137 199
class 0.9506701827049255 164 175 183 197
class 0.25052398443222046 182 182 201 200
class 0.3464130461215973 196 183 213 201
class 0.3357951045036316 207 184 225 200
class 0.1535436362028122 220 184 236 199
class 0.25308921933174133 233 182 247 200
class 0.289287805557251 1 196 15 212
class 0.20393212139606476 24 197 40 212
class 0.3060294985771179 37 196 54 213
class 0.43341630697250366 50 196 67 213
class 0.5485671758651733 63 196 80 214
class 0.43355482816696167 78 195 94 212
class 0.2200479358434677 87 197 104 215
class 0.1883702129125595 119 195 134 211
class 0.9955558180809021 138 192 156 212
class 0.42650672793388367 156 196 176 213
class 0.3774604797363281 168 197 186 214
class 0.22344467043876648 180 195 199 213
class 0.4419950842857361 195 196 213 213
class 0.5228326916694641 207 197 225 213
class 0.14163482189178467 219 196 235 212
class 0.19296477735042572 233 195 247 213
class 0.4172265827655792 1 210 16 226
class 0.3332787752151489 24 210 40 226
class 0.3182251453399658 37 209 54 226
class 0.30649611353874207 50 209 67 226
class 0.36352699995040894 64 208 80 225
class 0.22803924977779388 76 209 93 226
class 0.4599701762199402 89 207 106 225
class 0.15445031225681305 102 210 118 226
class 0.16058820486068726 116 208 132 224
class 0.13899961113929749 128 209 144 225
class 0.23783089220523834 168 208 185 225
class 0.29025202989578247 181 210 198 226
class 0.2730942368507385 194 210 212 226
class 0.2725507616996765 208 209 225 225
class 0.2215528041124344 232 210 246 227
class 0.7661259770393372 1 222 17 239
class 0.19865739345550537 24 222 40 237
class 0.10954806208610535 38 221 54 238
class 0.19160209596157074 51 223 67 239
class 0.28824058175086975 63 222 79 239
class 0.19003956019878387 77 222 93 238
class 0.22899456322193146 195 223 211 238
class 0.1952403038740158 208 223 225 238
class 0.3495364487171173 232 222 246 240
class 0.770778238773346 0 232 17 249
class 0.18970920145511627 10 232 27 248
class 0.5386093258857727 24 231 41 248
class 0.3274136781692505 37 232 55 248
class 0.4773435890674591 49 231 68 248
class 0.41344109177589417 62 230 81 248
class 0.5170049667358398 76 231 94 249
class 0.4338153302669525 89 231 107 249
class 0.4645484387874603 102 232 121 249
class 0.22187472879886627 115 232 133 248
class 0.45313721895217896 128 231 146 248
class 0.2920342981815338 141 232 159 248
class 0.43236902356147766 155 231 174 248
class 0.38192692399024963 167 232 186 248
class 0.5258135795593262 181 232 199 248
class 0.5522858500480652 194 231 213 248
class 0.6114276647567749 207 231 225 248
class 0.1875564455986023 220 232 238 248
class 0.9013941287994385 232 232 249 249
