class 0.844089686870575 0 3 16 18
class 0.29830166697502136 9 4 26 18
class 0.5343935489654541 22 4 40 18
class 0.5641124248504639 35 4 54 18
class 0.7264182567596436 49 3 69 18
class 0.14899447560310364 58 1 80 16
class 0.39416268467903137 88 2 109 18
class 0.342220664024353 101 3 121 17
class 0.5439975261688232 114 3 134 18
class 0.6282729506492615 127 3 146 18
class 0.5504359602928162 140 4 160 18
class 0.6152695417404175 154 3 173 17
class 0.3598513901233673 167 4 186 17
class 0.4486767649650574 180 4 199 17
class 0.468748539686203 194 4 213 17
class 0.8336586356163025 208 4 226 19
class 0.1819290667772293 233 1 248 18
class 0.6871696710586548 1 10 16 26
class 0.1013784110546112 9 10 24 25
class 0.2205207496881485 23 9 39 24
class 0.9967212080955505 72 8 91 27
class 0.3758462965488434 90 9 109 26
class 0.26710158586502075 101 9 119 26
class 0.5579544305801392 115 9 132 25
class 0.469753623008728 127 9 145 25
class 0.46219873428344727 141 10 158 26
class 0.4892107844352722 154 10 172 26
class 0.6014612913131714 167 10 185 26
class 0.532878041267395 180 10 198 27
class 0.589497983455658 194 10 212 27
class 0.20586039125919342 1 25 15 40
class 0.11007753759622574 22 27 39 41
class 0.20961527526378632 35 26 53 41
class 0.10387572646141052 49 25 67 40
class 0.22927309572696686 101 25 119 41
class 0.36432626843452454 114 26 132 41
class 0.37406861782073975 127 25 145 41
class 0.2318943440914154 141 26 158 41
class 0.20091216266155243 154 26 171 41
class 0.2308073788881302 168 25 186 41
class 0.19531022012233734 181 25 199 40
class 0.3327869772911072 193 26 212 41
class 0.18906833231449127 207 26 225 40
class 0.2199319303035736 221 25 237 41
class 0.672092616558075 232 24 247 42
class 0.34052252769470215 1 39 15 54
class 0.21232978999614716 23 39 39 53
class 0.20686748623847961 35 38 53 54
class 0.16960811614990234 49 37 67 54
class 0.26236408948898315 63 36 81 54
class 0.5108198523521423 75 36 94 53
class 0.4423850178718567 88 37 106 54
class 0.3368469476699829 103 38 120 55
class 0.2934126853942871 114 38 132 55
class 0.28531715273857117 128 38 145 55
class 0.3210757374763489 141 38 159 55
class 0.3822711408138275 154 39 172 55
class 0.3395536243915558 167 38 185 55
class 0.2337999790906906 181 38 199 55
class 0.3757084608078003 194 37 212 54
class 0.2050439566373825 207 38 225 54
class 0.2637261152267456 233 36 247 54
class 0.47942301630973816 1 51 16 66
class 0.16127321124076843 23 52 39 67
class 0.17641721665859222 35 51 53 68
class 0.2030470222234726 50 50 67 68
class 0.28139275312423706 63 50 81 68
class 0.32533273100852966 76 50 93 68
class 0.2501908242702484 88 50 105 68
class 0.18182457983493805 103 50 120 68
class 0.298015832901001 116 50 133 68
class 0.28450676798820496 128 51 145 69
class 0.30086976289749146 142 50 159 68
class 0.4159529209136963 155 50 172 68
class 0.3689820170402527 168 50 185 68
class 0.20018893480300903 181 50 198 68
class 0.1723979264497757 194 50 212 67
class 0.18060699105262756 207 51 225 67
class 0.2653304934501648 233 50 247 68
class 0.23927339911460876 1 66 15 81
class 0.12241311371326447 23 65 40 80
class 0.29993510246276855 37 64 54 81
class 0.41191715002059937 49 65 67 82
class 0.33045560121536255 63 64 80 82
class 0.2999741733074188 76 64 94 81
class 0.23279060423374176 89 63 107 81
class 0.151972696185112 103 63 120 81
class 0.3562771677970886 116 63 133 82
class 0.33960020542144775 128 63 146 82
class 0.2799631655216217 141 63 159 82
class 0.35295945405960083 155 63 173 81
class 0.29444801807403564 168 63 186 81
class 0.21091866493225098 181 63 200 81
class 0.2867925465106964 194 64 212 82
class 0.25575077533721924 207 64 225 80
class 0.1211111769080162 220 65 236 80
class 0.23312510550022125 233 63 247 81
class 0.6017433404922485 1 78 15 94
class 0.14660592377185822 23 79 40 94
class 0.18407724797725677 37 77 55 94
class 0.44617724418640137 50 77 67 94
class 0.46610963344573975 63 78 80 95
class 0.2471194714307785 76 77 94 94
class 0.10509421676397324 88 76 107 95
class 0.9178017377853394 106 80 122 98
class 0.41217219829559326 128 74 146 95
class 0.22296877205371857 141 76 159 95
class 0.42272135615348816 156 78 174 95
class 0.34418150782585144 167 77 186 95
class 0.20712065696716309 181 77 200 95
class 0.21240338683128357 193 77 212 95
class 0.22033974528312683 233 76 247 94
class 0.3461768329143524 1 91 15 106
class 0.12068233639001846 24 90 41 106
class 0.11145959794521332 36 90 54 107
class 0.29804906249046326 51 90 68 107
class 0.5426385402679443 63 90 80 107
class 0.21320752799510956 76 90 94 106
class 0.1926373541355133 128 89 146 108
class 0.18891315162181854 142 90 160 108
class 0.31770968437194824 156 90 173 107
class 0.37422120571136475 168 90 186 107
class 0.32212087512016296 182 90 200 107
class 0.33024096488952637 194 91 213 108
class 0.225081205368042 207 91 225 107
class 0.2079782336950302 233 90 247 108
class 0.21970608830451965 1 105 15 120
class 0.13265925645828247 24 106 40 121
class 0.19180674850940704 37 104 54 121
class 0.26030972599983215 50 103 67 121
class 0.334963858127594 64 102 80 120
class 0.16874893009662628 76 103 93 120
class 0.15176448225975037 90 103 108 120
class 0.6537234783172607 101 104 118 121
class 0.41044560074806213 114 104 132 121
class 0.2684464454650879 129 104 146 121
class 0.2840687930583954 142 104 160 121
class 0.3792440891265869 155 104 172 121
class 0.3340066969394684 168 104 186 121
class 0.2872513234615326 182 103 199 121
class 0.4731849133968353 195 104 213 121
class 0.24088239669799805 207 104 225 121
class 0.2823140323162079 233 102 247 120
class 0.3635416626930237 2 117 16 133
class 0.176071897149086 23 116 40 133
class 0.14017648994922638 50 116 67 135
class 0.24703139066696167 63 116 80 135
class 0.25744596123695374 76 117 93 134
class 0.11842675507068634 89 117 106 134
class 0.26945799589157104 102 116 119 134
class 0.2895832359790802 116 117 133 134
class 0.3127569258213043 129 117 146 134
class 0.35801488161087036 142 117 159 134
class 0.39324232935905457 155 117 172 134
class 0.36333027482032776 168 116 186 134
class 0.2750754952430725 181 116 199 134
class 0.3064892590045929 195 116 213 134
class 0.22820697724819183 207 117 226 133
class 0.22201405465602875 233 115 247 133
class 0.2722386121749878 2 130 16 146
class 0.2954418659210205 50 128 67 148
class 0.3664431869983673 63 128 80 147
class 0.40059393644332886 76 129 93 147
class 0.38479870557785034 89 130 106 147
class 0.3233252465724945 102 130 119 147
class 0.2761080861091614 116 131 133 147
class 0.30735883116722107 129 131 145 147
class 0.3209424614906311 142 129 159 146
class 0.2365800440311432 155 129 173 146
class 0.20200297236442566 168 129 186 147
class 0.1846049427986145 182 130 200 147
class 0.4236936867237091 195 130 213 148
class 0.3033497929573059 208 131 226 147
class 0.11283079534769058 220 130 236 146
class 0.3534327745437622 232 130 247 148
class 0.2441520392894745 1 143 16 159
class 0.9539386630058289 39 145 56 163
class 0.3500748574733734 63 142 81 161
class 0.36070799827575684 76 142 93 161
class 0.2520485818386078 89 143 106 161
class 0.2444496750831604 103 143 120 160
class 0.41193705797195435 115 143 132 160
class 0.31635817885398865 129 144 146 160
class 0.18216736614704132 141 143 159 160
class 0.18275168538093567 155 143 173 161
class 0.2331278771162033 168 143 186 161
class 0.23676533997058868 181 143 199 161
class 0.28342297673225403 195 142 213 160
class 0.2115900069475174 207 143 225 159
class 0.19477345049381256 233 141 247 159
class 0.20315153896808624 1 158 15 173
class 0.25342944264411926 63 156 81 174
class 0.25098714232444763 76 157 93 174
class 0.43388333916664124 90 157 107 174
class 0.23337437212467194 102 157 120 174
class 0.32165291905403137 116 157 134 174
class 0.3276750147342682 129 155 146 173
class 0.35792845487594604 142 155 159 173
class 0.3656250834465027 155 156 173 173
class 0.16182561218738556 168 155 186 173
class 0.12343577295541763 182 155 200 173
class 0.18168452382087708 195 156 213 174
class 0.1786271631717682 207 157 225 173
class 0.1820089966058731 234 156 247 173
class 0.32288846373558044 1 170 16 185
class 0.10026991367340088 23 170 40 186
class 0.5292181968688965 35 170 52 188
class 0.46160420775413513 51 171 69 187
class 0.4674675464630127 63 169 80 186
class 0.42783433198928833 76 170 94 187
class 0.4375922977924347 89 169 106 186
class 0.2566251754760742 103 170 120 186
class 0.31568408012390137 117 169 134 186
class 0.3459555506706238 128 169 146 186
class 0.2416999787092209 142 169 160 186
class 0.22961536049842834 155 168 173 186
class 0.16281770169734955 168 169 187 187
class 0.29580458998680115 182 170 200 187
class 0.3501769006252289 194 169 213 187
class 0.23951074481010437 207 169 226 185
class 0.12414268404245377 220 170 237 185
class 0.29196038842201233 232 169 247 187
class 0.46228501200675964 1 184 16 199
class 0.18295812606811523 37 182 54 199
class 0.2227655053138733 50 182 67 199
class 0.2756054103374481 64 183 81 199
class 0.3813897669315338 76 182 93 199
class 0.6523407697677612 90 182 106 199
class 0.6075144410133362 103 183 120 199
class 0.46056127548217773 116 183 132 200
class 0.40421926975250244 129 183 146 199
class 0.4533238410949707 142 183 159 200
class 0.35016965866088867 155 183 172 200
class 0.31277790665626526 169 182 186 199
class 0.3766250014305115 183 181 200 199
class 0.32795649766921997 194 182 212 199
class 0.208197221159935 208 183 225 199
class 0.2527667284011841 233 182 247 199
class 0.36211323738098145 1 197 16 212
class 0.13983218371868134 24 197 40 213
class 0.18012778460979462 37 196 54 213
class 0.4578187167644501 50 196 67 213
class 0.4074060320854187 63 197 80 214
class 0.2925378978252411 77 196 93 213
class 0.4825999438762665 90 196 107 213
class 0.4575935900211334 103 196 120 213
class 0.37409043312072754 116 195 133 212
class 0.4365125298500061 129 195 146 213
class 0.36822545528411865 143 195 160 213
class 0.44917818903923035 155 195 172 213
class 0.3745388686656952 168 196 185 213
class 0.3557059168815613 182 195 199 213
class 0.46037429571151733 196 196 213 213
class 0.2995733916759491 207 197 225 213
class 0.17230255901813507 220 197 236 212
class 0.35356083512306213 233 195 247 213
class 0.5519661903381348 1 209 16 225
class 0.23498983681201935 24 209 40 225
class 0.19616137444972992 37 209 53 226
class 0.28211072087287903 51 209 67 225
class 0.44705167412757874 63 208 79 225
class 0.40299949049949646 77 209 94 226
class 0.404854416847229 90 208 107 226
class 0.41538047790527344 103 208 120 226
class 0.29775238037109375 116 209 133 226
class 0.30004018545150757 129 209 146 226
class 0.36420631408691406 143 209 160 227
class 0.42733633518218994 155 209 173 227
class 0.33105385303497314 168 209 185 226
class 0.4022948145866394 182 209 199 227
class 0.46172359585762024 195 209 212 227
class 0.29569971561431885 207 209 225 226
class 0.11250172555446625 220 210 235 225
class 0.1900288611650467 232 209 246 226
class 0.6677781343460083 2 223 16 238
class 0.11069086939096451 25 223 39 237
class 0.17084971070289612 38 222 53 238
class 0.19800367951393127 50 222 66 238
class 0.1732427328824997 64 222 80 238
class 0.23235173523426056 77 222 93 239
class 0.1606079339981079 89 223 106 239
class 0.1461804360151291 104 222 120 238
class 0.16158947348594666 116 222 132 239
class 0.11278283596038818 130 222 146 238
class 0.12172609567642212 142 222 159 238
class 0.15792374312877655 156 222 173 238
class 0.12312809377908707 169 223 186 239
class 0.2513963580131531 182 223 198 239
class 0.2990742027759552 195 223 211 239
class 0.2581135332584381 208 223 224 238
class 0.5750277638435364 232 223 247 240
class 0.8291683793067932 0 233 17 249
class 0.29507866501808167 10 232 27 248
class 0.5303770303726196 24 232 41 249
class 0.4737672805786133 36 231 54 249
class 0.5619665384292603 50 231 68 248
class 0.44976308941841125 63 231 81 248
class 0.5802044868469238 77 231 95 248
class 0.5870471596717834 89 231 107 248
class 0.42014479637145996 102 231 121 248
class 0.5639805197715759 116 230 134 248
class 0.5829135775566101 129 231 147 249
class 0.4191538691520691 142 231 160 248
class 0.7312998175621033 156 231 174 248
class 0.4350901246070862 168 230 186 248
class 0.5816062688827515 182 231 200 248
class 0.5125523805618286 194 230 212 248
class 0.5190386772155762 207 231 225 249
class 0.21517591178417206 220 232 238 248
class 0.8722517490386963 232 232 249 249
