class 0.9223958849906921 1 2 17 18
class 0.3609392046928406 8 4 26 18
class 0.46514227986335754 22 4 40 18
class 0.533950924873352 35 4 54 18
class 0.5387629866600037 49 4 68 18
class 0.5714664459228516 61 4 80 18
class 0.726209282875061 75 3 94 18
class 0.5620914101600647 88 4 107 18
class 0.501264750957489 101 3 119 18
class 0.714664876461029 114 3 133 18
class 0.3851502537727356 128 4 147 18
class 0.5660128593444824 140 3 159 18
class 0.7075960040092468 154 3 174 19
class 0.6674994230270386 166 3 186 18
class 0.5939972400665283 179 3 199 18
class 0.5682763457298279 193 3 213 18
class 0.3876660466194153 221 4 237 18
class 0.7688466310501099 232 2 249 18
class 0.37158307433128357 1 9 15 25
class 0.30133724212646484 22 10 39 25
class 0.410522997379303 36 9 53 25
class 0.44683369994163513 49 10 67 25
class 0.5277367830276489 62 10 79 26
class 0.5956786274909973 76 9 93 25
class 0.6026989221572876 89 9 106 25
class 0.6492559313774109 101 10 119 27
class 0.5904111862182617 115 9 132 26
class 0.48800578713417053 129 9 146 26
class 0.6672769784927368 179 8 198 27
class 0.5334733128547668 194 9 212 26
class 0.634002685546875 208 8 225 25
class 0.151679128408432 220 9 234 24
class 0.26311299204826355 233 8 247 26
class 0.43690794706344604 1 26 15 42
class 0.10635577887296677 22 26 39 40
class 0.18396811187267303 36 26 53 41
class 0.22878241539001465 48 26 67 42
class 0.22235968708992004 62 25 80 40
class 0.3330334424972534 75 25 92 41
class 0.19875214993953705 88 26 106 42
class 0.24195405840873718 102 25 119 41
class 0.33770376443862915 115 25 132 41
class 0.11528550833463669 127 25 145 40
class 0.9936350584030151 158 24 175 41
class 0.31101810932159424 180 25 199 42
class 0.2768371105194092 193 26 212 42
class 0.17331890761852264 207 26 225 41
class 0.2443140298128128 233 24 247 42
class 0.3321339190006256 1 38 15 53
class 0.11839644610881805 22 39 40 54
class 0.22799046337604523 36 37 54 54
class 0.4600628912448883 50 38 67 55
class 0.3498590290546417 62 38 79 56
class 0.4267173707485199 76 37 93 54
class 0.5757170915603638 89 37 106 54
class 0.5913026332855225 102 39 119 56
class 0.4845238924026489 115 38 132 55
class 0.17135721445083618 128 37 146 54
class 0.17117880284786224 154 39 171 55
class 0.3165367543697357 180 38 198 55
class 0.5564819574356079 195 38 212 55
class 0.3875035345554352 206 39 224 54
class 0.25070858001708984 233 36 247 55
class 0.2633676528930664 1 51 16 67
class 0.25023478269577026 36 51 53 68
class 0.40096741914749146 51 50 67 67
class 0.48591065406799316 63 50 80 68
class 0.45592013001441956 75 51 92 69
class 0.3574502468109131 90 51 106 68
class 0.5422157049179077 103 50 119 67
class 0.5559322237968445 115 51 132 68
class 0.2561875581741333 128 51 145 68
class 0.2752549350261688 142 51 160 68
class 0.471500962972641 154 51 172 68
class 0.48829731345176697 167 50 185 67
class 0.2770455479621887 181 51 198 68
class 0.46756356954574585 194 51 211 68
class 0.352546751499176 207 51 225 67
class 0.10767262428998947 220 51 236 66
class 0.28214287757873535 233 49 247 68
class 0.3286792039871216 1 66 16 81
class 0.1852598935365677 23 65 40 81
class 0.17102348804473877 36 64 54 81
class 0.22468706965446472 50 64 68 81
class 0.32122427225112915 64 63 81 80
class 0.3704115152359009 76 63 93 81
class 0.3501216769218445 89 64 107 81
class 0.4084542691707611 103 64 120 81
class 0.48598939180374146 116 65 133 82
class 0.3497830927371979 128 64 146 81
class 0.3930387496948242 142 65 159 82
class 0.27586400508880615 154 64 172 81
class 0.15909743309020996 167 64 185 81
class 0.11266458034515381 182 64 199 81
class 0.3027952015399933 194 64 212 81
class 0.3115636110305786 207 65 225 81
class 0.17081762850284576 233 62 247 80
class 0.38049477338790894 1 78 16 94
class 0.17121385037899017 23 78 39 93
class 0.24236521124839783 37 77 55 94
class 0.3004375398159027 50 77 68 94
class 0.36911603808403015 63 77 81 95
class 0.4045705795288086 76 77 94 95
class 0.4600914716720581 89 77 107 95
class 0.4733882546424866 103 77 121 94
class 0.549209713935852 115 77 133 94
class 0.43795838952064514 128 78 146 95
class 0.3301115036010742 142 77 160 94
class 0.3393290340900421 155 77 173 94
class 0.4122821092605591 169 78 186 94
class 0.32379570603370667 181 77 198 95
class 0.3796689212322235 195 78 212 95
class 0.2308419942855835 208 77 226 93
class 0.16134805977344513 234 77 247 95
class 0.3134251534938812 1 91 16 107
class 0.17023178935050964 23 91 39 107
class 0.12478816509246826 36 90 54 108
class 0.2140646129846573 51 90 68 107
class 0.4094920754432678 63 89 80 107
class 0.49427205324172974 76 90 94 108
class 0.4372048079967499 90 90 107 107
class 0.36543896794319153 103 90 121 107
class 0.49093323945999146 116 90 133 107
class 0.5009294152259827 129 89 147 107
class 0.3940756022930145 142 90 159 108
class 0.33798664808273315 155 90 173 108
class 0.2966912090778351 168 89 186 107
class 0.18376925587654114 182 90 199 108
class 0.3108338713645935 195 91 212 108
class 0.17118707299232483 208 91 226 107
class 0.1899302899837494 233 89 247 108
class 0.4150489568710327 1 104 16 120
class 0.14973638951778412 23 103 40 119
class 0.19852133095264435 36 103 54 121
class 0.3842755854129791 50 103 68 121
class 0.3465477228164673 63 103 81 121
class 0.4291953146457672 76 103 94 121
class 0.4934968054294586 89 103 107 121
class 0.39520013332366943 102 104 120 121
class 0.45013460516929626 115 103 133 121
class 0.22270065546035767 129 103 147 120
class 0.3052175045013428 142 102 160 120
class 0.42747780680656433 155 103 173 121
class 0.2807360887527466 168 103 186 121
class 0.24391411244869232 182 103 200 121
class 0.4344799816608429 195 103 213 121
class 0.24658705294132233 207 104 225 120
class 0.17160174250602722 220 104 237 120
class 0.20586921274662018 233 102 247 120
class 0.24292287230491638 1 118 15 133
class 0.18475341796875 37 117 54 135
class 0.4512580335140228 50 116 67 135
class 0.24153894186019897 63 116 81 134
class 0.26472175121307373 76 116 94 134
class 0.3440840244293213 89 116 107 134
class 0.36536845564842224 103 116 121 134
class 0.5781339406967163 116 116 134 134
class 0.40701600909233093 129 117 147 134
class 0.37640538811683655 142 116 160 134
class 0.3493383824825287 155 116 173 134
class 0.3129895329475403 169 116 186 133
class 0.37163975834846497 181 117 199 134
class 0.3694576323032379 194 117 212 134
class 0.1692015528678894 208 117 226 133
class 0.23313704133033752 233 116 247 134
class 0.5672640800476074 1 130 16 146
class 0.2374253123998642 25 131 41 146
class 0.14345631003379822 35 128 52 146
class 0.20767976343631744 50 129 67 146
class 0.37906578183174133 66 129 83 147
class 0.2703697383403778 76 130 93 148
class 0.31342920660972595 90 130 107 147
class 0.39547938108444214 102 130 120 147
class 0.3583199679851532 116 129 134 147
class 0.31267398595809937 128 129 147 147
class 0.24003152549266815 142 129 160 147
class 0.31582963466644287 156 129 173 147
class 0.3236744701862335 168 129 186 147
class 0.3277882933616638 181 129 199 147
class 0.42215496301651 194 130 212 147
class 0.31590381264686584 208 131 226 146
class 0.12005210667848587 221 131 237 146
class 0.3908144533634186 232 129 247 148
class 0.44446054100990295 1 144 15 160
class 0.16291673481464386 25 143 41 159
class 0.14299394190311432 35 144 52 161
class 0.48963677883148193 50 143 67 160
class 0.19771495461463928 65 142 82 159
class 0.43523672223091125 77 142 93 160
class 0.47405263781547546 89 143 106 160
class 0.3752691149711609 103 143 120 160
class 0.27713268995285034 116 142 133 160
class 0.2606196999549866 129 142 147 160
class 0.2185462862253189 142 142 160 160
class 0.2762078046798706 155 142 173 160
class 0.24419869482517242 169 142 187 160
class 0.34660622477531433 181 143 199 160
class 0.4679113030433655 195 143 213 160
class 0.2580389082431793 207 144 225 159
class 0.10133739560842514 220 144 237 159
class 0.3736005425453186 233 141 247 160
class 0.38463884592056274 1 157 15 173
class 0.10403984785079956 23 156 40 172
class 0.2024959772825241 37 155 54 173
class 0.36979779601097107 50 157 67 174
class 0.20194433629512787 62 157 80 174
class 0.17931699752807617 76 156 94 173
class 0.28670552372932434 89 156 108 173
class 0.3158055543899536 102 156 120 173
class 0.32607728242874146 115 156 133 174
class 0.33997634053230286 130 156 147 173
class 0.3521394729614258 142 156 160 173
class 0.3881993591785431 155 157 173 174
class 0.29528364539146423 168 156 186 174
class 0.3762058615684509 181 155 200 173
class 0.45785054564476013 195 156 213 173
class 0.23389357328414917 208 156 226 172
class 0.1328759491443634 220 157 236 172
class 0.2543517053127289 233 156 247 174
class 0.515140175819397 1 170 16 186
class 0.15062667429447174 36 170 54 187
class 0.18845568597316742 49 169 67 186
class 0.41958087682724 63 169 81 186
class 0.19903430342674255 76 170 94 187
class 0.2395382672548294 89 169 107 186
class 0.2449929267168045 103 168 121 186
class 0.3171808123588562 116 168 134 186
class 0.35914766788482666 129 168 147 186
class 0.31130361557006836 142 168 160 186
class 0.43122440576553345 156 169 173 186
class 0.4750768840312958 168 169 186 186
class 0.312766969203949 181 169 200 186
class 0.38691213726997375 195 169 213 186
class 0.18386927247047424 208 170 226 186
class 0.10205265134572983 220 171 236 185
class 0.3737430274486542 233 168 247 186
class 0.516292154788971 2 182 16 199
class 0.23391619324684143 23 183 40 199
class 0.22709499299526215 37 183 55 200
class 0.32823851704597473 50 183 68 200
class 0.388376384973526 62 183 80 200
class 0.3413030207157135 77 183 94 200
class 0.47397634387016296 90 183 107 200
class 0.42400923371315 103 183 120 200
class 0.35050469636917114 117 183 134 200
class 0.37820976972579956 129 182 147 200
class 0.3878955543041229 142 183 159 200
class 0.5120398998260498 156 183 173 200
class 0.4972379803657532 169 183 186 200
class 0.36527618765830994 181 183 199 200
class 0.3798273205757141 195 183 213 200
class 0.25467485189437866 208 183 226 199
class 0.14549121260643005 220 183 236 198
class 0.4457167983055115 232 182 247 201
class 0.34950539469718933 1 197 16 213
class 0.21164630353450775 24 196 40 212
class 0.3056001663208008 37 195 54 212
class 0.48215997219085693 51 195 68 213
class 0.5034355521202087 63 196 80 213
class 0.5543128848075867 77 196 94 213
class 0.6445488929748535 89 195 107 214
class 0.5582745671272278 103 196 121 214
class 0.346327006816864 115 193 132 213
class 0.24849429726600647 129 195 146 213
class 0.4500049650669098 144 195 160 213
class 0.4664166569709778 156 196 172 213
class 0.4926796555519104 169 196 186 213
class 0.4887129068374634 182 196 199 214
class 0.5603110194206238 195 196 212 214
class 0.33201295137405396 208 196 225 213
class 0.16909071803092957 219 197 236 213
class 0.4340091049671173 232 195 247 213
class 0.2494201958179474 2 210 15 225
class 0.1626768559217453 24 210 40 226
class 0.2320941537618637 38 210 54 226
class 0.3430092930793762 51 208 68 226
class 0.49976664781570435 63 208 81 226
class 0.44386836886405945 77 208 96 226
class 0.17839090526103973 115 208 132 226
class 0.4282779395580292 129 208 146 226
class 0.48370447754859924 144 209 160 227
class 0.43717992305755615 156 209 172 226
class 0.3347685933113098 169 209 186 227
class 0.31304800510406494 182 209 199 226
class 0.44345375895500183 195 209 212 226
class 0.2359960973262787 207 210 225 226
class 0.12402977049350739 220 209 235 225
class 0.250434935092926 233 208 247 226
class 0.7726380825042725 1 224 16 239
class 0.11435319483280182 25 222 40 237
class 0.17160184681415558 37 222 54 238
class 0.14733073115348816 50 223 67 239
class 0.20251557230949402 64 223 81 239
class 0.9892836809158325 99 219 116 238
class 0.21747387945652008 117 223 135 239
class 0.2434229999780655 129 225 144 240
class 0.19852106273174286 143 222 158 239
class 0.15994377434253693 157 222 172 238
class 0.2609054446220398 169 222 185 239
class 0.15352095663547516 182 223 198 238
class 0.3676050305366516 195 222 212 239
class 0.26473191380500793 208 223 224 238
class 0.38930702209472656 232 223 247 241
class 0.7737303376197815 0 232 17 249
class 0.17849667370319366 11 232 28 248
class 0.3502005338668823 25 232 42 248
class 0.4831671118736267 36 231 54 248
class 0.5907305479049683 50 231 69 248
class 0.4811728298664093 62 231 81 248
class 0.2725162208080292 75 232 94 248
class 0.13258233666419983 87 234 107 249
class 0.1086014062166214 114 231 133 248
class 0.2422463297843933 128 231 147 248
class 0.27785006165504456 141 232 160 248
class 0.35334303975105286 156 232 174 248
class 0.46140655875205994 167 231 186 249
class 0.5697970390319824 182 231 200 249
class 0.49395179748535156 194 231 212 249
class 0.4315175414085388 207 231 225 249
class 0.23748815059661865 220 232 238 249
class 0.8895264863967896 232 232 249 249
