class 0.7194475531578064 0 3 16 17
class 0.42839059233665466 9 4 26 17
class 0.3993271589279175 22 4 40 18
class 0.43618884682655334 35 4 54 18
class 0.45925459265708923 48 3 67 18
class 0.5820047855377197 62 3 81 18
class 0.5954849123954773 75 3 94 18
class 0.45324721932411194 87 3 107 17
class 0.5651435256004333 102 3 121 18
class 0.4729776382446289 114 3 134 18
class 0.40509986877441406 127 3 147 18
class 0.4222820997238159 141 3 161 18
class 0.5094224810600281 154 3 173 18
class 0.5527027249336243 167 3 186 17
class 0.5461326837539673 180 3 199 18
class 0.5753368735313416 193 3 212 18
class 0.39028558135032654 221 4 237 18
class 0.8380643129348755 232 2 249 18
class 0.5431200861930847 1 10 15 26
class 0.18171121180057526 9 9 25 25
class 0.2900252044200897 23 10 39 25
class 0.5746718049049377 36 9 53 26
class 0.5040323138237 49 9 66 25
class 0.5680824518203735 62 10 79 26
class 0.54087233543396 75 9 93 26
class 0.5965585112571716 88 10 106 26
class 0.668014645576477 102 9 119 26
class 0.6800084710121155 114 9 133 27
class 0.5483296513557434 128 10 147 26
class 0.6579098105430603 139 9 159 28
class 0.4332188367843628 154 10 173 27
class 0.517045259475708 167 9 185 27
class 0.6433332562446594 180 9 198 26
class 0.731507420539856 193 9 212 27
class 0.5994296669960022 207 9 225 26
class 0.11109609156847 220 9 235 25
class 0.22361646592617035 233 8 247 26
class 0.513370931148529 1 26 15 41
class 0.1779329627752304 36 26 54 41
class 0.2612433135509491 48 26 66 41
class 0.3706509470939636 62 25 79 41
class 0.20502008497714996 75 26 92 41
class 0.28471317887306213 88 25 106 41
class 0.3004365563392639 102 25 120 41
class 0.26861804723739624 143 23 161 41
class 0.4028189778327942 154 24 173 42
class 0.25648602843284607 166 24 185 41
class 0.4808957874774933 180 25 199 43
class 0.3090742230415344 193 24 212 42
class 0.21627934277057648 207 24 226 42
class 0.2176658809185028 233 23 248 41
class 0.2915251851081848 1 38 15 53
class 0.22728244960308075 23 39 39 54
class 0.28166016936302185 36 38 54 54
class 0.23398135602474213 48 37 66 54
class 0.30959442257881165 62 37 79 55
class 0.3739539682865143 77 38 93 54
class 0.48820915818214417 88 38 105 55
class 0.29058554768562317 103 37 120 54
class 0.9947686195373535 125 32 143 52
class 0.3310335576534271 143 37 162 55
class 0.4086456596851349 154 38 172 56
class 0.4494023025035858 169 38 188 55
class 0.3147946000099182 180 36 198 53
class 0.546486496925354 209 36 227 54
class 0.48708420991897583 232 38 248 56
class 0.1641675978899002 1 52 16 67
class 0.12003243714570999 22 51 39 67
class 0.14563727378845215 36 51 54 67
class 0.24040529131889343 49 51 67 68
class 0.17797115445137024 62 51 79 68
class 0.18032048642635345 76 51 93 68
class 0.34502077102661133 89 50 106 67
class 0.1425049602985382 101 50 119 67
class 0.10572056472301483 114 52 133 68
class 0.21540296077728271 128 52 146 69
class 0.10751684010028839 140 50 159 68
class 0.36510753631591797 155 51 172 68
class 0.14870129525661469 168 50 187 67
class 0.16320978105068207 182 50 199 67
class 0.9709926247596741 192 46 209 65
class 0.2143087536096573 208 51 227 68
class 0.3999541997909546 233 48 247 66
class 0.20583879947662354 1 64 16 80
class 0.15896302461624146 36 64 54 81
class 0.3836924731731415 50 64 68 81
class 0.49463972449302673 63 64 81 81
class 0.43698376417160034 75 64 92 81
class 0.2859700620174408 88 63 106 81
class 0.14025095105171204 103 64 120 81
class 0.15354479849338531 115 64 134 82
class 0.1586165428161621 127 63 146 81
class 0.15010879933834076 141 64 159 82
class 0.22273395955562592 156 64 173 81
class 0.20975437760353088 168 64 187 81
class 0.23938962817192078 180 64 199 81
class 0.5634328722953796 194 65 213 82
class 0.16156119108200073 206 64 225 80
class 0.2683452367782593 233 64 247 82
class 0.1565643548965454 1 78 16 93
class 0.10539378225803375 23 78 41 94
class 0.20556426048278809 35 78 54 95
class 0.2351943701505661 50 76 68 94
class 0.24037568271160126 63 76 81 94
class 0.20908223092556 76 76 94 94
class 0.18487463891506195 89 76 107 94
class 0.21354758739471436 102 77 120 94
class 0.3177953362464905 116 77 134 94
class 0.2849336862564087 128 77 146 94
class 0.4660561680793762 142 78 159 95
class 0.37576961517333984 155 78 173 95
class 0.23719429969787598 168 77 186 94
class 0.2716941237449646 182 77 200 95
class 0.42055749893188477 193 77 212 94
class 0.18359853327274323 207 78 226 93
class 0.2906016409397125 233 76 247 94
class 0.11316436529159546 1 92 16 106
class 0.17376185953617096 35 90 54 107
class 0.24317282438278198 49 90 68 108
class 0.2970753014087677 63 89 81 107
class 0.31264007091522217 76 90 94 107
class 0.24797175824642181 89 91 107 108
class 0.3601130247116089 102 91 120 109
class 0.40759286284446716 116 90 133 108
class 0.2801019251346588 129 91 146 108
class 0.3441013991832733 142 89 159 107
class 0.3294074535369873 155 89 173 107
class 0.19901034235954285 168 89 186 107
class 0.18172992765903473 181 89 199 107
class 0.25622183084487915 194 90 212 107
class 0.12115846574306488 207 91 225 107
class 0.2862717807292938 233 89 247 108
class 0.22159254550933838 2 105 16 120
class 0.11735915392637253 23 104 40 120
class 0.1447608917951584 36 103 54 121
class 0.2824482023715973 49 103 67 121
class 0.29037052392959595 64 103 81 121
class 0.3028033375740051 76 103 94 121
class 0.27316197752952576 89 103 107 121
class 0.36400845646858215 102 102 120 120
class 0.3519841730594635 116 102 134 120
class 0.24259059131145477 129 103 147 121
class 0.23339636623859406 141 103 160 121
class 0.20201212167739868 154 103 173 122
class 0.13271908462047577 168 103 186 122
class 0.14701314270496368 181 103 199 121
class 0.338855117559433 195 103 213 121
class 0.14116646349430084 207 104 224 120
class 0.22479666769504547 233 102 246 121
class 0.22209320962429047 1 118 16 133
class 0.19606222212314606 36 117 55 134
class 0.3945232331752777 49 117 67 134
class 0.4136089086532593 63 116 81 134
class 0.35729748010635376 76 115 94 134
class 0.24696345627307892 90 116 108 134
class 0.2177843302488327 102 116 120 134
class 0.2928553819656372 116 116 134 134
class 0.24832211434841156 128 116 147 135
class 0.18111246824264526 142 115 160 134
class 0.2124694585800171 155 115 173 134
class 0.3246367871761322 169 115 187 134
class 0.2036418318748474 180 116 199 136
class 0.10105632245540619 194 115 213 135
class 0.27084240317344666 233 115 247 134
class 0.2854647636413574 1 131 16 146
class 0.124886654317379 23 131 40 147
class 0.17020836472511292 36 130 54 147
class 0.26854270696640015 49 129 67 147
class 0.2112671583890915 62 129 81 146
class 0.2304157316684723 76 129 94 147
class 0.21589383482933044 90 129 108 147
class 0.20351679623126984 102 129 120 148
class 0.2711653709411621 115 129 133 148
class 0.19475579261779785 128 128 147 148
class 0.2602706849575043 142 128 160 149
class 0.11687254160642624 155 127 174 147
class 0.13910071551799774 234 128 247 146
class 0.3054520785808563 1 144 16 159
class 0.2082013487815857 23 143 40 159
class 0.23137754201889038 35 143 54 161
class 0.2661248445510864 50 142 68 160
class 0.2737116515636444 62 143 80 161
class 0.17091456055641174 76 142 94 160
class 0.1905062347650528 89 142 108 161
class 0.16434113681316376 103 141 122 160
class 0.2794405221939087 115 141 134 161
class 0.14097987115383148 128 141 147 161
class 0.13388743996620178 141 140 160 162
class 0.9939919114112854 180 138 198 160
class 0.6070080399513245 198 142 215 161
class 0.1009557843208313 205 143 224 160
class 0.14747677743434906 233 141 246 159
class 0.2258428931236267 1 157 15 172
class 0.3411605954170227 50 156 69 173
class 0.3988914489746094 62 156 80 174
class 0.24152816832065582 76 156 94 174
class 0.36252912878990173 89 155 108 174
class 0.14383603632450104 103 155 123 173
class 0.44045111536979675 143 152 162 173
class 0.13283221423625946 234 156 246 174
class 0.564987301826477 1 170 16 186
class 0.14060381054878235 23 171 40 187
class 0.17385032773017883 36 170 54 187
class 0.24059472978115082 50 169 68 186
class 0.2742983102798462 63 168 81 186
class 0.2904507517814636 76 169 94 186
class 0.4656883180141449 90 169 108 187
class 0.15479685366153717 103 168 122 185
class 0.8879305720329285 126 164 143 183
class 0.1622387021780014 143 168 162 187
class 0.14378947019577026 180 169 199 186
class 0.14578281342983246 193 170 212 187
class 0.3443252742290497 233 168 247 187
class 0.34336453676223755 1 183 15 199
class 0.19164122641086578 23 182 40 199
class 0.27200764417648315 36 182 55 200
class 0.443650484085083 50 183 68 200
class 0.38651734590530396 63 183 81 200
class 0.461850106716156 76 183 94 200
class 0.3944557309150696 89 182 107 199
class 0.15431243181228638 103 182 121 198
class 0.42239078879356384 116 182 134 199
class 0.7366971969604492 129 183 146 200
class 0.36919835209846497 140 181 159 199
class 0.16932296752929688 156 183 173 200
class 0.15729525685310364 168 183 186 200
class 0.23169972002506256 183 182 200 199
class 0.6128246784210205 194 183 212 200
class 0.1918189823627472 207 183 225 199
class 0.4061746299266815 233 182 246 200
class 0.3816084861755371 1 197 15 212
class 0.10303764790296555 24 197 40 213
class 0.30121931433677673 37 196 54 214
class 0.44008833169937134 51 195 68 213
class 0.373226523399353 64 195 81 213
class 0.4930940866470337 77 195 94 213
class 0.42636874318122864 89 195 107 213
class 0.27818188071250916 103 196 120 213
class 0.3621181845664978 116 194 133 212
class 0.5574498772621155 129 194 147 212
class 0.4477175772190094 142 195 160 212
class 0.44605734944343567 156 195 173 213
class 0.5277976989746094 169 195 186 213
class 0.3279328942298889 181 195 198 213
class 0.33160722255706787 195 196 212 213
class 0.18340164422988892 207 196 225 212
class 0.1455211043357849 220 196 236 212
class 0.42834755778312683 233 195 247 213
class 0.41486677527427673 2 210 15 225
class 0.11858677864074707 25 209 40 225
class 0.26535555720329285 37 208 54 225
class 0.3613489270210266 51 208 68 226
class 0.2644161581993103 64 208 81 226
class 0.37315845489501953 77 208 94 226
class 0.3777127265930176 90 209 107 227
class 0.308655709028244 102 209 120 226
class 0.28315356373786926 117 210 133 227
class 0.2524527311325073 128 209 145 226
class 0.19633986055850983 142 209 159 226
class 0.2293681800365448 156 209 173 226
class 0.3033917248249054 169 209 186 226
class 0.3629515767097473 182 209 199 226
class 0.5377992391586304 195 209 212 226
class 0.21901515126228333 207 210 224 226
class 0.2314356565475464 233 208 247 226
class 0.6880542635917664 1 223 17 239
class 0.11179468780755997 52 222 68 238
class 0.11828475445508957 64 222 80 238
class 0.15451818704605103 77 222 93 238
class 0.22303907573223114 91 221 107 237
class 0.3093531131744385 103 221 119 238
class 0.14483994245529175 117 222 133 238
class 0.26882877945899963 130 222 147 238
class 0.36392903327941895 142 222 159 239
class 0.3682234287261963 156 222 173 238
class 0.1750647872686386 169 222 185 238
class 0.17949579656124115 182 222 199 238
class 0.15662187337875366 195 222 212 238
class 0.17625869810581207 208 223 224 239
class 0.36995136737823486 232 223 247 241
class 0.798608124256134 0 233 17 249
class 0.11389601230621338 10 232 27 248
class 0.4125554859638214 24 232 42 248
class 0.5188372731208801 36 230 55 248
class 0.4038083851337433 50 231 68 248
class 0.46046745777130127 63 231 82 248
class 0.6226275563240051 77 231 95 248
class 0.29196253418922424 89 231 107 248
class 0.5355798006057739 102 232 120 249
class 0.6320328116416931 116 232 134 249
class 0.4741756021976471 128 231 147 248
class 0.5579594373703003 141 231 160 249
class 0.44693493843078613 155 231 174 248
class 0.4760199785232544 168 231 186 249
class 0.5778605937957764 181 231 200 249
class 0.5906016230583191 195 231 213 248
class 0.5184130072593689 206 230 224 248
class 0.23225855827331543 220 231 238 249
class 0.8504844307899475 232 231 249 249
