class 0.8572292327880859 1 2 17 18
class 0.4522029161453247 8 4 26 18
class 0.5278118848800659 21 4 40 18
class 0.45786526799201965 36 3 55 17
class 0.4948209524154663 48 3 67 17
class 0.5589231252670288 62 4 81 18
class 0.5525325536727905 75 4 93 17
class 0.5212403535842896 88 3 106 18
class 0.4730167090892792 101 4 120 18
class 0.31288662552833557 114 4 133 17
class 0.45231184363365173 128 4 146 18
class 0.5991683602333069 141 4 159 18
class 0.5496399998664856 154 4 173 18
class 0.526902973651886 166 3 185 17
class 0.512339174747467 181 4 199 18
class 0.5459005832672119 193 4 211 18
class 0.36476102471351624 208 4 226 18
class 0.2899836599826813 222 4 238 17
class 0.9074233770370483 231 3 248 18
class 0.35532915592193604 1 10 15 26
class 0.13056828081607819 10 10 25 25
class 0.3085577189922333 22 11 39 26
class 0.3539532721042633 36 10 53 26
class 0.4162245988845825 49 9 67 26
class 0.5385387539863586 62 9 79 25
class 0.5265602469444275 75 10 92 26
class 0.523557722568512 88 9 105 25
class 0.4849260449409485 101 9 119 25
class 0.48158878087997437 115 10 132 26
class 0.5236939191818237 141 9 158 25
class 0.4136703610420227 154 10 171 25
class 0.40343010425567627 167 9 184 26
class 0.5588947534561157 182 9 198 25
class 0.6227856278419495 194 9 211 25
class 0.32588040828704834 208 10 223 25
class 0.41840770840644836 1 25 15 40
class 0.19966451823711395 22 26 39 40
class 0.25009217858314514 35 26 53 41
class 0.25582218170166016 49 25 67 40
class 0.35830017924308777 61 25 79 41
class 0.27324238419532776 75 25 93 41
class 0.2368556559085846 88 26 106 41
class 0.261125385761261 101 25 118 41
class 0.2264409363269806 115 25 132 41
class 0.1275937259197235 127 26 145 41
class 0.2810845375061035 141 25 158 41
class 0.2638488709926605 154 25 171 41
class 0.19038115441799164 166 26 184 41
class 0.1889856457710266 181 25 198 41
class 0.2802416980266571 194 25 211 40
class 0.1421765685081482 206 25 224 40
class 0.18265999853610992 234 23 247 42
class 0.1870325356721878 1 39 15 54
class 0.1517207771539688 23 39 40 54
class 0.24404984712600708 36 37 53 54
class 0.49026310443878174 50 39 67 56
class 0.28402358293533325 62 39 79 55
class 0.2611919939517975 76 38 93 55
class 0.325634628534317 88 38 106 55
class 0.3302167057991028 102 39 119 55
class 0.2565312683582306 115 39 132 55
class 0.2938278317451477 128 38 145 55
class 0.25254499912261963 142 38 159 55
class 0.22538918256759644 154 38 171 55
class 0.31747984886169434 167 38 185 55
class 0.2793215215206146 181 38 198 55
class 0.38514944911003113 194 39 212 55
class 0.24241191148757935 207 39 224 54
class 0.2617177963256836 233 37 247 56
class 0.29175496101379395 2 52 16 67
class 0.13182838261127472 23 51 39 67
class 0.11830397695302963 37 51 53 68
class 0.35331985354423523 51 50 67 67
class 0.6435219645500183 64 50 80 68
class 0.5471940040588379 75 51 92 69
class 0.4820980429649353 89 50 106 68
class 0.4340207874774933 103 50 120 68
class 0.3163616955280304 115 50 132 67
class 0.2857556641101837 129 51 145 68
class 0.3118545413017273 142 51 158 68
class 0.33673569560050964 156 51 172 68
class 0.46443408727645874 167 51 184 69
class 0.31832724809646606 181 51 198 68
class 0.4862684905529022 195 51 212 68
class 0.30516958236694336 208 51 225 67
class 0.1507328450679779 220 51 236 66
class 0.43834590911865234 233 49 247 68
class 0.3123408257961273 1 65 15 80
class 0.11243858188390732 23 65 39 80
class 0.18692855536937714 37 64 54 80
class 0.3060840368270874 49 64 67 81
class 0.27626267075538635 63 64 80 81
class 0.3560193181037903 76 63 93 80
class 0.44065114855766296 89 64 107 81
class 0.3774149715900421 102 63 120 81
class 0.3199189305305481 115 63 133 81
class 0.4199770987033844 129 63 147 81
class 0.3030623197555542 141 63 158 81
class 0.2896914780139923 155 64 172 81
class 0.2803748548030853 168 63 186 81
class 0.35365408658981323 181 64 198 81
class 0.27825450897216797 194 64 211 81
class 0.15842552483081818 208 64 225 79
class 0.2624419331550598 235 62 248 81
class 0.19106972217559814 1 79 15 94
class 0.11436714977025986 37 77 54 94
class 0.3055022358894348 50 77 67 94
class 0.40769803524017334 63 77 80 94
class 0.287638783454895 76 77 94 94
class 0.3093350827693939 89 76 107 94
class 0.3645547330379486 103 77 121 95
class 0.4290929138660431 116 77 133 95
class 0.2639457583427429 129 76 146 94
class 0.29988765716552734 143 77 160 94
class 0.53955078125 155 77 172 94
class 0.3279315233230591 168 77 186 95
class 0.235579252243042 182 77 199 95
class 0.386955201625824 194 78 212 95
class 0.2909623384475708 207 78 225 95
class 0.2878651022911072 233 77 247 95
class 0.43631452322006226 2 92 16 107
class 0.15732337534427643 23 91 40 106
class 0.15002481639385223 36 90 54 107
class 0.29502370953559875 50 90 67 107
class 0.3365687429904938 63 89 80 107
class 0.4663405418395996 77 90 94 107
class 0.3750823140144348 90 90 107 108
class 0.5156963467597961 103 89 121 107
class 0.5113934278488159 115 90 133 108
class 0.33627182245254517 128 91 146 109
class 0.33162155747413635 143 90 160 108
class 0.3585381507873535 155 88 172 107
class 0.3259042203426361 169 89 186 108
class 0.30110856890678406 182 90 200 108
class 0.28255635499954224 194 89 212 107
class 0.2363244891166687 233 88 247 107
class 0.3752344846725464 2 104 16 120
class 0.13066750764846802 37 104 54 121
class 0.18758462369441986 50 103 67 120
class 0.21946415305137634 64 103 81 121
class 0.5729368329048157 77 103 94 121
class 0.42935267090797424 89 103 107 121
class 0.24720078706741333 102 102 120 120
class 0.2813509702682495 131 101 149 120
class 0.5666492581367493 142 102 160 121
class 0.20893335342407227 155 103 173 121
class 0.2764732837677002 168 103 186 122
class 0.10409984737634659 180 102 199 122
class 0.19431909918785095 195 103 213 122
class 0.16960585117340088 207 105 226 122
class 0.2624659538269043 233 102 247 121
class 0.2950066328048706 2 118 16 133
class 0.1557168811559677 36 117 54 134
class 0.22115743160247803 50 117 67 134
class 0.37005871534347534 63 117 80 134
class 0.408218115568161 77 116 94 133
class 0.356193482875824 89 116 107 134
class 0.21905027329921722 102 115 119 134
class 0.9399177432060242 118 116 135 135
class 0.11996403336524963 129 116 146 133
class 0.3782641887664795 142 117 159 134
class 0.2585022449493408 155 116 173 134
class 0.18490105867385864 168 115 186 134
class 0.16149283945560455 195 116 214 136
class 0.12159913033246994 207 115 226 133
class 0.24401186406612396 233 116 247 134
class 0.16628998517990112 1 131 16 146
class 0.15501946210861206 36 130 54 147
class 0.30605071783065796 50 129 67 147
class 0.567109227180481 64 129 81 146
class 0.44512152671813965 76 129 93 147
class 0.3876394033432007 90 129 108 146
class 0.22249209880828857 101 129 119 147
class 0.23122183978557587 116 131 133 148
class 0.25857266783714294 129 132 147 148
class 0.6451393365859985 142 130 159 147
class 0.18367524445056915 156 129 174 146
class 0.9865561723709106 183 131 200 151
class 0.31663984060287476 196 128 214 147
class 0.16963854432106018 206 130 225 147
class 0.3339824974536896 233 128 247 147
class 0.35906851291656494 1 144 16 159
class 0.1314752846956253 36 144 55 160
class 0.23151934146881104 50 143 67 160
class 0.35996630787849426 64 143 81 160
class 0.4559231698513031 76 142 94 160
class 0.4018804132938385 89 143 107 160
class 0.34940198063850403 103 143 121 160
class 0.48162949085235596 115 143 133 159
class 0.4544638991355896 128 144 146 160
class 0.4527668058872223 143 143 159 160
class 0.19714771211147308 155 142 173 159
class 0.11522745341062546 206 143 225 159
class 0.162858247756958 234 143 247 160
class 0.3829122483730316 2 158 16 173
class 0.25051620602607727 24 157 40 173
class 0.3136388659477234 36 157 54 173
class 0.3180050253868103 50 156 68 173
class 0.42399024963378906 63 156 80 173
class 0.3534529507160187 76 156 94 173
class 0.35371071100234985 89 156 107 173
class 0.3282565474510193 104 156 121 173
class 0.3358122706413269 116 156 133 173
class 0.3943800926208496 129 157 146 173
class 0.39368075132369995 142 156 159 173
class 0.17653009295463562 169 156 188 173
class 0.6145825386047363 181 157 200 174
class 0.32631510496139526 193 156 213 173
class 0.21669934689998627 207 157 226 173
class 0.2223304808139801 221 158 237 172
class 0.4488585889339447 233 155 247 173
class 0.33487552404403687 1 170 15 185
class 0.12829522788524628 24 169 40 185
class 0.3058446943759918 37 169 55 186
class 0.3969249725341797 50 169 68 186
class 0.5470919609069824 63 169 80 186
class 0.3985039293766022 76 169 93 187
class 0.34685444831848145 90 170 108 187
class 0.4949362576007843 103 170 120 186
class 0.5749180316925049 116 169 133 186
class 0.5950292348861694 129 170 146 187
class 0.3302968442440033 142 169 159 187
class 0.12399864941835403 155 169 173 187
class 0.17656970024108887 168 169 186 187
class 0.3345797657966614 182 168 200 186
class 0.21736471354961395 194 170 213 187
class 0.16580365598201752 207 171 225 186
class 0.32287731766700745 1 183 15 199
class 0.2182789295911789 37 182 54 199
class 0.44291919469833374 52 182 68 199
class 0.4867941439151764 63 182 80 199
class 0.520956814289093 77 182 94 199
class 0.5638362169265747 90 183 107 200
class 0.507034182548523 103 182 120 199
class 0.2873498499393463 116 181 133 199
class 0.12300678342580795 128 180 145 198
class 0.134709894657135 143 181 161 199
class 0.6200470924377441 155 182 173 201
class 0.3748009502887726 168 183 186 201
class 0.2129037231206894 182 183 199 200
class 0.46716779470443726 195 183 213 199
class 0.4959830939769745 207 184 226 199
class 0.26909151673316956 220 183 236 199
class 0.4732360243797302 232 181 247 200
class 0.5877326726913452 1 197 15 213
class 0.22148597240447998 12 197 27 212
class 0.3243069052696228 23 197 39 213
class 0.28157711029052734 38 196 54 213
class 0.5883681178092957 50 196 68 213
class 0.6452202796936035 63 196 80 214
class 0.5258234143257141 77 196 94 213
class 0.5548988580703735 90 195 107 213
class 0.3943018615245819 102 196 119 212
class 0.31973397731781006 116 195 133 212
class 0.9935383796691895 133 195 151 215
class 0.7734476923942566 155 193 173 213
class 0.48400014638900757 169 195 186 213
class 0.5217210054397583 182 196 199 213
class 0.5120953321456909 195 195 212 213
class 0.2872108221054077 232 193 247 212
class 0.5012450814247131 2 209 15 225
class 0.17747700214385986 24 210 39 226
class 0.21646949648857117 37 210 54 226
class 0.24740298092365265 51 208 67 225
class 0.29015716910362244 64 208 81 225
class 0.44714751839637756 77 209 93 226
class 0.37451812624931335 90 209 107 226
class 0.24511611461639404 102 210 119 227
class 0.12493184208869934 116 209 134 225
class 0.3068477511405945 129 208 145 224
class 0.30697235465049744 154 209 172 226
class 0.4270269274711609 169 209 186 226
class 0.3452216684818268 181 209 198 225
class 0.22371791303157806 195 208 211 225
class 0.9889853596687317 212 208 230 227
class 0.2467450499534607 232 208 247 226
class 0.7842657566070557 2 222 17 238
class 0.19890481233596802 25 223 39 238
class 0.1664791852235794 38 222 53 238
class 0.28279995918273926 51 224 67 240
class 0.19420991837978363 64 224 80 240
class 0.1636824905872345 76 222 92 238
class 0.19135095179080963 91 222 107 237
class 0.42034029960632324 102 222 119 239
class 0.2221945971250534 128 221 145 237
class 0.2866477966308594 142 220 159 237
class 0.13762326538562775 155 222 172 237
class 0.20381923019886017 169 223 185 239
class 0.20468270778656006 182 222 198 238
class 0.23150070011615753 232 222 248 239
class 0.7401963472366333 0 233 17 249
class 0.10211135447025299 10 231 26 248
class 0.395372211933136 24 231 41 249
class 0.36031830310821533 37 232 55 249
class 0.5165219306945801 50 230 68 248
class 0.614709198474884 63 230 81 248
class 0.6064537763595581 76 231 94 248
class 0.4454686641693115 89 232 107 249
class 0.4673599600791931 102 231 120 248
class 0.2800644040107727 116 232 134 248
class 0.3298175036907196 128 232 147 249
class 0.29925107955932617 142 232 160 249
class 0.3994932472705841 155 232 173 249
class 0.5300880074501038 168 231 187 248
class 0.32799842953681946 181 231 199 248
class 0.3330967128276825 193 231 212 249
class 0.40903112292289734 206 232 225 248
class 0.25365397334098816 219 232 238 248
class 0.8601340651512146 232 233 249 249
