class 0.7191416025161743 0 3 16 18
class 0.2347179800271988 9 4 27 17
class 0.5983086228370667 22 4 41 18
class 0.4124303162097931 36 4 54 18
class 0.6932456493377686 61 3 80 17
class 0.8321107625961304 76 3 96 17
class 0.22006209194660187 86 3 106 17
class 0.2228160947561264 101 3 123 16
class 0.9097194075584412 112 2 134 19
class 0.4928782880306244 127 4 147 18
class 0.5125080943107605 140 4 160 18
class 0.45391806960105896 154 4 173 18
class 0.33424490690231323 180 4 199 18
class 0.4722108840942383 193 3 212 18
class 0.39637720584869385 207 4 225 18
class 0.6121910810470581 221 4 237 18
class 0.8231578469276428 231 2 249 18
class 0.7778459191322327 1 10 15 26
class 0.13489876687526703 9 10 25 25
class 0.44765394926071167 36 9 53 25
class 0.6452459692955017 49 8 66 25
class 0.4017976224422455 62 10 79 25
class 0.4586839973926544 76 9 93 25
class 0.9434536695480347 93 10 111 26
class 0.5639685988426208 128 9 146 26
class 0.5208017826080322 141 9 158 26
class 0.4984011948108673 154 9 171 25
class 0.5175489187240601 167 9 185 25
class 0.5670980215072632 180 9 198 25
class 0.5888604521751404 194 9 211 25
class 0.36021357774734497 207 10 224 26
class 0.10246305912733078 221 9 235 24
class 0.1272033154964447 233 8 246 26
class 0.3264541029930115 1 25 14 40
class 0.1613072156906128 35 26 53 41
class 0.24875673651695251 49 26 67 41
class 0.200611874461174 61 25 79 40
class 0.12644509971141815 76 25 94 40
class 0.18084466457366943 87 25 106 42
class 0.1668369024991989 114 25 133 41
class 0.31587937474250793 128 25 147 42
class 0.3849238157272339 140 25 158 42
class 0.14670395851135254 154 25 172 41
class 0.15177758038043976 167 25 185 41
class 0.17349228262901306 180 25 198 41
class 0.2644624412059784 194 25 212 41
class 0.1779172569513321 207 25 225 40
class 0.25894895195961 233 24 247 42
class 0.2275315225124359 1 37 16 53
class 0.10519231110811234 35 38 53 55
class 0.4104277491569519 50 37 67 55
class 0.3776928782463074 62 38 79 55
class 0.24564097821712494 76 38 93 55
class 0.5042237043380737 89 38 108 55
class 0.611516535282135 100 37 119 55
class 0.30756640434265137 114 36 134 54
class 0.5712009072303772 155 36 172 55
class 0.291709303855896 167 37 185 55
class 0.31794431805610657 181 38 199 55
class 0.41230177879333496 194 38 212 55
class 0.22427962720394135 207 38 225 54
class 0.37397143244743347 233 36 246 55
class 0.49320846796035767 22 50 39 68
class 0.1769295632839203 36 51 53 69
class 0.17907209694385529 49 50 66 68
class 0.237582728266716 63 50 80 67
class 0.3704940676689148 76 50 93 68
class 0.43136516213417053 89 51 106 68
class 0.15130379796028137 101 50 119 67
class 0.995000422000885 133 48 150 66
class 0.42243850231170654 155 49 173 68
class 0.24171839654445648 168 50 185 68
class 0.4317244589328766 182 50 198 68
class 0.7124720215797424 194 50 212 68
class 0.20210647583007812 208 50 225 67
class 0.11194257438182831 220 51 236 67
class 0.297897607088089 233 49 247 67
class 0.9864799976348877 2 60 19 78
class 0.2614927887916565 23 63 40 80
class 0.1622898429632187 36 63 54 81
class 0.21460166573524475 50 64 67 81
class 0.33424603939056396 63 64 80 82
class 0.40981003642082214 77 65 93 82
class 0.5501506924629211 89 64 106 82
class 0.33141687512397766 101 65 119 81
class 0.12946465611457825 125 66 145 83
class 0.2484300285577774 155 64 173 82
class 0.32098621129989624 169 64 187 81
class 0.22077758610248566 233 63 247 81
class 0.29118868708610535 50 76 67 94
class 0.4200150966644287 63 77 80 94
class 0.48256200551986694 77 77 94 94
class 0.3971523940563202 89 77 107 94
class 0.2997507154941559 102 77 120 94
class 0.13944163918495178 114 76 133 94
class 0.2279512733221054 128 75 147 93
class 0.24666118621826172 141 77 160 94
class 0.3973540961742401 155 78 173 95
class 0.17930179834365845 168 78 186 94
class 0.9894883632659912 192 73 209 93
class 0.4295859634876251 232 77 247 95
class 0.3219054639339447 1 90 15 106
class 0.14360091090202332 50 91 67 108
class 0.2526938319206238 63 90 80 108
class 0.4209054112434387 77 90 94 108
class 0.382444828748703 89 90 107 108
class 0.3790012001991272 102 89 120 108
class 0.29090073704719543 115 90 133 108
class 0.22770509123802185 129 90 146 108
class 0.2564772069454193 141 91 159 108
class 0.35792064666748047 154 90 172 107
class 0.21044108271598816 167 90 186 107
class 0.40594765543937683 232 88 247 107
class 0.2856762111186981 1 104 15 120
class 0.21569259464740753 36 104 54 121
class 0.33838528394699097 50 103 67 120
class 0.39048901200294495 63 103 80 121
class 0.40588682889938354 77 103 94 121
class 0.35323262214660645 90 103 107 121
class 0.3692828118801117 102 103 120 121
class 0.4453839659690857 116 103 134 120
class 0.40508437156677246 128 103 146 120
class 0.3522077798843384 142 103 159 121
class 0.3716493248939514 155 103 172 120
class 0.1613534837961197 168 103 186 120
class 0.15025337040424347 181 103 200 121
class 0.2511419951915741 193 103 212 120
class 0.23096543550491333 207 104 225 120
class 0.17031548917293549 233 103 247 121
class 0.3090149760246277 1 118 16 133
class 0.11798214912414551 36 117 54 134
class 0.23026475310325623 50 117 67 134
class 0.34495672583580017 63 117 80 134
class 0.4933907687664032 77 116 94 133
class 0.4323280155658722 89 117 106 134
class 0.3153177499771118 102 117 120 134
class 0.3024641275405884 115 116 133 134
class 0.3553946614265442 129 116 146 134
class 0.40487372875213623 142 116 160 134
class 0.2976001799106598 155 116 173 134
class 0.16773585975170135 167 117 185 135
class 0.10148582607507706 181 116 199 134
class 0.19511719048023224 195 117 213 134
class 0.1306653916835785 207 117 225 133
class 0.10751804709434509 220 117 237 132
class 0.30367642641067505 233 115 247 134
class 0.35734114050865173 1 130 15 146
class 0.12011577188968658 23 130 40 146
class 0.25020360946655273 37 129 55 147
class 0.31296756863594055 50 129 68 147
class 0.38404592871665955 63 130 80 147
class 0.3741551339626312 76 129 94 147
class 0.40461453795433044 89 129 107 146
class 0.35944172739982605 102 129 120 147
class 0.36256664991378784 116 130 133 147
class 0.3827712833881378 129 130 147 147
class 0.337146133184433 142 129 160 147
class 0.22798113524913788 155 129 173 147
class 0.28686702251434326 168 129 186 147
class 0.26657113432884216 182 130 199 147
class 0.26833376288414 195 130 213 147
class 0.17714329063892365 206 131 224 147
class 0.1726725846529007 233 129 247 147
class 0.23347683250904083 1 144 15 159
class 0.27191781997680664 51 143 68 160
class 0.3666381239891052 63 142 80 160
class 0.24967387318611145 76 142 94 160
class 0.18688766658306122 89 142 107 160
class 0.21825693547725677 103 142 120 160
class 0.33983826637268066 116 142 133 160
class 0.48378413915634155 129 142 146 160
class 0.41652512550354004 143 142 160 160
class 0.35932260751724243 155 142 173 160
class 0.33762219548225403 168 143 186 161
class 0.23002803325653076 181 142 199 160
class 0.23640255630016327 195 143 213 160
class 0.1359548717737198 207 143 225 159
class 0.2794308364391327 233 142 247 161
class 0.391345739364624 1 157 16 173
class 0.3957570493221283 24 156 41 173
class 0.2455742508172989 36 156 54 173
class 0.2748950719833374 50 156 68 173
class 0.2923344373703003 63 156 80 174
class 0.24497613310813904 77 157 94 174
class 0.3475632071495056 90 157 108 174
class 0.36543986201286316 102 156 120 174
class 0.24581369757652283 116 157 133 174
class 0.293472021818161 129 156 146 173
class 0.32002612948417664 143 155 160 173
class 0.22360293567180634 154 156 172 173
class 0.15939965844154358 168 156 186 173
class 0.17904062569141388 181 156 199 173
class 0.3386392891407013 195 156 213 173
class 0.23072169721126556 208 157 226 173
class 0.10165337473154068 219 157 236 172
class 0.31432873010635376 233 155 247 173
class 0.23273372650146484 1 170 15 185
class 0.1343010663986206 25 170 41 185
class 0.306071400642395 37 169 54 186
class 0.3491114377975464 50 168 68 186
class 0.49720168113708496 64 168 81 185
class 0.4793957471847534 76 168 94 186
class 0.4724387228488922 90 169 107 186
class 0.35388922691345215 103 170 121 186
class 0.42817944288253784 115 169 133 186
class 0.34008821845054626 129 169 147 186
class 0.20692703127861023 142 169 159 186
class 0.25739821791648865 156 169 174 186
class 0.39375296235084534 168 169 186 187
class 0.22845889627933502 181 169 199 186
class 0.3298870027065277 195 169 213 186
class 0.15595364570617676 207 169 226 185
class 0.2612626552581787 233 169 247 187
class 0.39583683013916016 2 184 15 199
class 0.35666850209236145 24 183 40 199
class 0.45161551237106323 37 182 54 199
class 0.5045842528343201 50 182 67 200
class 0.542680561542511 63 182 80 200
class 0.3334699869155884 76 182 94 199
class 0.4712064266204834 91 182 108 199
class 0.46645668148994446 103 181 120 199
class 0.46752166748046875 116 182 133 200
class 0.3330603837966919 129 182 146 199
class 0.3414100706577301 142 182 160 199
class 0.38914161920547485 156 182 173 199
class 0.5191453099250793 170 181 187 199
class 0.4096830487251282 181 182 199 199
class 0.4176895022392273 195 183 212 199
class 0.17041724920272827 207 183 225 199
class 0.31687211990356445 233 182 247 200
class 0.564630925655365 1 197 15 213
class 0.12999631464481354 11 197 26 211
class 0.3433953523635864 24 196 40 212
class 0.2959156930446625 37 196 54 214
class 0.2184402495622635 53 195 69 212
class 0.837018609046936 63 195 80 214
class 0.3706854581832886 76 195 93 213
class 0.25970807671546936 91 195 107 213
class 0.32765474915504456 104 196 120 213
class 0.4751585125923157 117 195 133 213
class 0.4531294107437134 129 196 146 213
class 0.404644250869751 143 196 160 214
class 0.43867456912994385 156 196 173 214
class 0.4598899483680725 169 196 186 213
class 0.4024692475795746 182 195 199 213
class 0.37072670459747314 195 195 212 213
class 0.2327345907688141 208 197 225 213
class 0.1313079297542572 220 197 236 213
class 0.22625769674777985 233 195 246 212
class 0.5167780518531799 1 209 15 225
class 0.1496172547340393 11 210 25 224
class 0.30048906803131104 24 210 39 225
class 0.24714794754981995 38 209 54 226
class 0.153744176030159 51 211 67 226
class 0.6657875180244446 64 208 80 226
class 0.5729221105575562 77 209 93 226
class 0.4569588005542755 90 209 107 226
class 0.4084113836288452 104 209 120 226
class 0.3702515959739685 116 209 132 226
class 0.2651916742324829 129 208 146 225
class 0.31091535091400146 143 208 160 226
class 0.43207818269729614 156 209 173 226
class 0.3741188645362854 169 209 186 226
class 0.33617696166038513 182 209 199 226
class 0.37892287969589233 195 209 212 227
class 0.2796308100223541 208 209 224 226
class 0.12238339334726334 220 209 235 224
class 0.2333804816007614 232 209 246 227
class 0.8010194897651672 1 223 16 239
class 0.22469253838062286 11 222 26 237
class 0.3012607991695404 25 223 40 237
class 0.48446375131607056 38 223 54 238
class 0.5215816497802734 50 223 66 238
class 0.2184010148048401 63 222 79 238
class 0.15403664112091064 77 223 93 238
class 0.13283905386924744 91 222 107 238
class 0.1432010531425476 104 222 120 238
class 0.14589571952819824 116 222 132 238
class 0.15856419503688812 130 223 146 239
class 0.21055196225643158 143 223 159 239
class 0.2282501459121704 156 222 172 238
class 0.21070906519889832 169 222 186 238
class 0.1596282571554184 182 222 198 238
class 0.27552667260169983 196 222 212 239
class 0.2100701630115509 208 224 224 239
class 0.392945259809494 232 222 247 239
class 0.7355276346206665 0 233 17 249
class 0.20045843720436096 10 231 27 248
class 0.3078668415546417 24 232 41 248
class 0.3162582814693451 36 231 54 248
class 0.35583409667015076 50 231 68 248
class 0.5081557035446167 63 231 82 249
class 0.6058148145675659 76 231 94 248
class 0.5616368055343628 90 231 108 248
class 0.5365777611732483 102 231 120 248
class 0.4295143783092499 116 231 134 248
class 0.39182305335998535 129 231 147 248
class 0.3933156132698059 142 231 160 248
class 0.3588077127933502 156 232 174 248
class 0.5206023454666138 168 231 186 248
class 0.42885008454322815 181 232 199 249
class 0.6682270169258118 195 231 213 249
class 0.45730966329574585 206 230 224 248
class 0.34219977259635925 220 232 238 249
class 0.7811228036880493 232 232 249 249
