class 0.8460766673088074 1 2 17 18
class 0.3421538174152374 8 4 26 18
class 0.3830219507217407 22 4 41 18
class 0.6359169483184814 35 3 54 18
class 0.4362114369869232 49 3 67 17
class 0.5306443572044373 62 4 81 18
class 0.5748472213745117 75 4 94 18
class 0.6145069003105164 88 3 107 18
class 0.48393714427948 101 3 121 18
class 0.4734214246273041 115 4 134 17
class 0.4157266914844513 127 4 146 17
class 0.452411949634552 140 4 159 17
class 0.4278695285320282 154 4 172 18
class 0.4120188057422638 167 4 185 17
class 0.4719271957874298 181 4 199 18
class 0.4942285120487213 193 3 212 18
class 0.5106571316719055 206 4 225 18
class 0.44654589891433716 221 4 237 18
class 0.6274321675300598 231 3 249 18
class 0.6057589054107666 1 9 16 26
class 0.14047235250473022 10 9 25 24
class 0.24181784689426422 22 10 39 25
class 0.566966712474823 49 10 66 26
class 0.577247142791748 62 9 79 25
class 0.5987241268157959 75 9 92 25
class 0.5510769486427307 88 10 106 26
class 0.4799785912036896 102 10 119 26
class 0.49915751814842224 115 10 132 26
class 0.3727608323097229 128 9 145 25
class 0.33393624424934387 140 9 157 25
class 0.446213960647583 155 9 171 25
class 0.5719838738441467 167 10 184 26
class 0.520819365978241 181 9 198 25
class 0.5619903802871704 194 9 211 25
class 0.5426331162452698 208 9 225 25
class 0.12852242588996887 221 9 235 24
class 0.2127906233072281 232 9 246 27
class 0.5515531897544861 1 26 16 42
class 0.14140555262565613 49 26 66 41
class 0.22763346135616302 62 27 79 42
class 0.2037069946527481 75 26 92 41
class 0.3595026433467865 89 25 107 41
class 0.38063114881515503 102 25 120 41
class 0.24477966129779816 114 25 132 41
class 0.17898857593536377 127 25 145 41
class 0.11225398629903793 140 25 158 41
class 0.15948975086212158 154 25 171 41
class 0.1124425083398819 167 24 184 40
class 0.15026937425136566 181 25 198 41
class 0.2105037420988083 193 25 211 41
class 0.12318460643291473 208 26 224 40
class 0.18942730128765106 233 23 247 41
class 0.19534647464752197 1 38 16 54
class 0.16948072612285614 23 39 39 54
class 0.22962917387485504 36 38 54 55
class 0.3668919503688812 50 37 67 54
class 0.49372395873069763 63 37 80 54
class 0.4298389256000519 75 38 92 55
class 0.5294396877288818 88 38 106 55
class 0.4408726692199707 103 37 120 55
class 0.34136056900024414 114 37 133 55
class 0.638921320438385 129 38 146 56
class 0.2841188609600067 141 37 159 55
class 0.21263724565505981 153 37 171 56
class 0.210622176527977 168 37 186 55
class 0.5034682750701904 181 38 199 55
class 0.4876561164855957 194 39 212 55
class 0.23673763871192932 207 38 225 53
class 0.1927933543920517 233 36 246 54
class 0.7365155816078186 2 51 16 68
class 0.11394154280424118 10 50 26 65
class 0.1606382578611374 35 50 53 68
class 0.1375921368598938 49 50 67 69
class 0.23463912308216095 63 50 79 69
class 0.2629852294921875 75 51 93 69
class 0.3230637311935425 89 50 106 69
class 0.4830154478549957 102 51 120 68
class 0.49660927057266235 116 51 134 69
class 0.14943785965442657 156 49 173 68
class 0.13488416373729706 168 50 185 68
class 0.2869826853275299 182 50 198 68
class 0.4208754897117615 195 51 212 68
class 0.14139533042907715 207 51 224 67
class 0.2545417249202728 233 50 247 68
class 0.17753994464874268 2 64 15 80
class 0.34791654348373413 64 62 81 82
class 0.1960294246673584 76 62 94 81
class 0.3157334625720978 89 64 107 82
class 0.5757441520690918 103 63 119 81
class 0.4947228729724884 117 62 136 79
class 0.994332492351532 139 59 156 80
class 0.418623149394989 157 63 175 81
class 0.18104662001132965 168 64 186 82
class 0.3886655867099762 181 65 198 82
class 0.41007494926452637 194 64 212 81
class 0.20660735666751862 208 64 226 80
class 0.11200559139251709 220 64 236 80
class 0.23432670533657074 233 62 247 81
class 0.5206891894340515 2 79 16 95
class 0.9970945119857788 52 79 70 98
class 0.10517667233943939 62 75 80 94
class 0.3048088252544403 76 77 93 95
class 0.3699534833431244 89 77 106 95
class 0.5641804933547974 102 77 120 95
class 0.1849943846464157 115 76 133 94
class 0.1374017298221588 139 79 159 96
class 0.21015070378780365 168 77 187 95
class 0.3956269323825836 181 77 199 94
class 0.44125625491142273 194 77 212 95
class 0.2019040435552597 208 77 226 93
class 0.12211453914642334 220 78 237 93
class 0.1931975781917572 233 76 247 94
class 0.47120752930641174 2 91 16 106
class 0.12324093282222748 10 91 26 106
class 0.27019715309143066 76 90 93 107
class 0.4573374092578888 89 91 107 108
class 0.4140665531158447 102 90 120 107
class 0.20396266877651215 115 90 134 108
class 0.16311407089233398 128 90 147 107
class 0.2672218084335327 141 89 160 107
class 0.213082417845726 154 90 173 108
class 0.19784025847911835 168 91 186 108
class 0.31071358919143677 181 91 199 108
class 0.3762231767177582 195 91 213 108
class 0.14701414108276367 206 93 225 108
class 0.1967870146036148 233 89 247 107
class 0.5265547037124634 1 104 16 120
class 0.10369674116373062 38 104 56 121
class 0.6112241148948669 50 105 67 121
class 0.44978025555610657 62 104 80 120
class 0.30948200821876526 76 104 94 121
class 0.29503312706947327 89 103 107 120
class 0.43406209349632263 102 104 120 121
class 0.31093376874923706 115 103 133 121
class 0.2309146374464035 128 103 146 121
class 0.24761837720870972 141 103 159 120
class 0.333094984292984 155 104 173 121
class 0.38383445143699646 168 104 186 121
class 0.30032092332839966 181 103 199 121
class 0.41791558265686035 195 103 214 121
class 0.25540444254875183 207 104 226 120
class 0.21898309886455536 233 103 247 121
class 0.3849523961544037 1 118 15 133
class 0.10988269001245499 23 119 40 134
class 0.10879691690206528 36 118 54 135
class 0.3180699050426483 50 117 67 134
class 0.2905060946941376 63 116 80 133
class 0.3434534966945648 76 116 94 133
class 0.466163694858551 89 117 107 134
class 0.4673108458518982 102 117 120 134
class 0.48803287744522095 115 117 133 134
class 0.4538307189941406 128 117 146 134
class 0.40267041325569153 142 117 160 134
class 0.4844290018081665 155 117 173 134
class 0.4005681276321411 168 116 186 134
class 0.3386104106903076 181 117 199 134
class 0.3489302694797516 194 117 213 134
class 0.13927192986011505 207 116 225 133
class 0.2796333432197571 233 115 247 134
class 0.2011757642030716 2 131 15 146
class 0.15328316390514374 11 131 27 145
class 0.2030629962682724 22 130 39 146
class 0.19327957928180695 36 130 54 147
class 0.23181726038455963 50 130 67 146
class 0.2484879493713379 63 131 80 147
class 0.3512108623981476 77 130 94 147
class 0.38651221990585327 89 129 107 146
class 0.4305530786514282 102 130 120 147
class 0.3897227942943573 116 130 133 147
class 0.3307498097419739 128 129 146 147
class 0.3429376780986786 142 129 160 147
class 0.3217812478542328 155 129 173 147
class 0.32329508662223816 168 130 186 147
class 0.2905386984348297 181 129 200 147
class 0.2967686653137207 194 129 213 147
class 0.18287718296051025 207 131 225 147
class 0.16275061666965485 234 128 248 146
class 0.3063020706176758 1 144 15 159
class 0.12885576486587524 36 143 54 160
class 0.3516802489757538 50 143 68 160
class 0.5711991190910339 62 143 79 160
class 0.43247249722480774 76 143 93 160
class 0.3047040104866028 89 143 107 160
class 0.3113633692264557 103 143 121 160
class 0.42869025468826294 115 143 133 160
class 0.48250964283943176 128 143 146 161
class 0.35662245750427246 142 143 160 160
class 0.3336957097053528 155 143 173 160
class 0.3545278310775757 168 143 186 160
class 0.2638857960700989 181 143 199 160
class 0.4142071604728699 195 143 213 160
class 0.31320351362228394 207 143 226 159
class 0.2690931260585785 233 143 248 161
class 0.25744616985321045 1 157 15 172
class 0.10440937429666519 36 157 54 173
class 0.18667855858802795 49 155 67 172
class 0.2334260791540146 63 155 81 173
class 0.3225485682487488 76 156 94 173
class 0.30739104747772217 90 156 108 173
class 0.3349357843399048 102 156 120 173
class 0.2977943420410156 115 156 133 173
class 0.2667961120605469 128 155 146 173
class 0.19872595369815826 142 156 160 173
class 0.24497225880622864 155 155 173 173
class 0.24711839854717255 168 155 187 173
class 0.2794611155986786 182 156 199 173
class 0.3047860264778137 194 156 213 173
class 0.18824966251850128 207 156 226 172
class 0.3200702667236328 233 154 247 173
class 0.15575365722179413 2 170 16 185
class 0.13890492916107178 24 170 40 185
class 0.2068915218114853 36 170 54 186
class 0.3331381380558014 50 170 68 187
class 0.34146732091903687 63 170 80 187
class 0.2676616311073303 76 170 94 187
class 0.29137295484542847 90 169 107 187
class 0.26824167370796204 103 169 121 187
class 0.22471638023853302 115 169 134 186
class 0.30414819717407227 129 169 148 186
class 0.33733636140823364 141 169 160 186
class 0.32744863629341125 155 169 174 186
class 0.1919354349374771 168 169 187 186
class 0.19437643885612488 181 169 200 186
class 0.30215170979499817 195 169 213 186
class 0.2512859106063843 207 170 225 185
class 0.29107803106307983 233 168 247 186
class 0.19277694821357727 2 185 16 200
class 0.19948701560497284 37 182 54 199
class 0.24928288161754608 51 182 67 199
class 0.37444037199020386 64 182 81 199
class 0.46517765522003174 77 183 94 200
class 0.4457150995731354 89 182 107 200
class 0.3106510043144226 103 182 120 200
class 0.22615648806095123 116 182 133 200
class 0.2268582433462143 129 182 147 200
class 0.23478193581104279 142 182 160 200
class 0.3513020873069763 156 182 174 200
class 0.3187408745288849 168 183 186 200
class 0.25450703501701355 182 182 199 200
class 0.49727779626846313 194 182 212 200
class 0.29984942078590393 207 183 226 199
class 0.16080771386623383 220 184 236 199
class 0.229233056306839 233 183 246 200
class 0.6283068060874939 1 196 16 212
class 0.24686871469020844 24 197 40 212
class 0.3795609772205353 37 196 54 213
class 0.4028073251247406 50 196 67 213
class 0.40875911712646484 63 196 80 213
class 0.45070210099220276 78 195 94 213
class 0.40495559573173523 89 196 107 214
class 0.5240225791931152 104 195 121 213
class 0.5464926958084106 115 196 133 215
class 0.3031047582626343 129 195 147 215
class 0.2386103868484497 142 195 160 213
class 0.3416175842285156 156 196 174 214
class 0.3641591966152191 168 195 186 213
class 0.249032661318779 181 196 199 214
class 0.27994319796562195 194 196 213 214
class 0.22182217240333557 207 197 226 213
class 0.14063775539398193 220 196 236 212
class 0.4089411795139313 233 195 247 213
class 0.37499797344207764 2 209 15 225
class 0.23676471412181854 24 209 39 225
class 0.3176453709602356 38 208 53 225
class 0.40119028091430664 50 209 67 226
class 0.3854261338710785 63 209 80 226
class 0.39040255546569824 77 209 94 226
class 0.49700701236724854 90 209 108 227
class 0.2861708104610443 101 207 119 225
class 0.34183570742607117 130 206 149 226
class 0.39385169744491577 142 209 161 227
class 0.38953283429145813 155 209 174 227
class 0.3705698847770691 168 209 187 227
class 0.4303683042526245 181 209 200 228
class 0.6032277941703796 195 209 213 227
class 0.2696877419948578 206 209 225 227
class 0.20860730111598969 233 208 247 226
class 0.7093756198883057 1 223 16 239
class 0.10340307652950287 38 222 54 238
class 0.23187904059886932 50 223 66 239
class 0.16934362053871155 63 222 80 238
class 0.1899649202823639 77 222 94 238
class 0.11541253328323364 91 222 108 237
class 0.9883559942245483 114 219 133 239
class 0.21410994231700897 131 220 150 238
class 0.13443686068058014 142 221 160 238
class 0.5325053930282593 206 222 225 238
class 0.25239840149879456 233 223 247 240
class 0.7559849619865417 0 232 17 249
class 0.2531178593635559 10 231 28 248
class 0.4960581660270691 24 232 41 248
class 0.38072794675827026 37 231 55 248
class 0.6811408400535583 50 230 68 248
class 0.5281254649162292 62 231 81 248
class 0.3405498266220093 75 232 94 248
class 0.21321623027324677 90 231 109 247
class 0.5277417302131653 101 232 121 248
class 0.5297228097915649 114 232 134 249
class 0.3276793658733368 141 232 161 248
class 0.15818718075752258 153 232 173 248
class 0.1000167578458786 170 233 189 249
class 0.9926695823669434 186 229 204 246
class 0.49997055530548096 206 231 226 248
class 0.22788043320178986 219 232 238 249
class 0.8078401684761047 232 232 249 249
