class 0.7760600447654724 0 3 17 18
class 0.3906128406524658 9 4 26 17
class 0.47729000449180603 22 4 40 18
class 0.5464083552360535 35 3 54 18
class 0.5430364012718201 49 4 67 17
class 0.6770841479301453 62 3 80 18
class 0.505596935749054 75 3 94 17
class 0.5382588505744934 89 4 108 18
class 0.6104589700698853 101 4 119 18
class 0.474412202835083 115 4 133 17
class 0.4361433684825897 127 4 146 18
class 0.4478606879711151 140 4 159 18
class 0.43613138794898987 154 4 173 18
class 0.3357497751712799 167 4 185 17
class 0.5585970878601074 180 4 199 18
class 0.3900988698005676 208 4 226 18
class 0.3907937705516815 219 3 236 18
class 0.8370435833930969 232 2 249 18
class 0.6667079925537109 1 9 16 26
class 0.3084254562854767 23 10 39 25
class 0.5337203741073608 49 10 66 25
class 0.42874234914779663 62 9 79 25
class 0.49908894300460815 75 10 93 26
class 0.4546746611595154 102 9 119 25
class 0.4453641474246979 115 10 132 26
class 0.43155738711357117 128 10 145 25
class 0.6229901909828186 141 10 158 26
class 0.5776344537734985 154 9 171 25
class 0.4006405472755432 167 9 184 25
class 0.4681541323661804 180 9 197 25
class 0.6074792146682739 195 9 212 25
class 0.3868369162082672 207 9 224 25
class 0.27328163385391235 233 8 247 26
class 0.18547211587429047 1 26 15 41
class 0.17210133373737335 49 26 66 41
class 0.17739084362983704 61 25 79 41
class 0.18325380980968475 75 25 93 41
class 0.2100851833820343 89 26 106 42
class 0.195292666554451 101 26 119 41
class 0.19912000000476837 115 26 132 41
class 0.25722068548202515 128 25 145 41
class 0.1862996220588684 141 24 158 41
class 0.21369200944900513 154 24 171 41
class 0.15231788158416748 167 25 185 41
class 0.2936829924583435 181 25 199 42
class 0.2545022964477539 193 26 211 42
class 0.16942550241947174 207 25 225 40
class 0.17128850519657135 233 24 247 42
class 0.3866077959537506 1 39 15 54
class 0.14547099173069 22 38 39 54
class 0.1280432492494583 35 38 53 55
class 0.2870904207229614 49 37 66 54
class 0.3162117302417755 62 38 80 55
class 0.38761577010154724 75 39 93 56
class 0.270174115896225 88 38 106 55
class 0.4084542989730835 103 38 120 55
class 0.39027103781700134 114 37 131 54
class 0.26838967204093933 128 37 146 55
class 0.1270853728055954 141 36 159 54
class 0.2793181240558624 155 37 173 56
class 0.20379146933555603 167 36 186 55
class 0.34283527731895447 182 38 199 55
class 0.3666355013847351 194 39 212 55
class 0.20603975653648376 206 39 225 54
class 0.10617166757583618 220 39 236 54
class 0.3681650757789612 232 36 247 54
class 0.2563158869743347 1 52 15 67
class 0.10058889538049698 23 51 40 67
class 0.17519822716712952 36 51 53 68
class 0.27027514576911926 50 51 66 69
class 0.41707706451416016 63 51 80 68
class 0.3554624021053314 76 50 93 68
class 0.30422741174697876 90 50 106 68
class 0.5155487656593323 102 50 119 68
class 0.27653947472572327 116 50 133 67
class 0.22527512907981873 127 48 145 66
class 0.9620329141616821 144 53 161 72
class 0.15157164633274078 155 48 173 68
class 0.21472956240177155 168 50 186 69
class 0.38157588243484497 181 50 199 69
class 0.5312916040420532 195 51 213 68
class 0.25488483905792236 206 52 225 67
class 0.2049015313386917 233 50 247 68
class 0.2565731406211853 1 65 16 81
class 0.13715174794197083 36 63 54 83
class 0.32793787121772766 50 63 67 81
class 0.3473247289657593 63 63 80 81
class 0.3205904960632324 76 63 93 81
class 0.25714680552482605 90 64 107 82
class 0.44607484340667725 103 65 120 82
class 0.23476333916187286 115 64 133 81
class 0.10947193950414658 127 64 146 82
class 0.6379495859146118 167 65 185 82
class 0.39073804020881653 181 64 199 81
class 0.39269134402275085 195 64 213 81
class 0.3059331178665161 207 64 226 80
class 0.20424026250839233 233 63 248 81
class 0.5590646266937256 1 76 16 94
class 0.24072577059268951 36 75 54 95
class 0.2657261788845062 51 76 68 95
class 0.3137364685535431 63 77 80 94
class 0.3821916878223419 77 77 93 95
class 0.39175471663475037 90 77 108 94
class 0.4301736056804657 102 76 120 94
class 0.23189494013786316 115 76 134 93
class 0.22496239840984344 128 76 147 93
class 0.43329060077667236 141 79 159 96
class 0.5681160688400269 154 78 172 94
class 0.41446590423583984 167 76 185 94
class 0.35217878222465515 181 78 200 95
class 0.5168151259422302 194 78 213 94
class 0.3392212986946106 207 78 226 94
class 0.10614438354969025 220 78 237 93
class 0.2561119496822357 233 76 247 95
class 0.21544237434864044 2 91 16 107
class 0.9144111275672913 18 87 37 105
class 0.14616023004055023 50 90 68 108
class 0.3431699872016907 63 91 80 108
class 0.3783591687679291 76 90 94 108
class 0.38816291093826294 90 90 107 108
class 0.3482900857925415 102 90 120 107
class 0.1971299946308136 115 90 133 107
class 0.1956687867641449 128 90 146 108
class 0.4016822278499603 142 90 160 107
class 0.39243295788764954 153 90 172 108
class 0.2619341313838959 168 91 187 107
class 0.34730634093284607 181 90 200 107
class 0.48983174562454224 195 91 213 107
class 0.3108775317668915 207 91 226 107
class 0.1366637498140335 220 91 237 107
class 0.2541433274745941 232 90 247 108
class 0.19584612548351288 1 104 15 118
class 0.4105922281742096 50 105 67 122
class 0.43398186564445496 63 103 80 121
class 0.2396058887243271 76 104 94 121
class 0.24085655808448792 89 103 107 121
class 0.27028849720954895 103 103 120 121
class 0.18501783907413483 115 104 133 121
class 0.1725512444972992 128 104 146 122
class 0.1778271347284317 142 104 160 121
class 0.23180647194385529 154 104 172 121
class 0.3288380205631256 168 105 186 121
class 0.33267834782600403 181 104 200 121
class 0.43480661511421204 194 104 213 121
class 0.22337473928928375 207 104 226 121
class 0.30872294306755066 232 102 247 121
class 0.13306181132793427 1 119 15 133
class 0.14999066293239594 35 117 54 134
class 0.32380804419517517 50 116 68 133
class 0.5221894979476929 63 117 81 134
class 0.4106396734714508 76 117 93 134
class 0.27919819951057434 90 117 107 134
class 0.39651691913604736 103 116 121 134
class 0.3970951437950134 116 116 133 134
class 0.47805655002593994 129 116 147 134
class 0.39079996943473816 142 117 160 135
class 0.4433442950248718 155 116 173 134
class 0.49698495864868164 168 116 186 134
class 0.43960168957710266 182 116 200 134
class 0.5322507619857788 194 117 213 134
class 0.40513691306114197 207 117 227 134
class 0.2082882523536682 221 117 239 133
class 0.8826401233673096 231 116 249 135
class 0.41670799255371094 1 131 15 146
class 0.1186709851026535 36 130 54 147
class 0.180834099650383 50 130 67 147
class 0.21670222282409668 63 129 80 146
class 0.31042662262916565 77 129 94 146
class 0.36278602480888367 89 129 107 147
class 0.34076425433158875 103 129 121 147
class 0.49185219407081604 116 130 133 147
class 0.2858762741088867 128 129 146 148
class 0.2755061686038971 142 128 160 147
class 0.2978932559490204 155 129 173 148
class 0.36390015482902527 169 129 187 147
class 0.35873231291770935 181 130 199 148
class 0.6171050071716309 195 131 213 147
class 0.6171411275863647 208 131 227 147
class 0.35142195224761963 1 144 15 159
class 0.1459255963563919 23 144 39 159
class 0.20799894630908966 37 143 54 160
class 0.3415731191635132 51 143 67 159
class 0.3436509668827057 63 143 80 160
class 0.2691846489906311 76 143 94 160
class 0.24611520767211914 89 142 107 160
class 0.2539680600166321 102 142 120 160
class 0.2371068000793457 116 141 135 159
class 0.12211159616708755 144 142 162 160
class 0.4666324853897095 155 142 173 162
class 0.38294291496276855 168 142 186 161
class 0.4207983911037445 182 143 200 160
class 0.5839179754257202 195 143 213 160
class 0.5943218469619751 209 143 227 159
class 0.9873433113098145 229 139 248 157
class 0.37745970487594604 2 157 16 173
class 0.1148947924375534 24 157 40 173
class 0.18387313187122345 37 156 54 174
class 0.25370436906814575 50 156 67 173
class 0.2667246162891388 64 156 80 173
class 0.3573700189590454 76 156 93 173
class 0.2607020437717438 90 156 107 173
class 0.2353971302509308 102 156 120 173
class 0.16746123135089874 117 155 135 173
class 0.9807624816894531 134 156 151 174
class 0.6431196331977844 155 154 173 173
class 0.36650049686431885 168 155 186 173
class 0.4760704040527344 182 156 199 173
class 0.5695713758468628 195 156 213 172
class 0.5391248464584351 208 156 226 172
class 0.3155471980571747 232 159 248 175
class 0.40144169330596924 2 170 16 185
class 0.1292489618062973 9 170 26 184
class 0.12870486080646515 36 169 55 187
class 0.2564844787120819 50 169 68 187
class 0.39103710651397705 63 170 81 187
class 0.47033581137657166 76 169 93 187
class 0.4560108482837677 90 170 107 187
class 0.43925461173057556 102 169 119 186
class 0.17693990468978882 116 168 134 185
class 0.4261663258075714 154 169 172 187
class 0.32503628730773926 168 170 186 186
class 0.4667334258556366 182 170 199 186
class 0.36830073595046997 195 170 213 186
class 0.27066782116889954 208 170 225 185
class 0.24574780464172363 233 168 247 185
class 0.14055517315864563 1 183 15 198
class 0.126304492354393 39 181 56 200
class 0.23684121668338776 50 181 67 200
class 0.32170045375823975 64 182 81 199
class 0.4378480613231659 77 182 94 199
class 0.5322016477584839 89 183 107 200
class 0.4630871117115021 102 183 119 200
class 0.27400076389312744 116 183 134 200
class 0.6123054027557373 128 183 146 200
class 0.5959176421165466 141 183 160 199
class 0.528207540512085 154 183 172 200
class 0.481294721364975 169 184 186 200
class 0.6223704218864441 183 183 199 199
class 0.5607566237449646 194 183 212 200
class 0.2799012064933777 208 183 225 198
class 0.3827103078365326 233 182 247 200
class 0.24300327897071838 1 197 16 212
class 0.9974595308303833 26 196 44 216
class 0.161743625998497 37 193 54 212
class 0.42846056818962097 50 195 68 213
class 0.4635159969329834 63 196 80 213
class 0.5651388168334961 77 196 94 213
class 0.5125104188919067 90 195 107 212
class 0.5128378868103027 103 195 120 213
class 0.3253656029701233 115 195 133 213
class 0.390328586101532 129 195 146 213
class 0.3352826237678528 142 196 159 212
class 0.5896980166435242 156 196 173 212
class 0.6590058207511902 169 196 186 213
class 0.5909913778305054 182 195 199 212
class 0.6079412698745728 194 195 212 213
class 0.2952416241168976 207 195 225 212
class 0.48482075333595276 232 195 247 213
class 0.1378830522298813 1 209 15 224
class 0.2978270351886749 49 209 67 225
class 0.23572227358818054 63 209 80 226
class 0.33031269907951355 77 209 94 226
class 0.36327946186065674 89 210 106 227
class 0.2939136326313019 103 209 120 226
class 0.23940955102443695 116 210 133 227
class 0.3487136960029602 129 210 146 227
class 0.5273796916007996 142 210 159 227
class 0.5061525106430054 156 209 173 227
class 0.39106807112693787 169 209 186 226
class 0.3759476840496063 182 209 199 226
class 0.534818708896637 195 209 212 226
class 0.23818320035934448 207 209 225 226
class 0.11430903524160385 220 210 235 225
class 0.3151468336582184 232 209 247 226
class 0.6941781640052795 1 223 16 239
class 0.2550014555454254 23 223 39 238
class 0.3194052278995514 64 222 81 238
class 0.2513430118560791 77 222 93 238
class 0.19048336148262024 89 221 106 238
class 0.23433612287044525 103 222 120 238
class 0.21141421794891357 116 221 133 237
class 0.21957345306873322 129 221 146 237
class 0.29155170917510986 142 222 159 238
class 0.23700353503227234 156 222 173 238
class 0.2951422929763794 169 222 186 238
class 0.28302210569381714 182 222 199 238
class 0.3844618797302246 195 223 212 239
class 0.25423479080200195 207 224 224 240
class 0.4777550995349884 232 222 247 240
class 0.7040804624557495 0 232 17 249
class 0.13242316246032715 25 232 41 248
class 0.3632255792617798 36 232 54 249
class 0.2703098654747009 50 232 68 248
class 0.44183170795440674 62 231 80 248
class 0.45239943265914917 77 231 95 248
class 0.4934637248516083 89 231 108 248
class 0.5140470266342163 102 231 121 248
class 0.5072326064109802 115 232 134 249
class 0.48367950320243835 129 231 147 248
class 0.5866356492042542 142 231 161 248
class 0.5302749872207642 155 231 173 248
class 0.6259891986846924 169 231 187 249
class 0.5142701864242554 181 231 200 248
class 0.5876095294952393 194 230 212 249
class 0.638810932636261 207 230 226 248
class 0.21321448683738708 220 232 238 249
class 0.8588348627090454 232 232 248 249
