class 0.8698807954788208 1 3 18 18
class 0.8488003611564636 21 2 42 20
class 0.26621347665786743 37 2 57 17
class 0.7064723372459412 48 3 67 17
class 0.29125574231147766 61 4 80 17
class 0.35155609250068665 76 4 94 17
class 0.46216633915901184 88 4 106 18
class 0.6039740443229675 101 4 119 18
class 0.5071506500244141 114 4 133 18
class 0.5730152130126953 127 3 146 18
class 0.5646432638168335 140 3 159 18
class 0.44262295961380005 153 3 173 18
class 0.5301534533500671 167 3 186 18
class 0.5688149929046631 180 3 199 18
class 0.5542997717857361 193 3 212 18
class 0.540668249130249 207 4 225 18
class 0.4414519965648651 220 4 237 18
class 0.7368168234825134 232 2 249 18
class 0.544026792049408 1 9 16 25
class 0.6662238240242004 49 8 67 25
class 0.6649948954582214 62 10 80 25
class 0.5064197182655334 75 9 92 25
class 0.4793649911880493 89 9 105 25
class 0.45225757360458374 115 10 131 25
class 0.55820232629776 129 9 145 25
class 0.6625440120697021 141 9 158 25
class 0.540287971496582 154 9 171 25
class 0.5820763111114502 168 9 185 25
class 0.6316548585891724 180 10 198 26
class 0.6406165957450867 194 9 211 26
class 0.48451676964759827 207 9 224 25
class 0.14132261276245117 221 9 235 24
class 0.33808693289756775 1 26 15 40
class 0.13434535264968872 10 26 28 40
class 0.690746545791626 21 26 40 41
class 0.2858365774154663 34 25 53 41
class 0.1883498728275299 49 26 67 41
class 0.11791069060564041 62 25 79 41
class 0.13098539412021637 88 25 105 41
class 0.13748010993003845 101 25 118 41
class 0.12753276526927948 115 25 132 41
class 0.18793737888336182 127 25 145 41
class 0.18476736545562744 141 26 158 41
class 0.3115643858909607 154 26 172 41
class 0.24758373200893402 166 26 184 42
class 0.19719763100147247 180 25 199 41
class 0.36918795108795166 193 25 212 41
class 0.20316843688488007 207 26 224 40
class 0.25346794724464417 233 24 247 43
class 0.1854446828365326 1 39 15 53
class 0.2212134450674057 36 37 54 55
class 0.24699710309505463 49 38 68 55
class 0.2010379284620285 62 37 81 55
class 0.28395530581474304 74 38 93 56
class 0.10221085697412491 88 37 107 56
class 0.21334300935268402 102 37 120 56
class 0.26564377546310425 115 38 132 56
class 0.31649184226989746 127 38 145 55
class 0.33212530612945557 141 39 158 55
class 0.45148780941963196 155 39 172 55
class 0.41449856758117676 167 38 185 55
class 0.36823832988739014 180 38 198 55
class 0.3101797103881836 195 38 213 54
class 0.2122216671705246 207 39 225 54
class 0.12480084598064423 220 38 236 53
class 0.41693544387817383 233 35 247 54
class 0.22554399073123932 2 52 16 67
class 0.11276783049106598 23 53 39 68
class 0.20761145651340485 36 51 54 68
class 0.2663901448249817 50 51 67 68
class 0.2734071612358093 63 50 80 68
class 0.34301701188087463 75 50 93 68
class 0.18686731159687042 103 50 120 70
class 0.21844588220119476 115 49 133 68
class 0.27377578616142273 128 50 145 68
class 0.27365735173225403 142 50 158 67
class 0.4300712049007416 155 50 172 67
class 0.46812760829925537 168 51 185 68
class 0.35888007283210754 181 51 198 68
class 0.4374200701713562 195 51 212 68
class 0.2834174335002899 207 51 225 67
class 0.17134249210357666 233 50 246 68
class 0.28057363629341125 1 65 16 80
class 0.1331152319908142 24 64 40 80
class 0.3333694636821747 36 64 54 81
class 0.32877230644226074 49 64 68 81
class 0.2094235122203827 64 62 83 80
class 0.24819014966487885 75 62 92 80
class 0.9705331325531006 88 66 106 86
class 0.3989759087562561 104 62 121 81
class 0.2547239661216736 115 63 133 82
class 0.20505566895008087 128 63 145 82
class 0.2562141716480255 142 64 159 81
class 0.2614096701145172 155 65 172 82
class 0.35899749398231506 169 63 186 81
class 0.31683677434921265 182 63 199 81
class 0.3712577223777771 194 64 212 82
class 0.20227321982383728 208 65 226 82
class 0.11166674643754959 233 64 247 82
class 0.3112236261367798 1 78 16 93
class 0.13872051239013672 36 77 54 94
class 0.18395903706550598 49 77 67 95
class 0.12138696759939194 105 78 122 95
class 0.16530364751815796 115 76 133 94
class 0.188676118850708 128 77 146 95
class 0.40706542134284973 143 77 160 94
class 0.5639401078224182 155 77 172 94
class 0.3521871864795685 168 77 186 95
class 0.2783920168876648 181 77 200 95
class 0.3779815137386322 195 77 213 95
class 0.4030810296535492 207 77 226 94
class 0.1437983214855194 220 78 237 95
class 0.26895979046821594 233 74 248 94
class 0.36097705364227295 1 91 16 107
class 0.17838503420352936 23 91 41 107
class 0.1513405591249466 36 90 54 108
class 0.3229582607746124 50 90 68 108
class 0.10554365813732147 62 90 81 108
class 0.22123315930366516 77 89 95 107
class 0.5610466003417969 89 91 107 107
class 0.47789493203163147 100 89 119 107
class 0.2305363416671753 116 90 133 107
class 0.4300832450389862 128 90 146 108
class 0.41720646619796753 143 90 160 107
class 0.4644225835800171 154 90 172 108
class 0.323268860578537 169 90 187 108
class 0.39324951171875 181 89 199 108
class 0.4230597913265228 195 89 214 108
class 0.20409581065177917 233 88 248 108
class 0.3129681944847107 1 104 16 120
class 0.10095500946044922 36 103 55 122
class 0.18205130100250244 49 102 67 122
class 0.10244464129209518 62 102 81 122
class 0.1365366131067276 88 103 107 121
class 0.20826147496700287 102 103 120 121
class 0.1564260870218277 115 104 132 121
class 0.23163457214832306 129 103 146 120
class 0.20817261934280396 143 104 159 120
class 0.3965437114238739 155 103 172 121
class 0.3548232316970825 168 104 186 122
class 0.451923131942749 181 104 199 122
class 0.5947121381759644 196 103 215 122
class 0.9861440658569336 215 102 235 122
class 0.2056538611650467 234 102 249 120
class 0.4121408462524414 2 117 16 133
class 0.18428479135036469 23 117 42 133
class 0.14165043830871582 89 116 107 134
class 0.24247866868972778 102 116 120 134
class 0.23313497006893158 116 117 133 134
class 0.2678219676017761 129 117 146 134
class 0.3887340724468231 142 117 159 134
class 0.44330838322639465 156 116 173 134
class 0.3872505724430084 168 116 186 134
class 0.28810545802116394 181 117 200 135
class 0.1938144713640213 194 115 213 133
class 0.1318291276693344 206 119 226 134
class 0.19781184196472168 219 118 237 134
class 0.14067885279655457 233 115 248 135
class 0.28941935300827026 2 131 16 146
class 0.9930327534675598 45 131 64 151
class 0.4052906930446625 63 127 82 147
class 0.21870356798171997 88 130 106 147
class 0.2886064648628235 103 129 120 147
class 0.27199608087539673 116 130 133 147
class 0.249640554189682 128 129 146 147
class 0.2828943431377411 142 130 159 147
class 0.44338905811309814 155 129 173 148
class 0.31505832076072693 168 129 187 147
class 0.2556883990764618 181 128 200 147
class 0.4797869622707367 195 130 213 148
class 0.42914268374443054 207 129 226 147
class 0.27775150537490845 219 129 237 146
class 0.2390972375869751 233 128 248 147
class 0.4296364188194275 1 144 15 160
class 0.32739466428756714 89 143 107 160
class 0.2633039951324463 102 143 120 160
class 0.22273731231689453 115 142 133 160
class 0.23026210069656372 128 143 147 160
class 0.27427226305007935 142 142 160 160
class 0.3617318570613861 155 142 173 160
class 0.28980639576911926 168 143 187 161
class 0.18274280428886414 182 143 201 162
class 0.23609361052513123 233 141 248 160
class 0.3443778455257416 1 157 15 172
class 0.42661112546920776 48 156 67 173
class 0.20038695633411407 62 156 81 172
class 0.22937943041324615 76 156 94 172
class 0.4103291630744934 89 156 107 173
class 0.2929336726665497 103 156 120 173
class 0.2552807033061981 115 156 133 173
class 0.3573996424674988 129 156 147 173
class 0.3714286684989929 142 156 160 173
class 0.29763543605804443 154 156 173 174
class 0.30887991189956665 168 155 187 173
class 0.11896774172782898 182 155 201 172
class 0.9946577548980713 203 151 222 170
class 0.44389796257019043 1 171 16 186
class 0.2298172414302826 50 169 68 186
class 0.2360559105873108 62 169 81 186
class 0.18667982518672943 76 169 94 186
class 0.26180630922317505 89 169 107 186
class 0.32236286997795105 103 169 121 186
class 0.3980969786643982 115 169 133 186
class 0.3853621482849121 129 169 147 186
class 0.3374873995780945 142 169 160 186
class 0.40546944737434387 155 169 173 186
class 0.31956958770751953 168 169 187 186
class 0.12349804490804672 181 169 200 185
class 0.511753261089325 1 183 15 199
class 0.19271312654018402 24 184 40 199
class 0.32566604018211365 37 184 54 200
class 0.4210222363471985 50 183 68 199
class 0.3967115879058838 63 182 80 199
class 0.3484414219856262 77 183 94 199
class 0.3863320052623749 90 182 108 200
class 0.41059207916259766 102 182 120 199
class 0.42039331793785095 116 182 134 199
class 0.4554482400417328 129 182 146 199
class 0.3917768597602844 142 182 160 199
class 0.42103374004364014 155 182 173 199
class 0.2846796214580536 168 182 186 199
class 0.10934972018003464 181 182 199 200
class 0.14455030858516693 195 182 213 199
class 0.1328493058681488 206 182 225 198
class 0.15650200843811035 233 183 247 200
class 0.38675159215927124 2 197 15 212
class 0.15786348283290863 11 196 26 211
class 0.3331366777420044 24 196 40 212
class 0.43736550211906433 37 195 54 212
class 0.5300775170326233 50 196 68 213
class 0.5985652208328247 63 196 81 213
class 0.5702295303344727 76 196 93 214
class 0.3965684175491333 90 196 107 213
class 0.4552484154701233 103 195 120 213
class 0.37743625044822693 116 196 134 213
class 0.5089893341064453 129 196 147 213
class 0.5951880812644958 142 195 160 213
class 0.4514240324497223 155 195 173 213
class 0.27650392055511475 169 195 186 212
class 0.27331021428108215 182 195 198 213
class 0.3345375955104828 195 196 212 214
class 0.2197161614894867 207 196 224 212
class 0.13168057799339294 220 197 235 212
class 0.2500760555267334 233 195 247 213
class 0.4734918475151062 1 209 16 225
class 0.13173745572566986 11 209 26 224
class 0.20908652245998383 24 210 39 225
class 0.19696035981178284 37 209 54 226
class 0.2914239466190338 50 209 68 226
class 0.38147392868995667 63 209 81 226
class 0.4314805865287781 77 209 94 226
class 0.2986738383769989 89 209 106 226
class 0.28294751048088074 103 209 120 226
class 0.30000370740890503 116 209 134 226
class 0.31284892559051514 129 209 146 226
class 0.26697251200675964 142 208 159 226
class 0.2916361689567566 156 209 173 226
class 0.3974669575691223 169 209 185 227
class 0.3035278022289276 182 209 198 226
class 0.4585776925086975 195 208 211 226
class 0.30082055926322937 207 210 224 226
class 0.23869569599628448 220 210 235 226
class 0.27402156591415405 233 208 246 226
class 0.605059027671814 1 223 16 238
class 0.12449745833873749 12 221 27 237
class 0.17879921197891235 25 222 39 237
class 0.17876027524471283 37 222 53 238
class 0.21546955406665802 51 222 68 237
class 0.28084444999694824 64 222 81 238
class 0.26611873507499695 77 222 94 238
class 0.1513347625732422 90 222 107 238
class 0.1658090353012085 103 222 120 238
class 0.2502034604549408 117 222 133 238
class 0.22345910966396332 129 222 145 238
class 0.1670272946357727 142 222 159 238
class 0.14236705005168915 156 222 172 238
class 0.16195082664489746 169 222 186 238
class 0.11937689781188965 182 223 198 239
class 0.2115616500377655 195 222 211 238
class 0.33551615476608276 208 222 224 237
class 0.1254163384437561 220 222 235 238
class 0.3639838397502899 232 223 247 240
class 0.806553304195404 0 233 17 249
class 0.20010244846343994 10 232 28 249
class 0.28409501910209656 24 232 41 249
class 0.4399206340312958 37 231 55 248
class 0.5066273212432861 49 231 67 249
class 0.5592119097709656 64 231 82 248
class 0.5761541724205017 76 231 94 248
class 0.398173987865448 89 231 108 248
class 0.420760840177536 103 231 121 248
class 0.4666515290737152 116 231 134 249
class 0.392676442861557 129 231 147 248
class 0.58049476146698 141 231 159 249
class 0.5934070348739624 155 232 173 249
class 0.5956233143806458 169 231 187 248
class 0.588913083076477 181 231 200 248
class 0.7042569518089294 194 231 212 249
class 0.31518083810806274 207 232 225 249
class 0.20624780654907227 221 232 239 249
class 0.9359623193740845 232 232 249 249
