class 0.7207673788070679 1 3 17 18
class 0.33854368329048157 8 4 25 18
class 0.35844528675079346 22 4 41 18
class 0.5132986903190613 35 3 55 18
class 0.6889370083808899 48 3 68 18
class 0.6204301118850708 61 4 81 18
class 0.5819046497344971 74 3 93 18
class 0.49200981855392456 88 4 107 18
class 0.5543649196624756 101 3 120 18
class 0.5783108472824097 114 3 133 17
class 0.5588186979293823 127 3 146 18
class 0.5744929313659668 142 4 160 18
class 0.4776277244091034 154 4 173 17
class 0.5480332374572754 167 4 186 18
class 0.5585511326789856 180 4 199 18
class 0.30696043372154236 207 4 225 18
class 0.41290566325187683 220 4 237 18
class 0.599427342414856 233 2 249 18
class 0.7722235321998596 1 10 16 26
class 0.17976097762584686 9 10 24 25
class 0.21147260069847107 22 11 39 26
class 0.3785065710544586 35 9 53 26
class 0.4826522469520569 75 9 92 25
class 0.535423219203949 88 9 106 25
class 0.5763458013534546 102 9 119 25
class 0.5608422756195068 114 10 132 26
class 0.48348480463027954 127 10 144 26
class 0.5159510374069214 142 9 159 25
class 0.5745505094528198 154 10 172 26
class 0.47202348709106445 167 9 184 25
class 0.33246105909347534 181 9 197 25
class 0.6067735552787781 195 8 212 25
class 0.531791627407074 207 10 224 26
class 0.15146826207637787 219 9 234 25
class 0.1227126345038414 234 8 247 27
class 0.10596495866775513 35 26 53 41
class 0.21276289224624634 48 26 66 42
class 0.16414280235767365 62 26 79 41
class 0.25555169582366943 75 26 93 42
class 0.2954789698123932 88 26 105 42
class 0.2223842293024063 102 26 119 41
class 0.2672361135482788 114 26 131 42
class 0.27404555678367615 128 26 145 42
class 0.21282528340816498 141 26 158 41
class 0.16284845769405365 154 26 171 41
class 0.10087650269269943 167 27 185 41
class 0.2555472254753113 180 27 198 42
class 0.1998254954814911 193 26 211 41
class 0.2918873131275177 233 24 247 42
class 0.20555350184440613 1 39 16 54
class 0.13605287671089172 36 38 53 55
class 0.3866160213947296 49 37 66 54
class 0.39055487513542175 63 38 80 54
class 0.399186372756958 75 37 92 54
class 0.4512152075767517 89 37 106 54
class 0.36991235613822937 103 38 120 54
class 0.4186910092830658 115 37 132 54
class 0.3931416869163513 128 37 146 54
class 0.37301015853881836 142 38 159 54
class 0.4310607612133026 154 38 171 55
class 0.2927734851837158 167 38 184 54
class 0.22815260291099548 181 37 198 54
class 0.4185106158256531 194 38 212 55
class 0.16210666298866272 206 39 224 54
class 0.10280248522758484 219 38 235 54
class 0.24640506505966187 233 36 247 55
class 0.174277663230896 49 51 66 68
class 0.25379306077957153 63 51 80 68
class 0.31003350019454956 76 51 93 68
class 0.4408934712409973 89 51 106 68
class 0.42278558015823364 103 50 119 68
class 0.3986864387989044 116 51 133 68
class 0.28900963068008423 128 50 145 68
class 0.17170685529708862 142 50 159 67
class 0.23822934925556183 155 49 172 67
class 0.27532529830932617 168 50 185 67
class 0.1840316653251648 181 50 198 67
class 0.32609498500823975 195 51 212 68
class 0.11555057018995285 206 52 224 68
class 0.16196174919605255 233 49 247 68
class 0.9878789186477661 4 66 24 84
class 0.3157847821712494 50 64 67 81
class 0.3728024363517761 63 64 81 81
class 0.36518529057502747 77 64 94 81
class 0.3123776912689209 90 63 107 80
class 0.3343278169631958 103 63 120 81
class 0.4614006578922272 116 63 133 81
class 0.36586418747901917 128 64 146 82
class 0.3035525679588318 142 63 160 82
class 0.1887603998184204 154 63 172 82
class 0.16747167706489563 168 63 186 81
class 0.17420852184295654 182 64 200 81
class 0.3252125382423401 195 64 212 82
class 0.1977032572031021 207 64 225 80
class 0.18271499872207642 233 64 247 82
class 0.280428946018219 51 77 68 94
class 0.2959747612476349 63 76 81 94
class 0.5209910273551941 77 77 94 94
class 0.37905022501945496 89 77 107 95
class 0.323192834854126 103 76 120 94
class 0.35930201411247253 116 76 133 95
class 0.17431381344795227 128 75 147 94
class 0.4007863998413086 142 75 161 95
class 0.1509404480457306 154 75 173 95
class 0.18673722445964813 168 77 187 96
class 0.2293068766593933 181 78 199 95
class 0.3463163673877716 195 77 212 94
class 0.17569856345653534 207 78 225 94
class 0.19986768066883087 233 76 247 94
class 0.6200969219207764 1 90 16 107
class 0.12578906118869781 8 91 26 106
class 0.1205863282084465 36 90 55 108
class 0.23132731020450592 50 90 68 107
class 0.3479304611682892 62 89 81 108
class 0.20064735412597656 75 89 94 109
class 0.17531920969486237 89 89 108 109
class 0.20145122706890106 115 88 133 108
class 0.9860026240348816 132 93 149 111
class 0.21177004277706146 155 90 174 109
class 0.36700373888015747 168 89 186 108
class 0.43684709072113037 181 90 199 108
class 0.4115803837776184 194 90 212 107
class 0.136256605386734 207 91 225 107
class 0.2388019561767578 234 89 247 107
class 0.22018486261367798 2 104 15 120
class 0.13765887916088104 49 101 68 122
class 0.35204336047172546 90 102 109 122
class 0.15660087764263153 101 102 121 121
class 0.2407379150390625 113 103 133 122
class 0.550834596157074 154 104 173 122
class 0.34994420409202576 167 103 186 121
class 0.30016836524009705 181 103 199 121
class 0.2935384213924408 195 104 213 120
class 0.1933579295873642 207 104 225 120
class 0.14162911474704742 233 103 247 121
class 0.2540637254714966 1 118 15 133
class 0.2111978828907013 24 117 41 134
class 0.14425691962242126 36 115 55 133
class 0.9981760382652283 78 116 98 137
class 0.2022877186536789 100 116 120 135
class 0.31221693754196167 115 116 135 133
class 0.5951741933822632 128 117 146 134
class 0.6929536461830139 142 117 160 134
class 0.5942350625991821 154 116 172 134
class 0.2631021738052368 168 117 186 134
class 0.28837379813194275 181 117 199 134
class 0.3744668960571289 195 117 213 134
class 0.24184224009513855 208 117 225 133
class 0.2993957996368408 233 116 247 134
class 0.3630066215991974 1 130 15 146
class 0.9547888040542603 37 133 55 152
class 0.23454172909259796 51 126 69 146
class 0.4013546407222748 102 130 120 148
class 0.3760855495929718 116 131 134 148
class 0.4349290430545807 128 130 146 147
class 0.35208848118782043 142 129 159 146
class 0.3369026184082031 155 130 172 146
class 0.44535762071609497 168 130 186 146
class 0.42378267645835876 182 130 199 146
class 0.37943026423454285 195 130 212 147
class 0.21430592238903046 208 130 226 146
class 0.14637470245361328 220 130 236 146
class 0.3105471134185791 233 129 247 148
class 0.4361083209514618 1 144 16 160
class 0.10811373591423035 63 142 83 160
class 0.35176101326942444 75 144 95 161
class 0.4862787127494812 87 145 107 161
class 0.5330068469047546 102 143 119 160
class 0.3447960913181305 116 143 133 160
class 0.4448928236961365 129 143 146 160
class 0.5499225854873657 142 144 159 161
class 0.36354154348373413 155 144 172 160
class 0.25301021337509155 168 143 185 160
class 0.21685023605823517 182 143 199 160
class 0.4302174150943756 195 143 212 160
class 0.25382277369499207 208 144 226 160
class 0.18714125454425812 220 144 237 159
class 0.3742031753063202 233 141 247 160
class 0.1361343264579773 2 158 16 172
class 0.19616945087909698 23 157 41 172
class 0.6137421727180481 35 158 53 175
class 0.36571216583251953 49 155 68 172
class 0.16909891366958618 61 156 80 174
class 0.27579838037490845 76 156 94 173
class 0.3563264012336731 88 155 106 172
class 0.3694482743740082 102 156 120 173
class 0.3506375551223755 115 157 133 173
class 0.32772767543792725 129 157 146 173
class 0.4244823753833771 143 155 160 172
class 0.2659761309623718 155 156 172 172
class 0.4291739761829376 169 156 186 173
class 0.2295939326286316 181 157 199 173
class 0.33271217346191406 195 157 212 173
class 0.32498279213905334 208 158 226 173
class 0.13381117582321167 219 157 236 172
class 0.24563944339752197 233 156 248 174
class 0.4962078332901001 1 170 16 186
class 0.29588571190834045 36 169 54 185
class 0.2656833231449127 49 170 67 186
class 0.2756338119506836 63 170 81 186
class 0.346220999956131 76 170 93 186
class 0.42321592569351196 89 170 107 186
class 0.35641172528266907 102 170 120 186
class 0.42861485481262207 115 169 133 186
class 0.5049241781234741 129 169 146 186
class 0.3814612030982971 143 169 160 186
class 0.3569211959838867 156 169 172 186
class 0.3782135248184204 169 169 186 186
class 0.37203383445739746 182 169 199 186
class 0.5077775120735168 195 170 212 186
class 0.327725350856781 208 169 225 185
class 0.15691694617271423 220 170 236 185
class 0.36437204480171204 233 169 247 187
class 0.3095138967037201 1 184 15 199
class 0.18020828068256378 23 184 41 199
class 0.26109591126441956 36 183 54 200
class 0.2636583745479584 49 183 67 199
class 0.44445228576660156 63 183 81 200
class 0.5554651021957397 76 183 93 200
class 0.5428222417831421 90 183 107 199
class 0.542985200881958 102 183 120 199
class 0.4334617257118225 116 183 133 199
class 0.3706936836242676 129 182 146 199
class 0.3238268494606018 142 183 159 200
class 0.402253121137619 156 182 173 200
class 0.42109987139701843 168 182 185 199
class 0.33417510986328125 183 182 200 199
class 0.35092589259147644 195 182 212 199
class 0.28705236315727234 207 183 225 199
class 0.17450988292694092 233 182 246 200
class 0.34904158115386963 1 197 15 212
class 0.2914016842842102 24 197 40 212
class 0.42204397916793823 37 196 54 213
class 0.43290022015571594 50 196 67 214
class 0.43271949887275696 64 195 81 213
class 0.6103757619857788 77 195 93 213
class 0.6094849109649658 90 196 107 213
class 0.5920903086662292 103 195 120 213
class 0.5494177937507629 116 196 133 213
class 0.5561988353729248 130 195 147 213
class 0.4499403238296509 142 196 159 213
class 0.4042723476886749 156 196 173 213
class 0.4702002704143524 169 196 186 213
class 0.4506820738315582 182 196 199 213
class 0.3760248124599457 195 196 212 213
class 0.3290853202342987 208 196 226 213
class 0.16153153777122498 221 197 237 212
class 0.4296584129333496 232 195 247 213
class 0.2971442639827728 1 211 15 226
class 0.3399975597858429 24 210 39 226
class 0.3903335630893707 37 209 54 226
class 0.4270818531513214 50 208 67 226
class 0.39079973101615906 63 209 80 226
class 0.4754626750946045 77 209 94 226
class 0.3677794337272644 89 209 106 226
class 0.4115470349788666 104 208 121 226
class 0.5236687064170837 115 209 132 226
class 0.344260036945343 129 208 147 226
class 0.3629913628101349 142 208 160 226
class 0.3402339518070221 155 209 172 226
class 0.4335591793060303 169 209 186 226
class 0.4784272015094757 181 209 198 226
class 0.44516029953956604 195 210 212 227
class 0.26761114597320557 208 209 224 225
class 0.1179826483130455 220 210 235 225
class 0.1363348811864853 233 208 246 226
class 0.820002019405365 1 223 16 238
class 0.23327195644378662 26 222 40 237
class 0.2610587477684021 37 222 53 238
class 0.23700068891048431 50 222 67 238
class 0.2525096833705902 64 222 80 238
class 0.3243522047996521 77 222 93 238
class 0.3238053321838379 90 223 106 238
class 0.2410202920436859 103 223 120 239
class 0.3940718173980713 116 222 133 238
class 0.29924431443214417 130 222 146 239
class 0.26405107975006104 142 222 159 238
class 0.25861331820487976 157 222 173 238
class 0.18727464973926544 168 222 184 238
class 0.14534665644168854 183 221 199 237
class 0.4310673773288727 196 222 212 238
class 0.24865207076072693 208 224 224 239
class 0.4069782495498657 232 223 247 241
class 0.82282555103302 0 233 17 249
class 0.25271153450012207 10 232 28 249
class 0.3576383888721466 24 232 41 248
class 0.5318318605422974 37 231 55 248
class 0.4318661093711853 50 231 68 249
class 0.5513876676559448 63 231 81 249
class 0.49274560809135437 77 231 95 249
class 0.4834974408149719 89 231 107 248
class 0.5782086849212646 102 231 121 249
class 0.5313950181007385 116 231 134 249
class 0.466878741979599 129 231 147 249
class 0.5023854970932007 141 232 160 249
class 0.44819363951683044 156 231 174 248
class 0.5599805116653442 167 231 185 249
class 0.395049512386322 181 232 200 249
class 0.547908365726471 195 231 213 249
class 0.5903501510620117 208 231 226 248
class 0.29293394088745117 219 231 237 249
class 0.8550359606742859 232 231 249 249
