class 0.8271467685699463 1 3 17 18
class 0.35168391466140747 9 4 26 18
class 0.5031505823135376 22 4 41 17
class 0.5003817081451416 35 3 54 18
class 0.41214731335639954 49 3 68 17
class 0.5273975729942322 62 4 81 18
class 0.5554673671722412 74 4 93 18
class 0.5595268607139587 88 4 107 18
class 0.4887831509113312 100 3 120 18
class 0.44394636154174805 115 4 134 18
class 0.5039299726486206 127 4 146 18
class 0.5249854922294617 141 4 160 18
class 0.4212588965892792 167 4 186 17
class 0.5134465098381042 180 4 199 18
class 0.3258165419101715 207 4 226 18
class 0.3865959644317627 220 4 237 18
class 0.8318167328834534 232 2 249 18
class 0.49159759283065796 1 10 15 26
class 0.17694801092147827 23 10 39 25
class 0.519234836101532 35 10 53 26
class 0.5262375473976135 49 10 66 26
class 0.49983903765678406 62 10 79 26
class 0.5259469747543335 74 10 92 27
class 0.39472779631614685 88 9 105 26
class 0.504369854927063 102 9 119 25
class 0.5862917900085449 115 10 132 25
class 0.4957079291343689 128 9 145 25
class 0.4644765555858612 141 9 158 25
class 0.6934460401535034 154 8 171 25
class 0.47583043575286865 167 9 184 25
class 0.4860296845436096 180 10 198 26
class 0.5996026992797852 195 9 212 25
class 0.47200727462768555 208 9 225 25
class 0.10338137298822403 220 9 234 25
class 0.2387590855360031 233 8 247 26
class 0.328445166349411 1 26 15 41
class 0.1481003314256668 22 27 39 41
class 0.22326263785362244 36 25 53 41
class 0.22856567800045013 49 25 66 40
class 0.26652541756629944 62 25 79 41
class 0.33359676599502563 76 25 93 41
class 0.32183200120925903 88 26 106 41
class 0.2664084732532501 101 26 119 41
class 0.21909043192863464 115 26 132 41
class 0.2543599605560303 127 26 145 42
class 0.19147488474845886 141 26 158 41
class 0.17150935530662537 154 26 171 41
class 0.13836777210235596 167 25 185 41
class 0.18419119715690613 180 25 198 41
class 0.227592334151268 194 25 212 41
class 0.11036670207977295 207 25 225 40
class 0.19469083845615387 233 23 247 41
class 0.2636888921260834 1 39 15 54
class 0.16375164687633514 22 39 39 54
class 0.17393667995929718 35 38 54 55
class 0.24639032781124115 49 38 67 55
class 0.488671213388443 62 38 80 55
class 0.4027049243450165 75 37 93 55
class 0.3245706558227539 89 37 106 54
class 0.31045791506767273 101 37 119 54
class 0.31543201208114624 115 37 133 54
class 0.49256184697151184 129 37 146 54
class 0.49751758575439453 141 38 158 55
class 0.36718422174453735 154 38 171 55
class 0.32293376326560974 168 38 185 55
class 0.4057031273841858 181 38 198 55
class 0.47246718406677246 194 38 212 55
class 0.1924363672733307 207 39 225 54
class 0.3934328854084015 233 36 247 55
class 0.40812918543815613 2 52 16 68
class 0.19458171725273132 23 51 40 67
class 0.33385196328163147 37 51 54 68
class 0.3419889509677887 50 52 67 68
class 0.3870401084423065 63 51 80 67
class 0.28892624378204346 76 50 93 67
class 0.3127552568912506 89 50 106 68
class 0.4319656491279602 103 51 120 68
class 0.3575878441333771 116 50 133 68
class 0.3002076745033264 129 50 146 67
class 0.2840214967727661 141 50 158 67
class 0.34341129660606384 155 51 172 67
class 0.368297815322876 168 51 185 68
class 0.33727774024009705 181 51 198 68
class 0.47135046124458313 195 51 212 68
class 0.23914474248886108 207 51 225 67
class 0.20850779116153717 233 50 247 68
class 0.47132179141044617 1 64 15 80
class 0.23641933500766754 36 64 54 81
class 0.43353956937789917 51 64 68 80
class 0.5122494101524353 63 63 80 81
class 0.35348811745643616 76 64 94 82
class 0.3000594973564148 89 64 106 82
class 0.3451164662837982 103 63 120 81
class 0.29215213656425476 116 63 133 81
class 0.2759462296962738 129 64 146 81
class 0.384514719247818 142 64 159 81
class 0.5687085390090942 155 65 171 82
class 0.3787626326084137 168 64 185 81
class 0.288291871547699 182 64 199 80
class 0.3661498427391052 195 63 212 80
class 0.16708700358867645 207 64 225 80
class 0.2588741183280945 233 63 247 81
class 0.24054603278636932 1 78 15 94
class 0.2349572628736496 23 78 40 94
class 0.22853490710258484 36 78 54 95
class 0.3169602155685425 50 77 67 94
class 0.4022537171840668 63 76 81 94
class 0.3568103313446045 77 76 95 94
class 0.3071781396865845 89 76 107 94
class 0.3250088691711426 102 76 120 95
class 0.3045284152030945 116 76 133 95
class 0.26165303587913513 129 77 146 94
class 0.31473666429519653 142 76 159 94
class 0.4655689001083374 155 75 172 93
class 0.35478514432907104 168 77 185 94
class 0.22581902146339417 181 77 199 94
class 0.24677446484565735 195 77 213 94
class 0.20748811960220337 208 78 226 94
class 0.24267475306987762 233 76 247 94
class 0.3804413378238678 1 92 15 107
class 0.254062294960022 50 90 68 108
class 0.3193957805633545 63 90 81 108
class 0.2152809351682663 77 90 95 108
class 0.2974902093410492 89 89 107 108
class 0.23125265538692474 101 89 120 108
class 0.2967408001422882 115 89 133 108
class 0.3322458565235138 129 89 147 108
class 0.39961594343185425 141 90 159 108
class 0.3264662027359009 155 90 172 107
class 0.26225972175598145 168 90 185 107
class 0.2512020766735077 182 91 199 108
class 0.20247608423233032 196 90 213 107
class 0.280315101146698 208 90 226 106
class 0.18865567445755005 233 89 247 108
class 0.2924627363681793 1 105 15 120
class 0.18416564166545868 24 104 41 120
class 0.49393603205680847 36 105 54 122
class 0.3417554795742035 49 105 67 122
class 0.3819803297519684 64 103 81 121
class 0.13484832644462585 75 102 94 121
class 0.17736908793449402 116 102 134 123
class 0.1848183274269104 128 103 147 122
class 0.19875594973564148 142 103 160 121
class 0.3228090703487396 155 103 172 121
class 0.4384123980998993 169 104 186 121
class 0.48190340399742126 182 104 199 121
class 0.40428200364112854 196 104 213 121
class 0.36413052678108215 208 104 226 120
class 0.18324768543243408 220 105 237 120
class 0.4467718303203583 232 103 247 121
class 0.2286081612110138 1 118 15 133
class 0.17017541825771332 37 116 55 133
class 0.4828236699104309 50 116 67 134
class 0.49636685848236084 63 116 81 134
class 0.9873085021972656 105 118 122 138
class 0.1647319793701172 117 115 134 134
class 0.2833987772464752 128 114 147 134
class 0.33746176958084106 142 116 160 135
class 0.3116518557071686 154 117 172 134
class 0.2921329140663147 169 117 186 134
class 0.39210233092308044 182 116 199 133
class 0.35356903076171875 195 117 213 134
class 0.15519341826438904 208 116 226 132
class 0.2416701763868332 233 114 247 133
class 0.4414503872394562 1 132 16 147
class 0.11749757826328278 23 131 41 146
class 0.13148444890975952 36 130 54 147
class 0.16456736624240875 50 129 68 146
class 0.2841087281703949 62 129 80 147
class 0.2740684151649475 118 130 136 148
class 0.14690417051315308 127 129 146 147
class 0.26619240641593933 142 130 160 148
class 0.24234667420387268 154 130 172 148
class 0.2630513310432434 169 130 186 148
class 0.3779962956905365 181 130 198 147
class 0.5106513500213623 195 130 213 147
class 0.13380485773086548 208 130 226 146
class 0.20068110525608063 233 130 247 148
class 0.3163509964942932 2 143 16 158
class 0.12339766323566437 36 143 54 160
class 0.15820541977882385 50 143 68 161
class 0.24159099161624908 63 143 81 161
class 0.12476473301649094 76 143 94 160
class 0.10311146825551987 90 142 108 160
class 0.5743899345397949 102 143 119 161
class 0.24696309864521027 114 141 132 159
class 0.18142150342464447 129 143 148 160
class 0.2910239100456238 141 142 159 161
class 0.3156558871269226 155 141 173 160
class 0.31369367241859436 168 142 186 160
class 0.2744062542915344 181 142 199 160
class 0.3219320476055145 195 143 213 160
class 0.1173907220363617 221 144 237 159
class 0.4562835097312927 233 141 247 160
class 0.27551203966140747 2 156 16 172
class 0.1353996992111206 24 157 40 172
class 0.2364671230316162 36 155 54 173
class 0.1867228001356125 50 156 68 173
class 0.39670729637145996 63 156 81 173
class 0.20974773168563843 76 155 94 173
class 0.10779931396245956 89 155 107 173
class 0.1564193218946457 102 155 120 173
class 0.18093344569206238 116 156 134 173
class 0.2443309724330902 155 155 173 173
class 0.26252561807632446 169 156 187 173
class 0.30834901332855225 181 156 199 174
class 0.4405694305896759 195 157 213 173
class 0.20400908589363098 208 157 226 173
class 0.21616260707378387 233 155 247 173
class 0.21361522376537323 2 170 16 185
class 0.1041916087269783 23 170 41 186
class 0.1363709717988968 37 169 55 187
class 0.259201318025589 51 169 69 187
class 0.2594459652900696 63 169 81 186
class 0.24167095124721527 76 169 94 187
class 0.286734402179718 89 169 108 186
class 0.44178885221481323 102 169 119 186
class 0.29137662053108215 115 168 134 185
class 0.9874879121780396 136 169 155 189
class 0.34749528765678406 157 167 175 185
class 0.24183642864227295 169 170 186 186
class 0.3428581655025482 181 169 199 186
class 0.3193196952342987 195 169 213 186
class 0.23460744321346283 208 170 226 186
class 0.14284412562847137 220 171 236 186
class 0.27339720726013184 232 168 247 186
class 0.30847489833831787 1 184 15 199
class 0.13216453790664673 22 181 39 197
class 0.112418532371521 37 181 56 200
class 0.4202326238155365 50 181 68 200
class 0.4293379485607147 64 181 81 199
class 0.374277800321579 76 182 93 199
class 0.35831311345100403 89 183 107 200
class 0.47983261942863464 102 183 119 200
class 0.2012423872947693 115 182 133 199
class 0.11437487602233887 156 183 173 200
class 0.26334241032600403 169 182 186 199
class 0.3940044045448303 182 182 199 199
class 0.40565863251686096 195 183 213 199
class 0.23475351929664612 207 183 225 199
class 0.12236518412828445 220 183 236 198
class 0.31479766964912415 232 182 247 200
class 0.638367772102356 1 197 15 213
class 0.13572853803634644 11 197 27 212
class 0.9458589553833008 30 194 50 215
class 0.6204855442047119 52 194 70 212
class 0.34536364674568176 64 194 81 212
class 0.45248574018478394 77 195 94 212
class 0.592607319355011 89 195 107 212
class 0.5377899408340454 102 195 120 212
class 0.14557041227817535 115 196 132 212
class 0.45160019397735596 130 195 147 212
class 0.7400461435317993 141 196 158 212
class 0.32906705141067505 154 195 172 212
class 0.3439609706401825 169 197 186 214
class 0.4287410080432892 182 196 199 213
class 0.5589508414268494 195 196 212 213
class 0.3955085873603821 207 196 224 213
class 0.17277675867080688 220 196 236 212
class 0.4389336407184601 233 195 247 213
class 0.5706774592399597 1 209 16 225
class 0.35158804059028625 23 210 39 225
class 0.454631507396698 36 210 54 226
class 0.3193713128566742 49 209 67 226
class 0.3224789798259735 63 210 81 227
class 0.262603223323822 76 209 93 226
class 0.3303683400154114 90 209 106 226
class 0.30508559942245483 103 208 119 225
class 0.18692387640476227 115 209 132 226
class 0.14140599966049194 129 209 145 226
class 0.3177381455898285 142 208 159 225
class 0.2521563172340393 155 209 172 226
class 0.35938504338264465 169 209 186 225
class 0.4439280331134796 182 209 199 226
class 0.5401446223258972 195 209 212 226
class 0.26839399337768555 207 210 224 226
class 0.28804415464401245 232 209 247 227
class 0.7924092411994934 1 223 17 238
class 0.1908126175403595 24 221 40 237
class 0.2952567934989929 36 220 53 237
class 0.19888517260551453 50 221 67 237
class 0.20631220936775208 64 221 80 238
class 0.2149563729763031 77 222 93 238
class 0.2424919158220291 90 222 106 238
class 0.14419999718666077 103 222 119 238
class 0.18963627517223358 129 222 146 238
class 0.20579542219638824 143 222 159 238
class 0.21259042620658875 156 222 172 238
class 0.21156613528728485 170 222 186 238
class 0.2747390568256378 182 222 199 238
class 0.3291555643081665 196 222 212 238
class 0.34411004185676575 208 223 224 238
class 0.4443359375 232 222 247 240
class 0.8123956322669983 0 232 17 249
class 0.2534020245075226 24 232 42 248
class 0.31611886620521545 35 231 54 248
class 0.38252565264701843 50 232 68 248
class 0.47408682107925415 63 231 81 248
class 0.4901435077190399 76 231 94 248
class 0.5722548961639404 90 231 108 248
class 0.4865947961807251 101 231 120 248
class 0.3876775801181793 115 232 134 248
class 0.4869621992111206 129 232 147 249
class 0.4676606357097626 142 232 160 249
class 0.6232786774635315 155 232 173 249
class 0.5534613728523254 168 231 187 248
class 0.3941599428653717 181 232 200 248
class 0.5002068281173706 195 231 213 249
class 0.49403777718544006 207 231 225 248
class 0.2060699760913849 219 232 237 249
class 0.8923487067222595 233 232 249 249
