class 0.8454242944717407 0 3 17 18
class 0.5316287279129028 9 4 26 18
class 0.5852483510971069 22 4 41 18
class 0.5227877497673035 35 3 54 17
class 0.504788339138031 48 3 68 17
class 0.5524303317070007 61 3 81 17
class 0.5278492569923401 75 3 94 17
class 0.516044557094574 87 4 107 18
class 0.35352370142936707 101 4 120 18
class 0.3364866077899933 128 3 147 17
class 0.5277219414710999 141 3 160 17
class 0.6428081393241882 154 3 173 17
class 0.6930689811706543 167 3 186 18
class 0.4707760810852051 180 4 199 18
class 0.5519519448280334 194 4 212 18
class 0.6257742047309875 206 4 225 18
class 0.39693334698677063 221 4 237 17
class 0.7775503993034363 232 2 249 18
class 0.7392594814300537 1 9 16 26
class 0.24834075570106506 9 9 25 24
class 0.44661641120910645 24 10 40 25
class 0.371195524930954 35 10 52 26
class 0.4188683032989502 49 10 66 26
class 0.4415762424468994 63 10 80 26
class 0.5238914489746094 75 10 92 26
class 0.6579294800758362 88 9 106 25
class 0.6495073437690735 101 10 119 26
class 0.57855623960495 115 9 132 25
class 0.4655159115791321 127 10 145 26
class 0.349111944437027 141 10 158 26
class 0.4177802503108978 155 10 171 25
class 0.5695354342460632 167 10 184 26
class 0.43085235357284546 181 10 198 25
class 0.5390298962593079 194 9 211 25
class 0.22650596499443054 233 8 247 26
class 0.3412565588951111 1 25 15 41
class 0.2231786996126175 22 26 39 41
class 0.10599526762962341 35 26 54 42
class 0.2548459768295288 48 25 66 42
class 0.22911019623279572 62 25 80 42
class 0.21487177908420563 75 25 93 41
class 0.18364320695400238 88 25 105 41
class 0.2743704319000244 102 25 119 41
class 0.16436102986335754 115 27 133 42
class 0.2658402919769287 128 26 145 41
class 0.3576045036315918 140 25 158 41
class 0.32307782769203186 154 26 172 41
class 0.3082742989063263 167 25 185 41
class 0.3268343508243561 181 26 199 41
class 0.30254432559013367 193 25 212 41
class 0.12958310544490814 206 25 224 40
class 0.29180318117141724 234 23 247 41
class 0.30236437916755676 1 39 15 54
class 0.268182635307312 49 36 67 55
class 0.3607997000217438 61 36 80 56
class 0.20416899025440216 75 37 93 55
class 0.22959820926189423 89 38 106 55
class 0.39951270818710327 102 38 119 55
class 0.4986298978328705 115 38 132 54
class 0.30898547172546387 128 37 146 54
class 0.35103315114974976 141 37 158 55
class 0.4292641580104828 154 37 172 55
class 0.4062923491001129 168 37 185 54
class 0.5259436964988708 182 37 199 54
class 0.5795748233795166 194 38 212 55
class 0.17556533217430115 206 39 224 54
class 0.1598721593618393 233 37 246 55
class 0.4774121642112732 1 51 16 67
class 0.9810405373573303 40 53 57 71
class 0.10657169669866562 47 49 66 69
class 0.4027131497859955 61 49 80 69
class 0.20673035085201263 76 50 93 68
class 0.33107155561447144 90 50 107 67
class 0.33349668979644775 102 50 119 67
class 0.3250330090522766 115 51 132 68
class 0.2592566907405853 129 51 145 68
class 0.2910740077495575 142 51 159 68
class 0.41135215759277344 155 50 172 68
class 0.363432914018631 168 51 185 69
class 0.45537716150283813 181 50 198 68
class 0.4846968948841095 195 51 212 69
class 0.4928179979324341 207 52 225 68
class 0.3067021667957306 220 51 236 66
class 0.4085824489593506 232 50 247 69
class 0.302534818649292 1 66 16 80
class 0.3332963287830353 39 61 55 78
class 0.3502974808216095 62 64 80 83
class 0.19296398758888245 76 65 93 82
class 0.27164289355278015 90 64 107 82
class 0.3282509744167328 103 64 120 81
class 0.4113066494464874 116 63 133 81
class 0.5335127115249634 129 63 146 81
class 0.5397967100143433 142 65 159 82
class 0.5673091411590576 155 64 173 82
class 0.5119895339012146 168 64 185 82
class 0.38308778405189514 181 64 199 82
class 0.11454101651906967 194 61 212 79
class 0.18181774020195007 209 62 227 79
class 0.18414925038814545 220 64 236 80
class 0.2703268229961395 233 62 247 80
class 0.43301013112068176 1 78 16 93
class 0.656257152557373 35 77 53 94
class 0.5502521395683289 47 77 67 94
class 0.5712102055549622 63 76 81 94
class 0.4118284285068512 76 78 94 94
class 0.3629385530948639 88 78 106 95
class 0.27181729674339294 102 77 120 94
class 0.2197399139404297 115 77 133 95
class 0.21665965020656586 128 76 146 95
class 0.4209647476673126 142 76 160 94
class 0.5005051493644714 156 77 173 95
class 0.3262735903263092 168 77 186 94
class 0.3244146406650543 180 75 198 94
class 0.9768037796020508 197 77 215 96
class 0.21933048963546753 219 78 236 94
class 0.3481540381908417 233 76 247 94
class 0.31017234921455383 1 91 15 106
class 0.11326085031032562 35 89 54 107
class 0.19948522746562958 48 89 67 107
class 0.17731663584709167 63 90 81 107
class 0.2900664806365967 77 89 95 106
class 0.3821455240249634 88 89 106 107
class 0.4503574073314667 103 91 121 108
class 0.3342372477054596 115 90 133 108
class 0.32682421803474426 128 90 146 108
class 0.3856838345527649 142 91 160 108
class 0.535880982875824 156 90 173 108
class 0.32139238715171814 167 90 185 108
class 0.15694385766983032 180 91 200 109
class 0.35272836685180664 219 90 236 106
class 0.3571358621120453 233 90 247 108
class 0.3967262804508209 1 104 16 120
class 0.16076263785362244 23 104 40 120
class 0.14927861094474792 36 104 54 121
class 0.20409174263477325 49 104 67 121
class 0.24778532981872559 63 104 81 121
class 0.17935311794281006 76 104 94 121
class 0.30203038454055786 90 104 107 121
class 0.3521064519882202 102 103 119 121
class 0.23105213046073914 115 103 133 121
class 0.3553553819656372 129 104 147 122
class 0.39602792263031006 142 103 160 121
class 0.6036353707313538 155 103 173 122
class 0.44241881370544434 168 104 186 122
class 0.2024698108434677 181 102 200 121
class 0.6200107336044312 195 102 212 120
class 0.4499625563621521 205 103 224 119
class 0.15707196295261383 220 104 237 120
class 0.3821287453174591 233 102 247 121
class 0.15672676265239716 1 118 15 133
class 0.19582603871822357 36 116 54 135
class 0.2739238739013672 49 116 67 134
class 0.34687769412994385 63 116 80 134
class 0.39445939660072327 76 117 94 134
class 0.3733893930912018 89 115 107 133
class 0.31941911578178406 101 115 120 134
class 0.1677185744047165 116 116 134 134
class 0.3554863929748535 129 115 147 133
class 0.609836220741272 143 116 161 134
class 0.11458975076675415 183 115 201 134
class 0.27149736881256104 195 117 212 135
class 0.16313070058822632 207 118 224 133
class 0.19599293172359467 233 116 247 134
class 0.19673022627830505 1 131 16 146
class 0.10756031423807144 23 129 41 146
class 0.18491636216640472 35 129 54 150
class 0.16691677272319794 50 128 68 148
class 0.21859492361545563 62 129 81 148
class 0.2624133825302124 76 130 94 147
class 0.2804756164550781 89 130 107 147
class 0.31502383947372437 103 129 120 147
class 0.29663988947868347 115 129 133 147
class 0.4064263105392456 129 130 146 147
class 0.4064737856388092 144 129 161 147
class 0.13237856328487396 157 130 174 147
class 0.9373283386230469 165 129 182 148
class 0.20054775476455688 182 130 200 147
class 0.27636945247650146 196 130 213 147
class 0.23174184560775757 207 131 225 146
class 0.1282687485218048 220 131 236 146
class 0.26502126455307007 233 128 247 147
class 0.2871253192424774 49 142 68 162
class 0.2844870090484619 63 142 81 161
class 0.3317212760448456 75 142 94 160
class 0.4254761040210724 89 142 107 160
class 0.23246774077415466 103 143 120 160
class 0.3303431272506714 116 143 133 161
class 0.362785667181015 129 142 146 160
class 0.30328649282455444 142 142 160 159
class 0.1579160988330841 153 143 171 161
class 0.5660805106163025 168 144 185 161
class 0.25832319259643555 181 143 199 161
class 0.43301716446876526 195 144 212 161
class 0.20191514492034912 207 143 225 159
class 0.18893522024154663 234 142 247 160
class 0.9924672245979309 25 152 42 170
class 0.2078132927417755 49 154 68 173
class 0.2203025221824646 62 156 81 173
class 0.23484034836292267 77 156 94 173
class 0.34219130873680115 89 155 107 172
class 0.49582555890083313 103 155 120 173
class 0.44717490673065186 116 155 134 172
class 0.37712159752845764 129 154 146 172
class 0.25967633724212646 142 155 159 172
class 0.3094232976436615 154 155 172 173
class 0.31566715240478516 168 155 185 172
class 0.14438198506832123 181 156 200 173
class 0.14771898090839386 195 156 213 173
class 0.17551127076148987 207 157 225 172
class 0.1630689650774002 233 155 247 173
class 0.18198297917842865 49 170 68 187
class 0.4461634159088135 63 170 81 186
class 0.631197988986969 77 170 94 186
class 0.4442913830280304 89 170 106 187
class 0.40577706694602966 102 169 119 186
class 0.43761372566223145 116 169 134 186
class 0.28895559906959534 129 169 145 187
class 0.19394826889038086 142 171 160 187
class 0.3712978959083557 156 170 173 186
class 0.4874246120452881 168 170 186 187
class 0.3243654668331146 181 170 199 187
class 0.41882410645484924 195 171 213 187
class 0.3267643451690674 207 170 225 186
class 0.16118040680885315 233 169 247 187
class 0.27394312620162964 1 184 16 199
class 0.26775580644607544 23 183 41 199
class 0.24842245876789093 37 182 55 199
class 0.2667105197906494 51 182 67 199
class 0.4495457708835602 63 183 80 199
class 0.5362259745597839 77 182 93 199
class 0.4767929017543793 90 182 107 199
class 0.43814173340797424 103 183 120 200
class 0.41363921761512756 115 183 133 200
class 0.3416486382484436 129 184 146 201
class 0.2652764618396759 143 184 160 200
class 0.5826811790466309 155 183 172 200
class 0.5385997891426086 169 183 186 200
class 0.3319152891635895 182 182 199 199
class 0.3623476028442383 195 182 213 199
class 0.18373224139213562 207 183 226 199
class 0.13006792962551117 220 183 236 198
class 0.378722608089447 233 182 247 200
class 0.5720828175544739 1 196 16 212
class 0.4598236680030823 24 195 41 212
class 0.3126709759235382 36 196 53 213
class 0.3720357120037079 50 196 67 213
class 0.43374431133270264 63 195 80 213
class 0.4012678265571594 77 196 93 213
class 0.41703811287879944 90 196 107 213
class 0.43996214866638184 103 196 119 213
class 0.6019738912582397 117 196 134 214
class 0.6656675934791565 130 196 147 213
class 0.6114735007286072 141 196 159 213
class 0.5627117156982422 155 195 173 212
class 0.5940389037132263 169 195 187 212
class 0.42902693152427673 182 196 199 213
class 0.3791617453098297 195 196 213 213
class 0.34619155526161194 207 196 225 213
class 0.14874549210071564 220 196 236 212
class 0.3315802812576294 232 195 247 213
class 0.3050338625907898 1 209 15 225
class 0.10910332202911377 12 210 26 224
class 0.426089882850647 24 210 39 226
class 0.4425400197505951 38 209 54 225
class 0.367125004529953 50 209 66 225
class 0.29548704624176025 63 209 79 226
class 0.39981263875961304 77 208 93 226
class 0.5026988983154297 90 208 106 226
class 0.3617008626461029 103 209 120 226
class 0.34734389185905457 116 208 133 226
class 0.27315810322761536 130 209 146 226
class 0.3298948109149933 142 209 160 227
class 0.2647402286529541 155 210 173 227
class 0.28809550404548645 169 209 187 227
class 0.3411842882633209 182 209 200 227
class 0.3470573425292969 194 209 212 227
class 0.26968321204185486 208 210 225 226
class 0.23588284850120544 232 209 247 227
class 0.8175243735313416 1 223 16 239
class 0.20401953160762787 24 222 39 238
class 0.18361826241016388 38 222 53 238
class 0.12335273623466492 51 222 66 238
class 0.20952564477920532 63 222 79 238
class 0.10662718862295151 77 222 92 239
class 0.17529669404029846 104 222 120 238
class 0.15349043905735016 117 222 133 238
class 0.22611752152442932 130 223 147 239
class 0.1982336789369583 143 221 159 237
class 0.21806125342845917 156 221 173 237
class 0.2421182245016098 169 221 186 237
class 0.21593408286571503 182 221 199 238
class 0.38360002636909485 196 222 213 239
class 0.2699236273765564 208 223 224 239
class 0.5367873311042786 232 223 247 240
class 0.819570004940033 0 232 16 249
class 0.1125960499048233 10 232 28 248
class 0.482002854347229 24 231 41 248
class 0.4150925874710083 36 231 55 248
class 0.4202328026294708 49 231 68 248
class 0.5973941087722778 62 231 80 249
class 0.3919224143028259 77 231 95 248
class 0.5673208832740784 89 231 108 248
class 0.5562741756439209 102 231 121 249
class 0.5826127529144287 116 231 134 248
class 0.4845133125782013 128 230 147 248
class 0.5453919768333435 143 231 161 249
class 0.4542512595653534 155 231 173 248
class 0.49737846851348877 168 231 186 249
class 0.46184954047203064 182 232 200 248
class 0.6136382222175598 195 231 213 248
class 0.46765124797821045 207 231 225 248
class 0.18489928543567657 220 232 238 248
class 0.8864932656288147 232 232 249 249
