class 0.828395664691925 1 2 17 18
class 0.5341435074806213 9 4 26 18
class 0.3345043659210205 21 4 39 18
class 0.25211018323898315 35 4 53 18
class 0.4199156165122986 49 4 68 18
class 0.5343151688575745 63 4 81 18
class 0.4462589621543884 88 4 106 18
class 0.6377179026603699 102 4 120 18
class 0.40501531958580017 115 4 133 18
class 0.6361504793167114 127 3 146 18
class 0.5446265935897827 140 3 160 18
class 0.336188405752182 154 3 173 17
class 0.38343095779418945 166 4 186 18
class 0.32210463285446167 180 4 199 18
class 0.32343345880508423 193 4 213 18
class 0.41665998101234436 207 3 226 17
class 0.3398313522338867 221 4 238 17
class 0.9063690900802612 232 2 248 18
class 0.6009304523468018 1 9 16 26
class 0.22033093869686127 22 10 39 25
class 0.3966987729072571 35 9 53 25
class 0.5156000256538391 49 9 66 26
class 0.514484167098999 62 9 79 25
class 0.5774757266044617 76 9 92 25
class 0.5591945052146912 88 10 105 26
class 0.4855685830116272 101 9 118 25
class 0.5574360489845276 116 10 133 25
class 0.6011174917221069 127 9 145 26
class 0.43216997385025024 141 10 159 25
class 0.30240535736083984 155 9 172 26
class 0.5290646553039551 181 9 199 26
class 0.6168176531791687 193 9 211 27
class 0.22715403139591217 207 9 224 26
class 0.23227649927139282 1 26 15 41
class 0.1120852380990982 23 27 39 41
class 0.13014666736125946 35 26 53 41
class 0.19210800528526306 48 26 66 41
class 0.28443238139152527 62 26 80 41
class 0.18417437374591827 75 25 92 41
class 0.12168409675359726 88 24 105 40
class 0.12260983884334564 115 25 132 40
class 0.3495672941207886 128 25 146 41
class 0.2100871056318283 140 26 158 42
class 0.107296884059906 153 25 172 41
class 0.1590452939271927 205 25 225 41
class 0.150854229927063 234 24 247 42
class 0.3656587302684784 1 39 15 54
class 0.15441951155662537 23 39 40 53
class 0.2069503366947174 35 38 53 55
class 0.37205269932746887 49 38 67 55
class 0.2957896590232849 61 38 79 55
class 0.12672944366931915 75 37 93 54
class 0.16090485453605652 88 37 106 54
class 0.31868651509284973 102 39 119 55
class 0.35668832063674927 115 39 132 56
class 0.3859626054763794 129 39 146 55
class 0.47340184450149536 141 39 158 55
class 0.10408519208431244 154 37 172 54
class 0.996688187122345 185 36 203 56
class 0.1950305998325348 205 37 225 54
class 0.10634829849004745 220 38 236 53
class 0.24293313920497894 233 37 246 55
class 0.22408117353916168 1 51 15 66
class 0.14534328877925873 23 52 40 67
class 0.1784486025571823 36 51 53 68
class 0.31415989995002747 50 51 67 67
class 0.46846505999565125 63 51 79 68
class 0.23452720046043396 75 51 93 68
class 0.23870712518692017 89 51 106 68
class 0.2534899413585663 102 50 119 68
class 0.3616400361061096 116 50 132 67
class 0.29316961765289307 129 50 146 67
class 0.533692479133606 143 50 159 68
class 0.1371559351682663 154 50 171 67
class 0.10159192979335785 181 51 198 67
class 0.23518094420433044 232 50 246 68
class 0.2573334574699402 1 66 15 81
class 0.17626819014549255 36 65 54 81
class 0.2517518103122711 50 64 67 81
class 0.36027270555496216 63 64 80 81
class 0.3126104772090912 76 64 93 82
class 0.3282862901687622 89 64 107 82
class 0.23201382160186768 102 64 120 82
class 0.30167916417121887 116 63 133 81
class 0.2324637472629547 128 64 146 82
class 0.31325432658195496 143 63 160 81
class 0.15371619164943695 155 64 172 81
class 0.10237501561641693 168 64 186 82
class 0.3055439889431 181 63 199 81
class 0.31503647565841675 194 63 212 80
class 0.19148331880569458 207 65 225 80
class 0.10937963426113129 220 65 236 80
class 0.16349224746227264 233 62 246 80
class 0.22162826359272003 1 78 15 93
class 0.1790706068277359 35 77 53 94
class 0.2771388590335846 50 77 68 94
class 0.2907102704048157 63 76 81 94
class 0.4534725248813629 76 76 94 94
class 0.3843054175376892 90 76 107 94
class 0.3609336316585541 102 76 120 94
class 0.32161569595336914 115 76 133 95
class 0.36659523844718933 129 76 147 94
class 0.18525314331054688 141 77 159 95
class 0.21651335060596466 154 76 173 95
class 0.14136970043182373 167 77 186 96
class 0.12663576006889343 182 76 199 94
class 0.13321062922477722 194 77 212 94
class 0.1106216087937355 208 77 225 93
class 0.13191871345043182 221 78 237 93
class 0.28846853971481323 233 77 247 95
class 0.27306854724884033 1 92 15 107
class 0.11429211497306824 35 90 54 107
class 0.10675127804279327 50 90 68 107
class 0.15717214345932007 63 90 81 107
class 0.19603031873703003 76 90 94 108
class 0.22466826438903809 90 90 107 108
class 0.23197506368160248 103 90 120 108
class 0.3044070899486542 116 89 134 108
class 0.42436325550079346 129 89 147 107
class 0.49995675683021545 142 90 160 108
class 0.1839979588985443 195 90 212 108
class 0.19401860237121582 208 92 225 107
class 0.1419958472251892 220 91 236 106
class 0.21680624783039093 233 89 247 107
class 0.3538152873516083 1 104 16 120
class 0.18352800607681274 50 103 68 121
class 0.32209599018096924 63 103 81 121
class 0.3343624174594879 76 103 94 121
class 0.2942328453063965 89 103 107 121
class 0.3009152114391327 103 104 121 121
class 0.3447798490524292 115 104 133 122
class 0.22063709795475006 128 103 147 121
class 0.2786716818809509 143 103 162 121
class 0.9931246042251587 163 104 182 124
class 0.24229079484939575 182 101 200 120
class 0.2051038295030594 195 103 213 121
class 0.3304934799671173 207 104 224 120
class 0.152833491563797 220 104 236 119
class 0.19123704731464386 233 102 247 120
class 0.22381235659122467 1 118 15 133
class 0.12359142303466797 36 117 54 134
class 0.25571227073669434 50 117 68 135
class 0.18167239427566528 62 115 80 134
class 0.20628634095191956 76 116 94 134
class 0.3104766011238098 90 116 107 134
class 0.42264604568481445 103 116 120 134
class 0.4333806335926056 115 116 133 134
class 0.21974219381809235 127 116 146 134
class 0.2567867934703827 143 115 161 133
class 0.38079190254211426 195 118 213 135
class 0.3467913269996643 207 118 225 133
class 0.30848056077957153 233 116 247 134
class 0.3009265065193176 1 131 16 146
class 0.18766340613365173 50 129 68 147
class 0.25249239802360535 62 130 80 148
class 0.225517138838768 76 129 95 148
class 0.28028401732444763 89 128 107 147
class 0.31158605217933655 102 129 120 148
class 0.30015310645103455 115 128 133 147
class 0.24939993023872375 128 129 146 147
class 0.2049410194158554 142 130 160 148
class 0.5416218042373657 155 130 173 147
class 0.5009603500366211 166 131 186 147
class 0.3742998540401459 180 130 199 147
class 0.5010057091712952 195 130 212 147
class 0.3423943817615509 208 131 225 146
class 0.16808858513832092 233 129 247 146
class 0.11643277853727341 1 144 15 159
class 0.24632109701633453 49 142 67 161
class 0.3067655563354492 63 142 81 161
class 0.21663573384284973 76 142 95 161
class 0.2474142163991928 89 142 107 161
class 0.2540028989315033 102 141 121 160
class 0.32531556487083435 115 141 133 161
class 0.14242112636566162 128 141 147 161
class 0.18159443140029907 142 143 160 161
class 0.33913353085517883 155 143 172 161
class 0.3863476514816284 168 143 186 160
class 0.27202272415161133 181 143 199 160
class 0.36819180846214294 195 143 213 160
class 0.3661241829395294 208 144 226 159
class 0.13563713431358337 220 144 237 159
class 0.39655518531799316 232 143 247 161
class 0.18909472227096558 1 158 16 173
class 0.25173020362854004 50 156 68 174
class 0.33411917090415955 63 155 81 173
class 0.16917598247528076 76 155 95 173
class 0.19325439631938934 128 156 147 175
class 0.264726459980011 142 156 159 174
class 0.3208290934562683 155 157 173 173
class 0.4233494699001312 168 157 186 173
class 0.3617207109928131 181 157 199 173
class 0.4415724575519562 194 157 212 173
class 0.256009966135025 208 157 226 172
class 0.13472329080104828 220 156 237 171
class 0.46055057644844055 232 155 247 173
class 0.3132069706916809 1 170 16 186
class 0.11085125058889389 36 169 55 187
class 0.28273698687553406 50 169 69 186
class 0.27125173807144165 63 169 82 186
class 0.11249265819787979 89 169 106 186
class 0.9834082722663879 105 164 122 183
class 0.2503786087036133 129 168 147 186
class 0.36355653405189514 142 169 160 186
class 0.46744680404663086 155 170 173 186
class 0.38968968391418457 167 169 186 186
class 0.31772536039352417 181 169 199 186
class 0.4773097336292267 195 170 213 186
class 0.2610255777835846 207 170 225 186
class 0.11729259043931961 219 171 236 185
class 0.25292322039604187 233 168 248 186
class 0.2624468207359314 1 184 16 199
class 0.19433490931987762 24 184 41 200
class 0.25206854939460754 37 183 55 200
class 0.41214823722839355 50 182 68 200
class 0.44013512134552 63 182 81 200
class 0.1666441112756729 76 183 95 199
class 0.13997294008731842 90 182 109 198
class 0.4974552094936371 101 184 118 201
class 0.20843259990215302 115 183 133 200
class 0.24427461624145508 129 182 147 199
class 0.29817259311676025 142 182 159 199
class 0.4346338212490082 156 182 173 199
class 0.4636722207069397 167 182 185 200
class 0.350101113319397 182 183 200 200
class 0.4799869656562805 195 183 213 200
class 0.44452208280563354 207 184 226 199
class 0.2556353807449341 219 184 236 199
class 0.3598548173904419 233 183 247 200
class 0.546524703502655 1 196 16 212
class 0.4782465100288391 24 196 41 213
class 0.32886749505996704 36 197 55 215
class 0.4245058298110962 50 196 68 215
class 0.4222988486289978 63 196 81 215
class 0.23530302941799164 76 196 94 213
class 0.23922446370124817 90 196 107 213
class 0.3784055709838867 102 194 120 211
class 0.41271600127220154 116 196 133 213
class 0.41579100489616394 129 197 146 213
class 0.4219436049461365 143 196 159 213
class 0.3649563193321228 155 196 172 213
class 0.439950555562973 169 196 186 213
class 0.6575661301612854 182 196 199 214
class 0.6567494869232178 195 196 212 213
class 0.5059577822685242 207 196 225 213
class 0.16964980959892273 220 196 236 212
class 0.46631520986557007 233 196 248 213
class 0.2462705671787262 1 209 16 225
class 0.21020880341529846 51 206 70 226
class 0.43768492341041565 63 208 82 227
class 0.20841754972934723 76 209 94 227
class 0.230085551738739 90 210 107 226
class 0.25148913264274597 103 210 119 226
class 0.33568593859672546 116 209 132 225
class 0.2307692915201187 129 209 145 225
class 0.4088747799396515 143 209 159 226
class 0.3792632818222046 155 210 172 227
class 0.3717755079269409 169 209 186 226
class 0.4007592797279358 182 209 199 226
class 0.38352054357528687 194 209 211 226
class 0.21912242472171783 208 209 225 225
class 0.2792414426803589 232 209 247 226
class 0.8050931692123413 1 224 17 240
class 0.9987102746963501 40 224 58 242
class 0.17425823211669922 63 221 82 238
class 0.18944281339645386 76 222 94 238
class 0.21990470588207245 90 222 107 237
class 0.23952817916870117 103 221 120 237
class 0.23212455213069916 116 222 132 238
class 0.13062426447868347 130 222 146 237
class 0.1947772055864334 142 221 158 237
class 0.3168357014656067 156 221 173 238
class 0.22185707092285156 169 222 185 238
class 0.18338154256343842 182 222 198 238
class 0.15194042026996613 195 222 212 238
class 0.2576552927494049 208 223 224 239
class 0.55022132396698 231 223 247 241
class 0.6984921097755432 0 233 17 249
class 0.5971367955207825 62 231 82 249
class 0.3208388090133667 76 231 96 248
class 0.5115737318992615 89 231 107 249
class 0.4726356565952301 103 231 121 248
class 0.47365570068359375 115 231 133 248
class 0.3156485855579376 128 231 147 249
class 0.47069212794303894 142 232 160 249
class 0.4303191304206848 154 231 172 249
class 0.4414316713809967 169 232 187 248
class 0.6120397448539734 181 232 200 249
class 0.37358859181404114 194 231 213 248
class 0.6066426038742065 206 232 225 249
class 0.17213141918182373 221 232 239 248
class 0.9210403561592102 232 231 249 249
