class 0.8438438773155212 1 3 17 18
class 0.3655233681201935 8 4 25 18
class 0.4237082898616791 22 4 40 18
class 0.41200345754623413 35 3 54 18
class 0.4066822826862335 48 3 67 18
class 0.5673743486404419 62 4 81 18
class 0.5235140323638916 75 4 94 18
class 0.4171464741230011 88 4 106 18
class 0.5857128500938416 101 4 120 18
class 0.5549243092536926 114 4 133 18
class 0.5569526553153992 127 3 147 18
class 0.6222337484359741 141 3 160 17
class 0.5733753442764282 153 3 173 18
class 0.3922933042049408 167 4 187 17
class 0.5812013745307922 180 3 200 18
class 0.4998890459537506 193 3 213 18
class 0.7304861545562744 206 3 226 18
class 0.26380977034568787 221 4 238 17
class 0.8399282693862915 232 2 249 18
class 0.47952547669410706 2 10 16 25
class 0.18275031447410583 10 10 25 24
class 0.2883679270744324 22 10 39 25
class 0.3976462781429291 36 9 53 25
class 0.5129541754722595 48 9 66 25
class 0.43890997767448425 76 9 93 25
class 0.45837125182151794 88 9 105 25
class 0.5996923446655273 102 9 119 25
class 0.5121573805809021 115 9 132 25
class 0.5285634398460388 127 10 145 26
class 0.5835852026939392 142 10 159 26
class 0.6656399369239807 154 9 172 26
class 0.6284410357475281 167 10 185 26
class 0.8074082732200623 180 9 199 27
class 0.6585742831230164 193 10 212 27
class 0.23451851308345795 233 8 247 26
class 0.25394725799560547 1 26 15 41
class 0.10010138899087906 22 26 38 40
class 0.11468484997749329 36 25 53 40
class 0.19924359023571014 49 24 65 40
class 0.24289323389530182 63 25 80 41
class 0.15586920082569122 75 25 92 41
class 0.24523034691810608 88 26 105 41
class 0.25749316811561584 102 25 119 41
class 0.26159584522247314 114 25 132 41
class 0.4238831400871277 128 25 146 42
class 0.39619845151901245 141 26 159 42
class 0.2675681412220001 154 25 172 41
class 0.22601844370365143 167 24 186 41
class 0.11047117412090302 193 24 213 41
class 0.29097679257392883 206 24 226 42
class 0.23300683498382568 233 23 247 41
class 0.3536754250526428 1 39 15 54
class 0.20267760753631592 23 38 40 53
class 0.2903788387775421 35 38 52 55
class 0.26042258739471436 50 39 67 56
class 0.23839107155799866 64 37 81 54
class 0.4049632251262665 76 38 92 55
class 0.5391652584075928 89 39 106 55
class 0.3615262806415558 102 39 119 55
class 0.3692980706691742 115 38 132 55
class 0.3601076304912567 128 37 145 54
class 0.5914633870124817 143 37 160 55
class 0.6491231322288513 154 38 171 55
class 0.4393881857395172 168 37 187 55
class 0.9830837249755859 189 36 208 56
class 0.48433828353881836 208 37 227 54
class 0.1699858456850052 233 37 247 55
class 0.6204653978347778 1 51 16 67
class 0.10154619812965393 23 51 40 67
class 0.1008741483092308 35 50 54 69
class 0.18317237496376038 49 51 68 70
class 0.11748529225587845 62 50 80 69
class 0.3281804025173187 76 50 93 68
class 0.4673289954662323 90 51 106 68
class 0.47953370213508606 103 51 119 68
class 0.4460826516151428 116 50 132 67
class 0.36330363154411316 128 51 145 68
class 0.5219387412071228 143 51 159 68
class 0.3994261920452118 154 50 171 68
class 0.21667170524597168 169 50 187 67
class 0.28069376945495605 180 52 199 69
class 0.7357144951820374 194 52 212 69
class 0.16456983983516693 205 51 224 67
class 0.32131120562553406 232 49 247 67
class 0.3055177330970764 1 65 16 80
class 0.10271572321653366 23 64 41 81
class 0.2551756799221039 50 62 68 82
class 0.23228448629379272 63 63 81 83
class 0.2837716042995453 75 63 93 82
class 0.30773597955703735 89 64 106 81
class 0.3094395399093628 103 64 119 81
class 0.41332727670669556 116 64 133 81
class 0.5891828536987305 130 64 146 81
class 0.4504244923591614 142 64 159 81
class 0.498134583234787 155 65 172 81
class 0.1943790316581726 168 65 186 82
class 0.4294077455997467 180 64 199 81
class 0.40585097670555115 194 62 213 79
class 0.24281840026378632 207 64 226 80
class 0.21571455895900726 233 63 247 81
class 0.7261265516281128 1 78 16 94
class 0.9908453822135925 39 79 56 98
class 0.19282503426074982 51 76 68 94
class 0.2285957783460617 62 76 80 95
class 0.17665474116802216 76 77 94 95
class 0.3878749907016754 89 78 107 95
class 0.4292618930339813 102 77 120 94
class 0.29456833004951477 115 77 132 94
class 0.27464723587036133 130 77 147 94
class 0.328630656003952 142 78 159 95
class 0.38042914867401123 155 77 173 94
class 0.3220711052417755 168 77 186 94
class 0.29576966166496277 181 77 199 94
class 0.2637523412704468 194 78 213 95
class 0.14136767387390137 207 78 225 93
class 0.19645419716835022 233 75 247 94
class 0.44565725326538086 1 91 16 106
class 0.20060217380523682 62 90 80 108
class 0.27852749824523926 76 91 94 108
class 0.439164936542511 89 90 107 107
class 0.3867724537849426 102 89 120 107
class 0.40478354692459106 116 89 134 107
class 0.423870712518692 129 90 147 107
class 0.3483867645263672 142 90 160 107
class 0.5009230375289917 155 90 172 108
class 0.2647363245487213 168 90 186 107
class 0.26640066504478455 182 91 199 107
class 0.4192919135093689 194 91 212 108
class 0.13460282981395721 207 92 225 107
class 0.1974816769361496 233 89 247 108
class 0.6569545865058899 1 105 16 120
class 0.5016258358955383 36 105 54 121
class 0.3227809965610504 48 103 66 120
class 0.24257580935955048 63 104 81 121
class 0.26795879006385803 76 104 93 121
class 0.2836683690547943 89 104 107 121
class 0.19761544466018677 101 104 120 121
class 0.22800031304359436 116 104 134 121
class 0.40924280881881714 129 104 146 121
class 0.30056723952293396 142 104 160 121
class 0.2910132110118866 155 103 172 120
class 0.2679460644721985 168 103 186 120
class 0.2385758012533188 181 103 199 120
class 0.4547678828239441 195 103 213 120
class 0.24827493727207184 207 104 226 120
class 0.238458514213562 233 103 247 122
class 0.5801250338554382 1 117 16 133
class 0.1886713057756424 36 116 53 133
class 0.2568194568157196 49 116 67 133
class 0.2973056435585022 63 116 81 133
class 0.36727723479270935 76 116 93 133
class 0.4021877944469452 89 116 107 134
class 0.3499442934989929 102 117 120 134
class 0.4505491554737091 115 117 134 134
class 0.4663480222225189 129 116 147 134
class 0.3195725083351135 142 116 160 134
class 0.348084419965744 155 117 173 134
class 0.31760892271995544 169 116 186 134
class 0.16790978610515594 181 117 199 134
class 0.16824552416801453 195 117 213 134
class 0.13764548301696777 207 117 225 134
class 0.24925366044044495 233 115 247 133
class 0.4248447120189667 1 130 15 146
class 0.10938411206007004 23 130 40 145
class 0.17203696072101593 36 130 53 147
class 0.14651533961296082 49 130 67 147
class 0.17127054929733276 63 130 81 146
class 0.21894273161888123 76 130 93 147
class 0.19930914044380188 89 129 107 147
class 0.2867591977119446 103 129 121 147
class 0.40551120042800903 115 129 133 147
class 0.3377014100551605 128 129 147 147
class 0.3026384711265564 142 129 160 147
class 0.3152908980846405 155 129 173 146
class 0.34380611777305603 169 129 186 147
class 0.3893859386444092 182 129 199 147
class 0.38879290223121643 194 130 212 147
class 0.1762428730726242 207 130 225 146
class 0.19421420991420746 233 129 247 147
class 0.3757525086402893 1 144 16 159
class 0.23333826661109924 37 143 54 160
class 0.2887059152126312 50 142 68 159
class 0.2889450192451477 62 143 80 160
class 0.2583407163619995 76 142 94 160
class 0.2641600966453552 89 143 107 161
class 0.3840782940387726 103 142 121 161
class 0.31460869312286377 115 142 134 160
class 0.23047663271427155 128 142 147 161
class 0.21923308074474335 141 143 160 161
class 0.2859005928039551 155 142 173 160
class 0.2506052851676941 169 143 186 160
class 0.16636230051517487 181 142 199 161
class 0.23020635545253754 195 143 213 160
class 0.1754273772239685 207 143 225 160
class 0.39822110533714294 233 142 247 161
class 0.3184906840324402 1 157 15 172
class 0.12008896470069885 23 157 40 173
class 0.10597069561481476 37 157 55 173
class 0.20871660113334656 49 157 67 174
class 0.21923857927322388 63 155 81 173
class 0.1977774202823639 76 155 94 173
class 0.27056097984313965 90 156 108 174
class 0.2718392610549927 103 155 121 173
class 0.1773664951324463 115 155 133 173
class 0.16808199882507324 129 155 148 173
class 0.23929724097251892 141 155 160 174
class 0.25381720066070557 156 156 174 174
class 0.3305037021636963 168 155 186 173
class 0.2652321755886078 181 156 199 173
class 0.3063789904117584 195 157 213 174
class 0.23668496310710907 207 157 226 173
class 0.1929706484079361 233 154 247 173
class 0.28036928176879883 1 170 15 185
class 0.15886043012142181 23 170 41 185
class 0.18922671675682068 36 169 55 186
class 0.33041369915008545 49 168 68 186
class 0.30159473419189453 63 169 82 186
class 0.2618284225463867 76 169 94 186
class 0.2967662811279297 90 168 108 186
class 0.2873375117778778 103 168 121 186
class 0.3480071425437927 115 169 133 187
class 0.1674364060163498 129 169 147 187
class 0.1558629274368286 142 168 160 186
class 0.18157748878002167 155 168 173 186
class 0.1496710479259491 169 169 187 186
class 0.15601617097854614 181 168 200 186
class 0.2675071358680725 194 169 212 186
class 0.330429345369339 208 169 226 185
class 0.14531373977661133 233 169 247 187
class 0.34972625970840454 2 185 15 200
class 0.1565871387720108 24 184 40 199
class 0.15882986783981323 36 183 54 200
class 0.36041563749313354 51 183 68 200
class 0.5028466582298279 63 182 81 200
class 0.40470513701438904 76 182 94 200
class 0.22646024823188782 90 182 108 200
class 0.16188031435012817 102 182 121 200
class 0.1715686321258545 129 182 147 200
class 0.14492161571979523 142 182 160 201
class 0.31744179129600525 156 182 174 201
class 0.20556215941905975 168 182 186 199
class 0.20827914774417877 182 182 199 199
class 0.5228834748268127 196 183 213 200
class 0.3701992630958557 207 184 225 199
class 0.17184467613697052 220 184 236 199
class 0.38167500495910645 233 182 247 200
class 0.6518285274505615 1 196 16 212
class 0.14142654836177826 10 197 25 212
class 0.2137613743543625 24 196 40 213
class 0.2845737338066101 37 196 54 213
class 0.3919268846511841 51 195 68 213
class 0.4413507878780365 64 194 81 213
class 0.5160049796104431 77 195 94 213
class 0.4941728711128235 89 196 107 214
class 0.33733347058296204 103 196 121 214
class 0.11519823968410492 116 196 134 213
class 0.11184801906347275 128 194 145 213
class 0.15943506360054016 183 196 200 212
class 0.4830816388130188 195 195 212 212
class 0.3341140151023865 207 196 224 212
class 0.12667936086654663 220 197 236 212
class 0.30829182267189026 232 195 247 213
class 0.2330591231584549 1 209 14 225
class 0.25188031792640686 25 208 40 225
class 0.3203636705875397 38 209 54 226
class 0.32446810603141785 51 209 67 226
class 0.3131672441959381 63 209 80 227
class 0.27147457003593445 77 209 94 226
class 0.32290107011795044 90 208 107 226
class 0.31427547335624695 102 209 120 226
class 0.13315030932426453 116 209 135 225
class 0.9956881403923035 137 210 156 230
class 0.160098597407341 156 206 175 225
class 0.1431431919336319 181 209 198 226
class 0.3447394073009491 195 209 212 226
class 0.2934463918209076 207 210 224 225
class 0.10019375383853912 220 210 235 225
class 0.3160490095615387 232 208 247 226
class 0.6848262548446655 0 224 15 239
class 0.23306480050086975 38 222 54 238
class 0.1763048619031906 51 222 67 238
class 0.2702767848968506 64 222 80 238
class 0.3308291435241699 77 222 94 238
class 0.2305309921503067 90 222 107 238
class 0.17479638755321503 102 222 120 238
class 0.17604568600654602 208 224 224 239
class 0.2671829164028168 232 222 246 240
class 0.8619810938835144 0 233 16 249
class 0.41916191577911377 24 232 41 248
class 0.4097149968147278 37 231 55 248
class 0.38618069887161255 49 232 67 248
class 0.5326502323150635 63 232 81 249
class 0.45718926191329956 77 231 96 248
class 0.5465815663337708 89 231 107 249
class 0.3016010820865631 102 231 121 248
class 0.3751230239868164 128 231 148 248
class 0.15485873818397522 140 231 161 248
class 0.16502037644386292 153 230 173 248
class 0.16624736785888672 167 231 186 248
class 0.38571134209632874 182 231 200 248
class 0.7680637836456299 195 230 213 248
class 0.5532920360565186 205 230 223 248
class 0.23430341482162476 220 232 238 248
class 0.8898265957832336 232 232 248 249
