class 0.8190567493438721 0 3 16 18
class 0.3785722255706787 9 4 26 18
class 0.5032593607902527 22 4 40 18
class 0.4593343138694763 35 3 54 18
class 0.5767391324043274 49 3 68 18
class 0.4825791120529175 61 3 80 17
class 0.5767619013786316 75 3 94 18
class 0.3866429924964905 88 4 107 18
class 0.5313093066215515 101 4 120 18
class 0.4023711383342743 114 3 133 18
class 0.5707789659500122 127 3 147 18
class 0.4755672812461853 140 4 160 18
class 0.3932275176048279 154 4 173 18
class 0.369706928730011 167 4 186 18
class 0.4858343303203583 180 4 199 18
class 0.5327796936035156 193 3 212 17
class 0.53871750831604 207 4 226 17
class 0.5889666080474854 220 3 236 17
class 0.72789466381073 233 2 249 18
class 0.6345129609107971 1 10 15 26
class 0.2723773419857025 22 9 39 24
class 0.42070668935775757 35 9 53 25
class 0.5004613995552063 49 9 67 25
class 0.4204731583595276 61 10 79 26
class 0.5505267381668091 76 9 93 25
class 0.4705381691455841 88 9 106 26
class 0.4832979142665863 102 9 119 25
class 0.49853765964508057 114 9 132 26
class 0.49085554480552673 128 9 146 26
class 0.5195775628089905 141 10 159 26
class 0.5939154624938965 155 10 172 25
class 0.46420231461524963 167 10 185 26
class 0.4531732201576233 180 9 198 25
class 0.4372880160808563 194 10 211 26
class 0.4701923429965973 208 10 224 26
class 0.3326284885406494 233 9 247 28
class 0.2286939024925232 1 25 15 40
class 0.2238430231809616 35 26 53 41
class 0.2503517270088196 49 26 66 41
class 0.23463104665279388 62 26 79 42
class 0.24413347244262695 75 26 93 41
class 0.17867545783519745 88 25 106 41
class 0.1929609328508377 101 25 119 42
class 0.19942623376846313 114 25 132 41
class 0.18345871567726135 128 26 146 42
class 0.2719024419784546 140 26 158 42
class 0.20908106863498688 154 26 172 41
class 0.21742604672908783 167 25 185 41
class 0.1795961856842041 181 26 199 41
class 0.3262970745563507 193 25 211 41
class 0.20409460365772247 207 26 225 40
class 0.15022431313991547 233 22 247 41
class 0.28786349296569824 1 39 15 54
class 0.10642228275537491 22 39 39 54
class 0.14770521223545074 35 38 53 54
class 0.26159656047821045 50 38 67 54
class 0.43228664994239807 62 38 80 55
class 0.40876126289367676 75 38 93 55
class 0.4051339030265808 89 38 106 55
class 0.3709789514541626 102 38 119 55
class 0.3249328136444092 115 38 132 55
class 0.4810522198677063 128 38 146 55
class 0.5460652709007263 142 37 159 54
class 0.4886769652366638 154 38 172 54
class 0.35861462354660034 167 38 185 55
class 0.2741716504096985 181 38 198 55
class 0.30691462755203247 194 38 212 54
class 0.22078236937522888 207 38 225 53
class 0.3835087716579437 232 37 247 56
class 0.3643493354320526 1 50 16 66
class 0.14794833958148956 49 51 67 68
class 0.3759004771709442 63 50 80 68
class 0.30033040046691895 76 51 93 68
class 0.3168186843395233 89 50 106 68
class 0.395536869764328 103 50 120 68
class 0.45310696959495544 114 51 132 68
class 0.3353530764579773 128 50 146 68
class 0.39020246267318726 142 50 159 68
class 0.28799793124198914 155 51 172 68
class 0.305976927280426 168 49 185 67
class 0.26672250032424927 181 49 199 67
class 0.36807796359062195 195 50 212 67
class 0.22685199975967407 207 51 225 67
class 0.2254435271024704 233 48 247 67
class 0.28050217032432556 49 63 67 82
class 0.3184831440448761 63 64 81 81
class 0.2975939214229584 76 63 94 81
class 0.2611636221408844 89 63 107 81
class 0.21908898651599884 102 63 120 81
class 0.2970317602157593 116 63 133 81
class 0.2526509165763855 129 64 147 81
class 0.44555050134658813 142 63 160 81
class 0.5021780133247375 156 64 173 81
class 0.3887091875076294 167 64 185 82
class 0.2191924750804901 181 64 199 82
class 0.27609649300575256 195 64 212 81
class 0.26803404092788696 207 64 225 80
class 0.16915711760520935 220 65 236 80
class 0.3270661532878876 233 64 247 82
class 0.8948726058006287 4 73 22 92
class 0.15895675122737885 24 76 42 93
class 0.21487541496753693 49 77 68 95
class 0.34956181049346924 63 76 81 94
class 0.2122282236814499 75 77 94 95
class 0.272579550743103 90 77 109 95
class 0.4278327226638794 102 77 121 95
class 0.486656129360199 115 77 133 95
class 0.36246782541275024 129 77 146 95
class 0.3708782196044922 142 77 159 94
class 0.4059637188911438 155 76 173 93
class 0.3995979428291321 168 76 186 93
class 0.26817625761032104 181 77 199 94
class 0.5229064226150513 195 78 213 95
class 0.26404911279678345 207 78 225 94
class 0.10094273835420609 221 78 237 93
class 0.4244196116924286 232 75 247 94
class 0.2694074511528015 49 90 67 107
class 0.33596229553222656 63 90 81 108
class 0.46586912870407104 76 91 94 108
class 0.36591583490371704 89 90 107 108
class 0.30378928780555725 103 89 121 107
class 0.2935713827610016 116 89 134 107
class 0.2943533957004547 129 90 147 108
class 0.3332916498184204 141 90 160 108
class 0.36754268407821655 155 90 173 108
class 0.35795581340789795 168 90 186 108
class 0.25392115116119385 181 90 199 107
class 0.4030413329601288 195 90 213 107
class 0.30775150656700134 208 91 225 106
class 0.2224757820367813 233 89 247 108
class 0.31333038210868835 1 103 16 119
class 0.18907074630260468 50 103 68 120
class 0.2847631871700287 62 102 81 120
class 0.32336851954460144 76 102 94 120
class 0.46780526638031006 89 103 107 120
class 0.3873928487300873 102 103 120 121
class 0.3929216265678406 116 103 134 121
class 0.3925020098686218 128 103 146 121
class 0.42365914583206177 142 103 161 120
class 0.46412160992622375 155 102 173 120
class 0.42068415880203247 168 103 186 120
class 0.3857770562171936 181 104 199 121
class 0.33711615204811096 195 103 212 120
class 0.3212006688117981 208 104 226 120
class 0.26370617747306824 220 105 236 120
class 0.3117094039916992 233 102 247 121
class 0.12149760872125626 49 116 67 134
class 0.19872665405273438 62 116 81 134
class 0.1643187403678894 75 116 94 134
class 0.24195101857185364 89 116 107 133
class 0.27515050768852234 103 117 120 134
class 0.4080268144607544 116 116 133 134
class 0.4060441255569458 129 117 146 134
class 0.25683748722076416 142 116 160 134
class 0.2831766903400421 156 116 173 134
class 0.27352336049079895 168 116 186 134
class 0.2253725826740265 182 116 199 134
class 0.22514595091342926 195 117 213 134
class 0.15703843533992767 208 116 225 133
class 0.16218160092830658 234 115 247 134
class 0.27821242809295654 49 130 67 148
class 0.16149121522903442 63 128 81 147
class 0.17713655531406403 76 129 94 147
class 0.36520254611968994 89 130 107 148
class 0.42701029777526855 103 130 120 147
class 0.4904617965221405 116 130 133 147
class 0.5650767683982849 129 129 147 147
class 0.5099238157272339 142 129 160 147
class 0.4010903835296631 155 128 173 147
class 0.6222179532051086 168 129 187 148
class 0.3185693919658661 180 130 199 149
class 0.21054412424564362 194 130 213 148
class 0.10605554282665253 208 130 226 147
class 0.12602579593658447 220 131 237 146
class 0.3803492486476898 233 128 247 147
class 0.9796825647354126 5 137 24 156
class 0.250372976064682 49 142 67 160
class 0.2528055012226105 62 143 80 162
class 0.21666502952575684 76 143 94 162
class 0.3141159415245056 89 143 107 160
class 0.30749812722206116 102 143 120 160
class 0.41425710916519165 115 143 133 160
class 0.2183583378791809 128 143 146 160
class 0.35914498567581177 142 143 160 161
class 0.2168312817811966 155 143 173 161
class 0.2023613601922989 168 140 187 160
class 0.3478339910507202 194 141 213 161
class 0.1629122793674469 207 142 225 159
class 0.2726905345916748 233 143 247 161
class 0.11481039971113205 35 155 55 174
class 0.19956974685192108 50 155 69 173
class 0.2207898497581482 61 154 81 174
class 0.18296025693416595 76 155 95 174
class 0.35760611295700073 90 156 107 173
class 0.3723764419555664 102 156 120 173
class 0.358166366815567 116 155 134 173
class 0.38892367482185364 129 156 147 173
class 0.5293582677841187 142 156 160 173
class 0.6521278023719788 157 157 175 173
class 0.9948432445526123 178 155 196 178
class 0.3029470145702362 196 154 215 173
class 0.1574609875679016 220 157 236 172
class 0.3866351544857025 233 154 247 172
class 0.20973698794841766 63 167 81 186
class 0.13447806239128113 77 168 95 186
class 0.3263394236564636 90 169 107 186
class 0.25051212310791016 102 169 120 186
class 0.228432297706604 115 169 133 187
class 0.279185950756073 129 169 147 186
class 0.38011136651039124 142 169 159 186
class 0.4086325466632843 156 168 174 185
class 0.26377901434898376 208 171 226 186
class 0.19096118211746216 219 171 236 186
class 0.24790576100349426 233 169 247 186
class 0.44331058859825134 2 184 16 199
class 0.9830477833747864 45 177 63 196
class 0.33923497796058655 64 181 82 199
class 0.186246857047081 77 182 94 199
class 0.36597058176994324 89 183 107 200
class 0.2618349492549896 103 183 120 199
class 0.2615841329097748 116 182 133 199
class 0.3660685420036316 129 182 146 200
class 0.26622119545936584 142 182 160 199
class 0.2429061233997345 155 182 172 199
class 0.52670818567276 169 181 187 199
class 0.5307948589324951 180 183 199 200
class 0.36411574482917786 194 182 212 199
class 0.3404366374015808 208 184 226 199
class 0.23713664710521698 219 183 236 199
class 0.28591427206993103 233 182 247 200
class 0.594057023525238 1 197 16 212
class 0.11303491145372391 24 197 40 211
class 0.20778122544288635 35 196 52 212
class 0.3977835476398468 50 197 67 213
class 0.13468804955482483 63 196 81 213
class 0.29184669256210327 77 196 94 213
class 0.45061996579170227 90 196 107 213
class 0.47579067945480347 103 196 120 213
class 0.591952383518219 116 197 133 214
class 0.576497495174408 129 196 146 214
class 0.3781885504722595 142 197 159 214
class 0.18820308148860931 155 196 172 213
class 0.26864248514175415 169 196 186 213
class 0.4039643406867981 182 196 199 213
class 0.4332130551338196 195 197 213 214
class 0.3969746530056 208 197 225 213
class 0.18096846342086792 220 197 236 212
class 0.2798156440258026 233 195 247 213
class 0.5070600509643555 1 209 16 225
class 0.12461648881435394 25 208 40 224
class 0.155245840549469 36 208 52 225
class 0.23656082153320312 51 209 68 225
class 0.3531038761138916 64 209 81 225
class 0.2884198725223541 77 209 93 226
class 0.32724276185035706 89 209 106 226
class 0.28472277522087097 104 208 120 225
class 0.3560231924057007 116 207 133 225
class 0.37903541326522827 129 208 146 225
class 0.42831265926361084 143 208 160 225
class 0.4435468912124634 155 210 173 227
class 0.35650068521499634 168 210 185 227
class 0.3736528158187866 182 210 199 227
class 0.49424827098846436 195 210 212 227
class 0.3722091615200043 207 210 224 226
class 0.17778019607067108 220 210 236 225
class 0.26216059923171997 232 209 246 227
class 0.7930853962898254 1 223 15 239
class 0.11769749969244003 65 223 80 239
class 0.1754690408706665 77 222 93 238
class 0.2468145191669464 90 223 106 239
class 0.19491009414196014 103 223 119 238
class 0.20361389219760895 116 222 132 238
class 0.20603154599666595 130 222 146 238
class 0.12049230933189392 143 222 160 238
class 0.19991807639598846 156 221 173 238
class 0.21809114515781403 169 221 186 238
class 0.21559879183769226 182 222 198 238
class 0.3176930248737335 195 222 212 238
class 0.21630065143108368 207 223 224 238
class 0.22215212881565094 233 223 247 240
class 0.8440575003623962 0 232 16 249
class 0.18134228885173798 10 232 27 249
class 0.5426886677742004 24 231 41 248
class 0.381710410118103 36 231 54 248
class 0.6685491800308228 50 231 68 248
class 0.5395852327346802 62 230 81 248
class 0.49193426966667175 76 231 94 249
class 0.5675986409187317 89 231 108 248
class 0.41389036178588867 102 231 120 248
class 0.5508772730827332 116 232 134 249
class 0.6817412376403809 129 232 148 249
class 0.49555233120918274 142 231 161 248
class 0.6245372295379639 154 231 173 248
class 0.40253591537475586 168 231 187 248
class 0.6522578001022339 181 231 200 249
class 0.6606156826019287 195 231 213 248
class 0.40099000930786133 207 231 225 248
class 0.20774169266223907 220 232 238 249
class 0.8899953365325928 232 232 249 249
