class 0.8169113397598267 1 3 17 18
class 0.47895869612693787 9 4 27 18
class 0.37186765670776367 22 3 41 17
class 0.32759571075439453 36 4 55 18
class 0.6221548318862915 48 3 68 18
class 0.5589467883110046 62 4 81 18
class 0.5904045104980469 74 3 94 18
class 0.5437649488449097 87 3 107 18
class 0.49588656425476074 101 4 120 18
class 0.4586198925971985 114 4 133 18
class 0.5236222743988037 128 3 147 18
class 0.5278316736221313 141 4 159 18
class 0.5666030049324036 154 3 173 18
class 0.398960679769516 167 4 185 17
class 0.44856926798820496 180 3 199 17
class 0.5215493440628052 193 3 213 18
class 0.5617499947547913 207 3 226 18
class 0.4061734974384308 220 3 237 17
class 0.8018067479133606 232 2 249 18
class 0.6729136109352112 1 10 16 26
class 0.17984896898269653 10 9 26 25
class 0.17922154068946838 23 10 40 25
class 0.5588128566741943 36 9 54 26
class 0.6987802982330322 48 9 67 27
class 0.6332343816757202 62 9 80 27
class 0.6059994697570801 75 9 93 26
class 0.5549426674842834 88 9 106 26
class 0.5431031584739685 102 9 119 26
class 0.48831382393836975 115 9 132 25
class 0.46531397104263306 129 9 145 25
class 0.42478832602500916 141 9 158 25
class 0.45559895038604736 154 10 171 25
class 0.5789560675621033 168 10 186 26
class 0.49929681420326233 180 9 198 25
class 0.6557684540748596 194 9 212 26
class 0.47293820977211 208 10 224 26
class 0.12042231112718582 220 10 234 25
class 0.531161367893219 1 25 15 41
class 0.13984091579914093 63 24 82 41
class 0.39969369769096375 74 24 92 42
class 0.2029789388179779 88 25 107 41
class 0.27616676688194275 101 25 119 41
class 0.28656965494155884 114 26 132 41
class 0.24239325523376465 128 26 145 41
class 0.32031452655792236 141 26 158 41
class 0.2209199219942093 153 26 171 41
class 0.2201773077249527 168 25 186 40
class 0.18538065254688263 180 26 198 41
class 0.4381565749645233 193 25 212 41
class 0.28249168395996094 207 25 225 40
class 0.23727363348007202 233 24 247 42
class 0.4388737380504608 1 38 16 54
class 0.11800825595855713 35 37 54 55
class 0.9911554455757141 53 37 71 55
class 0.5416114926338196 76 38 93 56
class 0.33916181325912476 88 38 106 56
class 0.28979673981666565 103 37 119 54
class 0.3968539535999298 115 38 132 55
class 0.35588979721069336 128 38 145 54
class 0.3831566274166107 141 37 158 54
class 0.294309139251709 155 37 172 54
class 0.26147690415382385 168 38 185 55
class 0.2372467815876007 181 38 199 54
class 0.48483040928840637 194 38 212 55
class 0.27535688877105713 207 39 224 54
class 0.23714430630207062 233 35 247 54
class 0.261016845703125 1 52 15 67
class 0.157729372382164 10 52 27 67
class 0.4785212576389313 49 52 66 69
class 0.17309688031673431 62 53 81 70
class 0.4639242887496948 75 50 93 68
class 0.5727954506874084 90 51 106 68
class 0.45179253816604614 103 52 119 68
class 0.41367241740226746 115 50 132 68
class 0.24615561962127686 129 50 145 68
class 0.37662968039512634 142 51 158 68
class 0.3168344497680664 155 50 172 68
class 0.35519862174987793 168 50 185 68
class 0.2577614188194275 181 51 198 69
class 0.34945064783096313 195 50 212 68
class 0.21395355463027954 207 51 224 66
class 0.12684525549411774 234 49 246 67
class 0.18567851185798645 1 66 15 81
class 0.12494984269142151 23 65 41 81
class 0.12875641882419586 36 64 55 81
class 0.5192899703979492 49 62 68 79
class 0.420382022857666 61 62 81 80
class 0.2157258689403534 75 64 94 81
class 0.47539255023002625 89 64 107 81
class 0.2567121684551239 102 63 120 82
class 0.3989458680152893 116 64 133 82
class 0.29733291268348694 129 64 146 82
class 0.4312921464443207 142 63 159 81
class 0.39162588119506836 155 64 173 82
class 0.3603236675262451 168 63 186 82
class 0.2958988547325134 181 63 199 81
class 0.28844553232192993 195 64 213 81
class 0.1381871998310089 208 65 225 81
class 0.204870343208313 233 63 247 82
class 0.3133534789085388 1 78 16 94
class 0.1126689687371254 24 78 41 94
class 0.20561601221561432 50 77 68 95
class 0.3543722629547119 62 78 81 95
class 0.29906851053237915 76 77 95 95
class 0.20353618264198303 88 75 106 94
class 0.3824438452720642 116 75 133 95
class 0.343608558177948 129 75 147 94
class 0.345377653837204 142 77 159 95
class 0.4646795094013214 155 76 173 95
class 0.4088645279407501 168 77 186 95
class 0.3303101062774658 182 77 199 95
class 0.37912341952323914 195 77 213 95
class 0.17351363599300385 208 77 226 93
class 0.20880144834518433 233 75 246 94
class 0.18728405237197876 2 91 16 106
class 0.14373049139976501 23 91 39 107
class 0.1830502450466156 36 91 54 108
class 0.3371487557888031 50 90 67 108
class 0.5225045084953308 63 90 80 108
class 0.2750633656978607 76 90 94 107
class 0.9965023398399353 98 92 117 112
class 0.2759438157081604 117 87 135 107
class 0.1464855968952179 130 89 147 107
class 0.32209065556526184 142 90 159 108
class 0.31521081924438477 155 89 172 107
class 0.2991689145565033 169 88 186 107
class 0.2969738841056824 183 89 200 107
class 0.42350924015045166 195 90 213 108
class 0.21565867960453033 207 92 225 107
class 0.12674225866794586 234 90 247 108
class 0.3396691381931305 1 105 16 120
class 0.12438539415597916 23 104 40 119
class 0.19763457775115967 36 103 54 120
class 0.32459723949432373 50 103 67 121
class 0.5705675482749939 63 104 80 121
class 0.3648768663406372 76 103 94 121
class 0.4808451235294342 130 105 146 122
class 0.4376753270626068 143 104 159 120
class 0.6992066502571106 154 104 170 121
class 0.6271598935127258 171 105 188 122
class 0.15101443231105804 181 104 199 121
class 0.45061564445495605 196 103 213 120
class 0.31991660594940186 207 103 224 119
class 0.11463315039873123 220 104 236 120
class 0.2254215031862259 234 102 247 120
class 0.2379949390888214 1 118 16 133
class 0.12636862695217133 36 116 54 134
class 0.26842477917671204 50 117 67 135
class 0.3487078547477722 63 116 80 133
class 0.15559563040733337 76 116 94 133
class 0.21531708538532257 86 116 105 134
class 0.24147345125675201 103 119 121 134
class 0.6520862579345703 129 116 145 133
class 0.5309480428695679 142 117 158 133
class 0.507222592830658 155 117 171 134
class 0.2873505651950836 168 118 185 134
class 0.14315342903137207 181 119 199 135
class 0.25838497281074524 195 117 212 134
class 0.13790667057037354 208 117 225 133
class 0.17867393791675568 234 116 247 134
class 0.27574893832206726 1 131 16 146
class 0.10826636105775833 23 131 40 147
class 0.11637122929096222 37 130 55 147
class 0.27269288897514343 51 129 68 147
class 0.37538042664527893 63 130 80 148
class 0.2551242709159851 76 130 94 147
class 0.2243972271680832 89 129 107 147
class 0.31437158584594727 100 131 118 149
class 0.1735224723815918 115 132 133 148
class 0.2871803939342499 129 130 145 147
class 0.2545869052410126 142 130 158 147
class 0.21997986733913422 155 130 172 147
class 0.4280391037464142 168 130 185 147
class 0.45147258043289185 182 130 198 146
class 0.5151705741882324 194 130 211 147
class 0.20658773183822632 208 131 225 146
class 0.2870486080646515 233 128 247 147
class 0.29070669412612915 2 144 16 160
class 0.14285439252853394 23 143 40 159
class 0.1909300982952118 37 143 54 160
class 0.2921288013458252 51 143 68 160
class 0.3922450542449951 63 143 80 161
class 0.30393704771995544 76 143 93 161
class 0.18942688405513763 89 143 106 160
class 0.3441133499145508 103 142 120 159
class 0.49361059069633484 115 143 132 160
class 0.3915494382381439 129 144 146 160
class 0.5543937683105469 142 144 159 160
class 0.3094070553779602 155 143 171 160
class 0.25635895133018494 167 143 185 160
class 0.2495584487915039 195 142 212 160
class 0.1891411989927292 207 144 225 159
class 0.14675697684288025 220 145 237 160
class 0.23186103999614716 233 142 247 161
class 0.39933621883392334 2 157 16 173
class 0.22187381982803345 37 156 55 173
class 0.38982871174812317 50 155 68 173
class 0.331454873085022 63 155 81 172
class 0.29328420758247375 76 156 94 173
class 0.261142373085022 89 157 107 173
class 0.30428168177604675 103 157 120 173
class 0.46878787875175476 116 156 133 173
class 0.2922590970993042 128 156 146 173
class 0.2777940332889557 142 155 159 172
class 0.28014734387397766 155 157 172 174
class 0.2830873429775238 168 157 185 174
class 0.30216023325920105 181 157 199 173
class 0.1888548880815506 194 158 212 174
class 0.1899813562631607 207 157 225 173
class 0.2953996956348419 234 155 247 173
class 0.26175549626350403 1 171 16 186
class 0.14613185822963715 37 169 55 186
class 0.29595044255256653 50 169 67 186
class 0.38008153438568115 63 169 81 187
class 0.3895420432090759 77 170 94 187
class 0.34000933170318604 89 170 107 186
class 0.38151684403419495 102 170 120 186
class 0.37833189964294434 116 169 133 185
class 0.4469585418701172 128 169 146 186
class 0.2557164132595062 142 170 160 186
class 0.3123944103717804 154 169 172 186
class 0.3381396532058716 169 169 186 186
class 0.1897292137145996 181 169 199 187
class 0.29170072078704834 195 169 213 186
class 0.20939210057258606 207 171 226 186
class 0.11602567136287689 234 168 247 186
class 0.5513638257980347 1 183 16 199
class 0.23382990062236786 24 183 40 199
class 0.41698718070983887 38 183 55 200
class 0.4999676048755646 50 182 67 200
class 0.4590534269809723 63 181 80 200
class 0.3947429358959198 77 181 94 199
class 0.34012743830680847 90 183 107 199
class 0.546646773815155 104 183 120 200
class 0.5847903490066528 115 184 133 201
class 0.44043096899986267 129 182 146 200
class 0.38281431794166565 142 182 160 200
class 0.4226874113082886 155 183 173 200
class 0.41846683621406555 168 182 186 200
class 0.29488253593444824 182 182 200 200
class 0.3510250449180603 195 183 213 200
class 0.32824206352233887 207 183 226 199
class 0.11721374094486237 220 184 236 199
class 0.2606535851955414 233 182 247 200
class 0.33934515714645386 1 197 15 212
class 0.12665346264839172 12 197 27 211
class 0.4637352228164673 24 197 40 213
class 0.38886067271232605 36 194 53 212
class 0.30691754817962646 51 193 68 212
class 0.501632034778595 63 195 81 214
class 0.5283366441726685 77 196 94 214
class 0.43300145864486694 90 196 107 213
class 0.5226056575775146 103 195 120 213
class 0.5161446332931519 116 194 133 212
class 0.4571005403995514 129 195 147 213
class 0.5353823304176331 142 196 160 213
class 0.5925137400627136 156 195 173 213
class 0.4531673192977905 168 195 186 213
class 0.3066403865814209 181 195 200 214
class 0.3957945704460144 195 196 213 213
class 0.4601559042930603 207 196 225 213
class 0.20012648403644562 233 195 247 213
class 0.6937215328216553 1 209 16 225
class 0.12254979461431503 11 209 25 224
class 0.318213552236557 26 209 41 224
class 0.9561735391616821 48 208 65 228
class 0.33515819907188416 65 206 82 225
class 0.19253793358802795 78 208 94 225
class 0.3546644151210785 89 209 106 226
class 0.3574967384338379 103 209 119 226
class 0.2900550067424774 116 209 133 226
class 0.39639195799827576 129 210 146 227
class 0.41276979446411133 143 209 160 226
class 0.48174068331718445 156 209 173 226
class 0.4524102509021759 168 209 186 227
class 0.4552150070667267 181 209 200 227
class 0.44153183698654175 195 209 212 227
class 0.3178659677505493 207 209 225 226
class 0.1603548526763916 220 210 235 226
class 0.2883146405220032 233 208 247 226
class 0.5979403853416443 1 223 16 239
class 0.19821716845035553 25 222 40 237
class 0.17290861904621124 77 223 93 239
class 0.13909676671028137 89 222 105 238
class 0.11432906985282898 103 222 120 238
class 0.16728709638118744 117 223 134 239
class 0.3581081032752991 129 222 146 238
class 0.23660385608673096 142 222 159 238
class 0.20396533608436584 155 222 172 238
class 0.2387465089559555 169 222 187 238
class 0.24497684836387634 182 222 199 238
class 0.32200077176094055 195 223 212 239
class 0.20384109020233154 208 223 225 238
class 0.11528127640485764 220 223 234 238
class 0.29788389801979065 232 223 246 241
class 0.8294072151184082 0 233 17 249
class 0.24154213070869446 10 232 27 248
class 0.16791999340057373 23 232 40 248
class 0.2437913417816162 36 232 55 248
class 0.44258934259414673 49 232 69 248
class 0.17744120955467224 62 232 81 248
class 0.44471609592437744 76 231 94 248
class 0.4156855642795563 89 231 107 248
class 0.440108060836792 103 231 121 248
class 0.5028495192527771 116 231 134 248
class 0.4637521207332611 129 230 147 248
class 0.44399869441986084 142 231 160 248
class 0.44034531712532043 155 232 174 249
class 0.5446800589561462 168 231 187 249
class 0.48825201392173767 182 231 201 248
class 0.5870442986488342 194 231 213 249
class 0.5035544633865356 207 231 225 248
class 0.27372118830680847 220 232 238 249
class 0.897240936756134 232 231 249 249
