class 0.8207990527153015 0 3 16 18
class 0.36080896854400635 9 4 26 18
class 0.5511283278465271 22 4 40 18
class 0.4889373779296875 36 4 54 18
class 0.6443831920623779 49 3 67 18
class 0.5268162488937378 62 4 81 18
class 0.49093589186668396 74 3 93 18
class 0.5279345512390137 88 3 107 18
class 0.552905797958374 101 3 120 18
class 0.49884656071662903 114 4 133 18
class 0.3956451714038849 127 4 146 18
class 0.414172500371933 141 4 160 18
class 0.5068041682243347 154 4 173 18
class 0.5710481405258179 167 3 186 18
class 0.49680519104003906 180 4 200 17
class 0.5794854164123535 192 4 212 18
class 0.34875085949897766 206 4 226 18
class 0.22621090710163116 221 4 238 18
class 0.7410935163497925 232 2 249 18
class 0.5123944878578186 1 10 16 26
class 0.26187196373939514 23 10 39 25
class 0.43485337495803833 36 10 53 26
class 0.5922120213508606 49 9 66 25
class 0.5204364657402039 63 9 80 25
class 0.4791751205921173 75 10 92 26
class 0.48170343041419983 88 9 105 26
class 0.5331188440322876 102 9 119 26
class 0.632782518863678 115 9 133 25
class 0.6879910230636597 128 9 145 25
class 0.7276496291160583 141 9 158 26
class 0.6028656363487244 154 9 172 26
class 0.563258171081543 167 9 185 26
class 0.46935030817985535 180 9 199 26
class 0.6671556234359741 193 9 213 27
class 0.6233243942260742 206 9 225 27
class 0.19882522523403168 232 8 248 26
class 0.2554019093513489 1 25 15 40
class 0.140644371509552 35 26 53 41
class 0.19485312700271606 49 26 66 41
class 0.1747865080833435 62 26 79 41
class 0.20493142306804657 75 25 92 41
class 0.21886178851127625 88 26 105 42
class 0.17319530248641968 101 26 119 42
class 0.25150904059410095 115 26 132 41
class 0.20434385538101196 127 25 145 41
class 0.214850515127182 141 25 158 41
class 0.2709304094314575 154 25 172 42
class 0.21721859276294708 167 25 185 41
class 0.21829532086849213 180 24 200 41
class 0.1563619077205658 219 24 236 42
class 0.23600901663303375 233 22 248 41
class 0.2610348165035248 1 40 15 54
class 0.12642227113246918 37 38 54 53
class 0.2834070920944214 49 37 66 54
class 0.37871989607810974 63 38 79 54
class 0.28519943356513977 75 38 92 55
class 0.2887694537639618 89 37 106 54
class 0.45992064476013184 102 38 118 55
class 0.3367757499217987 115 38 132 55
class 0.27684569358825684 129 38 146 55
class 0.430293470621109 141 38 159 55
class 0.553034245967865 155 39 172 56
class 0.28944435715675354 167 38 185 55
class 0.38412848114967346 181 37 199 55
class 0.9821860194206238 197 35 215 54
class 0.954214334487915 203 38 225 58
class 0.10974853485822678 220 36 238 52
class 0.3076973259449005 232 37 248 55
class 0.5220898389816284 2 52 16 67
class 0.1578420102596283 22 53 39 68
class 0.2228909581899643 49 51 66 68
class 0.27014148235321045 63 50 79 67
class 0.36838361620903015 76 51 92 68
class 0.4217859208583832 89 51 105 68
class 0.4765911102294922 103 50 119 68
class 0.5171862244606018 116 51 132 68
class 0.3772762715816498 129 52 145 68
class 0.4155355989933014 142 52 158 69
class 0.562404453754425 155 50 172 68
class 0.2557286024093628 167 50 185 68
class 0.3385257422924042 191 51 211 69
class 0.17445307970046997 206 49 225 65
class 0.30155646800994873 232 50 248 68
class 0.16263124346733093 1 65 15 80
class 0.17821528017520905 49 63 67 80
class 0.2248683124780655 63 64 80 81
class 0.24780750274658203 76 64 93 81
class 0.3000781536102295 90 63 106 81
class 0.2094426155090332 102 64 119 81
class 0.2971077263355255 116 64 133 81
class 0.4722599685192108 129 63 146 81
class 0.44855934381484985 142 63 159 80
class 0.3958359956741333 155 64 172 81
class 0.25147709250450134 168 64 186 81
class 0.5408216118812561 195 63 214 81
class 0.7000340223312378 206 67 225 82
class 0.16142350435256958 218 65 236 80
class 0.23354041576385498 233 64 248 82
class 0.2751554250717163 1 78 15 93
class 0.12565448880195618 35 77 54 94
class 0.17504405975341797 50 77 68 95
class 0.21129605174064636 64 76 81 94
class 0.284504234790802 76 76 94 94
class 0.3353438377380371 90 75 107 93
class 0.4809659421443939 103 76 120 94
class 0.3258480429649353 116 77 133 94
class 0.2921544015407562 129 77 145 94
class 0.30396783351898193 142 77 159 94
class 0.47086381912231445 155 77 172 94
class 0.3895733654499054 169 78 186 95
class 0.2129317820072174 181 77 199 95
class 0.26177483797073364 195 77 213 94
class 0.26797354221343994 207 77 225 93
class 0.11652679741382599 220 78 237 93
class 0.33817538619041443 233 76 247 94
class 0.21147987246513367 1 92 15 107
class 0.18760234117507935 50 89 67 108
class 0.23752345144748688 64 89 81 108
class 0.2641545832157135 76 90 93 108
class 0.19788895547389984 90 90 106 108
class 0.2545681297779083 103 89 120 107
class 0.3134516179561615 117 90 133 107
class 0.4051488935947418 129 90 146 107
class 0.3835587501525879 142 91 159 108
class 0.41720688343048096 156 90 172 107
class 0.4071589708328247 169 90 185 107
class 0.391956627368927 182 90 199 107
class 0.48263102769851685 194 91 211 108
class 0.2085464894771576 208 91 226 106
class 0.39027976989746094 233 89 247 108
class 0.3766006529331207 1 104 15 120
class 0.1721910685300827 36 102 55 120
class 0.29404792189598083 49 103 68 122
class 0.2722729444503784 63 102 81 122
class 0.5349889397621155 77 102 95 122
class 0.48693886399269104 89 103 106 122
class 0.3578416407108307 102 104 119 122
class 0.2996635138988495 115 103 132 121
class 0.2242063283920288 130 103 146 120
class 0.4243743121623993 143 104 159 120
class 0.43865859508514404 155 104 172 121
class 0.32204297184944153 168 104 185 121
class 0.2745540738105774 182 103 199 120
class 0.3596453070640564 195 103 212 120
class 0.24013692140579224 208 104 226 120
class 0.12743031978607178 220 105 236 120
class 0.4130129814147949 233 103 247 121
class 0.27915990352630615 1 118 15 134
class 0.21338361501693726 64 113 83 133
class 0.13503499329090118 75 111 93 133
class 0.3342902958393097 103 114 120 133
class 0.38731488585472107 116 116 133 134
class 0.34531286358833313 129 117 146 134
class 0.4752449095249176 143 116 159 133
class 0.47617000341415405 155 116 172 134
class 0.28125807642936707 168 117 186 134
class 0.24979406595230103 181 117 199 134
class 0.2785058915615082 195 117 212 134
class 0.425880491733551 208 117 226 133
class 0.15330372750759125 220 118 236 133
class 0.2745528519153595 233 115 247 134
class 0.6598073840141296 1 131 15 147
class 0.19706809520721436 10 131 27 147
class 0.17603111267089844 23 131 40 146
class 0.13500572741031647 35 129 54 147
class 0.9873596429824829 54 130 72 148
class 0.9752799868583679 85 128 103 148
class 0.15542633831501007 105 129 122 147
class 0.3262503743171692 116 130 133 148
class 0.21306978166103363 128 130 146 147
class 0.2920342981815338 143 130 159 147
class 0.38178929686546326 155 129 172 147
class 0.169513538479805 170 129 186 146
class 0.3413750231266022 181 130 198 147
class 0.2620575428009033 195 131 212 148
class 0.14258867502212524 208 131 225 146
class 0.22195424139499664 233 129 247 147
class 0.2266356348991394 1 144 15 159
class 0.39843153953552246 49 143 67 159
class 0.26720160245895386 73 144 92 162
class 0.20815405249595642 88 145 106 162
class 0.1652447134256363 103 144 120 161
class 0.6525770425796509 116 143 132 160
class 0.461448609828949 129 143 146 160
class 0.46805518865585327 142 143 159 160
class 0.431467205286026 155 143 172 160
class 0.44631025195121765 168 144 185 161
class 0.3006194531917572 182 143 198 160
class 0.49244704842567444 195 143 212 160
class 0.31124258041381836 207 144 225 160
class 0.11097453534603119 220 144 236 160
class 0.2510877847671509 233 142 247 161
class 0.3341836929321289 1 157 15 173
class 0.15530264377593994 23 158 40 173
class 0.14208292961120605 36 157 55 173
class 0.5890905857086182 49 155 68 172
class 0.38543805480003357 61 156 80 172
class 0.438451886177063 76 155 94 172
class 0.688724935054779 89 155 106 171
class 0.2415826916694641 101 156 119 173
class 0.2699781358242035 116 156 133 173
class 0.2540646195411682 129 157 146 173
class 0.3069021999835968 143 156 160 173
class 0.21772019565105438 155 156 172 173
class 0.3194546699523926 168 155 185 172
class 0.17137740552425385 181 156 199 173
class 0.27817121148109436 195 156 212 173
class 0.12975554168224335 208 155 225 171
class 0.19238092005252838 233 154 247 173
class 0.2183711975812912 1 172 15 186
class 0.19090938568115234 24 170 41 186
class 0.2546449601650238 36 170 54 186
class 0.30886971950531006 50 169 68 186
class 0.3734506368637085 63 169 80 185
class 0.30408167839050293 76 169 93 186
class 0.44392433762550354 90 169 107 185
class 0.3783808648586273 103 169 120 185
class 0.6651548147201538 116 170 133 186
class 0.5280416011810303 129 169 146 186
class 0.5117916464805603 142 169 159 186
class 0.3933511972427368 156 169 173 186
class 0.25997141003608704 168 169 186 186
class 0.1807757318019867 181 169 199 186
class 0.18799066543579102 196 169 213 186
class 0.16867226362228394 207 171 225 186
class 0.21429698169231415 233 169 247 187
class 0.5594932436943054 1 183 16 199
class 0.348092257976532 24 183 40 199
class 0.29293933510780334 37 183 54 200
class 0.35150113701820374 50 183 67 200
class 0.5220162272453308 63 183 80 199
class 0.4843103289604187 76 183 93 200
class 0.5964210033416748 90 183 107 200
class 0.1969578117132187 105 183 121 198
class 0.6074329018592834 116 183 132 199
class 0.4217461943626404 129 183 146 199
class 0.35626304149627686 143 183 159 200
class 0.36529454588890076 156 182 173 199
class 0.3443165719509125 169 182 186 199
class 0.3226753771305084 182 183 199 200
class 0.41874048113822937 195 184 212 201
class 0.27935561537742615 207 183 224 198
class 0.1806524395942688 233 181 246 199
class 0.5080171227455139 1 196 16 212
class 0.2512562572956085 24 197 40 212
class 0.5115940570831299 38 195 55 212
class 0.5556056499481201 50 195 67 213
class 0.5184735059738159 63 196 80 213
class 0.38639283180236816 76 196 93 213
class 0.44502878189086914 90 197 106 214
class 0.3989427983760834 103 198 120 214
class 0.5840937495231628 116 196 133 213
class 0.606692910194397 130 196 147 213
class 0.6673641204833984 142 196 159 213
class 0.5321103930473328 155 196 173 213
class 0.42011386156082153 169 196 185 214
class 0.38346147537231445 182 196 199 214
class 0.5084563493728638 195 195 212 213
class 0.44725820422172546 207 197 225 213
class 0.13194109499454498 220 197 235 212
class 0.3082941770553589 233 196 247 214
class 0.3029685616493225 1 209 15 225
class 0.28562307357788086 25 209 40 225
class 0.2549634277820587 37 209 52 226
class 0.35859787464141846 51 208 67 226
class 0.3777919113636017 64 209 80 226
class 0.33958616852760315 76 209 92 226
class 0.3805605471134186 90 208 106 225
class 0.37859997153282166 102 208 119 226
class 0.28112465143203735 116 209 133 226
class 0.4252663552761078 130 209 146 226
class 0.4108792245388031 142 209 159 226
class 0.34070268273353577 155 209 173 226
class 0.3246600925922394 169 208 186 225
class 0.41164630651474 182 209 199 226
class 0.450918048620224 195 210 212 226
class 0.2412339746952057 206 209 223 225
class 0.19557736814022064 233 208 246 226
class 0.7385031580924988 1 224 15 239
class 0.1379905790090561 25 223 39 238
class 0.17572781443595886 38 223 53 238
class 0.15046179294586182 50 222 66 238
class 0.1638333946466446 64 223 80 239
class 0.13856059312820435 77 223 92 239
class 0.23156052827835083 90 223 106 239
class 0.26066330075263977 104 222 120 238
class 0.15788719058036804 116 223 133 238
class 0.20768822729587555 129 222 146 238
class 0.14023694396018982 143 222 159 238
class 0.1434706449508667 156 222 172 238
class 0.12896740436553955 169 222 185 238
class 0.1760735958814621 182 223 199 239
class 0.241574227809906 195 222 212 238
class 0.21088121831417084 207 224 224 240
class 0.29682180285453796 232 223 246 240
class 0.7560274600982666 0 232 16 249
class 0.12403448671102524 10 232 27 248
class 0.281489759683609 24 231 41 248
class 0.33991262316703796 37 231 55 248
class 0.29193222522735596 49 231 68 248
class 0.5582342743873596 63 231 81 248
class 0.5042353868484497 76 230 94 248
class 0.5030182003974915 89 231 107 249
class 0.514876663684845 103 232 121 248
class 0.5438549518585205 116 231 134 248
class 0.5024711489677429 129 231 147 248
class 0.5213649868965149 142 231 161 248
class 0.5430423617362976 155 231 173 249
class 0.4860968291759491 168 231 187 248
class 0.6160436868667603 181 231 199 248
class 0.554448127746582 195 231 213 248
class 0.5745478272438049 207 230 225 248
class 0.1768968254327774 219 231 237 248
class 0.8765156865119934 232 232 249 249
