class 0.7874162793159485 1 3 17 18
class 0.3989441692829132 9 4 27 18
class 0.4090467691421509 21 4 40 18
class 0.36741024255752563 35 4 54 18
class 0.36985525488853455 49 4 67 17
class 0.41137272119522095 62 4 81 18
class 0.45190325379371643 74 4 93 18
class 0.44125238060951233 89 4 107 18
class 0.5164715647697449 100 4 120 18
class 0.5820761322975159 114 4 134 18
class 0.5564587712287903 127 4 146 18
class 0.43174228072166443 141 4 160 18
class 0.37475767731666565 153 4 172 18
class 0.4190821647644043 167 4 185 18
class 0.4071972072124481 180 4 199 18
class 0.46400097012519836 193 4 212 18
class 0.37093695998191833 207 4 225 18
class 0.26801246404647827 220 4 237 17
class 0.8471479415893555 232 2 249 18
class 0.7724459767341614 1 9 16 26
class 0.34331896901130676 23 10 39 25
class 0.6026447415351868 36 10 53 26
class 0.5578578114509583 48 9 66 25
class 0.6224963068962097 62 9 80 25
class 0.5359389781951904 75 10 93 26
class 0.4302513003349304 88 10 106 26
class 0.4578133523464203 101 9 118 25
class 0.5124726891517639 115 10 132 25
class 0.5503774285316467 128 9 145 26
class 0.47873082756996155 142 9 159 25
class 0.7069546580314636 154 9 172 25
class 0.6840624213218689 167 10 184 26
class 0.5657323598861694 180 10 197 26
class 0.5304379463195801 194 9 211 25
class 0.38091224431991577 208 9 224 25
class 0.29303520917892456 233 8 247 26
class 0.19580678641796112 0 26 14 41
class 0.14194008708000183 22 27 38 40
class 0.15493756532669067 36 26 53 40
class 0.15290917456150055 48 26 66 41
class 0.22020474076271057 62 26 80 41
class 0.15991975367069244 75 26 92 41
class 0.17818479239940643 88 26 106 41
class 0.32576119899749756 102 26 119 41
class 0.3688241243362427 114 26 132 42
class 0.2630387544631958 128 25 145 41
class 0.2535151243209839 141 25 158 41
class 0.2694564461708069 154 24 172 40
class 0.25886809825897217 167 24 185 41
class 0.22875939309597015 180 24 198 41
class 0.19838762283325195 194 26 212 42
class 0.2891044616699219 233 23 247 41
class 0.23592430353164673 1 39 15 54
class 0.19138744473457336 22 38 39 53
class 0.35703498125076294 36 38 53 54
class 0.4107646048069 49 38 66 55
class 0.49797531962394714 63 38 80 54
class 0.5393152236938477 76 38 92 54
class 0.4849746525287628 88 38 106 55
class 0.29993441700935364 102 37 119 54
class 0.3955082893371582 115 37 132 55
class 0.2626601755619049 128 38 146 55
class 0.38169100880622864 141 38 159 55
class 0.3506413400173187 153 36 171 54
class 0.10084692388772964 167 35 185 53
class 0.33410727977752686 183 36 200 55
class 0.6152385473251343 195 37 212 54
class 0.27319270372390747 207 39 225 54
class 0.24902112782001495 233 36 247 55
class 0.26264721155166626 1 52 16 67
class 0.1826362907886505 35 51 53 68
class 0.24741171300411224 50 50 67 67
class 0.2761702835559845 63 50 80 67
class 0.3237983286380768 76 50 93 68
class 0.33473318815231323 89 50 106 68
class 0.23084579408168793 102 51 119 68
class 0.3742675185203552 115 51 132 68
class 0.3398861885070801 129 51 146 68
class 0.5349702835083008 143 52 160 68
class 0.9762837886810303 165 50 183 71
class 0.3290146589279175 184 50 201 68
class 0.33868101239204407 195 51 212 68
class 0.21868011355400085 206 51 224 67
class 0.2394016534090042 233 50 247 68
class 0.3130996525287628 1 65 16 81
class 0.2290915548801422 23 65 40 81
class 0.33179929852485657 36 65 54 81
class 0.33462849259376526 49 64 67 81
class 0.33480972051620483 63 64 81 81
class 0.2922866940498352 75 63 93 81
class 0.2683795392513275 90 63 108 81
class 0.23574373126029968 102 63 119 81
class 0.4239614009857178 117 63 133 81
class 0.38201749324798584 129 64 146 81
class 0.38996434211730957 143 63 160 80
class 0.13261239230632782 152 65 171 83
class 0.306161105632782 166 65 185 82
class 0.13050058484077454 181 65 199 82
class 0.47812891006469727 195 64 212 81
class 0.3402947783470154 207 65 225 80
class 0.13904479146003723 233 63 247 80
class 0.36415842175483704 1 78 16 94
class 0.15273015201091766 23 78 40 94
class 0.21639469265937805 36 77 54 95
class 0.37644097208976746 50 77 68 94
class 0.3651571571826935 63 76 81 94
class 0.3263395130634308 76 76 94 94
class 0.2359691709280014 90 76 108 94
class 0.2552116811275482 102 77 120 95
class 0.3205568492412567 115 77 132 95
class 0.30886009335517883 129 76 147 94
class 0.2610493004322052 141 77 159 94
class 0.39968475699424744 155 76 173 94
class 0.6131080985069275 167 76 185 93
class 0.4096131920814514 180 77 199 94
class 0.3745638132095337 194 78 212 95
class 0.2665828466415405 208 78 226 94
class 0.11879228055477142 220 78 236 93
class 0.20008176565170288 233 77 247 95
class 0.2732110917568207 1 91 16 106
class 0.10752333700656891 23 91 40 107
class 0.21896596252918243 36 91 55 108
class 0.334328830242157 50 90 68 107
class 0.35771340131759644 62 90 81 108
class 0.2605264186859131 76 90 94 107
class 0.18220266699790955 89 89 107 107
class 0.19867216050624847 102 89 120 107
class 0.21373000741004944 115 90 133 107
class 0.29186245799064636 128 90 146 108
class 0.17372426390647888 141 90 160 108
class 0.12796902656555176 154 91 173 109
class 0.22615769505500793 167 91 185 108
class 0.23716619610786438 181 91 199 108
class 0.35796454548835754 195 91 213 107
class 0.2516021132469177 206 91 225 106
class 0.35031840205192566 232 90 247 108
class 0.1469799429178238 1 105 15 120
class 0.17178601026535034 23 105 41 121
class 0.23345263302326202 36 103 54 121
class 0.364745557308197 50 103 68 121
class 0.42955368757247925 62 103 81 121
class 0.22731636464595795 76 102 94 120
class 0.27253085374832153 89 103 107 121
class 0.37741580605506897 103 104 121 122
class 0.4199441075325012 115 103 133 122
class 0.37215685844421387 129 103 146 121
class 0.36931779980659485 142 104 160 121
class 0.3739606738090515 154 104 173 121
class 0.3404384255409241 167 104 186 121
class 0.262942373752594 181 104 199 121
class 0.4498370289802551 194 104 213 121
class 0.22134286165237427 207 104 226 120
class 0.3450736403465271 233 101 248 120
class 0.3838407099246979 1 118 16 134
class 0.1287059634923935 36 117 54 134
class 0.26564908027648926 50 116 68 134
class 0.30571240186691284 63 116 81 134
class 0.2583461105823517 76 116 94 134
class 0.3400866687297821 90 116 108 134
class 0.328679621219635 103 115 121 133
class 0.3497426509857178 115 115 133 134
class 0.3843887746334076 129 116 147 134
class 0.4319871962070465 142 115 160 133
class 0.33498987555503845 154 116 172 134
class 0.29491937160491943 168 116 186 134
class 0.19046346843242645 180 117 199 135
class 0.2622947692871094 195 117 213 134
class 0.31139394640922546 208 117 227 133
class 0.11966897547245026 218 118 235 134
class 0.15654970705509186 233 117 248 135
class 0.3269866704940796 1 131 16 146
class 0.30029237270355225 23 130 40 146
class 0.23663650453090668 36 130 54 147
class 0.40573766827583313 50 130 68 147
class 0.36945807933807373 63 129 81 147
class 0.5006176233291626 77 129 95 147
class 0.4045238494873047 89 129 107 147
class 0.30864620208740234 102 129 120 148
class 0.2689277231693268 115 129 134 147
class 0.2648020088672638 128 129 147 148
class 0.2581252455711365 142 129 160 147
class 0.27919167280197144 154 130 173 147
class 0.19209764897823334 167 129 186 147
class 0.34577885270118713 182 129 200 147
class 0.43900686502456665 194 130 213 147
class 0.23971717059612274 208 130 226 146
class 0.13015100359916687 220 130 237 145
class 0.3780350089073181 232 128 247 147
class 0.17814934253692627 1 144 16 159
class 0.1624276041984558 36 143 54 160
class 0.2938993573188782 50 142 67 159
class 0.3662830591201782 63 143 80 160
class 0.3873905539512634 77 142 94 160
class 0.3212950825691223 90 142 108 159
class 0.3431743085384369 102 142 120 160
class 0.36679384112358093 116 142 134 160
class 0.4463537931442261 129 142 147 160
class 0.3110915422439575 142 142 160 160
class 0.30183345079421997 155 142 174 160
class 0.27835819125175476 168 142 186 160
class 0.2272179126739502 182 142 200 160
class 0.24063648283481598 193 142 212 160
class 0.12413852661848068 207 143 226 159
class 0.19392645359039307 233 142 248 160
class 0.3812195062637329 1 157 16 173
class 0.115863136947155 23 157 40 172
class 0.3089303970336914 36 157 54 173
class 0.39206331968307495 49 156 68 173
class 0.4348652958869934 63 156 81 173
class 0.4094294607639313 76 155 94 173
class 0.3708900213241577 90 156 108 173
class 0.3491925597190857 103 155 121 173
class 0.455360472202301 116 156 133 174
class 0.3735979199409485 129 156 147 174
class 0.3000568449497223 141 155 159 174
class 0.23438820242881775 155 156 174 174
class 0.2123938351869583 168 155 187 174
class 0.21401120722293854 181 156 199 174
class 0.19650307297706604 193 156 213 174
class 0.10490372776985168 207 157 226 173
class 0.10868637263774872 220 157 237 172
class 0.28723829984664917 233 155 247 173
class 0.31502825021743774 1 170 16 186
class 0.24069996178150177 37 169 55 186
class 0.41142359375953674 50 169 68 186
class 0.3542938232421875 63 169 81 186
class 0.3047228455543518 76 169 94 186
class 0.41636428236961365 90 169 108 186
class 0.6460860371589661 103 169 122 187
class 0.2712430953979492 114 167 132 185
class 0.18982668220996857 129 167 148 185
class 0.6208403706550598 142 168 161 187
class 0.3201819360256195 154 169 173 187
class 0.2995973229408264 168 168 187 187
class 0.2063681185245514 180 168 200 188
class 0.22440160810947418 194 169 214 188
class 0.11601156741380692 207 170 226 186
class 0.1905352920293808 233 168 247 186
class 0.22470293939113617 2 184 16 199
class 0.37241408228874207 24 184 41 200
class 0.28262215852737427 36 183 55 200
class 0.44473135471343994 50 183 68 200
class 0.4558016359806061 64 183 81 200
class 0.41026318073272705 76 183 94 200
class 0.47894561290740967 89 183 107 200
class 0.4684081971645355 103 182 122 199
class 0.4085742235183716 126 182 145 201
class 0.5293239951133728 144 181 162 199
class 0.33424121141433716 156 181 173 199
class 0.3472405672073364 167 182 186 201
class 0.21168750524520874 193 181 213 202
class 0.22466446459293365 234 183 247 200
class 0.6309216022491455 2 196 16 213
class 0.10851871222257614 10 197 26 212
class 0.27090609073638916 24 196 40 212
class 0.37825068831443787 37 195 55 213
class 0.5803446769714355 51 195 68 213
class 0.5860733389854431 63 195 81 213
class 0.5886886119842529 77 196 95 213
class 0.48149368166923523 89 195 107 213
class 0.5519192218780518 102 195 121 214
class 0.5210137963294983 115 198 135 216
class 0.2473841905593872 128 198 147 215
class 0.3960571587085724 143 196 160 214
class 0.32950136065483093 156 197 174 214
class 0.10574240982532501 170 194 187 211
class 0.9959774017333984 178 196 197 219
class 0.5669022798538208 196 192 215 213
class 0.31385374069213867 233 196 247 213
class 0.29286056756973267 2 209 16 225
class 0.16805441677570343 24 210 39 226
class 0.18796731531620026 38 209 54 226
class 0.352265864610672 50 208 67 226
class 0.378739595413208 64 208 81 225
class 0.38812655210494995 76 208 94 226
class 0.18492315709590912 90 208 109 226
class 0.7203224897384644 130 205 149 225
class 0.18923404812812805 196 208 214 226
class 0.20026560127735138 233 209 246 226
class 0.7541833519935608 1 223 16 238
class 0.14964020252227783 25 222 40 237
class 0.1528029888868332 38 222 54 237
class 0.21497100591659546 50 222 67 238
class 0.152631938457489 64 223 81 239
class 0.13658036291599274 76 223 94 239
class 0.9928261637687683 111 217 129 236
class 0.13484683632850647 129 222 149 238
class 0.2812117040157318 180 223 198 239
class 0.11691270768642426 194 222 211 238
class 0.22187843918800354 232 223 246 240
class 0.7505303025245667 0 232 17 249
class 0.22476200759410858 10 232 28 248
class 0.29450613260269165 24 232 41 248
class 0.5026757121086121 37 232 55 248
class 0.3701314628124237 50 231 68 248
class 0.505167543888092 63 231 82 248
class 0.41925543546676636 75 231 95 248
class 0.14082112908363342 99 233 119 248
class 0.11742076277732849 168 232 185 248
class 0.16288518905639648 194 232 213 249
class 0.17415571212768555 207 232 225 248
class 0.19723588228225708 220 232 237 249
class 0.8604274392127991 232 232 248 249
