class 0.8519424796104431 0 3 17 18
class 0.4653097987174988 9 4 27 18
class 0.35170912742614746 21 4 40 18
class 0.34283795952796936 35 4 54 18
class 0.5910675525665283 49 3 68 18
class 0.47144556045532227 62 4 81 18
class 0.5261768102645874 75 4 94 18
class 0.5385051369667053 88 3 107 17
class 0.6132157444953918 102 4 120 17
class 0.5325720906257629 114 4 133 17
class 0.4678330719470978 127 4 146 17
class 0.46503016352653503 140 4 159 18
class 0.5118262767791748 153 3 173 18
class 0.4260496497154236 167 3 186 18
class 0.5027622580528259 180 3 199 18
class 0.44741758704185486 193 3 212 18
class 0.3162749409675598 207 4 224 18
class 0.24776628613471985 221 4 237 17
class 0.5458579063415527 232 2 248 18
class 0.6355491876602173 1 9 16 26
class 0.5223488211631775 22 11 39 26
class 0.5422369241714478 35 9 53 26
class 0.5544925332069397 49 9 66 25
class 0.5796770453453064 62 10 80 25
class 0.5350325107574463 75 9 92 26
class 0.4360581636428833 88 10 106 26
class 0.469328373670578 102 9 119 26
class 0.5559186935424805 114 9 131 26
class 0.3666716516017914 128 9 145 26
class 0.477152943611145 140 9 158 26
class 0.3171376585960388 154 9 171 25
class 0.37402504682540894 167 9 185 26
class 0.5218469500541687 181 9 198 25
class 0.6385618448257446 194 9 212 25
class 0.6408006548881531 208 9 224 25
class 0.2466619610786438 220 10 235 25
class 0.2990192174911499 233 8 247 26
class 0.3574337959289551 1 26 15 41
class 0.10734130442142487 22 26 38 40
class 0.18059636652469635 36 26 54 41
class 0.23853765428066254 49 26 67 42
class 0.2810933291912079 62 26 80 42
class 0.2575245201587677 75 25 93 42
class 0.2967064082622528 88 26 106 42
class 0.20369012653827667 101 26 119 42
class 0.20525069534778595 142 24 160 41
class 0.22373689711093903 153 25 171 42
class 0.1383875012397766 167 26 185 41
class 0.31726035475730896 180 26 198 41
class 0.42200857400894165 194 26 213 42
class 0.18378379940986633 234 22 247 40
class 0.3179634213447571 1 39 15 54
class 0.23257017135620117 23 39 39 54
class 0.27608150243759155 36 39 54 55
class 0.5197619199752808 50 38 68 55
class 0.536376953125 62 38 80 55
class 0.4785591661930084 76 38 94 55
class 0.6148735284805298 89 38 107 55
class 0.27047792077064514 100 37 119 54
class 0.9941509962081909 133 39 151 57
class 0.5448227524757385 154 36 171 54
class 0.3115111291408539 167 37 185 55
class 0.4090022146701813 181 38 198 55
class 0.5774672031402588 195 38 213 54
class 0.2048586755990982 217 39 235 54
class 0.24861544370651245 235 37 248 55
class 0.5277019739151001 1 52 15 67
class 0.16862432658672333 23 51 39 67
class 0.33927059173583984 38 51 54 67
class 0.6199060082435608 50 50 66 67
class 0.4986964464187622 63 51 80 68
class 0.5619059205055237 77 50 93 68
class 0.47725710272789 90 50 106 67
class 0.24503856897354126 101 50 119 67
class 0.19821526110172272 154 50 171 68
class 0.17506887018680573 168 50 185 68
class 0.2965157926082611 182 51 199 68
class 0.6070254445075989 196 50 213 67
class 0.23253250122070312 206 53 224 68
class 0.12758636474609375 219 54 235 68
class 0.19136923551559448 234 49 247 68
class 0.5609056949615479 2 65 16 80
class 0.20453312993049622 23 66 39 81
class 0.24229943752288818 37 64 54 81
class 0.45913267135620117 50 64 68 80
class 0.49364522099494934 63 64 80 81
class 0.5083431601524353 76 64 93 81
class 0.4049028754234314 90 64 107 81
class 0.2267342209815979 101 64 119 82
class 0.11989231407642365 117 64 136 81
class 0.7202743291854858 128 65 145 82
class 0.38002026081085205 140 65 159 82
class 0.32188135385513306 154 64 171 81
class 0.32598796486854553 168 65 185 82
class 0.38851404190063477 181 65 198 82
class 0.23771847784519196 195 65 212 81
class 0.1447346955537796 208 64 225 80
class 0.2016364187002182 220 65 236 80
class 0.3367845416069031 233 63 246 81
class 0.4111718237400055 1 78 16 93
class 0.17912709712982178 23 79 40 95
class 0.14050471782684326 36 79 54 96
class 0.37763649225234985 50 78 68 95
class 0.5134888291358948 63 77 80 94
class 0.6349352598190308 76 77 94 94
class 0.4797137379646301 89 76 107 94
class 0.3431851863861084 103 76 120 94
class 0.17944371700286865 116 77 133 95
class 0.4289810061454773 130 76 146 94
class 0.19712689518928528 141 76 158 93
class 0.35550761222839355 155 77 173 94
class 0.356353759765625 168 77 186 94
class 0.4370342195034027 181 76 198 93
class 0.3899708688259125 194 77 212 94
class 0.22387488186359406 207 78 225 94
class 0.17603589594364166 233 76 246 94
class 0.43098053336143494 1 91 16 107
class 0.23856939375400543 23 90 39 107
class 0.2633587121963501 36 90 54 108
class 0.49548307061195374 50 90 67 108
class 0.3641490638256073 63 91 80 108
class 0.39073699712753296 77 90 94 107
class 0.37181344628334045 89 90 107 107
class 0.3397402763366699 103 90 121 108
class 0.3167865574359894 116 90 133 107
class 0.23744191229343414 128 90 146 108
class 0.23605641722679138 141 91 159 108
class 0.26491671800613403 155 89 173 107
class 0.2940393388271332 168 90 186 108
class 0.25878578424453735 181 91 198 108
class 0.23636911809444427 195 91 213 108
class 0.15265429019927979 207 91 225 106
class 0.17339931428432465 233 89 247 107
class 0.3295593559741974 1 105 16 120
class 0.26276281476020813 23 104 39 121
class 0.23114056885242462 36 104 54 122
class 0.33735206723213196 50 103 67 121
class 0.46785107254981995 63 103 80 121
class 0.5588405728340149 77 104 94 121
class 0.35564157366752625 89 104 106 121
class 0.21839971840381622 102 102 120 121
class 0.1179136410355568 115 101 133 120
class 0.1515474170446396 144 101 162 120
class 0.32828032970428467 154 103 172 121
class 0.3026196360588074 168 103 187 121
class 0.3497391641139984 181 103 199 121
class 0.41802719235420227 194 104 213 121
class 0.20087222754955292 207 104 225 120
class 0.11614508181810379 220 105 237 120
class 0.28307777643203735 233 102 247 120
class 0.37699031829833984 1 117 16 133
class 0.3796030580997467 49 115 67 135
class 0.2758961319923401 63 117 80 134
class 0.4499562978744507 78 116 94 133
class 0.4057873785495758 89 117 106 134
class 0.9946461915969849 132 114 149 133
class 0.37445002794265747 154 116 173 135
class 0.35007786750793457 168 116 186 134
class 0.27397242188453674 181 116 199 134
class 0.3293434679508209 194 117 213 134
class 0.18831175565719604 207 118 226 133
class 0.14858634769916534 220 118 237 133
class 0.17413239181041718 233 117 247 135
class 0.2654580771923065 1 131 15 145
class 0.9908116459846497 27 128 44 145
class 0.2624678313732147 50 129 68 147
class 0.44266191124916077 63 130 80 147
class 0.4484225809574127 77 130 93 148
class 0.4973542392253876 89 130 107 147
class 0.13188649713993073 102 130 120 147
class 0.22676827013492584 129 132 145 148
class 0.11849331110715866 142 132 161 148
class 0.4104335308074951 154 129 172 147
class 0.3203757703304291 168 130 186 147
class 0.30759117007255554 181 130 199 147
class 0.3916521966457367 194 130 213 147
class 0.2351914346218109 208 130 226 146
class 0.22782102227210999 220 130 237 146
class 0.2296486496925354 233 128 247 146
class 0.3392235040664673 1 143 15 158
class 0.2219691276550293 49 143 67 161
class 0.30053001642227173 63 143 80 160
class 0.33304712176322937 77 143 93 160
class 0.4348313808441162 89 141 106 160
class 0.16990557312965393 102 142 120 160
class 0.1946231722831726 115 143 134 160
class 0.36105912923812866 128 142 146 159
class 0.3685779571533203 141 142 159 159
class 0.3858359456062317 155 143 173 159
class 0.4538216292858124 168 143 186 160
class 0.45945921540260315 181 143 199 160
class 0.3175256550312042 194 143 213 160
class 0.17837511003017426 207 144 226 160
class 0.10077236592769623 220 144 237 159
class 0.18319565057754517 233 142 247 160
class 0.20081986486911774 1 158 16 173
class 0.13589835166931152 23 157 41 172
class 0.1603645533323288 35 156 54 173
class 0.15688340365886688 49 157 67 174
class 0.24468763172626495 63 156 80 173
class 0.3860456645488739 76 156 93 173
class 0.2456323653459549 89 157 107 174
class 0.18255391716957092 102 156 120 173
class 0.15304121375083923 116 155 134 172
class 0.25622856616973877 129 156 146 173
class 0.20207852125167847 141 157 159 174
class 0.2870135009288788 155 156 173 173
class 0.298403263092041 169 156 187 172
class 0.3613797128200531 181 155 199 173
class 0.3071111738681793 194 156 213 173
class 0.2002752125263214 207 156 226 172
class 0.1535833179950714 233 155 247 173
class 0.5020859837532043 1 171 15 186
class 0.16890090703964233 24 170 40 185
class 0.21083249151706696 37 169 54 186
class 0.29038205742836 49 169 67 186
class 0.3066191077232361 63 169 81 185
class 0.4187672734260559 76 169 93 186
class 0.42102208733558655 90 169 107 186
class 0.3006107807159424 102 170 120 187
class 0.2018524408340454 115 171 133 187
class 0.3723006546497345 129 169 147 186
class 0.5003764629364014 142 169 159 186
class 0.407927930355072 155 170 172 186
class 0.35263878107070923 168 170 186 186
class 0.3255794942378998 181 169 200 186
class 0.364322692155838 195 170 213 187
class 0.2694070637226105 207 170 226 186
class 0.20938745141029358 233 169 247 187
class 0.4623667001724243 1 183 15 199
class 0.22451525926589966 24 184 40 199
class 0.2774435877799988 37 182 54 199
class 0.3949238657951355 50 183 67 200
class 0.3688967823982239 64 182 81 199
class 0.46981820464134216 76 182 94 199
class 0.4753652811050415 90 182 108 200
class 0.4406507909297943 103 182 120 199
class 0.3296119272708893 116 182 134 199
class 0.34975165128707886 129 183 146 200
class 0.38245436549186707 142 183 160 200
class 0.42839792370796204 156 183 173 199
class 0.5895779728889465 168 183 186 200
class 0.3977014422416687 182 182 199 200
class 0.433173269033432 196 182 213 199
class 0.3509959876537323 207 183 225 199
class 0.21702443063259125 233 182 246 199
class 0.38824236392974854 1 198 15 213
class 0.29735270142555237 24 197 40 213
class 0.334221214056015 36 196 54 214
class 0.46417102217674255 50 195 68 213
class 0.49371588230133057 63 195 81 214
class 0.44838258624076843 77 195 94 213
class 0.3838312327861786 90 195 107 213
class 0.4268141984939575 103 196 121 214
class 0.43151596188545227 116 195 134 213
class 0.49925845861434937 130 195 147 213
class 0.5998254418373108 142 195 160 214
class 0.45421501994132996 156 196 173 213
class 0.5871718525886536 169 195 186 213
class 0.5205534100532532 181 196 199 214
class 0.49003860354423523 195 196 213 213
class 0.35929515957832336 207 196 225 212
class 0.12726978957653046 220 196 236 212
class 0.3385061025619507 232 195 247 213
class 0.40178048610687256 2 209 16 225
class 0.2773565948009491 25 209 40 225
class 0.4371172785758972 36 209 54 226
class 0.4217682480812073 50 209 67 227
class 0.4136533737182617 63 209 81 227
class 0.44097423553466797 77 209 94 227
class 0.5537896156311035 90 209 107 227
class 0.4150143265724182 103 209 120 227
class 0.4013859033584595 116 209 133 227
class 0.37518858909606934 129 209 146 227
class 0.3876068592071533 143 209 160 227
class 0.38634252548217773 156 209 173 227
class 0.37072640657424927 169 208 186 226
class 0.39981532096862793 182 208 199 226
class 0.3966119885444641 195 209 211 226
class 0.29962068796157837 207 209 224 226
class 0.2118096500635147 233 208 246 226
class 0.6014127731323242 1 224 16 239
class 0.1083235964179039 11 222 27 237
class 0.16661612689495087 25 223 40 238
class 0.18821680545806885 38 223 54 239
class 0.1823984980583191 50 223 67 238
class 0.15963636338710785 64 222 81 238
class 0.2607221305370331 77 223 94 239
class 0.23942038416862488 90 222 107 238
class 0.21480801701545715 104 222 120 238
class 0.33374300599098206 116 222 133 238
class 0.29505211114883423 130 221 147 238
class 0.27540481090545654 143 221 160 237
class 0.30928879976272583 156 221 172 238
class 0.2665478587150574 169 223 186 238
class 0.2755129039287567 182 222 198 238
class 0.2603388726711273 195 223 211 238
class 0.21892313659191132 208 223 224 238
class 0.3383490741252899 232 223 246 240
class 0.8128466606140137 0 232 17 249
class 0.2462320476770401 9 231 27 248
class 0.39865344762802124 24 231 41 248
class 0.5743429064750671 37 231 55 248
class 0.5621106028556824 49 231 68 248
class 0.4908369481563568 63 232 82 248
class 0.5916838049888611 76 231 95 248
class 0.5267032384872437 89 231 108 249
class 0.5637704133987427 102 231 121 249
class 0.5706881284713745 115 231 134 249
class 0.5052122473716736 129 231 147 249
class 0.5219519138336182 142 232 160 249
class 0.44759535789489746 155 232 173 249
class 0.45360082387924194 168 231 186 249
class 0.46617817878723145 182 231 200 249
class 0.5432923436164856 194 232 213 249
class 0.5556625127792358 207 232 225 249
class 0.18752294778823853 221 232 238 248
class 0.8895838856697083 232 231 249 249
