class 0.5501200556755066 0 1 16 18
class 0.8736286163330078 32 2 54 19
class 0.34266361594200134 48 3 67 18
class 0.4334777593612671 61 3 81 18
class 0.4905473589897156 75 3 94 18
class 0.3882547914981842 88 4 107 18
class 0.3838244378566742 100 4 119 18
class 0.2983604371547699 115 4 133 17
class 0.44674262404441833 140 4 159 18
class 0.4076326787471771 154 3 173 17
class 0.3665536046028137 167 4 186 18
class 0.4699971079826355 180 4 199 18
class 0.48629245162010193 194 3 213 18
class 0.5379474759101868 208 4 227 18
class 0.40142571926116943 220 4 237 18
class 0.7255797982215881 231 3 249 19
class 0.9868344664573669 12 10 32 27
class 0.21284300088882446 47 8 66 26
class 0.42474234104156494 62 9 80 26
class 0.5620725154876709 75 9 93 26
class 0.6581271290779114 89 10 106 26
class 0.5143551230430603 101 10 118 26
class 0.37274906039237976 115 10 132 26
class 0.5959733128547668 129 8 146 25
class 0.606618344783783 141 9 158 25
class 0.46071764826774597 154 10 171 26
class 0.49647626280784607 168 9 185 26
class 0.4285038113594055 180 10 197 26
class 0.625541627407074 194 10 212 26
class 0.4886210560798645 207 9 224 25
class 0.29179176688194275 35 24 54 43
class 0.21483661234378815 48 25 67 43
class 0.21126151084899902 62 25 80 41
class 0.2899736166000366 75 25 93 41
class 0.35539618134498596 89 25 106 41
class 0.3020395040512085 101 25 118 41
class 0.1965116262435913 114 25 132 41
class 0.15503163635730743 128 27 145 42
class 0.13076722621917725 141 26 157 41
class 0.13795369863510132 154 26 171 41
class 0.23166266083717346 167 25 184 41
class 0.2963908612728119 181 25 199 41
class 0.37619632482528687 194 25 212 42
class 0.18080052733421326 206 26 224 41
class 0.19273370504379272 234 23 247 42
class 0.978583812713623 23 40 41 59
class 0.4144749641418457 38 36 56 55
class 0.48285678029060364 48 38 67 56
class 0.4015839993953705 62 39 80 56
class 0.3485172688961029 76 38 93 55
class 0.35664796829223633 88 39 106 55
class 0.30317291617393494 102 38 119 55
class 0.2905263900756836 115 38 133 55
class 0.32668593525886536 128 37 145 54
class 0.45055994391441345 142 37 159 54
class 0.2735949754714966 154 38 171 54
class 0.29776453971862793 167 37 184 55
class 0.2646106779575348 182 38 199 55
class 0.4450071156024933 195 38 212 55
class 0.369597464799881 206 38 225 54
class 0.125034362077713 219 39 235 54
class 0.2376454919576645 233 37 247 55
class 0.37306833267211914 50 50 67 68
class 0.4433435797691345 63 50 80 67
class 0.4966033399105072 76 50 93 68
class 0.5260633230209351 90 50 106 67
class 0.5465567708015442 102 51 119 68
class 0.3468020260334015 116 50 133 68
class 0.23452386260032654 128 50 145 68
class 0.267324298620224 142 50 158 68
class 0.20421265065670013 155 50 172 67
class 0.30244407057762146 169 51 185 68
class 0.2910153269767761 182 51 198 68
class 0.39445409178733826 195 51 212 67
class 0.25568825006484985 208 51 225 67
class 0.1273491531610489 220 52 236 67
class 0.3504313826560974 232 50 247 68
class 0.10648319870233536 1 66 14 80
class 0.590656578540802 23 65 41 81
class 0.4024529457092285 35 63 54 80
class 0.23750697076320648 49 64 67 81
class 0.1541852355003357 63 64 80 81
class 0.2317267507314682 76 63 93 81
class 0.3363640606403351 90 64 107 81
class 0.36129945516586304 102 64 119 81
class 0.30515289306640625 116 64 133 81
class 0.31599703431129456 129 64 146 81
class 0.28576502203941345 142 64 159 81
class 0.363343745470047 155 64 173 81
class 0.38685518503189087 169 64 186 81
class 0.3025329113006592 182 64 199 81
class 0.4659343957901001 195 65 212 82
class 0.3580869734287262 208 64 225 80
class 0.17103345692157745 220 64 236 79
class 0.31362149119377136 233 63 247 82
class 0.3873025178909302 1 78 15 94
class 0.18628069758415222 50 77 67 94
class 0.42722761631011963 64 78 81 95
class 0.4241856634616852 76 78 94 95
class 0.31134504079818726 89 77 106 94
class 0.3490237593650818 103 76 120 94
class 0.3319951891899109 116 77 133 94
class 0.34543687105178833 129 77 147 94
class 0.38646548986434937 142 77 159 95
class 0.2458817958831787 155 77 173 94
class 0.2752608358860016 168 77 186 95
class 0.38973021507263184 182 77 199 94
class 0.4481503963470459 194 76 212 93
class 0.1982547491788864 207 78 225 94
class 0.36395853757858276 233 75 247 94
class 0.3147517740726471 1 91 16 107
class 0.10819585621356964 23 92 40 107
class 0.20678584277629852 36 92 53 108
class 0.29169490933418274 49 91 67 108
class 0.4336957037448883 64 90 81 107
class 0.41303062438964844 76 89 93 107
class 0.32315126061439514 89 90 107 107
class 0.35234546661376953 102 90 119 108
class 0.3553090989589691 117 90 134 107
class 0.34786808490753174 129 90 147 107
class 0.44377487897872925 142 90 160 107
class 0.4432268440723419 155 90 173 108
class 0.3189769387245178 168 90 185 108
class 0.1427605152130127 181 90 199 108
class 0.2358873188495636 195 90 213 108
class 0.1803571879863739 207 91 226 107
class 0.2221975475549698 233 89 247 108
class 0.17702113091945648 1 104 15 119
class 0.12103825062513351 23 104 40 119
class 0.1763714849948883 36 103 53 119
class 0.2892805337905884 50 103 67 120
class 0.36201855540275574 63 103 80 120
class 0.32007870078086853 76 103 93 121
class 0.21390897035598755 89 103 107 121
class 0.332068532705307 103 102 120 120
class 0.3292129635810852 116 103 134 121
class 0.32358258962631226 128 103 146 121
class 0.2395985871553421 142 102 160 120
class 0.21222008764743805 155 102 173 120
class 0.22828854620456696 168 103 186 121
class 0.22752587497234344 181 103 199 122
class 0.29497259855270386 195 103 213 121
class 0.10884352773427963 208 103 226 120
class 0.15345744788646698 221 104 237 119
class 0.4885132908821106 232 103 247 122
class 0.19883239269256592 1 118 16 133
class 0.11876676976680756 36 117 54 134
class 0.20337095856666565 50 116 68 133
class 0.2844811677932739 63 116 80 133
class 0.32673972845077515 76 116 93 134
class 0.3108201026916504 89 117 107 134
class 0.36898741126060486 102 116 120 134
class 0.2906475365161896 116 116 134 134
class 0.33996638655662537 129 116 147 134
class 0.37334463000297546 141 117 160 135
class 0.26939499378204346 155 116 173 134
class 0.344785213470459 168 116 187 135
class 0.2845710813999176 180 116 199 135
class 0.1699080765247345 194 116 213 135
class 0.12252011150121689 208 118 226 134
class 0.10050975531339645 219 118 236 134
class 0.232695534825325 232 114 247 132
class 0.36439260840415955 2 131 16 147
class 0.11446315050125122 23 130 40 147
class 0.12891097366809845 36 129 54 147
class 0.24507440626621246 51 130 68 148
class 0.3646802008152008 63 129 80 147
class 0.3927420675754547 77 129 94 147
class 0.3578037917613983 89 129 107 147
class 0.3388846218585968 102 130 120 147
class 0.3632160723209381 116 130 134 148
class 0.3882162272930145 129 130 147 148
class 0.3606947660446167 141 128 159 147
class 0.21109117567539215 155 128 175 147
class 0.1416623890399933 195 127 214 148
class 0.2193044126033783 233 130 247 148
class 0.41519612073898315 1 143 16 159
class 0.12843185663223267 11 143 27 159
class 0.3800756335258484 23 143 39 160
class 0.2700378894805908 36 143 54 160
class 0.2988676428794861 50 142 68 160
class 0.3485885560512543 63 143 80 160
class 0.32771673798561096 76 143 94 160
class 0.26449674367904663 89 143 107 160
class 0.3030339181423187 102 142 120 160
class 0.40135982632637024 117 142 134 160
class 0.48723962903022766 129 143 147 161
class 0.1223316341638565 141 143 159 160
class 0.8973602056503296 176 138 195 159
class 0.171387180685997 195 142 215 161
class 0.2292979508638382 233 141 247 160
class 0.4572957456111908 2 157 17 173
class 0.19136293232440948 24 155 40 172
class 0.3343210816383362 36 155 53 173
class 0.31322306394577026 50 156 68 173
class 0.29672953486442566 63 155 81 173
class 0.34504789113998413 77 155 95 172
class 0.45765677094459534 90 155 108 173
class 0.4281306564807892 102 156 120 173
class 0.2817593812942505 116 156 134 174
class 0.5248851776123047 129 154 147 172
class 0.3375455141067505 141 156 160 174
class 0.15092764794826508 155 156 174 173
class 0.32318925857543945 167 157 186 174
class 0.1652584671974182 180 158 199 175
class 0.10306250303983688 193 155 212 173
class 0.15783996880054474 233 156 247 174
class 0.7553017139434814 1 169 17 186
class 0.39558663964271545 37 169 55 186
class 0.432957261800766 50 169 68 186
class 0.3800267279148102 63 169 81 186
class 0.32864823937416077 76 170 94 187
class 0.3373975157737732 90 169 107 186
class 0.38653916120529175 103 169 121 186
class 0.38621702790260315 116 169 133 186
class 0.19246119260787964 129 168 146 185
class 0.11745908856391907 156 167 174 186
class 0.24688312411308289 168 168 187 185
class 0.2414252609014511 180 168 199 185
class 0.37061354517936707 194 170 213 187
class 0.18106958270072937 207 170 226 186
class 0.10121146589517593 220 171 236 185
class 0.44406524300575256 232 169 247 186
class 0.6100991368293762 1 183 16 199
class 0.20220254361629486 36 182 54 200
class 0.4097535014152527 51 183 68 200
class 0.5006883144378662 64 183 81 200
class 0.5807096362113953 77 182 94 199
class 0.5779605507850647 90 182 107 199
class 0.5507362484931946 103 182 120 199
class 0.40288281440734863 117 182 134 198
class 0.34946492314338684 127 182 144 199
class 0.9894234538078308 144 183 161 202
class 0.12747879326343536 156 183 174 199
class 0.32307618856430054 168 182 186 200
class 0.2622388005256653 181 184 199 200
class 0.3346043527126312 195 183 212 199
class 0.19530963897705078 207 184 225 199
class 0.16094499826431274 233 182 247 199
class 0.547344446182251 1 196 15 212
class 0.39370107650756836 12 197 27 212
class 0.6095521450042725 22 196 39 212
class 0.5272963047027588 37 196 54 213
class 0.5216948390007019 49 196 67 214
class 0.46304625272750854 64 196 81 213
class 0.5221237540245056 76 196 94 213
class 0.44133952260017395 90 196 107 213
class 0.42564094066619873 102 196 120 214
class 0.34180551767349243 116 195 133 213
class 0.17843765020370483 129 196 146 213
class 0.3676958978176117 142 195 159 212
class 0.17002224922180176 156 198 174 214
class 0.5228080153465271 168 195 186 213
class 0.5913859605789185 182 195 199 213
class 0.7623428106307983 195 196 212 213
class 0.4186643064022064 207 196 225 212
class 0.12848283350467682 220 196 236 212
class 0.2609861195087433 233 196 247 213
class 0.22311770915985107 1 210 15 226
class 0.12908229231834412 24 210 39 226
class 0.17456313967704773 38 210 54 226
class 0.4286181628704071 50 209 67 226
class 0.5149031281471252 64 210 80 227
class 0.4561590552330017 77 209 93 226
class 0.3183111548423767 89 208 106 226
class 0.28283366560935974 105 208 121 225
class 0.3406234383583069 115 209 132 227
class 0.2718857526779175 130 210 147 227
class 0.6457381248474121 141 208 159 226
class 0.4202300012111664 154 209 172 226
class 0.3256215453147888 168 210 186 227
class 0.4028385877609253 181 209 199 226
class 0.49068620800971985 194 209 212 226
class 0.19669894874095917 207 210 225 226
class 0.18977303802967072 233 208 246 226
class 0.8440520763397217 1 223 16 239
class 0.4046761095523834 25 223 40 238
class 0.20613007247447968 36 222 52 238
class 0.17924651503562927 51 223 68 238
class 0.24955706298351288 63 222 79 238
class 0.10341432690620422 77 222 93 238
class 0.1592111587524414 90 223 106 239
class 0.1149221733212471 103 225 119 240
class 0.12660057842731476 117 222 133 238
class 0.24625243246555328 129 222 145 238
class 0.16748782992362976 142 222 158 238
class 0.2179291993379593 156 222 173 238
class 0.2860940992832184 169 222 186 238
class 0.2804323136806488 182 222 198 238
class 0.4814552962779999 195 223 213 239
class 0.31204789876937866 207 222 224 238
class 0.3280908763408661 232 222 246 239
class 0.7328585386276245 0 232 17 249
class 0.20871703326702118 10 231 28 248
class 0.3574618697166443 23 231 41 249
class 0.3821495473384857 37 231 55 248
class 0.3874785006046295 49 231 68 248
class 0.509090006351471 63 231 81 248
class 0.3732127547264099 76 231 94 249
class 0.3629031181335449 90 231 108 248
class 0.7481048703193665 102 230 120 248
class 0.4340032935142517 115 231 133 248
class 0.46684321761131287 129 231 147 248
class 0.5155645608901978 142 231 160 248
class 0.4825536012649536 154 231 173 248
class 0.4945014715194702 169 232 187 248
class 0.45899930596351624 181 231 199 248
class 0.717499315738678 195 231 213 248
class 0.3497207760810852 207 231 225 248
class 0.15015597641468048 220 232 237 249
class 0.8675726652145386 232 232 249 249
