class 0.8470587730407715 0 2 17 18
class 0.42913296818733215 8 4 26 18
class 0.5127643346786499 23 4 41 18
class 0.6196751594543457 35 3 54 18
class 0.6448676586151123 49 3 68 18
class 0.5319831371307373 62 3 80 18
class 0.6066713333129883 74 3 94 18
class 0.7547647953033447 88 3 107 18
class 0.46270862221717834 101 3 121 17
class 0.5557839274406433 114 3 134 17
class 0.7453588247299194 127 3 147 18
class 0.47670677304267883 140 3 160 18
class 0.6480737328529358 153 3 173 18
class 0.4500392973423004 167 3 186 17
class 0.5803310871124268 180 3 199 18
class 0.48394593596458435 207 4 225 18
class 0.29764890670776367 221 4 237 18
class 0.7784806489944458 232 2 249 18
class 0.45311373472213745 1 9 15 25
class 0.127521812915802 10 10 25 24
class 0.407105028629303 23 10 39 25
class 0.40936487913131714 36 9 53 25
class 0.5447173714637756 49 9 66 25
class 0.5268138647079468 63 10 79 26
class 0.6004380583763123 75 10 92 26
class 0.5669026374816895 89 9 106 26
class 0.45969662070274353 102 10 120 26
class 0.5570282340049744 114 9 133 26
class 0.7430789470672607 140 9 159 27
class 0.6451603174209595 154 8 172 26
class 0.4197300672531128 167 9 185 26
class 0.5611065626144409 180 9 198 26
class 0.6754398345947266 194 9 212 25
class 0.15692095458507538 233 8 247 26
class 0.4008844196796417 1 26 15 41
class 0.11974253505468369 23 27 39 40
class 0.14230938255786896 36 26 53 41
class 0.3090631663799286 49 25 66 40
class 0.36854270100593567 62 25 79 41
class 0.4958488941192627 76 25 93 41
class 0.44512128829956055 89 25 106 41
class 0.37440505623817444 101 25 120 41
class 0.19802236557006836 114 23 133 41
class 0.27007341384887695 138 24 158 42
class 0.7319889068603516 153 24 172 43
class 0.24637483060359955 167 25 185 42
class 0.13063882291316986 180 25 198 41
class 0.11664009839296341 193 25 211 41
class 0.10614390671253204 207 25 225 40
class 0.338409423828125 233 23 247 42
class 0.43794792890548706 1 38 15 53
class 0.2051989734172821 24 39 39 53
class 0.3511655926704407 35 39 52 55
class 0.509919285774231 50 38 66 55
class 0.32344430685043335 62 38 79 55
class 0.4162902235984802 76 37 93 54
class 0.506977379322052 90 38 107 54
class 0.4851849675178528 102 37 119 54
class 0.22162574529647827 115 38 133 55
class 0.9107258319854736 132 33 148 52
class 0.5421889424324036 155 38 173 56
class 0.3713858723640442 167 38 185 55
class 0.20255886018276215 180 38 199 55
class 0.21684172749519348 194 39 212 55
class 0.1606685221195221 206 40 224 54
class 0.25280502438545227 233 36 247 55
class 0.2373315840959549 1 52 15 66
class 0.21220891177654266 24 51 39 66
class 0.24274764955043793 37 50 53 67
class 0.2808260917663574 50 50 66 67
class 0.3290936350822449 64 52 80 68
class 0.5263254046440125 77 52 92 68
class 0.5339486598968506 89 52 105 68
class 0.43237215280532837 103 52 119 68
class 0.3229849338531494 117 50 134 67
class 0.7981405258178711 127 52 144 69
class 0.6693934202194214 141 52 159 69
class 0.6854480504989624 154 51 172 69
class 0.3707219064235687 166 50 184 69
class 0.39829307794570923 181 50 199 69
class 0.4177530109882355 195 51 212 68
class 0.3698205053806305 206 51 225 67
class 0.15240034461021423 219 52 235 67
class 0.4704834520816803 232 50 247 69
class 0.38446152210235596 1 66 15 81
class 0.1562379002571106 23 65 39 80
class 0.2794952094554901 37 64 54 81
class 0.4735088348388672 50 64 67 81
class 0.5388763546943665 63 64 80 81
class 0.47000423073768616 77 64 93 80
class 0.5825003385543823 89 63 106 81
class 0.4836922883987427 104 63 120 80
class 0.5074980854988098 115 64 133 82
class 0.49843594431877136 128 64 146 81
class 0.2538853883743286 140 63 159 80
class 0.30946967005729675 155 63 173 81
class 0.13629111647605896 167 63 186 81
class 0.10045069456100464 194 63 213 82
class 0.24117448925971985 233 62 247 80
class 0.49077391624450684 1 78 16 93
class 0.1441156417131424 24 78 40 93
class 0.1922532469034195 36 78 53 94
class 0.3653888702392578 51 77 67 94
class 0.48074233531951904 64 77 80 94
class 0.3658757209777832 76 77 93 94
class 0.3202613592147827 90 77 107 94
class 0.40024691820144653 102 78 119 95
class 0.270580917596817 115 77 133 94
class 0.26803359389305115 129 77 147 94
class 0.1368456482887268 142 76 160 93
class 0.4833766520023346 193 76 212 96
class 0.1351889967918396 207 77 225 94
class 0.3049111068248749 233 77 247 95
class 0.5290677547454834 1 91 16 107
class 0.17037047445774078 24 91 40 106
class 0.3677191436290741 37 90 54 108
class 0.4239523112773895 50 90 67 107
class 0.38918402791023254 63 90 80 107
class 0.3880425691604614 78 90 94 107
class 0.43200448155403137 90 91 107 107
class 0.3299100399017334 102 90 119 107
class 0.474631130695343 116 91 133 108
class 0.48946666717529297 129 91 146 108
class 0.9847841262817383 171 85 187 104
class 0.17314974963665009 193 88 212 107
class 0.12407219409942627 207 91 225 107
class 0.28542888164520264 233 88 247 106
class 0.31464454531669617 1 105 15 120
class 0.14627023041248322 23 106 39 121
class 0.25580012798309326 37 104 54 120
class 0.43737778067588806 51 103 67 121
class 0.47586119174957275 63 104 80 120
class 0.4258466958999634 77 104 93 121
class 0.3928029537200928 90 103 107 120
class 0.32921740412712097 102 104 119 121
class 0.396598219871521 117 103 133 120
class 0.4906134605407715 129 103 145 120
class 0.11455726623535156 167 105 185 121
class 0.13764719665050507 181 103 200 121
class 0.31382662057876587 195 104 213 122
class 0.18409472703933716 207 104 225 120
class 0.1301625818014145 233 103 246 121
class 0.442612886428833 2 117 16 133
class 0.3502163887023926 23 117 40 133
class 0.22297663986682892 37 117 54 133
class 0.43025457859039307 50 116 67 133
class 0.4845358729362488 63 117 80 134
class 0.4168829321861267 76 116 94 133
class 0.417190819978714 89 116 107 133
class 0.40450865030288696 103 116 120 134
class 0.3131055235862732 116 116 133 134
class 0.269316166639328 129 116 146 134
class 0.14815838634967804 142 116 159 134
class 0.12469594180583954 167 116 186 134
class 0.16394057869911194 195 116 213 134
class 0.1446412205696106 208 118 225 134
class 0.14339788258075714 220 117 235 132
class 0.2993466556072235 233 116 247 135
class 0.287110835313797 1 131 15 146
class 0.10374414920806885 23 130 40 146
class 0.17820264399051666 36 130 54 146
class 0.3453606963157654 50 130 67 147
class 0.4802184998989105 63 130 80 146
class 0.37085428833961487 76 130 94 147
class 0.4196837544441223 89 129 107 147
class 0.19761191308498383 102 129 120 147
class 0.2637382447719574 115 129 134 147
class 0.18394488096237183 142 129 160 149
class 0.19690930843353271 154 129 173 149
class 0.16353464126586914 167 129 186 148
class 0.15427522361278534 180 129 199 148
class 0.3028194010257721 194 130 213 149
class 0.27409180998802185 208 130 225 146
class 0.14359672367572784 233 127 247 146
class 0.3593995273113251 1 144 16 159
class 0.22577419877052307 36 143 54 160
class 0.3873666226863861 50 144 67 160
class 0.6294042468070984 63 144 80 160
class 0.5696520209312439 76 144 93 161
class 0.3995363414287567 90 143 108 160
class 0.281277596950531 101 143 120 161
class 0.18044055998325348 154 141 174 161
class 0.12592492997646332 168 142 188 161
class 0.2759699523448944 233 143 248 161
class 0.20171698927879333 1 158 16 173
class 0.13140283524990082 23 157 40 173
class 0.1457545906305313 37 156 54 173
class 0.3478318750858307 50 156 67 172
class 0.40420469641685486 63 155 80 172
class 0.5000025629997253 77 155 94 172
class 0.4492349624633789 89 157 107 174
class 0.10798294842243195 102 155 120 172
class 0.9977678656578064 132 156 151 176
class 0.48977556824684143 153 155 173 174
class 0.14548686146736145 168 155 188 172
class 0.9952491521835327 190 156 209 177
class 0.28002122044563293 209 154 227 171
class 0.25110265612602234 233 155 247 173
class 0.48242107033729553 2 170 16 186
class 0.3738119304180145 23 170 40 186
class 0.31327441334724426 36 170 54 186
class 0.40838900208473206 49 169 67 186
class 0.38313084840774536 63 170 81 187
class 0.3342592418193817 77 170 94 187
class 0.5556185841560364 90 169 107 186
class 0.13741639256477356 101 169 119 186
class 0.16819827258586884 154 169 173 186
class 0.30828920006752014 232 168 247 186
class 0.30689024925231934 1 184 15 199
class 0.19875764846801758 24 184 40 199
class 0.2738594710826874 36 183 54 200
class 0.38784894347190857 50 183 67 200
class 0.4773699939250946 64 182 81 199
class 0.4563651382923126 76 182 93 200
class 0.46748805046081543 90 183 107 200
class 0.17454852163791656 103 184 119 200
class 0.6947357058525085 129 182 147 199
class 0.41359561681747437 140 183 159 199
class 0.4358459711074829 156 183 174 199
class 0.20778986811637878 168 183 186 199
class 0.5113754868507385 181 182 199 199
class 0.6883741021156311 194 183 213 199
class 0.3636731505393982 206 183 225 199
class 0.12355370074510574 220 184 235 199
class 0.43985939025878906 232 183 247 201
class 0.5693544745445251 1 196 16 212
class 0.12832900881767273 11 195 26 211
class 0.31139424443244934 24 196 40 212
class 0.40209391713142395 37 196 54 213
class 0.4569286108016968 50 196 67 213
class 0.4626103639602661 63 196 80 214
class 0.4163160026073456 77 196 94 213
class 0.5009655952453613 89 195 107 213
class 0.5049386620521545 103 195 120 213
class 0.2936629354953766 116 196 133 213
class 0.42667630314826965 129 195 146 213
class 0.34061673283576965 142 196 159 213
class 0.3545897603034973 156 196 173 213
class 0.27094128727912903 169 196 186 213
class 0.302756130695343 182 196 198 213
class 0.32136237621307373 195 196 212 213
class 0.34897997975349426 207 196 225 212
class 0.2611538767814636 220 197 236 212
class 0.5009979605674744 232 195 247 214
class 0.23386730253696442 2 209 15 225
class 0.16989846527576447 25 209 40 224
class 0.377451628446579 38 209 54 226
class 0.4634254574775696 51 208 68 226
class 0.4923374354839325 63 208 80 226
class 0.40208983421325684 76 209 93 227
class 0.28825849294662476 90 208 107 226
class 0.24525931477546692 103 208 120 226
class 0.28331029415130615 116 209 133 226
class 0.32436829805374146 130 209 147 226
class 0.40822455286979675 143 209 159 225
class 0.3589280843734741 156 209 172 226
class 0.34937989711761475 169 209 185 226
class 0.37329787015914917 182 208 199 226
class 0.6629690527915955 194 209 211 226
class 0.4351400136947632 207 209 224 225
class 0.18672709167003632 219 208 235 223
class 0.7700185179710388 233 206 248 223
class 0.8256250023841858 1 224 16 239
class 0.14268425107002258 39 222 54 238
class 0.14593161642551422 51 222 67 238
class 0.1601269692182541 64 222 80 238
class 0.23750759661197662 77 223 93 239
class 0.12338629364967346 90 223 107 239
class 0.1387358158826828 104 223 120 239
class 0.22722184658050537 116 222 133 239
class 0.2030290812253952 130 221 146 238
class 0.18131087720394135 143 221 159 238
class 0.13971124589443207 156 222 172 238
class 0.1243840828537941 169 222 185 238
class 0.15848587453365326 182 222 198 238
class 0.1749797761440277 195 222 211 238
class 0.14292892813682556 207 223 223 238
class 0.7311913967132568 0 233 17 249
class 0.12241445481777191 10 232 27 248
class 0.40603139996528625 24 231 41 248
class 0.45140746235847473 37 231 55 248
class 0.53850257396698 50 231 69 248
class 0.5454099178314209 63 231 82 248
class 0.6803205013275146 76 230 94 249
class 0.6214020848274231 90 231 108 248
class 0.6055529713630676 102 231 120 248
class 0.5587111711502075 115 230 134 248
class 0.37579864263534546 129 231 147 248
class 0.4501618444919586 142 230 161 248
class 0.5744413137435913 156 231 174 248
class 0.45026975870132446 167 231 186 248
class 0.4429194927215576 181 232 199 248
class 0.40151098370552063 194 232 212 249
class 0.4953978955745697 207 231 225 248
class 0.9790666699409485 232 235 249 249
