class 0.8385940790176392 1 3 17 18
class 0.2862623333930969 9 4 26 18
class 0.5744621753692627 21 4 40 18
class 0.4526486396789551 50 4 68 18
class 0.582746148109436 61 4 80 18
class 0.526278555393219 75 4 94 18
class 0.4507640600204468 88 4 107 17
class 0.6113976240158081 101 3 120 18
class 0.5583904385566711 114 3 133 18
class 0.4969887137413025 128 4 146 18
class 0.5258285999298096 140 4 159 18
class 0.44006863236427307 153 4 172 18
class 0.47734689712524414 167 4 185 17
class 0.42945942282676697 181 4 199 18
class 0.46492278575897217 194 4 212 18
class 0.43460261821746826 207 3 225 18
class 0.3471447229385376 221 4 238 17
class 0.8449456691741943 231 2 249 19
class 0.6316148042678833 1 9 16 26
class 0.3078121840953827 22 9 39 25
class 0.469439834356308 36 9 53 25
class 0.4227513372898102 49 10 66 26
class 0.6173643469810486 62 10 80 26
class 0.6849705576896667 75 10 93 26
class 0.6188938021659851 89 10 106 26
class 0.7185535430908203 101 9 119 26
class 0.5531512498855591 115 10 132 25
class 0.47660768032073975 128 9 145 25
class 0.5678763389587402 141 9 158 25
class 0.42329153418540955 154 10 171 25
class 0.3963882327079773 168 10 184 25
class 0.45652860403060913 181 10 198 26
class 0.5141049027442932 194 9 211 25
class 0.6430620551109314 207 10 224 26
class 0.14257079362869263 221 10 235 25
class 0.23159807920455933 1 25 15 41
class 0.12920722365379333 23 27 40 41
class 0.14975915849208832 49 25 67 41
class 0.2110830843448639 62 25 79 41
class 0.18338561058044434 76 25 93 40
class 0.20935317873954773 88 26 106 41
class 0.3855096399784088 102 25 119 41
class 0.2889968752861023 115 25 132 41
class 0.30004340410232544 128 26 145 41
class 0.18273331224918365 141 25 158 41
class 0.17693738639354706 154 25 172 41
class 0.1446470469236374 167 25 184 41
class 0.1613779067993164 181 25 198 40
class 0.23282955586910248 193 25 212 41
class 0.1468927413225174 206 25 224 40
class 0.2375297248363495 233 24 247 42
class 0.20141486823558807 1 39 15 54
class 0.2484474927186966 23 39 39 54
class 0.34534451365470886 36 38 53 55
class 0.3106750547885895 49 38 67 55
class 0.375279039144516 63 38 80 55
class 0.390640527009964 75 39 92 55
class 0.3918513357639313 90 38 106 55
class 0.3713400363922119 103 38 119 55
class 0.4000627100467682 115 38 132 55
class 0.43979161977767944 129 38 145 55
class 0.3038605749607086 142 38 159 55
class 0.3335894048213959 155 38 172 55
class 0.3248192369937897 167 38 185 55
class 0.18863914906978607 180 39 198 56
class 0.3118131160736084 195 39 212 55
class 0.26675117015838623 207 39 225 54
class 0.16514211893081665 233 36 246 54
class 0.23928505182266235 1 52 16 67
class 0.18166878819465637 36 50 53 67
class 0.28625890612602234 50 51 68 67
class 0.32206958532333374 63 50 80 67
class 0.48709994554519653 76 50 93 67
class 0.46986106038093567 90 50 107 67
class 0.6389184594154358 103 50 119 67
class 0.4844253361225128 116 49 132 67
class 0.4840601682662964 130 50 146 67
class 0.4996287524700165 142 51 159 68
class 0.34591004252433777 155 51 171 68
class 0.27568870782852173 168 50 185 68
class 0.2741740345954895 182 50 199 67
class 0.40278390049934387 195 51 212 68
class 0.214670330286026 207 51 225 67
class 0.12362267822027206 220 52 236 67
class 0.4139498174190521 233 51 247 69
class 0.2282087802886963 1 65 16 80
class 0.11455845087766647 22 65 40 81
class 0.14472994208335876 36 65 54 82
class 0.25502562522888184 50 64 68 81
class 0.28842824697494507 62 64 80 82
class 0.22795268893241882 76 63 94 81
class 0.1015324667096138 88 63 106 81
class 0.14184868335723877 102 63 119 81
class 0.28301429748535156 117 64 134 81
class 0.37777459621429443 130 64 146 81
class 0.39704984426498413 142 64 159 81
class 0.3446878492832184 155 63 172 81
class 0.287513792514801 168 64 185 81
class 0.194021537899971 182 64 199 81
class 0.3457357585430145 195 64 213 81
class 0.15252217650413513 207 65 225 80
class 0.26316767930984497 233 63 247 81
class 0.1964329034090042 1 78 16 93
class 0.1112341582775116 23 78 41 94
class 0.19520778954029083 36 77 55 95
class 0.25832599401474 49 77 68 95
class 0.4010211229324341 63 77 81 95
class 0.41957804560661316 76 78 94 95
class 0.31958726048469543 88 79 106 96
class 0.2694435119628906 102 79 120 96
class 0.3589997887611389 116 78 133 95
class 0.3597574234008789 129 78 146 95
class 0.20040571689605713 142 76 160 94
class 0.18026024103164673 155 76 173 94
class 0.26546770334243774 168 77 186 95
class 0.33392417430877686 182 77 199 94
class 0.3119756281375885 195 77 213 95
class 0.24007603526115417 207 77 225 94
class 0.11423017829656601 220 78 237 94
class 0.35120296478271484 233 76 247 94
class 0.2385644018650055 2 91 16 107
class 0.12851907312870026 22 91 40 108
class 0.15623873472213745 37 90 55 108
class 0.2907710075378418 49 90 68 108
class 0.3183997571468353 63 90 81 108
class 0.4414280652999878 76 90 94 107
class 0.47456109523773193 88 89 106 107
class 0.45421847701072693 102 90 120 107
class 0.45892488956451416 115 90 133 107
class 0.4970894157886505 129 90 146 107
class 0.40373265743255615 142 92 160 109
class 0.26478007435798645 154 90 172 108
class 0.23749156296253204 168 90 187 108
class 0.2782365679740906 181 90 199 108
class 0.3475450873374939 195 91 213 108
class 0.16720819473266602 207 91 226 107
class 0.30095043778419495 233 89 248 107
class 0.4079621136188507 1 104 16 120
class 0.1402289718389511 24 103 41 120
class 0.2010607123374939 36 104 55 121
class 0.24259640276432037 49 103 68 121
class 0.3186684846878052 63 103 81 121
class 0.2651199996471405 76 103 93 121
class 0.2590261399745941 89 103 106 121
class 0.295070618391037 102 104 120 120
class 0.43329912424087524 116 103 133 120
class 0.5092352628707886 129 104 147 121
class 0.43537232279777527 141 103 159 120
class 0.3201962113380432 155 104 173 121
class 0.3401971459388733 167 103 186 121
class 0.3278794288635254 181 103 200 120
class 0.4094434380531311 195 103 213 121
class 0.17521874606609344 207 104 225 120
class 0.33988675475120544 232 102 247 121
class 0.1372237652540207 1 118 15 133
class 0.20204971730709076 37 115 55 134
class 0.17059263586997986 49 116 68 134
class 0.26947474479675293 63 116 80 135
class 0.32906901836395264 76 116 94 134
class 0.2821396291255951 89 116 107 134
class 0.3076636791229248 102 117 119 134
class 0.25769779086112976 116 117 133 133
class 0.24539081752300262 129 116 147 133
class 0.30548912286758423 142 116 160 133
class 0.36847323179244995 154 116 173 134
class 0.2232372909784317 168 116 186 134
class 0.19831334054470062 181 117 199 134
class 0.29058682918548584 195 117 213 134
class 0.2427562177181244 208 117 226 133
class 0.17687201499938965 219 117 236 133
class 0.318254679441452 233 116 247 134
class 0.49015992879867554 2 131 16 147
class 0.10939468443393707 65 127 83 146
class 0.5221884250640869 76 129 93 148
class 0.3098721504211426 90 130 107 148
class 0.42326658964157104 103 130 120 147
class 0.5362854599952698 115 130 132 147
class 0.337136834859848 129 130 147 147
class 0.28743797540664673 142 130 160 147
class 0.2637421488761902 155 129 173 147
class 0.31637799739837646 168 130 186 148
class 0.3350623846054077 182 129 199 147
class 0.3576759696006775 194 130 213 147
class 0.15566597878932953 207 130 225 146
class 0.11507603526115417 221 131 238 146
class 0.4974896013736725 232 128 247 147
class 0.2556357979774475 2 144 15 159
class 0.9917789101600647 53 140 70 159
class 0.21425367891788483 75 141 93 159
class 0.3042162358760834 90 143 107 160
class 0.3790772557258606 102 143 120 160
class 0.428670197725296 115 143 133 160
class 0.40491312742233276 129 143 147 160
class 0.45807084441185 141 142 159 161
class 0.18739847838878632 155 143 173 161
class 0.24498511850833893 168 141 186 160
class 0.16577762365341187 181 142 199 160
class 0.29912397265434265 195 142 213 160
class 0.21628066897392273 207 143 225 160
class 0.12145808339118958 220 144 237 159
class 0.24893464148044586 233 141 248 160
class 0.3604826331138611 2 157 15 173
class 0.34103721380233765 76 158 94 174
class 0.39646950364112854 88 156 106 173
class 0.33131250739097595 102 156 120 173
class 0.37738847732543945 116 155 134 173
class 0.28811755776405334 128 156 147 173
class 0.2824350893497467 141 155 160 173
class 0.40002381801605225 154 156 173 174
class 0.2693837881088257 167 157 186 176
class 0.17735356092453003 181 156 200 175
class 0.3109540641307831 194 156 213 175
class 0.16743671894073486 207 157 226 173
class 0.14735093712806702 220 158 237 173
class 0.42214110493659973 233 156 248 174
class 0.23503932356834412 1 170 15 185
class 0.12680409848690033 24 169 41 185
class 0.1833091378211975 36 169 55 186
class 0.24075035750865936 48 169 67 185
class 0.3574485778808594 62 169 80 186
class 0.24855442345142365 75 169 94 186
class 0.3632286489009857 89 170 107 187
class 0.34860748052597046 102 170 120 187
class 0.2734481394290924 115 170 134 187
class 0.2915993928909302 129 169 147 187
class 0.1947062760591507 142 169 161 187
class 0.203645721077919 153 168 173 186
class 0.35618695616722107 181 168 200 187
class 0.31715357303619385 195 169 214 187
class 0.18953478336334229 207 171 226 186
class 0.1532481163740158 219 171 236 185
class 0.3103841245174408 233 168 247 186
class 0.7172388434410095 1 183 16 199
class 0.22328895330429077 50 183 67 200
class 0.3475840389728546 63 183 80 200
class 0.3547578752040863 77 183 94 199
class 0.43985840678215027 89 183 107 200
class 0.46776965260505676 102 182 121 200
class 0.44117337465286255 116 182 134 200
class 0.4849276840686798 128 183 146 200
class 0.20222079753875732 143 182 162 199
class 0.9934844374656677 164 182 183 203
class 0.3198314905166626 184 180 202 199
class 0.2383190095424652 195 182 213 200
class 0.28142863512039185 207 183 226 199
class 0.12770752608776093 219 184 235 199
class 0.19626568257808685 233 183 247 200
class 0.41302621364593506 22 196 39 213
class 0.25239428877830505 36 197 54 214
class 0.4762730598449707 51 196 68 213
class 0.6680370569229126 63 196 80 213
class 0.6706437468528748 76 196 93 213
class 0.4747079908847809 90 195 107 213
class 0.4391951560974121 103 195 120 213
class 0.5391430258750916 116 195 134 213
class 0.5725733041763306 128 195 147 213
class 0.2165587693452835 143 195 161 212
class 0.12170594930648804 183 197 200 213
class 0.46370187401771545 195 196 212 213
class 0.3590080142021179 207 196 224 213
class 0.11857718229293823 221 197 236 211
class 0.3928287923336029 232 195 246 213
class 0.9714034199714661 3 206 20 224
class 0.3032847046852112 24 207 40 224
class 0.3184875249862671 37 208 54 225
class 0.3199850022792816 50 209 67 226
class 0.3357469439506531 63 209 80 226
class 0.3107011318206787 76 208 94 226
class 0.2947201728820801 90 208 107 226
class 0.31047794222831726 103 208 121 226
class 0.347977876663208 115 209 133 227
class 0.28111615777015686 128 209 147 227
class 0.31967321038246155 156 209 173 226
class 0.4927810728549957 168 208 186 226
class 0.32579609751701355 180 209 198 225
class 0.35057130455970764 194 209 212 226
class 0.3578144907951355 207 210 224 226
class 0.11592716723680496 233 208 246 225
class 0.39322325587272644 0 225 15 240
class 0.10790573805570602 37 223 53 238
class 0.16098269820213318 51 222 67 238
class 0.20879395306110382 64 223 81 238
class 0.23311570286750793 76 223 94 239
class 0.11694204807281494 90 223 108 239
class 0.20750956237316132 104 222 121 239
class 0.34901392459869385 116 222 134 238
class 0.22685734927654266 129 222 146 239
class 0.12349534034729004 142 223 159 239
class 0.17309968173503876 168 222 185 238
class 0.12040723860263824 182 223 198 239
class 0.30088481307029724 195 223 211 239
class 0.17361833155155182 208 223 223 238
class 0.22644181549549103 232 224 246 241
class 0.7881545424461365 0 232 17 249
class 0.17376545071601868 24 232 41 248
class 0.40375787019729614 37 231 55 248
class 0.499008446931839 49 231 67 248
class 0.5625863075256348 63 231 81 248
class 0.5744972825050354 77 231 95 248
class 0.4770810008049011 89 230 108 248
class 0.5255710482597351 103 231 121 249
class 0.49527424573898315 116 230 134 248
class 0.4749529957771301 128 231 147 248
class 0.43697741627693176 141 231 161 249
class 0.4106201231479645 155 232 173 249
class 0.44163960218429565 168 232 187 248
class 0.42649057507514954 181 231 200 248
class 0.4895712733268738 194 231 213 248
class 0.42756620049476624 207 231 225 248
class 0.23739692568778992 219 231 237 248
class 0.8820958733558655 232 232 249 249
