class 0.8568474054336548 0 2 17 18
class 0.531277596950531 8 3 26 18
class 0.6165174245834351 22 3 41 17
class 0.6255885362625122 35 3 55 18
class 0.49825790524482727 49 3 68 17
class 0.5234411954879761 61 3 81 18
class 0.45663490891456604 75 4 94 18
class 0.4409998059272766 88 4 107 18
class 0.4998425245285034 114 4 133 18
class 0.5628335475921631 127 3 146 17
class 0.6529340147972107 141 3 160 18
class 0.6023183465003967 154 3 172 18
class 0.662036120891571 167 3 187 18
class 0.6611976623535156 179 3 199 18
class 0.8008366823196411 192 3 212 18
class 0.73768550157547 209 4 227 18
class 0.35508662462234497 220 4 236 18
class 0.7983994483947754 232 2 249 18
class 0.8826176524162292 1 9 17 26
class 0.3331713378429413 22 10 39 26
class 0.48306572437286377 36 9 54 26
class 0.5039774775505066 49 10 67 26
class 0.5614061951637268 62 9 80 25
class 0.557861864566803 75 9 93 26
class 0.5433610677719116 88 9 105 25
class 0.7171764373779297 103 8 120 25
class 0.7202455401420593 115 9 132 25
class 0.6291012763977051 128 9 145 26
class 0.6079484224319458 154 9 172 26
class 0.4086540639400482 167 9 185 26
class 0.4416085183620453 180 9 198 26
class 0.5895704030990601 193 8 210 26
class 0.14106173813343048 233 8 247 26
class 0.3865068256855011 1 25 16 41
class 0.11079342663288116 22 27 40 42
class 0.2208363562822342 36 26 54 41
class 0.21325033903121948 48 26 66 42
class 0.21611566841602325 61 26 79 42
class 0.20294471085071564 75 25 93 41
class 0.31778714060783386 88 26 106 42
class 0.22485849261283875 101 25 119 41
class 0.20013469457626343 114 25 132 41
class 0.11712934821844101 128 24 146 40
class 0.39548489451408386 140 26 159 42
class 0.6269406676292419 154 25 173 43
class 0.372812956571579 167 25 185 42
class 0.2503979504108429 180 25 198 42
class 0.45401817560195923 193 26 212 43
class 0.16032759845256805 207 26 225 40
class 0.3082863390445709 233 24 247 42
class 0.4942009747028351 1 39 15 55
class 0.1827860027551651 10 39 27 54
class 0.40753373503685 22 38 40 54
class 0.25007760524749756 35 38 53 55
class 0.26312944293022156 49 38 67 55
class 0.3255447745323181 62 37 80 55
class 0.19694072008132935 75 38 93 55
class 0.29709234833717346 89 38 106 55
class 0.3244348168373108 102 39 119 55
class 0.33759528398513794 114 39 132 55
class 0.37313273549079895 127 38 145 55
class 0.11476967483758926 155 36 174 54
class 0.52134770154953 167 37 185 56
class 0.24980467557907104 180 38 198 56
class 0.4059155583381653 194 37 212 54
class 0.32060617208480835 207 39 225 54
class 0.1690969169139862 233 36 246 54
class 0.46163445711135864 1 52 15 67
class 0.17148423194885254 23 52 40 68
class 0.263370156288147 35 51 54 68
class 0.3534461259841919 50 51 68 69
class 0.3754746913909912 62 50 80 70
class 0.22526361048221588 75 50 93 69
class 0.27751272916793823 89 50 106 69
class 0.35563924908638 103 51 119 68
class 0.3104884922504425 114 51 131 68
class 0.2553521990776062 128 50 146 68
class 0.9928420782089233 146 47 163 65
class 0.33746999502182007 167 50 185 68
class 0.2620546221733093 181 51 199 68
class 0.452229768037796 194 52 212 69
class 0.29885122179985046 207 52 225 67
class 0.14069418609142303 220 52 236 67
class 0.41657552123069763 232 50 247 68
class 0.5244167447090149 1 65 15 81
class 0.1457701325416565 10 65 27 80
class 0.19704176485538483 22 65 40 81
class 0.12911777198314667 36 64 55 82
class 0.10601858794689178 49 62 68 81
class 0.2948901951313019 64 61 82 82
class 0.30128616094589233 76 62 94 83
class 0.18256714940071106 90 63 107 82
class 0.3718092739582062 103 63 120 81
class 0.28701967000961304 115 63 132 80
class 0.12367943674325943 128 63 147 80
class 0.3543046712875366 141 67 159 82
class 0.1566803753376007 153 66 173 82
class 0.2897689640522003 168 64 186 82
class 0.41963139176368713 181 65 199 82
class 0.5200836062431335 194 64 212 81
class 0.28007426857948303 207 65 225 80
class 0.20230649411678314 233 62 247 80
class 0.2820950150489807 1 78 15 94
class 0.12635120749473572 23 78 40 93
class 0.2165858894586563 36 75 55 95
class 0.9835298657417297 53 79 71 98
class 0.41973191499710083 77 76 95 96
class 0.42918315529823303 90 77 108 96
class 0.34773489832878113 102 78 120 95
class 0.16970306634902954 114 78 133 95
class 0.13141362369060516 128 77 147 95
class 0.3505112826824188 142 76 161 93
class 0.28829294443130493 153 76 173 94
class 0.28635719418525696 168 77 186 94
class 0.3590184152126312 182 76 200 94
class 0.4614620506763458 195 77 212 94
class 0.2615053355693817 207 77 225 93
class 0.20483152568340302 233 76 247 94
class 0.2584556043148041 1 92 15 108
class 0.10706359893083572 10 91 27 106
class 0.13921478390693665 22 91 40 106
class 0.2400456815958023 51 87 68 105
class 0.5512731671333313 75 90 93 110
class 0.46746310591697693 90 89 108 108
class 0.4258989095687866 103 90 120 108
class 0.30527761578559875 115 90 133 107
class 0.13616061210632324 128 90 146 108
class 0.2460090070962906 142 90 159 108
class 0.306426078081131 155 91 173 108
class 0.3245578706264496 168 91 186 108
class 0.3106631934642792 182 90 200 107
class 0.40425077080726624 195 90 213 107
class 0.3001660704612732 207 92 225 107
class 0.1183784008026123 220 92 237 107
class 0.36523085832595825 233 90 247 108
class 0.3380011320114136 1 105 15 121
class 0.2599409222602844 38 103 56 120
class 0.8063222765922546 49 104 66 121
class 0.619146466255188 61 104 80 121
class 0.49805939197540283 75 103 93 121
class 0.2880544364452362 89 103 107 121
class 0.3562979996204376 103 103 121 120
class 0.5149140357971191 115 103 133 121
class 0.36632612347602844 129 104 146 121
class 0.42559435963630676 142 104 159 121
class 0.4413389563560486 155 104 173 121
class 0.40755388140678406 169 104 186 120
class 0.29162538051605225 181 104 198 121
class 0.2928723990917206 195 104 213 121
class 0.3227534890174866 208 104 226 120
class 0.16405732929706573 220 104 236 120
class 0.31323105096817017 233 103 247 121
class 0.5474344491958618 2 117 16 133
class 0.10790367424488068 9 117 25 132
class 0.14023330807685852 36 117 54 134
class 0.30203139781951904 49 116 67 134
class 0.2852856516838074 62 116 80 134
class 0.3394904136657715 76 117 94 134
class 0.31800416111946106 89 117 107 134
class 0.36755847930908203 103 117 120 134
class 0.390459269285202 116 116 133 133
class 0.3347468078136444 129 116 146 133
class 0.3848901689052582 142 116 159 134
class 0.301137775182724 155 116 173 133
class 0.33366212248802185 168 116 186 134
class 0.2668396532535553 182 116 200 133
class 0.3104712665081024 194 117 212 134
class 0.21685874462127686 207 117 225 133
class 0.3843761086463928 232 115 247 133
class 0.13493973016738892 1 131 15 146
class 0.1021832525730133 23 131 40 147
class 0.11828271299600601 36 130 54 147
class 0.2254115790128708 50 129 67 146
class 0.41870352625846863 63 130 80 147
class 0.3961522877216339 76 130 94 147
class 0.33352044224739075 89 129 107 147
class 0.41788962483406067 103 129 120 147
class 0.3406231105327606 116 130 133 147
class 0.347543865442276 129 130 147 147
class 0.3073877990245819 142 130 159 147
class 0.27234989404678345 155 130 173 147
class 0.2736318111419678 168 129 186 147
class 0.3094847798347473 181 130 200 147
class 0.42602160573005676 195 130 212 147
class 0.17790356278419495 207 130 225 146
class 0.1400683969259262 220 130 237 146
class 0.29199865460395813 233 129 247 147
class 0.2620782256126404 1 144 15 160
class 0.12857894599437714 23 144 39 160
class 0.12270420789718628 36 144 54 161
class 0.277601420879364 50 145 67 161
class 0.4874599277973175 64 143 80 160
class 0.4014013111591339 76 143 93 160
class 0.33112841844558716 90 143 107 160
class 0.4799629747867584 103 143 120 161
class 0.3684020936489105 116 143 133 160
class 0.3640728294849396 129 142 147 159
class 0.4611837863922119 143 143 160 160
class 0.4878612756729126 155 143 173 160
class 0.2220766395330429 168 143 186 160
class 0.22748388350009918 181 142 199 160
class 0.3423500657081604 195 143 213 160
class 0.10007254779338837 207 144 225 160
class 0.193342387676239 233 142 247 160
class 0.32929593324661255 1 158 16 173
class 0.11315852403640747 23 157 40 172
class 0.2477826029062271 37 157 55 173
class 0.33837565779685974 49 156 67 173
class 0.46316638588905334 64 155 81 172
class 0.47031858563423157 77 155 94 172
class 0.5266213417053223 89 156 107 173
class 0.4001220464706421 103 155 120 172
class 0.3065456449985504 116 156 133 173
class 0.358096182346344 129 157 147 174
class 0.2821410894393921 142 156 160 173
class 0.3217207193374634 155 155 173 173
class 0.30510029196739197 168 156 187 173
class 0.24396909773349762 181 156 199 173
class 0.33207225799560547 195 156 213 174
class 0.17839452624320984 207 157 226 173
class 0.24898086488246918 233 155 247 173
class 0.5966654419898987 1 170 16 186
class 0.1502813696861267 22 170 40 186
class 0.15434463322162628 37 169 55 186
class 0.2937503159046173 51 170 68 186
class 0.3566831052303314 63 169 80 186
class 0.3362954258918762 77 170 94 186
class 0.4806400239467621 90 169 107 186
class 0.4434424638748169 102 170 120 187
class 0.37141063809394836 117 169 134 186
class 0.558896005153656 130 168 147 186
class 0.38199642300605774 141 169 159 186
class 0.2275732308626175 155 169 174 187
class 0.2597508728504181 169 168 187 186
class 0.21651722490787506 181 168 199 186
class 0.24675855040550232 195 169 213 186
class 0.2644385099411011 207 169 226 185
class 0.16923685371875763 233 169 247 187
class 0.3201299011707306 1 183 16 199
class 0.1296572983264923 24 182 40 198
class 0.23693643510341644 37 182 54 200
class 0.45796850323677063 51 183 68 200
class 0.5584391951560974 64 182 81 200
class 0.45159420371055603 77 182 93 199
class 0.6675612330436707 91 182 107 200
class 0.4883258044719696 103 183 119 200
class 0.4711260497570038 116 182 133 200
class 0.48683837056159973 130 182 146 200
class 0.538873016834259 142 182 160 200
class 0.46680858731269836 155 182 173 200
class 0.296377569437027 169 182 186 200
class 0.23265483975410461 182 182 200 200
class 0.37943264842033386 194 183 212 200
class 0.2845563292503357 208 183 226 199
class 0.12122902274131775 221 184 236 198
class 0.5079365968704224 232 181 247 199
class 0.4703189432621002 2 197 16 212
class 0.14341452717781067 10 197 25 212
class 0.25117185711860657 24 198 40 214
class 0.3577389717102051 38 196 54 213
class 0.5436763763427734 51 195 67 213
class 0.5552676320075989 64 194 80 212
class 0.6828227043151855 78 196 95 213
class 0.5508781671524048 88 193 105 211
class 0.372033029794693 103 194 120 211
class 0.6329649090766907 116 194 133 213
class 0.4614238142967224 129 195 147 212
class 0.5238816738128662 143 195 161 213
class 0.5376110076904297 154 195 172 214
class 0.28219300508499146 169 196 187 214
class 0.1996810883283615 181 195 199 214
class 0.4701158106327057 195 195 213 214
class 0.3467007577419281 207 196 225 212
class 0.13252460956573486 221 196 236 211
class 0.34186601638793945 232 195 247 213
class 0.4206658601760864 1 209 15 225
class 0.38904869556427 24 209 40 225
class 0.37165525555610657 37 209 53 225
class 0.3159964978694916 50 209 66 225
class 0.45035699009895325 64 210 80 226
class 0.5204241275787354 77 208 93 225
class 0.856385350227356 99 207 117 226
class 0.37413331866264343 118 208 134 225
class 0.27697625756263733 129 209 146 226
class 0.3505673110485077 143 209 162 226
class 0.31782183051109314 182 206 200 226
class 0.14162802696228027 195 208 213 225
class 0.14339818060398102 208 210 225 226
class 0.1697213351726532 233 208 246 226
class 0.7801612019538879 1 223 16 238
class 0.1303560584783554 25 222 40 237
class 0.16071707010269165 38 222 53 238
class 0.41505730152130127 51 222 67 239
class 0.18363870680332184 63 222 79 238
class 0.1463569849729538 77 222 93 238
class 0.1530252993106842 117 222 133 238
class 0.35053330659866333 129 223 145 239
class 0.20739048719406128 143 221 160 237
class 0.9746526479721069 164 217 183 235
class 0.12677107751369476 195 224 213 239
class 0.2546570599079132 208 223 224 238
class 0.3700883388519287 232 223 247 240
class 0.8030375838279724 0 232 17 249
class 0.2953411936759949 10 232 28 249
class 0.4803827106952667 24 232 41 249
class 0.41659218072891235 36 232 54 248
class 0.4715026617050171 50 231 68 249
class 0.4970448911190033 63 232 81 249
class 0.38045623898506165 75 231 93 248
class 0.31589436531066895 88 230 107 248
class 0.2238788604736328 102 231 120 248
class 0.24948813021183014 114 231 132 248
class 0.3657810688018799 129 231 147 248
class 0.13111142814159393 141 232 159 248
class 0.1752670854330063 153 234 173 248
class 0.18013842403888702 166 233 187 249
class 0.28327593207359314 194 231 214 249
class 0.3192949593067169 207 231 225 249
class 0.2277054637670517 219 233 237 249
class 0.8797808289527893 232 232 249 249
