class 0.8509324789047241 1 3 17 18
class 0.24455130100250244 9 4 25 18
class 0.4420397877693176 23 4 41 18
class 0.47049352526664734 35 3 54 18
class 0.5475330948829651 49 3 68 17
class 0.6718067526817322 61 3 80 18
class 0.4812023639678955 75 4 94 18
class 0.49233633279800415 88 3 107 17
class 0.6091329455375671 101 4 120 18
class 0.4858604967594147 115 4 134 18
class 0.48608359694480896 127 4 146 18
class 0.48241642117500305 140 4 159 18
class 0.44772619009017944 154 4 172 17
class 0.4790552258491516 167 4 186 17
class 0.40044307708740234 180 4 199 18
class 0.5788999795913696 194 4 212 18
class 0.5027864575386047 207 3 225 18
class 0.3633668124675751 221 3 237 17
class 0.9027589559555054 232 2 249 18
class 0.6417054533958435 1 9 16 26
class 0.20953071117401123 10 11 26 26
class 0.3160876929759979 22 10 38 24
class 0.4212323725223541 36 9 53 25
class 0.5438371300697327 48 9 66 26
class 0.5326268672943115 62 9 80 26
class 0.541383683681488 75 10 92 26
class 0.5048109292984009 88 10 106 26
class 0.5403555035591125 102 9 119 25
class 0.5618206262588501 115 9 132 25
class 0.5109526515007019 127 10 145 26
class 0.4815351366996765 141 10 158 26
class 0.5313389897346497 154 10 171 26
class 0.5260826349258423 167 10 184 26
class 0.4928794503211975 181 10 198 25
class 0.6002216935157776 194 9 211 26
class 0.34104520082473755 207 9 224 25
class 0.16186051070690155 233 7 246 26
class 0.151768296957016 1 25 15 40
class 0.12184642255306244 35 27 53 42
class 0.2569226622581482 49 26 66 41
class 0.24084056913852692 61 25 79 41
class 0.22061941027641296 75 25 93 41
class 0.23369495570659637 88 26 106 41
class 0.24178405106067657 102 26 119 41
class 0.26285508275032043 114 25 132 41
class 0.2990696430206299 128 25 145 41
class 0.21873649954795837 140 25 158 41
class 0.17653462290763855 154 25 171 40
class 0.13036133348941803 167 25 184 41
class 0.16183894872665405 181 25 198 41
class 0.23359370231628418 194 25 212 41
class 0.16976532340049744 206 26 225 40
class 0.167924165725708 234 24 247 42
class 0.26301273703575134 1 39 15 54
class 0.25163155794143677 35 37 53 54
class 0.18474739789962769 48 38 66 55
class 0.21352249383926392 62 38 79 55
class 0.24564489722251892 75 38 93 55
class 0.40471476316452026 89 38 106 55
class 0.42950543761253357 102 37 119 54
class 0.3505842983722687 115 37 132 54
class 0.34567931294441223 129 37 146 54
class 0.34301263093948364 141 38 158 55
class 0.27735307812690735 154 38 171 55
class 0.1835818588733673 167 38 186 55
class 0.34040871262550354 181 38 199 55
class 0.4495236575603485 194 39 212 55
class 0.22873230278491974 206 39 225 54
class 0.29749616980552673 233 36 247 54
class 0.29252907633781433 2 51 16 67
class 0.22041647136211395 50 50 67 68
class 0.16187596321105957 63 50 80 68
class 0.19498993456363678 75 50 93 68
class 0.22527232766151428 89 51 106 68
class 0.25658437609672546 102 51 119 68
class 0.3366299867630005 115 51 132 68
class 0.2743346393108368 129 50 146 68
class 0.3541547358036041 142 50 159 67
class 0.3215573728084564 154 51 171 68
class 0.2651400566101074 168 51 185 68
class 0.2555570900440216 181 51 198 68
class 0.32562461495399475 194 51 212 67
class 0.2496165633201599 207 51 225 67
class 0.10441278666257858 220 52 236 67
class 0.20919089019298553 233 50 246 68
class 0.23158937692642212 2 65 16 81
class 0.18326877057552338 63 62 81 82
class 0.14818432927131653 75 62 94 81
class 0.2350510209798813 89 63 107 81
class 0.22401385009288788 102 63 120 81
class 0.27878299355506897 115 64 132 82
class 0.23029111325740814 129 64 146 82
class 0.29648539423942566 142 64 159 81
class 0.37638381123542786 156 64 173 81
class 0.40928494930267334 169 64 186 81
class 0.3282584249973297 181 64 198 81
class 0.35861945152282715 194 65 212 81
class 0.17319472134113312 207 65 225 80
class 0.20091372728347778 233 63 247 81
class 0.3514379560947418 1 78 15 94
class 0.12764433026313782 37 77 56 96
class 0.18571090698242188 49 75 68 94
class 0.1640225350856781 62 76 81 97
class 0.13871778547763824 89 75 107 95
class 0.20889200270175934 102 76 120 94
class 0.4224388003349304 116 77 134 94
class 0.3136419355869293 128 77 146 94
class 0.27523818612098694 141 78 159 95
class 0.22533272206783295 155 76 173 94
class 0.25556057691574097 169 76 187 95
class 0.18088701367378235 181 76 198 94
class 0.33591216802597046 195 77 212 94
class 0.18974263966083527 207 78 225 94
class 0.30733802914619446 233 76 247 94
class 0.384561687707901 1 91 15 107
class 0.34761619567871094 65 88 83 108
class 0.11281568557024002 75 89 94 108
class 0.1249595507979393 88 89 108 108
class 0.21891982853412628 103 90 121 108
class 0.34612584114074707 116 90 134 107
class 0.17444011569023132 128 89 147 107
class 0.3276088833808899 141 89 159 107
class 0.278916597366333 155 90 173 108
class 0.2047899067401886 169 89 186 107
class 0.1318502426147461 181 90 199 108
class 0.2561357021331787 195 91 213 108
class 0.24158622324466705 207 91 225 107
class 0.22192731499671936 233 90 247 108
class 0.3617284893989563 1 104 15 120
class 0.13722436130046844 33 104 52 123
class 0.9433391094207764 51 98 68 117
class 0.2210233360528946 64 103 82 120
class 0.13165657222270966 75 102 94 121
class 0.18633334338665009 89 104 108 121
class 0.33758217096328735 103 103 121 121
class 0.2740499973297119 115 103 133 120
class 0.17744611203670502 128 102 147 121
class 0.24114485085010529 142 103 160 121
class 0.3545224368572235 155 103 173 121
class 0.2776211202144623 168 104 186 122
class 0.1598806530237198 182 104 200 121
class 0.4247972369194031 195 104 213 121
class 0.2566406726837158 207 104 225 120
class 0.19228555262088776 220 103 237 119
class 0.17991231381893158 233 102 247 120
class 0.39635202288627625 1 118 15 133
class 0.26016291975975037 51 118 69 135
class 0.4209372401237488 62 116 81 134
class 0.21512222290039062 75 116 94 134
class 0.28993913531303406 90 117 108 133
class 0.4335232079029083 103 117 120 134
class 0.3350556790828705 115 116 133 134
class 0.2224055528640747 128 116 147 134
class 0.21825569868087769 142 116 161 134
class 0.2859311103820801 155 115 173 134
class 0.25344711542129517 168 116 187 134
class 0.19913069903850555 181 117 199 134
class 0.37341171503067017 195 117 213 134
class 0.17200328409671783 207 117 225 133
class 0.13834711909294128 233 116 247 134
class 0.1864335983991623 1 131 15 146
class 0.1836768239736557 22 130 40 146
class 0.28474849462509155 36 131 54 148
class 0.2428453415632248 48 129 67 146
class 0.1604548543691635 62 129 80 147
class 0.15640975534915924 77 130 95 147
class 0.3674600124359131 89 129 107 147
class 0.38228312134742737 103 129 120 146
class 0.346738338470459 115 129 133 147
class 0.2262069433927536 128 129 147 148
class 0.2633703947067261 142 129 160 147
class 0.30381402373313904 155 129 174 147
class 0.2585049271583557 168 129 186 147
class 0.20882830023765564 181 129 200 147
class 0.26545819640159607 194 130 213 147
class 0.1367979645729065 208 130 226 146
class 0.16483214497566223 233 129 247 147
class 0.3853294849395752 1 144 16 159
class 0.10318561643362045 35 142 53 160
class 0.19489280879497528 50 143 68 160
class 0.38365438580513 63 143 81 160
class 0.4164288640022278 75 144 93 161
class 0.29770052433013916 89 143 107 161
class 0.2705904245376587 102 142 120 160
class 0.3204798400402069 116 141 134 160
class 0.2829042077064514 128 142 147 161
class 0.2723132073879242 141 142 160 160
class 0.27263280749320984 155 143 174 161
class 0.293273389339447 167 143 186 161
class 0.2539856731891632 181 143 200 160
class 0.37494421005249023 195 143 213 160
class 0.21371935307979584 207 144 225 159
class 0.40761569142341614 232 142 247 160
class 0.2594628632068634 1 156 16 172
class 0.10404407232999802 36 156 54 173
class 0.19467300176620483 50 157 67 173
class 0.22232261300086975 63 156 81 173
class 0.40833383798599243 77 155 94 173
class 0.5285540223121643 89 155 107 173
class 0.4594542682170868 102 156 120 174
class 0.2943449318408966 116 155 135 174
class 0.23151002824306488 128 155 147 175
class 0.2749343812465668 142 155 161 174
class 0.4215438961982727 155 156 173 174
class 0.3544103503227234 167 156 186 174
class 0.3174440264701843 181 156 200 174
class 0.400606244802475 195 156 213 174
class 0.2561238408088684 207 156 225 173
class 0.31076979637145996 233 154 247 172
class 0.2207695096731186 1 171 16 186
class 0.17972470819950104 23 170 41 186
class 0.25875839591026306 37 170 54 187
class 0.24311719834804535 49 170 67 187
class 0.34901079535484314 63 170 81 187
class 0.3719920814037323 76 169 94 187
class 0.3114170432090759 90 169 108 186
class 0.15804605185985565 101 168 119 185
class 0.25537732243537903 131 167 149 187
class 0.3528178632259369 142 168 161 187
class 0.48236000537872314 155 169 174 187
class 0.46606531739234924 167 169 186 187
class 0.2975580394268036 181 169 199 186
class 0.3721263110637665 195 169 214 186
class 0.22463460266590118 207 170 226 186
class 0.12589991092681885 220 170 237 185
class 0.284113347530365 233 169 248 187
class 0.291408509016037 1 183 16 199
class 0.14521043002605438 24 182 41 198
class 0.15983422100543976 37 181 55 200
class 0.4955928921699524 50 182 68 201
class 0.49409791827201843 63 181 81 200
class 0.45524945855140686 76 183 94 200
class 0.5048523545265198 91 183 108 199
class 0.6200461387634277 102 183 120 201
class 0.9954955577850342 114 177 132 199
class 0.38722383975982666 130 182 149 200
class 0.5107166767120361 143 182 161 200
class 0.6246837377548218 155 182 173 200
class 0.4003564715385437 169 182 186 199
class 0.44033172726631165 181 182 199 200
class 0.48041215538978577 195 183 213 200
class 0.33281633257865906 207 184 226 200
class 0.1629972606897354 219 184 236 200
class 0.36080658435821533 233 182 247 200
class 0.4582594037055969 1 197 16 212
class 0.1144455149769783 52 192 70 212
class 0.6006872057914734 62 194 81 214
class 0.4337552785873413 76 196 94 213
class 0.22489339113235474 88 193 107 211
class 0.12832394242286682 102 194 120 212
class 0.4548458158969879 117 195 135 213
class 0.3980156481266022 128 196 147 213
class 0.5677565336227417 142 196 159 214
class 0.48748111724853516 155 196 172 213
class 0.4937098026275635 169 196 186 213
class 0.4656771421432495 182 196 199 213
class 0.659814715385437 195 196 213 213
class 0.4308651387691498 207 196 225 212
class 0.17459958791732788 220 196 236 212
class 0.29256579279899597 233 195 247 213
class 0.5317212343215942 1 209 16 225
class 0.996435821056366 41 205 58 224
class 0.23686055839061737 63 207 81 225
class 0.14373651146888733 76 209 93 225
class 0.9881837964057922 104 204 121 226
class 0.2699670195579529 129 209 147 225
class 0.407602459192276 142 209 159 226
class 0.543947696685791 155 209 173 226
class 0.36567550897598267 168 209 186 226
class 0.39014822244644165 182 209 200 226
class 0.5029500126838684 195 208 212 226
class 0.24142107367515564 207 210 224 226
class 0.11083472520112991 220 210 235 225
class 0.1758946180343628 233 209 246 226
class 0.6867580413818359 1 223 16 238
class 0.13168145716190338 129 223 145 238
class 0.15798942744731903 142 223 159 238
class 0.18756455183029175 155 222 172 238
class 0.2541849911212921 169 223 185 239
class 0.2015497088432312 183 222 199 238
class 0.3098260760307312 196 223 212 239
class 0.4184630513191223 208 223 224 239
class 0.3124607801437378 232 222 247 240
class 0.7380428910255432 0 232 16 249
class 0.38320696353912354 35 231 54 248
class 0.1224149540066719 49 232 68 248
class 0.27090680599212646 62 232 81 249
class 0.2624567747116089 76 232 93 248
class 0.2161908745765686 88 231 106 248
class 0.27922889590263367 101 230 121 247
class 0.27197831869125366 114 230 133 248
class 0.27631232142448425 129 231 147 248
class 0.4971734881401062 142 231 161 248
class 0.554983913898468 155 231 173 248
class 0.6331549286842346 168 231 187 248
class 0.5880388617515564 182 231 200 249
class 0.5977139472961426 195 231 213 248
class 0.5467196702957153 207 230 225 248
class 0.22584103047847748 219 232 237 249
class 0.8469865918159485 232 232 249 249
