class 0.7647477984428406 1 3 16 17
class 0.375990092754364 10 4 26 18
class 0.33877381682395935 22 4 40 18
class 0.2895834445953369 35 4 53 18
class 0.35598325729370117 50 4 67 18
class 0.5991619229316711 74 3 93 18
class 0.5895882248878479 88 4 107 18
class 0.5228689908981323 101 3 120 18
class 0.5625085234642029 115 3 133 18
class 0.5991545915603638 127 3 146 18
class 0.7199586033821106 141 3 160 18
class 0.59317946434021 154 3 173 18
class 0.4955325424671173 166 3 186 18
class 0.35502520203590393 181 4 199 18
class 0.6137430667877197 193 3 213 18
class 0.5913564562797546 206 3 225 18
class 0.5653612613677979 221 4 238 18
class 0.704332172870636 232 3 249 18
class 0.6044893860816956 1 10 15 26
class 0.3854497969150543 23 10 39 25
class 0.636224091053009 36 9 53 26
class 0.5231872200965881 49 9 66 25
class 0.5683714747428894 62 9 79 25
class 0.4675447642803192 75 10 92 26
class 0.49437201023101807 89 9 106 25
class 0.4651380777359009 102 9 118 25
class 0.30541929602622986 115 9 132 25
class 0.43058931827545166 128 9 145 26
class 0.4900645911693573 141 9 158 25
class 0.46516773104667664 155 10 172 25
class 0.7989227771759033 168 9 185 26
class 0.7148000597953796 179 9 198 27
class 0.6689445376396179 194 9 212 27
class 0.4699026048183441 207 9 224 25
class 0.4237460792064667 1 25 15 41
class 0.1365647315979004 49 25 66 40
class 0.29429736733436584 62 25 79 41
class 0.3119575083255768 75 26 93 41
class 0.3591444194316864 88 25 106 41
class 0.23195862770080566 102 25 119 41
class 0.14403098821640015 115 25 132 41
class 0.16191305220127106 128 25 145 41
class 0.35847505927085876 141 26 158 41
class 0.30476969480514526 154 26 171 41
class 0.16962212324142456 167 25 185 41
class 0.1694989949464798 194 23 213 40
class 0.26599618792533875 206 25 225 42
class 0.20751968026161194 233 23 247 42
class 0.3585900664329529 1 39 15 54
class 0.26436319947242737 23 39 39 54
class 0.29950401186943054 37 39 54 55
class 0.5250208973884583 50 39 66 55
class 0.43856704235076904 62 39 79 55
class 0.45894134044647217 76 38 93 55
class 0.40040427446365356 89 37 106 55
class 0.3210456967353821 102 38 119 55
class 0.2912999987602234 115 37 132 55
class 0.23224250972270966 129 38 145 54
class 0.2925894558429718 141 37 157 54
class 0.2990427017211914 154 37 171 54
class 0.42879384756088257 169 38 187 55
class 0.9424521923065186 189 38 208 56
class 0.6047056913375854 208 36 226 53
class 0.2704772651195526 233 37 247 55
class 0.5079233050346375 1 52 15 68
class 0.2370930314064026 23 51 39 67
class 0.24494260549545288 37 51 53 68
class 0.46403348445892334 51 50 67 67
class 0.5119345784187317 64 51 80 67
class 0.5216174721717834 76 50 93 67
class 0.4840189218521118 89 50 106 68
class 0.2868633270263672 102 49 119 67
class 0.13388532400131226 115 49 132 67
class 0.13961701095104218 128 50 145 68
class 0.14077062904834747 155 51 172 69
class 0.13030701875686646 180 52 198 69
class 0.27830055356025696 194 53 212 69
class 0.1586935967206955 206 52 225 68
class 0.27600690722465515 233 51 247 69
class 0.6130750179290771 1 64 15 80
class 0.19164828956127167 24 64 40 79
class 0.3067566752433777 36 64 54 81
class 0.3841835558414459 50 63 67 80
class 0.5219292044639587 64 64 81 81
class 0.4047709107398987 76 64 93 81
class 0.3406828045845032 89 63 106 81
class 0.35369235277175903 103 64 120 82
class 0.19948861002922058 116 63 134 81
class 0.14288906753063202 154 62 173 82
class 0.3622707426548004 180 63 199 81
class 0.6012542843818665 194 63 212 80
class 0.24463896453380585 206 64 225 80
class 0.23645631968975067 233 62 247 81
class 0.3572029173374176 1 78 15 94
class 0.14382220804691315 50 77 68 95
class 0.2963011562824249 64 77 81 94
class 0.3827895522117615 77 77 94 94
class 0.4261193573474884 90 77 107 95
class 0.48875123262405396 103 77 119 95
class 0.12063515931367874 116 76 135 94
class 0.9949050545692444 137 77 156 97
class 0.1677880585193634 156 74 174 93
class 0.1156277060508728 181 76 199 95
class 0.17162229120731354 194 77 213 94
class 0.10784541815519333 207 78 226 94
class 0.2562647759914398 233 76 247 95
class 0.33929646015167236 1 91 15 107
class 0.24256247282028198 23 91 41 108
class 0.2873591184616089 36 92 54 109
class 0.3053209185600281 50 91 68 109
class 0.3869457244873047 63 91 81 108
class 0.4322814643383026 76 90 93 108
class 0.5428152084350586 90 90 107 107
class 0.5167449712753296 102 90 119 108
class 0.14162011444568634 116 89 134 106
class 0.10247796773910522 167 91 186 108
class 0.22432109713554382 181 91 200 108
class 0.41422486305236816 194 92 213 108
class 0.23698878288269043 207 91 226 107
class 0.33113935589790344 232 88 247 107
class 0.5810604095458984 1 104 15 120
class 0.14941667020320892 23 103 41 119
class 0.3132449984550476 36 103 55 122
class 0.3982827961444855 50 103 68 122
class 0.4283694624900818 63 103 81 122
class 0.33867448568344116 76 103 94 121
class 0.495369553565979 90 103 107 121
class 0.3871380686759949 102 103 119 121
class 0.5307989120483398 129 102 147 120
class 0.8106889128684998 141 104 159 120
class 0.21666698157787323 154 103 173 120
class 0.21778835356235504 168 104 186 121
class 0.2358335256576538 181 104 200 120
class 0.38990023732185364 194 103 213 120
class 0.2376495748758316 207 104 226 120
class 0.17438746988773346 233 102 247 121
class 0.2684238851070404 2 118 15 133
class 0.5217062830924988 63 114 81 135
class 0.3115384876728058 76 116 94 134
class 0.45327743887901306 90 116 107 134
class 0.5331083536148071 103 116 120 134
class 0.25790682435035706 115 118 133 135
class 0.18828262388706207 128 117 146 134
class 0.22926385700702667 142 116 159 133
class 0.17190349102020264 155 117 173 133
class 0.34106481075286865 168 117 187 134
class 0.31639590859413147 180 117 200 134
class 0.42273032665252686 194 117 213 134
class 0.17410902678966522 207 117 226 133
class 0.14381751418113708 233 116 247 134
class 0.5115374326705933 1 130 16 146
class 0.13311049342155457 24 130 41 146
class 0.9115837216377258 42 131 59 148
class 0.5785669684410095 64 128 81 147
class 0.3436351418495178 77 130 94 148
class 0.4545704424381256 89 129 106 147
class 0.4358690679073334 103 129 120 147
class 0.3444417417049408 115 129 133 147
class 0.40780872106552124 129 130 147 147
class 0.3672701418399811 141 130 160 147
class 0.38598155975341797 155 130 174 147
class 0.40730151534080505 167 129 187 147
class 0.26632702350616455 180 129 200 147
class 0.3436351716518402 194 129 214 147
class 0.10336592048406601 207 130 227 146
class 0.1290878802537918 220 129 237 145
class 0.5747438669204712 232 129 248 148
class 0.24778196215629578 1 145 15 160
class 0.3538740277290344 36 144 54 160
class 0.3714957535266876 49 143 67 160
class 0.5083860754966736 61 142 80 161
class 0.3541942536830902 76 143 94 160
class 0.50045245885849 90 143 107 160
class 0.3875877857208252 102 142 120 160
class 0.19814108312129974 116 144 133 160
class 0.35839030146598816 129 143 146 160
class 0.45078611373901367 142 143 160 160
class 0.4918399155139923 155 143 174 160
class 0.46878674626350403 168 143 187 160
class 0.34983745217323303 180 143 200 160
class 0.3536384701728821 194 143 214 161
class 0.34711524844169617 208 145 228 161
class 0.23246541619300842 233 140 248 158
class 0.6837466359138489 1 157 16 173
class 0.35155171155929565 35 155 54 172
class 0.5075513124465942 49 156 67 172
class 0.3275199234485626 63 156 81 172
class 0.3552345037460327 76 155 93 172
class 0.3737472593784332 89 154 107 171
class 0.3775465488433838 104 156 121 173
class 0.5812586545944214 116 156 134 173
class 0.4890832304954529 128 156 146 173
class 0.5732991695404053 142 156 160 173
class 0.48436763882637024 154 156 174 173
class 0.3488571345806122 168 155 187 173
class 0.2062411606311798 181 156 200 173
class 0.32352736592292786 194 157 214 174
class 0.41566598415374756 208 156 228 172
class 0.961611270904541 229 157 248 176
class 0.3213732838630676 1 170 15 185
class 0.19871209561824799 37 170 55 186
class 0.40864795446395874 49 170 67 186
class 0.46775075793266296 63 170 81 186
class 0.17587308585643768 74 169 92 186
class 0.11190749704837799 89 171 107 187
class 0.2702631950378418 105 170 122 186
class 0.3588803708553314 116 169 133 186
class 0.20656631886959076 128 169 147 186
class 0.3186582922935486 142 169 160 186
class 0.38145264983177185 155 169 174 186
class 0.3790784478187561 169 169 187 186
class 0.3709380328655243 181 169 200 186
class 0.508219301700592 194 169 213 186
class 0.46067938208580017 208 171 227 186
class 0.48341840505599976 1 184 15 199
class 0.16761137545108795 24 184 40 199
class 0.2465997338294983 37 183 54 199
class 0.4691726863384247 50 183 67 200
class 0.4524931013584137 63 182 81 199
class 0.4172816872596741 76 183 93 200
class 0.4693072438240051 90 184 107 200
class 0.5014408230781555 103 182 120 199
class 0.5343468189239502 116 182 133 199
class 0.5964363217353821 129 183 147 200
class 0.5060897469520569 142 183 160 200
class 0.5224215984344482 155 182 173 199
class 0.4263269305229187 169 182 187 199
class 0.3099360764026642 182 182 199 200
class 0.3243522644042969 195 183 212 199
class 0.1317991465330124 207 182 225 198
class 0.5130855441093445 233 183 247 200
class 0.5295264720916748 1 195 15 212
class 0.23368370532989502 25 196 40 212
class 0.3720112442970276 37 195 54 213
class 0.44308650493621826 50 195 67 212
class 0.43521401286125183 63 196 80 213
class 0.43571576476097107 77 195 94 213
class 0.31384241580963135 89 196 106 213
class 0.35927334427833557 103 196 120 213
class 0.3649630546569824 116 196 133 213
class 0.3896690905094147 129 195 146 213
class 0.41124048829078674 143 196 160 213
class 0.48209670186042786 156 196 173 214
class 0.6259716749191284 168 195 186 214
class 0.5650157928466797 183 195 200 213
class 0.5735043883323669 194 195 212 213
class 0.33853429555892944 207 196 225 212
class 0.2623685300350189 233 194 247 212
class 0.48549631237983704 2 209 16 226
class 0.1093544065952301 11 209 25 224
class 0.14988993108272552 24 210 39 225
class 0.20905834436416626 38 209 54 225
class 0.27081596851348877 50 209 67 226
class 0.35481762886047363 63 209 80 226
class 0.38014182448387146 77 209 94 226
class 0.3669009208679199 89 208 106 226
class 0.34630286693573 104 208 120 226
class 0.4295603036880493 116 209 133 226
class 0.4132383465766907 129 210 146 227
class 0.4142819046974182 143 209 160 227
class 0.33332231640815735 155 208 173 226
class 0.32476821541786194 168 208 186 226
class 0.33164894580841064 182 209 199 226
class 0.2914184331893921 194 209 212 226
class 0.17474769055843353 207 210 224 226
class 0.270255446434021 233 210 247 227
class 0.6601715683937073 1 223 16 238
class 0.2002434879541397 25 222 39 238
class 0.11520786583423615 38 222 53 238
class 0.22638295590877533 51 222 67 238
class 0.2839435935020447 64 223 80 239
class 0.13586068153381348 76 222 92 238
class 0.12422964721918106 90 222 106 239
class 0.11874404549598694 103 223 119 239
class 0.3064511716365814 117 222 133 238
class 0.32530471682548523 130 221 146 238
class 0.1993558257818222 142 222 159 238
class 0.16642096638679504 156 222 173 238
class 0.20317833125591278 169 223 186 239
class 0.20958830416202545 182 223 199 238
class 0.44082850217819214 195 223 212 239
class 0.24583587050437927 207 223 224 238
class 0.417350172996521 232 223 247 239
class 0.7666880488395691 0 233 17 249
class 0.15563608705997467 10 232 27 248
class 0.2860642373561859 24 232 41 249
class 0.32136285305023193 37 232 55 249
class 0.46254071593284607 50 232 68 248
class 0.6888762712478638 63 231 81 248
class 0.44376474618911743 75 231 94 248
class 0.4984848201274872 88 231 107 248
class 0.5919780731201172 103 231 122 248
class 0.5222803950309753 115 231 134 248
class 0.5345587730407715 128 231 147 249
class 0.5387163758277893 142 232 161 249
class 0.4891120493412018 155 231 174 248
class 0.6346139311790466 168 231 186 249
class 0.4693162143230438 182 231 200 248
class 0.5738921165466309 194 231 213 249
class 0.3626652657985687 206 231 225 249
class 0.16990171372890472 220 233 238 249
class 0.8891335725784302 232 232 249 249
