class 0.822115957736969 1 2 17 17
class 0.4775339961051941 9 4 27 18
class 0.5607988834381104 20 4 39 18
class 0.6262644529342651 35 3 55 18
class 0.48398885130882263 48 3 68 17
class 0.4697777330875397 62 3 81 17
class 0.5935357213020325 75 4 94 18
class 0.5263521671295166 88 4 107 18
class 0.4090520441532135 101 4 120 18
class 0.38457921147346497 114 4 133 18
class 0.49392223358154297 128 4 147 17
class 0.5515056848526001 141 4 160 18
class 0.5355197787284851 153 4 173 18
class 0.45377177000045776 166 4 186 18
class 0.4674505293369293 180 4 199 18
class 0.4945165812969208 194 4 212 18
class 0.5928316116333008 206 3 224 18
class 0.5762017369270325 222 4 238 17
class 0.700305163860321 232 3 248 18
class 0.5352531671524048 1 11 15 27
class 0.3306874632835388 22 9 38 25
class 0.5032308101654053 36 9 53 25
class 0.471574991941452 49 10 66 26
class 0.5608788132667542 62 10 79 26
class 0.5443483591079712 76 9 93 25
class 0.5841778516769409 88 9 105 25
class 0.5437168478965759 102 9 119 25
class 0.5092731714248657 115 9 132 25
class 0.5194464921951294 127 9 145 25
class 0.5127117037773132 142 9 159 25
class 0.6252014636993408 154 9 172 25
class 0.5426380634307861 167 9 185 25
class 0.5025772452354431 180 10 198 26
class 0.49830418825149536 194 9 211 25
class 0.24290360510349274 207 9 223 25
class 0.10428771376609802 221 9 234 25
class 0.4588538110256195 1 25 15 41
class 0.1442132145166397 23 27 39 41
class 0.20702563226222992 35 26 52 41
class 0.27262330055236816 49 26 66 41
class 0.3340791165828705 62 26 79 41
class 0.30281296372413635 75 26 92 41
class 0.2158626914024353 88 25 105 40
class 0.2922098934650421 102 25 119 41
class 0.23199871182441711 115 26 132 41
class 0.1650824099779129 128 26 145 41
class 0.19837422668933868 141 26 158 41
class 0.3489960730075836 154 26 172 41
class 0.2749738395214081 167 26 185 41
class 0.2429315596818924 180 25 198 41
class 0.26071658730506897 193 26 212 41
class 0.1990061104297638 206 26 224 40
class 0.16298046708106995 234 24 247 42
class 0.4628021717071533 1 38 15 54
class 0.14191587269306183 22 38 39 53
class 0.19373008608818054 35 38 53 55
class 0.29748809337615967 49 38 67 54
class 0.4300456941127777 63 38 80 54
class 0.39095398783683777 75 37 93 54
class 0.31104394793510437 89 38 106 54
class 0.4038448631763458 102 38 119 55
class 0.40816476941108704 115 38 132 54
class 0.518517017364502 128 38 145 55
class 0.4256367087364197 141 39 158 55
class 0.5070710182189941 155 38 172 55
class 0.3457302153110504 167 37 185 54
class 0.28871557116508484 181 38 198 55
class 0.39648038148880005 194 38 212 55
class 0.27679383754730225 207 38 225 54
class 0.12142213433980942 220 39 236 53
class 0.517396092414856 233 37 247 55
class 0.129023015499115 2 52 15 67
class 0.11343128234148026 23 51 39 66
class 0.15808707475662231 37 51 53 68
class 0.3909185528755188 50 51 67 68
class 0.47354766726493835 63 51 79 68
class 0.3755846917629242 76 51 93 68
class 0.30424609780311584 89 50 106 67
class 0.42291533946990967 103 49 119 67
class 0.22990897297859192 116 50 132 67
class 0.41777774691581726 128 50 145 68
class 0.3877182900905609 142 50 158 67
class 0.331804484128952 155 50 171 67
class 0.3054662048816681 168 51 185 68
class 0.34924498200416565 181 51 198 68
class 0.33204185962677 194 51 212 68
class 0.24719688296318054 207 51 225 67
class 0.1344578117132187 220 52 236 67
class 0.22826647758483887 233 49 247 67
class 0.11198415607213974 24 65 40 80
class 0.260958194732666 37 65 54 82
class 0.3824860155582428 50 64 67 81
class 0.38383182883262634 63 64 80 81
class 0.4408329725265503 77 63 94 81
class 0.3961632251739502 89 64 107 82
class 0.3175815939903259 102 64 120 82
class 0.323834091424942 116 64 134 82
class 0.429937481880188 128 63 146 82
class 0.31437575817108154 142 64 159 81
class 0.28430795669555664 154 63 172 82
class 0.2761479318141937 169 63 186 81
class 0.3647039830684662 181 64 199 82
class 0.3631632924079895 194 65 212 82
class 0.17865490913391113 207 66 226 81
class 0.2243310660123825 233 63 247 82
class 0.807513952255249 1 78 15 95
class 0.19972766935825348 23 78 40 93
class 0.25805386900901794 37 77 53 94
class 0.4496789276599884 50 78 67 94
class 0.3874606192111969 63 77 80 94
class 0.3347882926464081 77 77 94 94
class 0.41336366534233093 89 77 107 94
class 0.2421911209821701 102 77 120 94
class 0.3065983057022095 116 76 133 94
class 0.34644579887390137 129 76 147 94
class 0.41073986887931824 142 75 160 94
class 0.38960281014442444 154 76 172 96
class 0.17188255488872528 168 76 186 95
class 0.1854383647441864 182 76 199 94
class 0.3287588655948639 195 77 213 94
class 0.3564831614494324 208 78 226 94
class 0.13606734573841095 233 77 247 95
class 0.26771649718284607 1 90 15 106
class 0.141318678855896 23 90 41 106
class 0.19734881818294525 36 91 54 108
class 0.3639126420021057 50 90 67 107
class 0.3992553949356079 63 90 80 107
class 0.3734146058559418 76 90 94 107
class 0.3510173261165619 90 90 107 107
class 0.5826936960220337 103 90 121 107
class 0.5822004079818726 116 90 134 108
class 0.1902948021888733 128 89 145 107
class 0.4395673871040344 141 92 159 110
class 0.35145992040634155 157 89 174 107
class 0.3625963628292084 168 91 186 109
class 0.22121022641658783 181 91 199 108
class 0.2560083568096161 194 91 212 108
class 0.18804065883159637 207 90 225 107
class 0.17664119601249695 233 89 247 107
class 0.32621923089027405 0 104 16 120
class 0.1565539538860321 37 103 54 120
class 0.2889289855957031 50 103 67 121
class 0.4676661789417267 63 103 80 121
class 0.35624194145202637 76 103 93 121
class 0.39631298184394836 90 103 107 121
class 0.49540385603904724 102 102 120 121
class 0.24195435643196106 116 101 134 119
class 0.18128041923046112 129 104 146 121
class 0.8095624446868896 141 101 158 119
class 0.2833765745162964 157 103 174 121
class 0.3072511851787567 168 103 186 121
class 0.17795725166797638 181 103 199 120
class 0.2804679870605469 194 104 213 121
class 0.2094784528017044 207 104 226 120
class 0.17417484521865845 233 102 247 121
class 0.9937649369239807 12 118 30 135
class 0.3640417158603668 37 118 54 135
class 0.4324790835380554 50 117 66 134
class 0.38975873589515686 64 116 80 134
class 0.414125919342041 77 117 93 134
class 0.5319371819496155 90 116 107 134
class 0.4226231873035431 103 115 120 133
class 0.17510510981082916 115 116 134 134
class 0.3247404396533966 129 115 147 134
class 0.41216471791267395 141 117 159 135
class 0.15587738156318665 154 116 172 134
class 0.12986889481544495 168 118 186 135
class 0.19698044657707214 181 117 199 135
class 0.3638373017311096 194 116 212 134
class 0.14831103384494781 207 116 225 133
class 0.19540522992610931 233 115 247 133
class 0.38230910897254944 36 130 54 147
class 0.3508276045322418 50 130 67 146
class 0.40550491213798523 64 130 80 147
class 0.5382290482521057 77 129 93 147
class 0.4943030774593353 89 129 106 147
class 0.35091978311538696 102 130 120 148
class 0.14635859429836273 115 129 133 147
class 0.2583526372909546 128 129 147 148
class 0.22454430162906647 142 129 161 148
class 0.2340901792049408 154 129 173 148
class 0.3356100916862488 167 129 186 147
class 0.3386075794696808 181 129 199 147
class 0.2977895140647888 194 130 213 148
class 0.15888053178787231 207 131 225 147
class 0.17156977951526642 233 129 247 147
class 0.4554797410964966 1 145 16 160
class 0.3030245304107666 9 144 27 159
class 0.26469889283180237 22 143 40 159
class 0.3969501554965973 38 143 55 160
class 0.5608740448951721 50 143 67 160
class 0.5396681427955627 63 143 80 160
class 0.3104429543018341 76 143 93 160
class 0.3117697238922119 89 143 107 161
class 0.341367244720459 104 143 121 161
class 0.4169307351112366 115 144 133 161
class 0.24668672680854797 128 143 146 161
class 0.15772588551044464 155 141 174 161
class 0.16954819858074188 168 142 187 162
class 0.18038591742515564 182 142 200 160
class 0.3448248505592346 194 143 213 160
class 0.1977415531873703 207 143 225 159
class 0.17020399868488312 233 142 247 160
class 0.3722985088825226 1 157 15 172
class 0.22026169300079346 37 156 54 173
class 0.3850541114807129 50 156 67 173
class 0.4654647707939148 63 156 80 173
class 0.32877641916275024 77 156 94 173
class 0.4292842149734497 89 157 106 174
class 0.5583918690681458 104 157 121 173
class 0.46663063764572144 116 155 134 172
class 0.17861628532409668 127 155 145 172
class 0.996116578578949 141 157 159 177
class 0.32967299222946167 157 154 174 172
class 0.27742019295692444 168 156 186 173
class 0.2812545597553253 181 156 200 174
class 0.38062015175819397 194 156 213 174
class 0.2605374753475189 207 157 226 173
class 0.23318730294704437 233 155 247 173
class 0.5671567320823669 1 171 15 186
class 0.11320849508047104 10 171 26 185
class 0.3704620897769928 24 171 40 186
class 0.28044798970222473 36 169 53 186
class 0.5067505240440369 51 169 68 186
class 0.5561197400093079 63 170 81 186
class 0.37998807430267334 76 170 93 187
class 0.5795489549636841 90 169 107 186
class 0.5175492763519287 103 170 120 186
class 0.1675359010696411 116 168 133 185
class 0.22915269434452057 168 170 186 186
class 0.36757636070251465 181 170 199 187
class 0.4520045518875122 195 170 213 186
class 0.1733386218547821 206 170 225 186
class 0.25330331921577454 232 168 247 186
class 0.6253541707992554 1 183 15 199
class 0.20539936423301697 25 183 40 198
class 0.184316486120224 38 183 54 199
class 0.6458410024642944 50 183 66 199
class 0.4787829518318176 64 182 81 198
class 0.406861811876297 77 182 93 199
class 0.47780072689056396 91 182 107 199
class 0.5210581421852112 103 182 119 199
class 0.27248913049697876 116 183 133 199
class 0.28653401136398315 130 183 147 199
class 0.5506503582000732 141 182 159 199
class 0.4242064356803894 154 182 172 199
class 0.4014289677143097 170 183 187 199
class 0.5281215310096741 181 182 199 199
class 0.6064700484275818 195 183 213 199
class 0.3870629072189331 207 184 225 199
class 0.17954197525978088 219 184 236 199
class 0.2680777907371521 233 182 247 200
class 0.5619512796401978 1 196 15 212
class 0.11673755943775177 11 197 25 211
class 0.3595871925354004 25 198 40 213
class 0.5047570466995239 37 197 54 213
class 0.699761152267456 50 196 67 213
class 0.5048900246620178 64 196 80 213
class 0.4953081011772156 77 195 93 213
class 0.44462722539901733 90 195 107 212
class 0.5418130159378052 104 196 120 213
class 0.3643203377723694 116 196 132 212
class 0.2929384708404541 129 196 145 213
class 0.3621116876602173 142 196 159 213
class 0.5214081406593323 156 197 173 213
class 0.5502620339393616 168 196 185 213
class 0.4328869581222534 182 195 199 212
class 0.4817855656147003 196 196 213 213
class 0.4899020493030548 207 196 225 212
class 0.29853183031082153 219 196 236 212
class 0.3297320306301117 233 195 247 213
class 0.5328683257102966 1 209 15 225
class 0.34201645851135254 24 209 39 225
class 0.28337159752845764 37 209 53 225
class 0.33716824650764465 51 209 67 226
class 0.3624037206172943 63 209 80 226
class 0.37858232855796814 77 209 93 226
class 0.3919546604156494 90 209 106 226
class 0.463094562292099 103 208 120 226
class 0.28158944845199585 116 208 133 225
class 0.32706791162490845 129 209 145 226
class 0.2646664083003998 142 209 158 226
class 0.439116895198822 156 209 172 225
class 0.4204988181591034 168 209 185 226
class 0.3755349814891815 182 210 199 226
class 0.47721609473228455 195 210 212 226
class 0.30808261036872864 207 210 224 226
class 0.1042308658361435 220 210 235 225
class 0.2284569889307022 233 209 247 226
class 0.7213263511657715 1 223 16 239
class 0.16033720970153809 25 223 39 238
class 0.32872045040130615 38 223 53 239
class 0.2587013244628906 51 223 66 238
class 0.3432697057723999 64 223 80 238
class 0.2964319884777069 77 223 93 238
class 0.1883675754070282 89 222 106 238
class 0.24322816729545593 103 222 120 238
class 0.18299128115177155 116 222 132 238
class 0.31400880217552185 130 222 146 238
class 0.30538687109947205 143 222 158 238
class 0.2799963653087616 155 222 171 238
class 0.27968013286590576 169 222 186 238
class 0.3081669211387634 183 222 199 238
class 0.38765761256217957 195 222 211 238
class 0.3575232923030853 208 223 224 238
class 0.29081225395202637 232 222 247 240
class 0.841860294342041 0 232 17 249
class 0.12460514903068542 10 232 27 248
class 0.4560207724571228 23 232 40 249
class 0.5835224986076355 37 231 55 249
class 0.5128226280212402 50 232 68 248
class 0.5644400715827942 63 231 81 248
class 0.5715981721878052 75 231 93 249
class 0.4541682004928589 89 231 108 249
class 0.5391702651977539 102 232 121 249
class 0.4077390730381012 115 231 133 249
class 0.5439448356628418 129 231 148 249
class 0.5310671925544739 142 231 160 249
class 0.5361665487289429 155 231 173 249
class 0.5480483770370483 168 231 187 248
class 0.5353693962097168 182 231 200 248
class 0.5232420563697815 194 231 212 249
class 0.442509263753891 208 231 226 249
class 0.18397977948188782 220 232 238 249
class 0.883665919303894 232 232 249 249
