class 0.7813583612442017 0 3 17 18
class 0.2941713333129883 9 4 26 18
class 0.3580431044101715 22 4 41 18
class 0.5828906893730164 34 3 53 18
class 0.6291454434394836 49 3 68 18
class 0.5544562339782715 62 3 81 18
class 0.47887271642684937 74 3 93 18
class 0.5316622853279114 88 4 107 18
class 0.4720310568809509 101 4 120 18
class 0.4407971203327179 114 4 133 18
class 0.6338585615158081 127 3 146 18
class 0.7000053524971008 140 3 159 18
class 0.449821799993515 155 4 173 18
class 0.45724576711654663 193 3 212 18
class 0.4653921127319336 208 4 226 18
class 0.4025384783744812 220 4 236 18
class 0.6459056735038757 232 3 249 18
class 0.6601375937461853 1 10 16 26
class 0.13004575669765472 9 10 25 25
class 0.28974324464797974 22 10 39 25
class 0.4716205596923828 35 10 53 26
class 0.5222310423851013 48 10 66 26
class 0.5743992328643799 62 9 80 26
class 0.47493356466293335 75 9 93 25
class 0.5964866280555725 88 9 106 25
class 0.6103180646896362 102 9 119 25
class 0.46677348017692566 114 10 131 26
class 0.4919919967651367 127 9 145 26
class 0.5163114070892334 155 10 172 26
class 0.6032776236534119 168 9 185 25
class 0.5081755518913269 181 9 198 25
class 0.5245824456214905 194 9 211 25
class 0.459858238697052 208 9 225 25
class 0.17315903306007385 232 8 246 27
class 0.19893677532672882 1 26 15 41
class 0.16647934913635254 35 25 53 40
class 0.3013211786746979 48 25 66 41
class 0.36051496863365173 62 25 79 41
class 0.3046706020832062 75 26 93 42
class 0.20183590054512024 88 25 105 41
class 0.1277584582567215 102 26 119 41
class 0.17803780734539032 114 26 132 41
class 0.22603559494018555 127 26 145 41
class 0.18223240971565247 141 26 158 41
class 0.13219715654850006 154 26 171 41
class 0.1758178323507309 167 26 185 41
class 0.16097727417945862 180 26 198 42
class 0.31149178743362427 194 26 212 42
class 0.1685989648103714 206 26 224 41
class 0.1544034481048584 233 22 247 41
class 0.32172691822052 1 38 16 53
class 0.10011983662843704 23 39 40 54
class 0.12093832343816757 35 39 53 55
class 0.2922079265117645 48 38 66 55
class 0.3406956195831299 63 37 80 54
class 0.3343464434146881 76 37 93 54
class 0.44850417971611023 89 38 106 55
class 0.4166456162929535 101 38 119 55
class 0.3615671694278717 115 37 132 54
class 0.3516242206096649 128 37 145 55
class 0.2959098219871521 142 39 159 55
class 0.34463709592819214 154 39 171 55
class 0.3597726821899414 167 38 185 55
class 0.3199865520000458 181 37 198 54
class 0.44386768341064453 194 38 212 54
class 0.28020280599594116 207 38 226 53
class 0.21594147384166718 233 37 247 55
class 0.17994911968708038 1 52 15 67
class 0.1158902496099472 24 52 40 67
class 0.24535216391086578 36 51 53 68
class 0.3172074854373932 49 50 66 68
class 0.3646797239780426 63 51 80 68
class 0.340102881193161 76 52 92 69
class 0.4171852767467499 89 50 106 68
class 0.36461421847343445 102 51 119 68
class 0.21088798344135284 115 50 132 67
class 0.2555777430534363 129 50 145 67
class 0.4279756546020508 143 50 159 67
class 0.38075461983680725 155 50 172 67
class 0.2748572826385498 167 51 185 68
class 0.2647492289543152 181 51 199 68
class 0.5018611550331116 194 51 211 68
class 0.27235516905784607 207 52 224 67
class 0.19746041297912598 233 50 247 68
class 0.19550694525241852 1 65 15 80
class 0.15461821854114532 36 63 54 81
class 0.30406704545021057 49 64 67 81
class 0.40064042806625366 64 64 81 81
class 0.49486905336380005 76 63 94 81
class 0.3458098769187927 89 63 107 81
class 0.3147503137588501 103 63 120 81
class 0.20279560983181 115 64 133 81
class 0.26953476667404175 129 64 147 82
class 0.17030368745326996 141 63 159 81
class 0.20541095733642578 155 64 173 81
class 0.2593824863433838 168 64 186 81
class 0.2127901166677475 180 64 199 81
class 0.31362029910087585 195 63 212 81
class 0.2203211635351181 207 64 225 80
class 0.15412162244319916 233 64 247 82
class 0.3598627746105194 1 78 15 94
class 0.11563321948051453 36 77 54 94
class 0.24612462520599365 49 77 67 94
class 0.36303073167800903 63 77 81 95
class 0.39982885122299194 76 77 94 95
class 0.26532962918281555 89 76 107 94
class 0.32196667790412903 102 76 121 95
class 0.37564173340797424 116 76 134 94
class 0.3928271234035492 128 75 146 94
class 0.29316118359565735 142 77 160 94
class 0.37039992213249207 154 76 173 94
class 0.29223355650901794 169 76 187 94
class 0.4145644009113312 181 77 199 95
class 0.37780043482780457 195 78 212 95
class 0.23951974511146545 207 78 225 94
class 0.23833222687244415 233 75 247 94
class 0.19551850855350494 1 92 15 106
class 0.11519155651330948 24 92 41 107
class 0.23487843573093414 36 90 54 107
class 0.27028125524520874 49 90 67 108
class 0.27977892756462097 63 90 81 108
class 0.32453322410583496 77 90 95 108
class 0.36814379692077637 89 90 107 109
class 0.30901747941970825 103 90 121 108
class 0.18987704813480377 115 89 134 108
class 0.2929325997829437 129 90 147 108
class 0.41937050223350525 142 90 160 108
class 0.38524550199508667 155 90 173 108
class 0.2656809091567993 168 90 186 108
class 0.2613915801048279 182 90 200 107
class 0.4167270064353943 195 90 212 107
class 0.29731157422065735 207 91 225 107
class 0.18034137785434723 233 89 247 107
class 0.30491477251052856 1 105 15 120
class 0.17466360330581665 50 102 68 120
class 0.3216942548751831 64 102 81 120
class 0.2177743911743164 76 102 94 121
class 0.2305288016796112 90 101 107 120
class 0.47559353709220886 102 102 121 121
class 0.2797224521636963 115 102 133 122
class 0.18726305663585663 128 102 147 121
class 0.1977272480726242 142 102 160 121
class 0.34312164783477783 155 103 173 121
class 0.37226513028144836 168 103 186 121
class 0.3211236000061035 181 104 199 121
class 0.33746567368507385 195 104 212 121
class 0.16213931143283844 208 104 225 120
class 0.31917527318000793 233 103 247 121
class 0.22082050144672394 2 118 15 133
class 0.15824490785598755 37 117 54 134
class 0.2264682501554489 49 118 67 135
class 0.23154613375663757 64 117 81 135
class 0.11989221721887589 76 114 94 134
class 0.35936665534973145 129 116 146 135
class 0.2504592835903168 142 116 161 135
class 0.4346788227558136 155 117 173 135
class 0.41812291741371155 167 117 186 135
class 0.22978897392749786 181 116 199 134
class 0.38579902052879333 195 117 212 134
class 0.32908913493156433 207 118 225 134
class 0.14647279679775238 220 118 236 133
class 0.32836848497390747 232 115 247 134
class 0.5055145621299744 1 131 16 147
class 0.10899588465690613 37 129 54 147
class 0.346818745136261 51 129 68 147
class 0.43376895785331726 62 128 80 147
class 0.9943716526031494 106 126 122 146
class 0.5885108709335327 128 129 146 148
class 0.28782328963279724 142 129 160 148
class 0.22839030623435974 155 128 173 146
class 0.2154570370912552 168 128 186 146
class 0.22993598878383636 181 130 199 148
class 0.31599465012550354 195 130 212 148
class 0.2453438639640808 207 130 225 146
class 0.11568377166986465 220 131 236 146
class 0.25635626912117004 233 128 247 147
class 0.5471375584602356 1 143 15 159
class 0.21899335086345673 11 142 28 157
class 0.16536271572113037 23 142 40 160
class 0.27622830867767334 50 141 68 161
class 0.2847306728363037 63 141 81 160
class 0.2982386648654938 127 142 145 161
class 0.17926834523677826 142 143 160 160
class 0.21517294645309448 155 143 173 161
class 0.23973560333251953 167 142 185 161
class 0.13967132568359375 182 141 199 160
class 0.2709953188896179 195 142 213 160
class 0.18912068009376526 207 143 226 159
class 0.14524951577186584 220 144 236 159
class 0.22429369390010834 234 142 247 160
class 0.20992840826511383 1 157 14 172
class 0.12458321452140808 9 157 25 172
class 0.21395103633403778 25 156 42 172
class 0.21257327497005463 101 155 119 172
class 0.2463182806968689 115 155 134 172
class 0.2951487898826599 129 156 147 173
class 0.2681165635585785 141 156 160 173
class 0.23791928589344025 156 155 174 172
class 0.431905597448349 167 156 186 175
class 0.2624680697917938 180 157 199 176
class 0.23220188915729523 194 155 213 175
class 0.1304345428943634 220 157 236 172
class 0.21508346498012543 233 156 247 174
class 0.3154357373714447 1 173 15 187
class 0.10029327869415283 23 170 40 185
class 0.1103658378124237 37 167 56 184
class 0.9954074025154114 58 164 76 184
class 0.1000683605670929 77 169 96 186
class 0.36088886857032776 103 170 120 186
class 0.26205387711524963 115 170 132 186
class 0.26331132650375366 130 169 148 186
class 0.2660921812057495 142 169 160 186
class 0.1259821653366089 154 169 174 187
class 0.30071383714675903 194 167 213 187
class 0.12252595275640488 207 170 226 186
class 0.3308572471141815 233 168 247 186
class 0.754470944404602 1 182 15 198
class 0.2375255972146988 10 183 26 198
class 0.20101617276668549 22 184 40 199
class 0.14021837711334229 63 184 82 200
class 0.262344628572464 90 183 107 199
class 0.367160826921463 103 182 120 198
class 0.4120955467224121 116 182 133 199
class 0.4910393953323364 130 183 147 199
class 0.2943352162837982 142 182 159 198
class 0.34397992491722107 156 181 173 199
class 0.9913267493247986 173 179 190 199
class 0.4991162419319153 195 182 214 200
class 0.3129010498523712 207 183 225 200
class 0.17838414013385773 233 182 246 200
class 0.5131145119667053 1 197 15 212
class 0.36458224058151245 24 196 41 212
class 0.2725803256034851 35 198 53 214
class 0.3269174098968506 49 197 67 213
class 0.4069966971874237 63 196 80 212
class 0.36962783336639404 76 196 93 213
class 0.34479519724845886 90 196 106 212
class 0.48438772559165955 102 196 120 213
class 0.5543613433837891 117 196 134 213
class 0.5002115368843079 129 195 146 213
class 0.41492873430252075 142 195 159 212
class 0.20612524449825287 156 195 174 211
class 0.5333603024482727 167 197 185 214
class 0.3209759294986725 182 197 201 214
class 0.4594663679599762 193 195 212 213
class 0.3412206470966339 208 196 225 212
class 0.12377369403839111 220 197 236 212
class 0.38328617811203003 232 196 247 214
class 0.13545888662338257 2 210 15 225
class 0.17315824329853058 24 209 39 225
class 0.3744027316570282 37 208 54 225
class 0.3504261374473572 49 208 67 225
class 0.3232569992542267 63 209 80 225
class 0.26958557963371277 76 209 94 226
class 0.2842232286930084 89 209 106 226
class 0.27269113063812256 102 208 119 225
class 0.2732495963573456 117 208 133 225
class 0.3356362283229828 130 209 147 226
class 0.39172443747520447 141 209 159 227
class 0.23238201439380646 155 209 173 226
class 0.4364151954650879 168 208 186 225
class 0.4048252999782562 181 208 199 225
class 0.302872896194458 195 209 213 226
class 0.19184532761573792 207 210 224 226
class 0.12157269567251205 220 210 235 225
class 0.20011131465435028 232 208 246 226
class 0.620051383972168 1 224 16 239
class 0.12001179158687592 51 222 67 238
class 0.17752273380756378 64 223 80 238
class 0.2883181869983673 77 222 93 238
class 0.2061161994934082 89 222 105 238
class 0.30687251687049866 103 222 120 238
class 0.41060498356819153 117 223 133 239
class 0.2986966371536255 129 222 146 238
class 0.22791263461112976 142 222 159 238
class 0.1865442395210266 155 223 172 239
class 0.1912662833929062 170 222 186 238
class 0.18484392762184143 182 222 199 238
class 0.3281628489494324 195 222 212 239
class 0.2371312379837036 208 223 224 238
class 0.3843859136104584 232 222 246 240
class 0.8279641270637512 1 232 17 249
class 0.24795487523078918 10 231 27 248
class 0.6632471084594727 24 230 41 248
class 0.5905648469924927 37 231 55 248
class 0.601257860660553 50 231 68 248
class 0.5709169507026672 63 231 81 248
class 0.4778924286365509 76 231 94 248
class 0.39411628246307373 89 231 107 249
class 0.4754597246646881 102 231 120 249
class 0.4831412136554718 116 230 134 248
class 0.48698094487190247 128 231 147 249
class 0.5329298377037048 142 232 160 249
class 0.6339426040649414 155 231 173 249
class 0.5813571810722351 169 232 187 248
class 0.5092364549636841 181 231 200 248
class 0.6568415760993958 195 231 213 249
class 0.4760189950466156 207 230 225 248
class 0.2579762935638428 220 231 237 249
class 0.8113946318626404 232 232 249 249
