class 0.8282822966575623 1 3 17 18
class 0.4489242136478424 8 4 26 18
class 0.4950266182422638 22 4 41 18
class 0.5205125212669373 36 3 55 18
class 0.5207391381263733 48 3 67 18
class 0.6823429465293884 61 3 81 18
class 0.579612135887146 75 3 94 18
class 0.49266618490219116 87 4 107 18
class 0.4270946681499481 101 3 120 18
class 0.5156978368759155 114 3 133 18
class 0.565908670425415 127 3 146 18
class 0.4633500277996063 141 4 160 18
class 0.40467017889022827 154 4 172 18
class 0.569085419178009 168 4 186 18
class 0.5151349306106567 180 3 198 18
class 0.3635152578353882 194 3 212 17
class 0.33190205693244934 207 4 225 17
class 0.2815316617488861 221 4 237 17
class 0.7256763577461243 232 2 249 18
class 0.5064279437065125 1 10 15 25
class 0.16158108413219452 10 9 25 24
class 0.371407151222229 23 10 39 25
class 0.36326706409454346 36 9 53 25
class 0.36778244376182556 49 10 66 26
class 0.3512474000453949 62 10 79 26
class 0.3964182734489441 76 10 92 26
class 0.47126510739326477 88 9 105 26
class 0.42908960580825806 101 10 119 26
class 0.4574969708919525 115 10 132 26
class 0.5890700817108154 128 9 145 25
class 0.5845149159431458 141 9 158 25
class 0.4734821021556854 154 9 171 25
class 0.5078244805335999 168 9 185 25
class 0.44388842582702637 180 9 197 25
class 0.41173768043518066 194 10 211 25
class 0.24687835574150085 208 10 223 25
class 0.10940908640623093 220 10 234 25
class 0.15299896895885468 233 8 247 26
class 0.446074515581131 1 26 15 41
class 0.14881660044193268 61 24 79 40
class 0.24587823450565338 74 25 93 42
class 0.11071857064962387 87 25 105 41
class 0.13392741978168488 114 25 132 40
class 0.27746421098709106 128 25 145 41
class 0.18311847746372223 141 25 158 40
class 0.34477078914642334 154 25 171 40
class 0.2738640010356903 167 24 184 40
class 0.23550139367580414 180 25 198 40
class 0.262466698884964 194 25 212 41
class 0.13262155652046204 207 26 224 40
class 0.1563200056552887 234 24 247 42
class 0.12395767122507095 23 39 40 54
class 0.1751687377691269 35 39 54 55
class 0.15362028777599335 100 37 118 56
class 0.1325315237045288 115 38 133 55
class 0.25146371126174927 128 38 145 55
class 0.2319852113723755 141 38 158 55
class 0.2505713999271393 154 38 171 55
class 0.22125887870788574 167 39 185 55
class 0.2354501336812973 180 38 198 55
class 0.3878406286239624 194 38 212 55
class 0.18757233023643494 207 38 225 53
class 0.10234086215496063 220 38 235 53
class 0.3252805471420288 233 37 246 55
class 0.26920175552368164 1 53 16 68
class 0.1568261682987213 36 49 54 67
class 0.9943969249725342 81 48 97 67
class 0.18582749366760254 101 50 119 69
class 0.1406647115945816 116 50 132 68
class 0.2697126567363739 130 51 146 68
class 0.26125258207321167 142 51 158 68
class 0.40549907088279724 156 51 173 68
class 0.44585278630256653 167 50 184 68
class 0.25371497869491577 181 51 198 68
class 0.37288787961006165 195 51 212 68
class 0.3222736716270447 207 51 225 67
class 0.2686713933944702 233 48 247 67
class 0.2538386881351471 1 65 15 80
class 0.14677929878234863 36 64 54 82
class 0.20499219000339508 101 63 119 81
class 0.23752163350582123 115 64 133 81
class 0.2981744706630707 129 63 146 81
class 0.3770087659358978 143 64 160 81
class 0.3862220048904419 154 63 171 81
class 0.38470694422721863 168 64 186 81
class 0.3177375793457031 181 64 199 81
class 0.4151063561439514 194 64 211 81
class 0.1570131629705429 207 65 225 81
class 0.14417022466659546 233 63 247 82
class 0.1297612339258194 1 78 15 93
class 0.14464624226093292 24 78 40 94
class 0.19845035672187805 36 77 55 94
class 0.17504605650901794 75 74 95 93
class 0.14383970201015472 88 75 107 93
class 0.17840981483459473 115 77 133 95
class 0.23495343327522278 129 77 146 95
class 0.20661112666130066 142 76 160 94
class 0.23057995736598969 155 76 173 94
class 0.20573684573173523 169 77 186 94
class 0.22093063592910767 181 77 199 94
class 0.29928454756736755 195 77 213 95
class 0.30066797137260437 207 78 225 94
class 0.16241449117660522 220 78 236 93
class 0.2340659648180008 233 75 247 94
class 0.47731396555900574 1 92 16 108
class 0.10281913727521896 23 91 40 107
class 0.22669842839241028 37 90 55 108
class 0.15612314641475677 49 90 67 108
class 0.11983099579811096 62 90 81 108
class 0.1958424597978592 90 90 109 108
class 0.23960347473621368 103 90 121 108
class 0.31114113330841064 116 90 134 108
class 0.3656519949436188 128 89 146 108
class 0.31479841470718384 142 90 159 108
class 0.27171504497528076 156 90 173 108
class 0.3378715515136719 169 90 186 108
class 0.4000442922115326 182 90 199 107
class 0.36113572120666504 195 90 212 107
class 0.19218212366104126 208 90 225 106
class 0.1256658434867859 220 91 236 107
class 0.18373169004917145 233 90 247 108
class 0.35245826840400696 1 103 16 119
class 0.1500290334224701 24 104 40 120
class 0.14131422340869904 37 103 54 120
class 0.31867191195487976 50 103 68 121
class 0.4499283730983734 63 103 81 121
class 0.3816639482975006 75 103 94 121
class 0.3326910138130188 90 102 108 120
class 0.43526870012283325 103 103 121 121
class 0.37119561433792114 116 103 133 121
class 0.409342885017395 129 102 147 121
class 0.47172296047210693 142 103 159 122
class 0.358903169631958 155 102 172 121
class 0.3445277512073517 168 102 185 121
class 0.2609596252441406 181 103 199 121
class 0.3691945970058441 196 104 213 121
class 0.17886888980865479 208 104 225 120
class 0.2986604869365692 233 102 247 120
class 0.1503489464521408 1 117 14 133
class 0.13051725924015045 24 117 40 133
class 0.23732703924179077 37 118 54 134
class 0.3208552598953247 50 117 67 134
class 0.3389272689819336 63 116 80 133
class 0.28572314977645874 75 116 93 134
class 0.2782823145389557 90 116 107 134
class 0.33278602361679077 103 115 120 133
class 0.56192946434021 116 116 134 134
class 0.11001061648130417 127 113 145 133
class 0.5168949961662292 156 115 173 135
class 0.3137669861316681 169 116 186 135
class 0.22922582924365997 181 116 199 134
class 0.4062766134738922 196 117 213 134
class 0.317059725522995 207 117 225 133
class 0.15623478591442108 220 117 236 133
class 0.24055951833724976 233 115 247 134
class 0.28880974650382996 1 131 15 146
class 0.16459523141384125 23 131 40 146
class 0.3380984961986542 37 129 54 146
class 0.4422955811023712 50 129 67 146
class 0.40707752108573914 63 129 80 147
class 0.3009946346282959 76 130 93 147
class 0.31408175826072693 89 130 107 147
class 0.44612112641334534 103 130 120 147
class 0.554131805896759 118 129 135 147
class 0.9130919575691223 139 129 157 149
class 0.37738659977912903 159 128 175 147
class 0.3510845899581909 170 129 186 147
class 0.28133758902549744 181 131 198 148
class 0.45205894112586975 196 131 213 147
class 0.1885184347629547 208 130 224 146
class 0.17987588047981262 234 129 247 147
class 0.3568568527698517 2 145 16 160
class 0.14728085696697235 23 143 40 159
class 0.1302737593650818 36 142 54 159
class 0.2512923777103424 50 142 67 159
class 0.2366664856672287 63 143 80 160
class 0.34934115409851074 77 143 94 160
class 0.3494340777397156 89 143 106 160
class 0.2682505249977112 103 142 120 159
class 0.3790539801120758 116 143 133 160
class 0.14822104573249817 127 145 145 161
class 0.3508663773536682 141 144 158 161
class 0.3292977511882782 156 143 174 160
class 0.45496296882629395 169 143 185 160
class 0.35478475689888 181 143 198 159
class 0.5325452089309692 196 142 212 159
class 0.18422546982765198 207 143 225 158
class 0.14339661598205566 220 143 237 158
class 0.26452088356018066 233 141 247 160
class 0.5320729613304138 2 156 16 172
class 0.14892196655273438 23 157 40 172
class 0.3008750379085541 36 157 54 174
class 0.44418472051620483 50 156 68 173
class 0.44111236929893494 63 156 81 173
class 0.5426210761070251 76 156 93 173
class 0.4274119734764099 90 155 106 172
class 0.42963990569114685 102 156 119 173
class 0.4580557346343994 116 156 133 173
class 0.4903256297111511 128 155 146 172
class 0.5739887356758118 141 155 159 172
class 0.3535909354686737 155 155 173 173
class 0.260531485080719 168 155 186 173
class 0.21847319602966309 181 156 199 174
class 0.28196436166763306 195 157 213 173
class 0.2571745216846466 207 157 225 173
class 0.27752676606178284 233 155 247 174
class 0.397004634141922 2 170 16 186
class 0.22001482546329498 23 171 40 187
class 0.3252307176589966 36 169 54 187
class 0.413119912147522 50 169 68 186
class 0.4060268700122833 63 170 80 186
class 0.4730258584022522 76 169 94 186
class 0.3085063695907593 89 169 106 187
class 0.22758138179779053 102 169 120 186
class 0.17040549218654633 116 168 133 186
class 0.18402434885501862 129 169 147 186
class 0.3358565866947174 142 169 159 186
class 0.3800561726093292 155 170 172 187
class 0.24737948179244995 168 170 186 187
class 0.40081655979156494 181 170 200 187
class 0.4513551890850067 194 169 213 187
class 0.25451603531837463 207 169 226 186
class 0.4362739324569702 233 168 247 187
class 0.7015178799629211 1 183 16 199
class 0.15874938666820526 11 182 27 198
class 0.5821107625961304 24 183 41 200
class 0.38707250356674194 36 183 53 201
class 0.42244988679885864 51 183 68 200
class 0.613286018371582 63 182 80 200
class 0.4709976315498352 77 182 93 200
class 0.5184237360954285 91 183 108 200
class 0.4207417666912079 103 184 120 200
class 0.4448326826095581 116 184 133 200
class 0.46977105736732483 129 183 146 200
class 0.5346295237541199 143 184 160 200
class 0.7040172219276428 156 182 173 199
class 0.7348290085792542 169 182 186 199
class 0.6469500064849854 182 182 199 200
class 0.4840031862258911 194 182 212 200
class 0.34868481755256653 207 183 226 200
class 0.12118898332118988 219 184 236 199
class 0.3235870897769928 233 182 247 200
class 0.6271070241928101 1 196 15 212
class 0.2642104923725128 39 194 56 212
class 0.4357141852378845 51 196 67 214
class 0.4771210551261902 64 196 81 213
class 0.5832602381706238 77 196 93 213
class 0.6874275803565979 90 195 107 213
class 0.6355665922164917 103 195 120 213
class 0.491581529378891 116 195 133 213
class 0.572528064250946 130 196 147 213
class 0.6110363602638245 143 196 160 213
class 0.5979523062705994 155 196 172 213
class 0.521414577960968 168 195 186 213
class 0.8160041570663452 185 197 201 215
class 0.3255770802497864 193 196 212 214
class 0.6846389174461365 207 195 225 213
class 0.22811491787433624 220 196 236 212
class 0.40665149688720703 232 195 247 213
class 0.5780702233314514 1 210 16 225
class 0.9570703506469727 24 208 40 226
class 0.25088176131248474 40 208 56 224
class 0.567331075668335 51 208 67 225
class 0.3921264708042145 63 209 80 226
class 0.29816097021102905 77 208 93 226
class 0.431589812040329 90 208 107 226
class 0.40071621537208557 103 209 121 226
class 0.3054598569869995 116 208 133 226
class 0.4883219301700592 130 208 147 225
class 0.4543383717536926 142 208 159 225
class 0.25317656993865967 155 208 172 224
class 0.33301231265068054 169 208 186 225
class 0.9587876200675964 185 204 202 224
class 0.47933340072631836 191 207 210 224
class 0.42511069774627686 208 209 226 225
class 0.15798674523830414 219 210 235 225
class 0.26416653394699097 233 209 247 227
class 0.8894442915916443 1 222 16 238
class 0.22003988921642303 24 225 39 239
class 0.10228515416383743 64 223 80 238
class 0.1809844821691513 78 223 94 239
class 0.25966179370880127 90 223 106 239
class 0.1772173047065735 103 222 120 238
class 0.1694222241640091 116 223 133 239
class 0.23148998618125916 129 223 146 239
class 0.23770460486412048 143 223 159 239
class 0.18874454498291016 154 223 171 239
class 0.17246460914611816 170 222 186 237
class 0.2709677517414093 180 222 196 238
class 0.4381272792816162 195 223 212 239
class 0.2434403896331787 207 222 223 238
class 0.3076787292957306 232 223 247 240
class 0.6573730111122131 0 232 16 249
class 0.2185036987066269 23 231 41 248
class 0.1639116406440735 36 232 54 248
class 0.41047146916389465 50 232 69 248
class 0.5577540397644043 62 231 80 248
class 0.6058824062347412 77 231 95 248
class 0.5983901619911194 90 230 107 248
class 0.513717532157898 102 231 120 249
class 0.6081851124763489 117 231 135 248
class 0.6641277074813843 128 230 146 248
class 0.509068489074707 142 231 160 248
class 0.38842496275901794 153 232 172 249
class 0.28173357248306274 168 233 186 248
class 0.3351583480834961 181 232 200 248
class 0.4256322383880615 194 231 213 248
class 0.44565317034721375 206 231 225 249
class 0.1499447077512741 220 232 238 248
class 0.8979108929634094 232 232 249 249
