class 0.7786042094230652 0 3 16 18
class 0.3623461425304413 10 4 27 17
class 0.3785961866378784 22 4 40 18
class 0.3179931640625 35 4 54 18
class 0.5936791896820068 48 3 67 18
class 0.6237814426422119 62 3 81 18
class 0.5728331208229065 75 3 94 18
class 0.6864795684814453 88 3 107 18
class 0.5822059512138367 101 4 120 18
class 0.7034467458724976 115 4 134 18
class 0.4538085162639618 127 4 146 17
class 0.5952133536338806 140 3 160 18
class 0.5866825580596924 154 3 173 18
class 0.4863402545452118 167 3 186 18
class 0.3896476924419403 180 3 199 18
class 0.4681888520717621 193 4 212 18
class 0.48593881726264954 207 3 226 17
class 0.2766997516155243 222 4 238 17
class 0.8566418290138245 232 2 249 18
class 0.7040907740592957 1 9 16 26
class 0.10992558300495148 10 9 25 24
class 0.37226781249046326 24 9 39 25
class 0.47942572832107544 35 10 52 26
class 0.5368527173995972 49 10 66 26
class 0.4718659520149231 62 9 79 25
class 0.502975583076477 75 9 93 25
class 0.5037603974342346 89 9 106 25
class 0.5514025688171387 101 9 119 25
class 0.5552614331245422 115 9 132 25
class 0.5076558589935303 128 10 145 26
class 0.6722452044487 141 10 158 27
class 0.5245344638824463 154 9 171 26
class 0.5406996607780457 168 9 185 26
class 0.5992274880409241 180 9 198 26
class 0.7115052938461304 194 9 211 26
class 0.5793614387512207 208 10 225 26
class 0.11014673113822937 221 9 235 25
class 0.33637917041778564 1 25 15 41
class 0.1403535157442093 36 26 53 41
class 0.27676039934158325 49 25 66 41
class 0.2690603733062744 62 27 79 42
class 0.2688114643096924 74 27 92 42
class 0.20932239294052124 89 26 106 41
class 0.23923815786838531 102 25 119 40
class 0.2959769070148468 115 25 132 40
class 0.5576714873313904 127 24 144 41
class 0.3768691122531891 142 24 159 40
class 0.4100489318370819 154 25 171 42
class 0.4631405472755432 167 25 185 42
class 0.24848857522010803 180 26 198 41
class 0.2616499364376068 193 25 211 41
class 0.24209095537662506 207 26 225 40
class 0.14603102207183838 233 24 247 42
class 0.4002496004104614 1 38 15 54
class 0.11191920936107635 36 39 53 55
class 0.2690039277076721 49 38 66 54
class 0.45703402161598206 63 37 79 54
class 0.4900391697883606 76 37 93 54
class 0.3227982819080353 89 38 105 54
class 0.5630319714546204 102 39 118 56
class 0.5558818578720093 116 39 133 55
class 0.13382188975811005 128 36 145 53
class 0.9411683082580566 139 38 157 58
class 0.7796112298965454 156 35 173 54
class 0.5015650391578674 168 37 185 55
class 0.3533318042755127 180 38 198 55
class 0.5172654390335083 195 38 212 54
class 0.4029119610786438 207 38 225 53
class 0.17879396677017212 220 38 236 53
class 0.34403595328330994 232 37 247 55
class 0.27595067024230957 1 52 15 67
class 0.12917649745941162 24 53 40 68
class 0.19956785440444946 36 52 52 69
class 0.26715099811553955 49 51 66 68
class 0.2403590977191925 63 51 79 68
class 0.3916270434856415 76 51 92 68
class 0.34138214588165283 90 50 106 67
class 0.4705568253993988 103 49 119 67
class 0.4939768612384796 116 50 133 67
class 0.5179908275604248 140 49 158 67
class 0.3947889506816864 155 50 174 69
class 0.25767451524734497 168 50 186 69
class 0.34761562943458557 181 50 198 69
class 0.41608214378356934 195 52 212 69
class 0.28166264295578003 207 52 224 67
class 0.13426648080348969 220 52 236 67
class 0.24920284748077393 233 48 246 67
class 0.3934229612350464 1 65 16 81
class 0.12011032551527023 24 64 39 80
class 0.17329013347625732 36 64 53 81
class 0.2566552460193634 50 63 67 81
class 0.3383398652076721 63 64 80 81
class 0.4510653614997864 76 64 93 81
class 0.32538244128227234 89 65 106 82
class 0.19127234816551208 102 64 119 82
class 0.1678364872932434 116 63 133 80
class 0.901452362537384 130 64 149 82
class 0.12146175652742386 139 63 158 81
class 0.2626023590564728 169 62 187 81
class 0.23903274536132812 182 63 199 82
class 0.39743921160697937 195 64 212 81
class 0.31363871693611145 208 65 225 80
class 0.18336912989616394 219 65 236 81
class 0.214986190199852 233 64 247 82
class 0.3774287700653076 1 78 16 93
class 0.17389048635959625 23 78 39 93
class 0.17913034558296204 36 77 54 95
class 0.2497805953025818 51 78 68 95
class 0.3979042172431946 62 77 80 95
class 0.46521350741386414 77 77 94 94
class 0.5433943867683411 90 77 106 94
class 0.3482075035572052 101 77 118 94
class 0.13215740025043488 115 79 132 95
class 0.5343101024627686 132 77 148 93
class 0.9938933253288269 152 72 170 92
class 0.3888135552406311 169 77 188 95
class 0.1764487475156784 181 77 199 95
class 0.4148043096065521 194 78 212 95
class 0.20524495840072632 207 78 225 93
class 0.13960246741771698 220 77 237 93
class 0.28515517711639404 233 75 247 94
class 0.28327715396881104 1 91 15 106
class 0.11840371042490005 37 90 54 107
class 0.26634013652801514 51 90 68 107
class 0.3221178352832794 63 90 80 107
class 0.4445505440235138 76 90 93 107
class 0.43394118547439575 89 90 106 108
class 0.4202071726322174 103 91 120 108
class 0.4631512761116028 115 92 133 108
class 0.3946845233440399 128 90 146 107
class 0.2563743591308594 140 91 160 107
class 0.40120649337768555 153 93 172 109
class 0.15041068196296692 166 90 186 108
class 0.2702065408229828 181 91 200 108
class 0.28213977813720703 194 91 212 107
class 0.24838820099830627 207 92 225 108
class 0.1509796530008316 233 89 247 107
class 0.21813403069972992 1 106 15 120
class 0.14326560497283936 23 104 40 120
class 0.16951823234558105 36 103 54 121
class 0.35604289174079895 50 103 68 121
class 0.379438579082489 63 103 81 121
class 0.38561251759529114 75 102 93 120
class 0.4595417082309723 89 103 107 121
class 0.44740787148475647 103 104 120 121
class 0.43192222714424133 115 104 133 121
class 0.27316683530807495 128 104 146 121
class 0.2835552394390106 142 103 161 120
class 0.3824383616447449 153 102 173 120
class 0.2196335345506668 167 103 186 120
class 0.20909903943538666 181 103 199 120
class 0.4674665629863739 194 105 212 122
class 0.3879406154155731 208 104 226 120
class 0.15734781324863434 220 104 236 120
class 0.18926987051963806 233 103 247 121
class 0.49926823377609253 1 118 16 133
class 0.19290336966514587 23 117 40 134
class 0.14174658060073853 36 117 54 134
class 0.22934313118457794 50 115 68 133
class 0.170632466673851 63 116 81 133
class 0.23111383616924286 76 116 93 134
class 0.25094813108444214 89 116 107 134
class 0.30499330163002014 103 116 120 134
class 0.40677574276924133 116 116 133 134
class 0.36086997389793396 128 117 146 134
class 0.2056279331445694 142 117 159 134
class 0.3043884038925171 155 117 173 134
class 0.28558993339538574 168 118 186 134
class 0.2954225540161133 181 118 199 134
class 0.44155406951904297 194 116 212 133
class 0.21546727418899536 207 117 225 133
class 0.18371208012104034 233 116 247 134
class 0.23964804410934448 2 130 16 146
class 0.1854216307401657 24 130 41 146
class 0.3643486797809601 36 129 54 148
class 0.40061524510383606 50 130 68 148
class 0.3846510052680969 62 130 80 148
class 0.5176944732666016 77 130 95 148
class 0.4746858477592468 89 131 107 149
class 0.4545634984970093 102 131 120 148
class 0.44549810886383057 116 130 133 147
class 0.591640293598175 128 130 146 147
class 0.5201188325881958 142 130 160 148
class 0.3949538469314575 155 130 172 147
class 0.3786451816558838 168 130 186 147
class 0.35224804282188416 181 130 199 147
class 0.3547786474227905 195 131 213 148
class 0.18556316196918488 207 131 225 147
class 0.14806805551052094 233 129 247 147
class 0.5438686609268188 2 143 16 159
class 0.10612737387418747 10 143 26 158
class 0.17180980741977692 49 140 68 160
class 0.27746373414993286 63 141 81 161
class 0.3449825048446655 77 143 94 161
class 0.3583378195762634 89 142 107 160
class 0.32753297686576843 102 142 120 160
class 0.191589817404747 116 143 133 160
class 0.27053797245025635 129 142 146 160
class 0.2940002679824829 142 142 159 160
class 0.29562342166900635 155 143 173 160
class 0.3033478856086731 167 142 186 160
class 0.2654319107532501 182 143 200 160
class 0.44884639978408813 195 143 213 160
class 0.2860986590385437 207 144 226 160
class 0.32783323526382446 232 143 247 161
class 0.23544740676879883 1 157 15 172
class 0.8941319584846497 39 158 57 176
class 0.512856662273407 62 156 80 175
class 0.5188328623771667 76 156 94 173
class 0.31176280975341797 89 156 107 174
class 0.2838160991668701 103 156 120 174
class 0.3731039762496948 116 156 134 173
class 0.49903178215026855 128 156 146 173
class 0.47503265738487244 142 156 160 173
class 0.3293827176094055 155 156 173 173
class 0.3813124895095825 168 156 187 174
class 0.3646366000175476 182 156 200 173
class 0.4673784673213959 194 156 213 173
class 0.33088359236717224 207 156 226 173
class 0.28034916520118713 232 154 247 172
class 0.46432098746299744 1 170 15 186
class 0.21559318900108337 39 166 55 184
class 0.5294831395149231 63 168 81 186
class 0.46253809332847595 76 169 94 186
class 0.4619573652744293 90 170 107 186
class 0.334964781999588 103 169 120 186
class 0.30963271856307983 115 169 133 186
class 0.2993776798248291 129 169 147 186
class 0.34199124574661255 142 169 160 186
class 0.37662243843078613 155 169 173 186
class 0.32273468375205994 168 170 187 186
class 0.2422340363264084 181 169 200 186
class 0.3256968557834625 194 169 213 186
class 0.1391964554786682 207 170 226 186
class 0.25397059321403503 233 169 247 186
class 0.5508573651313782 1 183 16 199
class 0.23896059393882751 25 184 42 198
class 0.8431573510169983 37 184 54 200
class 0.8464683890342712 49 183 67 200
class 0.5692928433418274 63 183 80 199
class 0.4180297553539276 76 183 94 199
class 0.6021532416343689 90 183 107 199
class 0.4068070650100708 102 182 120 199
class 0.36187684535980225 116 182 133 199
class 0.3902992904186249 129 182 147 199
class 0.30473625659942627 143 182 160 199
class 0.38582736253738403 157 182 174 199
class 0.4672335386276245 168 182 186 199
class 0.40546926856040955 182 182 200 199
class 0.4778516888618469 195 182 213 199
class 0.29254457354545593 207 183 226 199
class 0.28696534037590027 233 182 247 199
class 0.5026212930679321 1 196 16 212
class 0.17383861541748047 23 197 40 212
class 0.3104548454284668 37 195 54 212
class 0.5213313698768616 51 195 68 212
class 0.45010727643966675 63 196 80 213
class 0.43787887692451477 76 195 94 212
class 0.6028982996940613 91 195 107 212
class 0.4707418382167816 102 196 120 213
class 0.4110592305660248 117 196 134 213
class 0.44180652499198914 129 196 146 214
class 0.4016086459159851 143 196 159 213
class 0.590198278427124 156 196 173 214
class 0.3616812229156494 168 195 186 213
class 0.3197340667247772 182 195 200 213
class 0.4805668592453003 195 196 212 213
class 0.39101845026016235 207 196 225 212
class 0.21355679631233215 220 197 236 212
class 0.3449205160140991 233 195 247 213
class 0.464236855506897 1 210 16 226
class 0.10675343871116638 11 209 26 224
class 0.3288904130458832 24 209 39 225
class 0.3009212613105774 37 210 54 226
class 0.368076890707016 50 209 67 226
class 0.4187416732311249 63 210 80 227
class 0.41652023792266846 76 209 93 227
class 0.3447725176811218 90 209 107 226
class 0.3845027983188629 103 209 120 226
class 0.36308014392852783 116 209 133 226
class 0.4271385669708252 130 209 147 226
class 0.337210088968277 142 209 159 226
class 0.3622443974018097 155 207 173 226
class 0.233905628323555 169 209 186 226
class 0.35342320799827576 182 209 199 226
class 0.5841516256332397 195 209 212 226
class 0.425714373588562 207 210 225 226
class 0.12514156103134155 220 210 235 225
class 0.2395242601633072 232 209 246 226
class 0.8330049514770508 1 222 16 238
class 0.10379865020513535 10 222 26 237
class 0.12869559228420258 25 223 40 238
class 0.18010586500167847 37 222 53 238
class 0.10897708684206009 50 223 67 238
class 0.15267100930213928 64 222 80 238
class 0.2297038435935974 78 222 94 238
class 0.22461850941181183 90 223 106 238
class 0.2912166714668274 103 222 119 238
class 0.20291131734848022 116 222 133 238
class 0.175241619348526 130 222 146 237
class 0.19331631064414978 143 222 159 238
class 0.1575712412595749 156 223 172 240
class 0.15880128741264343 170 224 186 239
class 0.24995771050453186 182 223 198 239
class 0.35660678148269653 195 222 212 238
class 0.2564705014228821 208 223 224 238
class 0.37965983152389526 232 223 247 240
class 0.670467734336853 0 233 17 249
class 0.2837148606777191 10 232 28 249
class 0.44747522473335266 24 231 42 248
class 0.5996915102005005 37 231 55 248
class 0.5474642515182495 49 231 68 248
class 0.5637019872665405 62 231 81 249
class 0.5604836940765381 77 231 95 248
class 0.496545672416687 89 231 107 249
class 0.378801167011261 102 231 120 248
class 0.5434533357620239 116 232 134 248
class 0.46163326501846313 128 231 146 248
class 0.3796764612197876 142 231 160 248
class 0.44819745421409607 155 231 174 248
class 0.5021558403968811 168 231 186 248
class 0.6064568161964417 182 231 200 248
class 0.5520588159561157 194 231 212 248
class 0.5652347207069397 207 231 225 249
class 0.30826041102409363 220 231 238 249
class 0.8708818554878235 232 232 249 249
