class 0.6902831792831421 0 2 18 19
class 0.2887595593929291 22 3 44 18
class 0.5205493569374084 33 3 55 19
class 0.508400559425354 48 4 68 18
class 0.5497581958770752 61 4 81 18
class 0.4430137574672699 74 4 94 17
class 0.6781560778617859 88 2 109 18
class 0.7390092611312866 100 2 122 18
class 0.5480921864509583 113 3 134 18
class 0.6489490866661072 126 3 147 18
class 0.5086998343467712 141 4 161 17
class 0.624761700630188 153 3 172 18
class 0.5096611380577087 168 4 187 18
class 0.5112350583076477 179 4 199 18
class 0.6475682854652405 193 4 213 18
class 0.5736002922058105 206 3 226 18
class 0.7350184321403503 229 3 248 20
class 0.28215962648391724 1 9 17 25
class 0.9712473750114441 13 12 32 30
class 0.45112282037734985 35 8 53 26
class 0.3831717073917389 49 9 66 26
class 0.4858555793762207 62 9 79 26
class 0.47806107997894287 76 9 95 26
class 0.6014344692230225 98 13 118 31
class 0.42875930666923523 128 9 146 26
class 0.4760008454322815 141 9 159 25
class 0.5113325715065002 167 9 185 25
class 0.5294486880302429 181 10 198 26
class 0.644159197807312 194 9 211 26
class 0.4271862208843231 208 9 225 25
class 0.8940771818161011 224 7 241 23
class 0.131440207362175 35 25 54 42
class 0.23236480355262756 49 25 67 41
class 0.16966089606285095 61 25 79 40
class 0.1140560731291771 76 24 94 40
class 0.9698054194450378 98 20 116 38
class 0.21973034739494324 116 25 134 41
class 0.16722895205020905 128 25 145 41
class 0.3040778338909149 141 26 158 41
class 0.2132013887166977 154 25 171 41
class 0.3652746081352234 167 25 185 41
class 0.3722946047782898 181 26 199 41
class 0.45523959398269653 194 26 212 41
class 0.13430610299110413 207 26 225 40
class 0.318839967250824 219 26 236 41
class 0.45117050409317017 232 26 248 43
class 0.11878404021263123 9 39 27 53
class 0.34246551990509033 21 39 40 54
class 0.1849862039089203 35 38 53 55
class 0.3527202606201172 49 38 66 55
class 0.30181047320365906 62 38 80 55
class 0.22237573564052582 88 39 107 55
class 0.4910908639431 102 40 119 56
class 0.14113974571228027 114 37 131 54
class 0.2686694860458374 128 38 145 55
class 0.43458786606788635 141 37 158 54
class 0.2988131642341614 154 38 172 55
class 0.42249277234077454 168 39 185 55
class 0.4895300567150116 181 38 198 55
class 0.3244752585887909 194 38 212 54
class 0.18193994462490082 207 38 225 53
class 0.1728091537952423 220 38 236 53
class 0.3601430654525757 233 36 247 53
class 0.11868742108345032 1 53 15 68
class 0.25708726048469543 36 51 54 68
class 0.35955512523651123 49 51 66 68
class 0.3428104519844055 63 51 80 68
class 0.17719683051109314 75 51 93 68
class 0.2966902554035187 89 50 106 68
class 0.3020567297935486 102 50 119 67
class 0.3628424108028412 115 51 132 68
class 0.41857609152793884 128 51 145 68
class 0.44214844703674316 141 51 158 69
class 0.42189791798591614 156 51 172 68
class 0.5533499121665955 168 50 186 68
class 0.4058673083782196 181 50 199 68
class 0.3306381106376648 194 51 212 68
class 0.16933639347553253 207 51 225 66
class 0.11634014546871185 220 51 235 66
class 0.18850941956043243 233 49 246 68
class 0.2826122045516968 1 65 16 81
class 0.12379840761423111 23 65 40 80
class 0.20982725918293 36 64 53 81
class 0.39312344789505005 50 63 67 81
class 0.3809478282928467 63 64 80 81
class 0.3551599383354187 76 64 93 81
class 0.39080867171287537 89 64 106 82
class 0.33296915888786316 103 64 120 81
class 0.2990831136703491 114 64 131 81
class 0.2867550253868103 129 64 146 81
class 0.3362191319465637 143 64 160 81
class 0.3072420358657837 154 65 172 82
class 0.35355401039123535 169 64 186 82
class 0.348888099193573 182 64 199 81
class 0.4197327792644501 195 64 212 81
class 0.23446433246135712 206 65 225 81
class 0.19628584384918213 233 64 247 82
class 0.32662543654441833 1 78 16 94
class 0.13201949000358582 23 78 40 93
class 0.2229296714067459 36 77 54 94
class 0.3860977590084076 49 78 67 95
class 0.3385423719882965 63 77 80 94
class 0.5291202068328857 76 77 94 95
class 0.3594977557659149 89 77 106 94
class 0.2983619272708893 102 77 119 94
class 0.27215486764907837 116 78 133 95
class 0.3569004535675049 128 77 146 95
class 0.4464954435825348 143 78 160 95
class 0.5238084197044373 155 77 173 94
class 0.47884076833724976 167 78 186 95
class 0.33222293853759766 181 78 200 94
class 0.2576579749584198 194 77 212 94
class 0.2134048044681549 207 78 225 94
class 0.271878182888031 233 76 247 94
class 0.21091917157173157 1 92 15 107
class 0.19243136048316956 36 91 54 107
class 0.35969477891921997 50 91 67 108
class 0.3049839437007904 62 90 80 108
class 0.2721458673477173 76 90 94 107
class 0.2961703836917877 90 90 107 107
class 0.38900405168533325 102 90 119 108
class 0.26152631640434265 116 91 133 107
class 0.31570443511009216 129 91 147 108
class 0.2968834638595581 141 90 159 108
class 0.2524416744709015 155 89 173 107
class 0.2978842556476593 168 89 186 107
class 0.2550049424171448 181 89 200 107
class 0.3514772653579712 195 90 213 107
class 0.3288919925689697 207 91 226 107
class 0.145586758852005 220 91 237 106
class 0.3119664788246155 233 90 247 107
class 0.24220818281173706 1 104 16 119
class 0.15983395278453827 37 104 54 120
class 0.34408408403396606 50 102 68 120
class 0.4805485010147095 63 103 81 120
class 0.3980243504047394 75 104 93 121
class 0.32091596722602844 89 103 107 121
class 0.30616292357444763 102 103 120 121
class 0.3061518967151642 115 103 133 121
class 0.42085063457489014 129 103 147 120
class 0.43009787797927856 141 103 160 121
class 0.2772746980190277 154 103 173 120
class 0.32819902896881104 168 103 187 121
class 0.3196565508842468 181 104 199 121
class 0.42034032940864563 195 103 212 120
class 0.2040812075138092 208 103 226 119
class 0.33226072788238525 232 103 247 121
class 0.16043557226657867 1 117 15 133
class 0.10993864387273788 24 117 41 133
class 0.15105438232421875 36 116 54 134
class 0.1566563844680786 50 117 68 134
class 0.16503585875034332 63 116 81 134
class 0.2794395089149475 77 116 95 134
class 0.27473241090774536 88 115 107 134
class 0.23087754845619202 102 116 121 134
class 0.2609543204307556 115 116 133 134
class 0.24222317337989807 129 116 147 134
class 0.31120508909225464 142 116 160 134
class 0.30096378922462463 155 117 173 135
class 0.2858191132545471 168 117 186 134
class 0.26597046852111816 181 117 199 134
class 0.3134208917617798 194 117 212 134
class 0.11608224362134933 208 117 226 133
class 0.10847215354442596 221 117 237 133
class 0.30403783917427063 233 115 247 134
class 0.16625598073005676 1 132 15 147
class 0.10205049067735672 24 130 41 146
class 0.12131059914827347 36 129 54 147
class 0.2619151175022125 50 129 69 147
class 0.28037896752357483 63 129 81 148
class 0.28376010060310364 76 128 94 147
class 0.22123026847839355 89 128 107 148
class 0.2982514500617981 103 128 121 148
class 0.31269991397857666 115 129 134 147
class 0.41905680298805237 128 129 147 148
class 0.30577191710472107 142 129 160 147
class 0.36707115173339844 155 129 173 147
class 0.32515472173690796 168 129 186 147
class 0.4262979328632355 182 129 200 146
class 0.5638781785964966 194 130 212 147
class 0.1943845897912979 208 131 226 147
class 0.28976768255233765 234 128 248 147
class 0.48541250824928284 1 144 16 159
class 0.1368424892425537 36 144 54 161
class 0.2016001045703888 50 142 68 160
class 0.2865055203437805 63 142 82 161
class 0.3374001681804657 76 142 94 161
class 0.3436971604824066 89 142 108 162
class 0.2766912281513214 102 141 121 162
class 0.24427248537540436 115 141 134 161
class 0.4139319360256195 128 141 147 160
class 0.38914310932159424 142 142 160 160
class 0.4271470606327057 155 142 173 160
class 0.40572187304496765 168 143 186 160
class 0.2990950047969818 182 143 199 160
class 0.4353020489215851 195 142 213 160
class 0.3104708194732666 208 143 226 159
class 0.2014264315366745 220 144 236 160
class 0.4257916212081909 233 143 247 161
class 0.186161071062088 2 157 15 172
class 0.1056046262383461 23 156 40 173
class 0.31486696004867554 37 156 55 173
class 0.35365790128707886 50 156 68 174
class 0.18028077483177185 62 154 82 173
class 0.2552144229412079 102 153 121 174
class 0.1970062255859375 115 155 134 174
class 0.2053588628768921 129 155 147 173
class 0.2105000913143158 142 156 160 173
class 0.30398592352867126 156 156 174 173
class 0.3457784056663513 168 156 186 173
class 0.2986637055873871 181 156 199 173
class 0.2645969092845917 195 156 213 173
class 0.18571297824382782 207 156 226 172
class 0.11100036650896072 221 157 237 172
class 0.24765028059482574 233 154 247 173
class 0.2553573250770569 2 170 16 185
class 0.2354269027709961 36 169 55 187
class 0.18385866284370422 50 168 68 185
class 0.18449482321739197 64 168 82 186
class 0.9844869375228882 81 166 98 185
class 0.2648431360721588 103 168 122 186
class 0.3493918776512146 115 169 133 187
class 0.3465085029602051 129 171 147 187
class 0.40984639525413513 142 170 160 186
class 0.4241142272949219 155 170 173 187
class 0.3984580934047699 169 170 187 187
class 0.4074506163597107 181 170 199 186
class 0.5052976608276367 195 170 213 186
class 0.332533061504364 207 171 225 186
class 0.3020747900009155 233 169 247 187
class 0.2049279510974884 2 183 16 199
class 0.18573354184627533 24 183 41 199
class 0.24162283539772034 36 182 54 200
class 0.1833144724369049 50 182 68 199
class 0.21047307550907135 64 182 82 198
class 0.48733800649642944 74 184 93 201
class 0.3746580183506012 89 184 109 201
class 0.3402867615222931 102 182 120 200
class 0.34129562973976135 116 182 133 199
class 0.43384677171707153 129 182 147 198
class 0.47299984097480774 142 183 160 200
class 0.5146986246109009 155 182 173 199
class 0.5002555847167969 168 182 186 199
class 0.44792407751083374 182 182 200 199
class 0.3905840218067169 194 183 212 200
class 0.245005264878273 207 183 225 199
class 0.1348743885755539 220 184 236 199
class 0.3792578876018524 233 181 247 199
class 0.2447899430990219 0 195 15 212
class 0.5499780178070068 36 194 54 214
class 0.2547255754470825 50 196 67 213
class 0.19343717396259308 64 196 81 213
class 0.38638895750045776 76 195 94 212
class 0.4381810128688812 89 194 108 212
class 0.37933456897735596 103 195 121 213
class 0.42048561573028564 117 196 134 213
class 0.4906342923641205 129 196 146 213
class 0.403902530670166 142 195 159 213
class 0.4931005835533142 156 196 173 213
class 0.49352890253067017 169 196 186 214
class 0.36784660816192627 182 196 199 213
class 0.41026026010513306 195 196 212 214
class 0.32321348786354065 207 197 225 213
class 0.24273048341274261 220 197 236 212
class 0.3320096433162689 233 196 247 214
class 0.9936176538467407 14 204 31 223
class 0.2351733297109604 37 208 55 226
class 0.4368560016155243 51 209 68 226
class 0.4190303087234497 63 209 80 227
class 0.37196478247642517 76 209 94 226
class 0.28014785051345825 89 210 106 226
class 0.29128918051719666 103 210 120 226
class 0.32482796907424927 116 209 133 226
class 0.37310945987701416 129 208 146 226
class 0.40547508001327515 142 209 159 226
class 0.44572100043296814 156 208 172 226
class 0.4859468638896942 169 208 186 226
class 0.26174208521842957 182 209 199 226
class 0.40165767073631287 195 209 212 226
class 0.32125332951545715 207 210 224 226
class 0.17905877530574799 220 210 235 225
class 0.20519496500492096 232 208 247 226
class 0.27548444271087646 0 224 16 238
class 0.12130123376846313 36 223 54 239
class 0.16850508749485016 51 222 67 238
class 0.1742277443408966 64 222 80 237
class 0.15977980196475983 76 221 93 238
class 0.21252039074897766 90 223 107 238
class 0.37078624963760376 104 222 121 238
class 0.4178469181060791 116 221 132 238
class 0.27909964323043823 129 222 146 238
class 0.1842014044523239 142 222 159 238
class 0.185234934091568 156 222 173 238
class 0.24399684369564056 169 222 186 238
class 0.2553718686103821 182 223 199 239
class 0.23670317232608795 195 223 212 239
class 0.33745473623275757 208 222 225 238
class 0.29833877086639404 232 224 247 241
class 0.49604490399360657 0 233 16 249
class 0.13402877748012543 23 231 42 247
class 0.3626897633075714 37 231 55 248
class 0.41922828555107117 50 231 68 248
class 0.4372190833091736 63 231 81 248
class 0.46295255422592163 76 231 94 249
class 0.5974116325378418 90 231 109 248
class 0.542759120464325 102 231 120 248
class 0.5213450193405151 115 231 134 249
class 0.4774487614631653 129 231 147 249
class 0.5893865823745728 142 231 161 248
class 0.5240272283554077 154 231 173 249
class 0.44785815477371216 168 231 187 248
class 0.6358509063720703 182 231 200 248
class 0.46489524841308594 194 231 213 248
class 0.45943203568458557 207 231 226 249
class 0.18787208199501038 221 232 239 248
class 0.9416230320930481 232 231 249 249
