class 0.8931553363800049 0 2 17 18
class 0.3870159089565277 8 3 27 17
class 0.7050707340240479 21 3 42 19
class 0.7610304951667786 34 2 56 18
class 0.7904081344604492 46 2 69 19
class 0.589427649974823 62 3 82 18
class 0.657091498374939 74 4 94 18
class 0.42718935012817383 88 4 107 18
class 0.5076160430908203 100 3 120 17
class 0.6299378275871277 115 4 134 18
class 0.5587603449821472 127 3 146 17
class 0.5679057836532593 140 3 160 17
class 0.4297906756401062 153 4 173 18
class 0.5810889005661011 167 4 186 18
class 0.39655521512031555 180 4 199 17
class 0.4291123151779175 194 4 213 18
class 0.5079512000083923 207 4 226 18
class 0.4520910084247589 220 4 236 18
class 0.8012616038322449 232 2 249 18
class 0.7267376184463501 1 9 16 25
class 0.29916679859161377 10 10 28 25
class 0.17349158227443695 35 12 55 30
class 0.528314471244812 63 9 80 26
class 0.3686286509037018 89 10 106 25
class 0.49967139959335327 101 10 119 26
class 0.5426242351531982 114 10 131 26
class 0.3648533225059509 128 10 145 26
class 0.3988647162914276 141 10 158 25
class 0.4191318452358246 155 10 172 25
class 0.44076862931251526 167 9 184 25
class 0.4898870587348938 181 10 198 26
class 0.6226102113723755 194 9 212 26
class 0.5971359014511108 0 26 15 41
class 0.1505136936903 23 26 41 41
class 0.992630660533905 36 21 54 40
class 0.32805147767066956 50 26 69 42
class 0.28484395146369934 61 25 79 42
class 0.38117900490760803 75 25 93 41
class 0.1700844168663025 88 26 106 41
class 0.15183565020561218 101 25 119 40
class 0.2006622552871704 114 25 132 40
class 0.4271838963031769 128 26 146 41
class 0.3680053651332855 140 25 158 41
class 0.20826007425785065 154 26 172 41
class 0.18640413880348206 167 25 185 41
class 0.22526288032531738 180 25 198 41
class 0.2765849828720093 193 26 212 41
class 0.279022216796875 233 24 247 42
class 0.5479418635368347 1 38 15 54
class 0.15202920138835907 22 39 41 53
class 0.4610426723957062 35 40 53 56
class 0.29987794160842896 48 38 68 56
class 0.3057304322719574 61 38 80 56
class 0.3939889967441559 75 38 93 55
class 0.3941340446472168 89 38 106 55
class 0.3115829527378082 101 37 118 55
class 0.4047413468360901 116 38 133 55
class 0.3260621726512909 128 37 145 54
class 0.24691049754619598 141 38 158 54
class 0.21905142068862915 154 38 172 54
class 0.23650257289409637 167 38 185 55
class 0.19386333227157593 181 38 199 55
class 0.37710264325141907 194 38 212 55
class 0.2609096169471741 207 39 225 54
class 0.43957966566085815 233 35 247 54
class 0.4549134075641632 1 52 15 67
class 0.21956942975521088 24 52 42 67
class 0.17851071059703827 34 48 52 67
class 0.15548686683177948 50 49 68 66
class 0.5030354857444763 62 50 80 69
class 0.3881051540374756 76 51 93 68
class 0.3999718725681305 89 51 106 68
class 0.3653464913368225 102 51 119 69
class 0.28041693568229675 116 50 133 68
class 0.3486458361148834 129 51 145 68
class 0.3694380521774292 142 51 159 68
class 0.3887545168399811 155 51 172 68
class 0.4775286018848419 168 50 185 68
class 0.2743834853172302 181 51 198 68
class 0.3525055944919586 195 51 212 68
class 0.3492633104324341 208 51 225 67
class 0.12789221107959747 219 52 235 67
class 0.29931485652923584 233 50 247 68
class 0.4401853382587433 1 65 15 80
class 0.1623172014951706 25 65 42 80
class 0.9169076681137085 46 64 64 83
class 0.5673325061798096 65 63 82 81
class 0.3958626985549927 77 64 94 81
class 0.43448391556739807 89 64 106 81
class 0.3955983519554138 102 64 120 81
class 0.28289103507995605 116 64 133 81
class 0.3217822313308716 129 63 146 80
class 0.49394193291664124 142 63 160 81
class 0.4206383526325226 155 64 172 81
class 0.47296443581581116 169 63 186 81
class 0.5599820017814636 182 64 199 82
class 0.39578527212142944 195 65 212 82
class 0.1603812873363495 208 64 225 80
class 0.28600621223449707 233 63 247 81
class 0.3251768946647644 1 78 15 93
class 0.1678973138332367 10 79 26 93
class 0.14696355164051056 23 77 40 92
class 0.11096373945474625 48 79 66 95
class 0.21727684140205383 64 78 81 94
class 0.3215317726135254 76 77 94 94
class 0.2932705283164978 89 77 106 94
class 0.33783581852912903 103 77 120 94
class 0.35753604769706726 115 77 133 94
class 0.2969338297843933 129 78 146 95
class 0.399740606546402 143 77 160 95
class 0.5175055861473083 154 77 172 95
class 0.2870262861251831 168 75 186 94
class 0.4967833459377289 182 75 200 93
class 0.7753534913063049 196 76 213 94
class 0.36249983310699463 206 77 224 94
class 0.3134959936141968 233 76 247 94
class 0.13561101257801056 1 92 15 106
class 0.2156524360179901 37 90 55 107
class 0.5620473623275757 49 90 67 107
class 0.26555630564689636 61 90 80 107
class 0.20102576911449432 76 90 93 107
class 0.30112916231155396 89 91 107 108
class 0.31932806968688965 102 90 120 108
class 0.3364432156085968 116 91 133 108
class 0.3366315960884094 129 90 147 107
class 0.2385256588459015 141 88 159 106
class 0.2847282588481903 155 88 173 105
class 0.31411048769950867 166 89 185 108
class 0.22622618079185486 182 90 200 108
class 0.16023795306682587 197 89 214 107
class 0.3115135431289673 208 90 225 106
class 0.16565075516700745 233 89 247 107
class 0.4759620428085327 1 105 16 120
class 0.15014660358428955 49 103 67 120
class 0.1747572124004364 62 103 80 120
class 0.25111743807792664 76 103 94 121
class 0.2888013422489166 89 103 107 120
class 0.2625795304775238 102 103 120 120
class 0.38309216499328613 116 102 134 120
class 0.39740681648254395 129 103 147 121
class 0.25578799843788147 153 104 172 122
class 0.38903477787971497 170 104 187 121
class 0.1041245311498642 197 105 214 121
class 0.36284971237182617 209 105 225 120
class 0.1618329882621765 220 105 235 120
class 0.26743990182876587 233 103 246 121
class 0.3382890820503235 1 117 16 133
class 0.2495466023683548 36 117 54 133
class 0.26323744654655457 49 117 67 134
class 0.20591552555561066 62 117 80 134
class 0.2515104115009308 76 117 94 134
class 0.28155043721199036 89 116 107 134
class 0.2733963131904602 102 116 120 134
class 0.26012200117111206 116 116 133 134
class 0.3788374662399292 130 116 147 133
class 0.23942920565605164 141 117 158 135
class 0.23061296343803406 154 117 172 135
class 0.45098042488098145 171 116 187 133
class 0.8266916871070862 181 117 197 133
class 0.5672507882118225 194 117 212 134
class 0.36449214816093445 208 116 225 132
class 0.14729519188404083 220 117 236 132
class 0.34907031059265137 233 116 247 134
class 0.3277049958705902 1 130 15 146
class 0.21325276792049408 50 129 68 146
class 0.36630111932754517 63 130 80 147
class 0.4026830792427063 76 129 94 147
class 0.34535685181617737 89 129 107 147
class 0.3397463262081146 102 129 120 147
class 0.3133772909641266 116 130 133 147
class 0.3648868799209595 129 129 147 147
class 0.429438054561615 142 129 160 147
class 0.4267277121543884 154 129 172 147
class 0.2896639108657837 169 130 186 147
class 0.24294328689575195 181 129 198 147
class 0.2434586137533188 194 130 212 147
class 0.13581588864326477 208 131 225 146
class 0.23431530594825745 233 128 247 146
class 0.27751392126083374 2 144 15 159
class 0.17773757874965668 37 144 54 161
class 0.42992448806762695 50 143 68 161
class 0.2812034487724304 62 142 80 160
class 0.2509917616844177 75 142 93 160
class 0.2718380391597748 90 142 107 160
class 0.3481367826461792 103 142 121 160
class 0.4422522187232971 116 142 133 160
class 0.3052939176559448 129 142 146 160
class 0.4058185815811157 142 142 159 160
class 0.3479340672492981 155 143 173 160
class 0.2513824999332428 168 143 186 160
class 0.2552381157875061 182 144 199 160
class 0.2834649980068207 195 144 212 160
class 0.21597041189670563 208 145 225 159
class 0.11795605719089508 220 144 236 159
class 0.17874135076999664 233 143 247 161
class 0.4422893226146698 2 157 16 172
class 0.20095239579677582 23 157 40 173
class 0.31005439162254333 36 155 54 173
class 0.22597657144069672 50 155 68 173
class 0.21797150373458862 63 155 81 174
class 0.21376006305217743 75 156 93 174
class 0.32515743374824524 90 156 108 174
class 0.36102887988090515 103 156 120 173
class 0.3857848346233368 116 155 134 173
class 0.4334644675254822 128 156 147 174
class 0.3520245850086212 142 156 160 173
class 0.4893043041229248 155 156 173 173
class 0.44783955812454224 168 157 186 174
class 0.40613695979118347 182 157 199 173
class 0.5454649329185486 195 156 212 173
class 0.27484866976737976 207 157 225 172
class 0.10069074481725693 220 157 236 171
class 0.2545699179172516 232 156 247 174
class 0.394435316324234 1 170 15 185
class 0.24039150774478912 64 168 82 187
class 0.2593449056148529 76 169 94 187
class 0.22494292259216309 90 170 107 187
class 0.27749088406562805 102 169 119 186
class 0.3407905101776123 117 169 134 186
class 0.4304177761077881 129 168 147 186
class 0.3719002306461334 142 169 160 186
class 0.42399314045906067 155 169 173 186
class 0.40485668182373047 168 168 186 185
class 0.29867857694625854 181 169 199 186
class 0.3653172254562378 195 169 213 186
class 0.1918938308954239 207 169 225 185
class 0.11212603747844696 221 170 237 184
class 0.4479348361492157 232 168 247 186
class 0.6745195984840393 2 183 16 199
class 0.13876621425151825 11 184 27 199
class 0.18961159884929657 23 184 40 199
class 0.9946658611297607 52 184 68 203
class 0.18079820275306702 65 180 83 198
class 0.38908106088638306 77 182 94 199
class 0.448032408952713 90 182 107 199
class 0.6520546078681946 103 183 120 200
class 0.46686306595802307 116 183 134 200
class 0.45431914925575256 129 183 146 200
class 0.46455633640289307 143 182 160 199
class 0.40176722407341003 155 183 172 200
class 0.3228895664215088 169 183 186 199
class 0.31241467595100403 182 182 199 199
class 0.40898633003234863 195 182 213 200
class 0.2574433386325836 207 184 226 199
class 0.14027616381645203 219 184 235 199
class 0.27941471338272095 233 182 247 199
class 0.4092503488063812 1 196 15 212
class 0.1730882227420807 12 196 27 211
class 0.30501288175582886 23 197 40 212
class 0.11895657330751419 65 197 83 213
class 0.5154281854629517 76 195 93 213
class 0.33903563022613525 90 196 106 212
class 0.4782469868659973 104 195 120 213
class 0.5180372595787048 116 196 133 213
class 0.45017990469932556 129 196 146 213
class 0.5476841330528259 143 195 160 213
class 0.6365731358528137 156 195 173 213
class 0.5373107194900513 168 195 186 213
class 0.43215250968933105 182 195 199 213
class 0.4163189232349396 195 195 213 213
class 0.23904377222061157 207 196 225 212
class 0.19015224277973175 220 197 237 212
class 0.32096290588378906 232 196 247 213
class 0.30923834443092346 2 211 16 226
class 0.1075429692864418 11 210 26 225
class 0.24226033687591553 24 210 40 225
class 0.17354632914066315 36 209 53 226
class 0.5846547484397888 51 210 68 226
class 0.5258824229240417 62 209 79 225
class 0.2626715302467346 76 210 93 226
class 0.3134879171848297 90 210 107 226
class 0.4354386627674103 102 209 119 226
class 0.440835177898407 116 209 134 226
class 0.4073355495929718 129 209 146 226
class 0.3997117877006531 143 209 160 226
class 0.3060583770275116 156 209 173 226
class 0.2941073775291443 168 209 185 226
class 0.392023503780365 182 209 200 227
class 0.38522955775260925 195 210 212 227
class 0.40995892882347107 207 210 225 227
class 0.19268031418323517 220 210 236 225
class 0.2643163502216339 232 208 246 226
class 0.8548569679260254 1 223 17 239
class 0.14226722717285156 10 221 26 236
class 0.2046564668416977 25 222 40 237
class 0.11844286322593689 37 223 53 239
class 0.17777429521083832 64 222 80 238
class 0.17188745737075806 77 221 93 237
class 0.34613436460494995 90 221 107 237
class 0.31185171008110046 103 222 120 238
class 0.18705037236213684 116 222 133 238
class 0.2606566846370697 130 223 147 239
class 0.263370156288147 143 223 160 239
class 0.30407238006591797 155 222 172 239
class 0.16945022344589233 169 222 186 238
class 0.18582333624362946 183 221 199 238
class 0.2919221520423889 196 222 212 238
class 0.2853529453277588 208 222 224 238
class 0.3747114837169647 232 222 247 240
class 0.7376016974449158 0 232 17 249
class 0.18998472392559052 9 232 27 249
class 0.38760021328926086 24 232 42 248
class 0.45026159286499023 37 231 55 249
class 0.5903612971305847 50 232 68 249
class 0.5101464986801147 63 231 80 248
class 0.43750253319740295 76 232 94 248
class 0.44101762771606445 89 232 107 248
class 0.5998029112815857 103 231 121 248
class 0.5631186962127686 116 231 134 248
class 0.5851395130157471 129 230 147 248
class 0.5615778565406799 142 230 160 248
class 0.5512664914131165 155 231 173 249
class 0.5218172669410706 168 231 187 249
class 0.6106751561164856 182 232 200 249
class 0.49127063155174255 194 232 213 248
class 0.5267624855041504 207 231 225 248
class 0.3330998122692108 220 232 238 249
class 0.8661794662475586 232 232 249 249
