class 0.773160457611084 0 3 16 18
class 0.3279021680355072 9 4 27 18
class 0.32118818163871765 21 4 40 18
class 0.4576309323310852 35 4 54 18
class 0.5084890723228455 49 4 68 18
class 0.5672756433486938 61 3 80 18
class 0.5158482789993286 75 4 94 18
class 0.45172473788261414 88 4 107 17
class 0.6685314774513245 101 3 121 18
class 0.2298462837934494 114 2 134 16
class 0.5228953957557678 128 3 148 18
class 0.5594393610954285 140 3 160 18
class 0.5454025864601135 154 3 173 18
class 0.47410881519317627 168 4 186 17
class 0.533786952495575 180 4 198 18
class 0.32520791888237 206 4 225 18
class 0.3065272569656372 222 4 238 17
class 0.6893444061279297 231 3 248 18
class 0.6770536303520203 1 10 15 26
class 0.3365139663219452 23 10 39 25
class 0.4652719497680664 35 9 53 25
class 0.5311011075973511 49 9 67 25
class 0.6128045916557312 62 9 79 25
class 0.6277366876602173 76 9 93 25
class 0.45353421568870544 89 10 106 25
class 0.9936267733573914 116 12 135 30
class 0.652604341506958 140 8 157 25
class 0.6173474192619324 155 9 172 25
class 0.5047006011009216 168 10 185 26
class 0.5992843508720398 180 9 198 25
class 0.7312671542167664 195 9 212 25
class 0.45567944645881653 207 10 224 25
class 0.24135906994342804 233 8 246 27
class 0.3086559474468231 1 26 15 41
class 0.11669980734586716 35 25 53 41
class 0.13758957386016846 48 26 66 41
class 0.17625215649604797 63 26 80 41
class 0.36542829871177673 76 26 93 41
class 0.2258210927248001 89 25 106 41
class 0.14072644710540771 99 26 119 42
class 0.1913500726222992 140 25 159 42
class 0.34143659472465515 154 25 173 42
class 0.26919832825660706 167 25 185 41
class 0.24014803767204285 181 25 199 41
class 0.24920420348644257 194 25 211 41
class 0.14777599275112152 206 25 224 40
class 0.21889229118824005 233 24 247 42
class 0.3040696978569031 1 39 15 54
class 0.19547677040100098 23 39 40 54
class 0.3341720998287201 35 38 53 55
class 0.554086446762085 50 38 67 55
class 0.630836009979248 63 38 80 55
class 0.6301327347755432 76 38 93 55
class 0.41786009073257446 88 38 106 55
class 0.48235827684402466 103 37 120 55
class 0.7662508487701416 115 38 133 55
class 0.3964773714542389 127 36 147 54
class 0.14136432111263275 139 35 159 52
class 0.22137396037578583 156 35 174 53
class 0.5245358347892761 167 37 185 55
class 0.22308900952339172 180 37 198 55
class 0.3437841832637787 195 38 212 55
class 0.3031150996685028 207 38 225 54
class 0.12665633857250214 219 38 235 54
class 0.31009891629219055 233 37 247 55
class 0.4871104061603546 1 51 15 67
class 0.13724693655967712 23 52 40 67
class 0.23655597865581512 36 50 53 68
class 0.30524182319641113 50 50 67 67
class 0.34416791796684265 63 50 79 68
class 0.32818278670310974 77 51 93 68
class 0.3208796977996826 89 50 106 68
class 0.40904733538627625 103 50 120 67
class 0.47076115012168884 115 50 132 67
class 0.22828051447868347 128 50 146 67
class 0.9952036142349243 146 52 164 70
class 0.5118767023086548 168 50 185 68
class 0.37293943762779236 181 51 198 68
class 0.4050716161727905 195 51 212 68
class 0.2857624888420105 207 51 224 67
class 0.13499115407466888 220 51 236 67
class 0.26179221272468567 233 49 247 68
class 0.3930855989456177 1 66 15 81
class 0.13380743563175201 23 65 40 81
class 0.23291413486003876 37 64 54 81
class 0.3605775535106659 49 64 67 81
class 0.47964760661125183 64 64 81 81
class 0.5465484261512756 77 64 93 81
class 0.5102020502090454 89 64 106 81
class 0.5908415913581848 103 65 119 81
class 0.39137837290763855 115 64 132 80
class 0.15815915167331696 128 63 147 79
class 0.3940404951572418 142 63 158 79
class 0.1382012665271759 154 65 173 82
class 0.31149372458457947 167 64 185 81
class 0.29996809363365173 181 64 199 81
class 0.476128488779068 195 65 212 81
class 0.17258286476135254 207 65 225 81
class 0.1703772097826004 233 63 247 81
class 0.2707984149456024 2 78 16 93
class 0.2377367913722992 25 78 41 93
class 0.3164481818675995 37 77 54 95
class 0.3009168207645416 49 77 67 94
class 0.4145521819591522 64 77 81 94
class 0.3546920716762543 76 77 93 94
class 0.3069092631340027 89 77 107 94
class 0.3985542953014374 103 77 120 94
class 0.47193610668182373 115 78 133 94
class 0.3697203993797302 128 78 146 94
class 0.734364926815033 142 77 160 93
class 0.5697267055511475 154 77 172 93
class 0.3224106729030609 167 77 186 94
class 0.3388277590274811 181 78 200 94
class 0.44954049587249756 195 77 212 94
class 0.2603701651096344 207 78 226 94
class 0.17974257469177246 233 75 247 94
class 0.23413364589214325 2 92 16 107
class 0.106545090675354 11 92 27 107
class 0.2302311807870865 23 92 40 108
class 0.20147587358951569 37 91 55 109
class 0.22445443272590637 50 90 67 108
class 0.48751315474510193 63 90 80 108
class 0.510504961013794 77 90 94 108
class 0.43682023882865906 90 91 107 108
class 0.5330268144607544 102 91 120 108
class 0.43516626954078674 115 90 132 108
class 0.34542906284332275 129 90 146 107
class 0.48246100544929504 142 90 159 107
class 0.3762092590332031 155 90 173 107
class 0.32194533944129944 168 91 186 108
class 0.35981398820877075 181 91 199 108
class 0.4565163552761078 195 91 213 107
class 0.26758041977882385 207 90 225 106
class 0.13372014462947845 233 89 247 107
class 0.5383825898170471 2 104 16 120
class 0.21227234601974487 10 104 27 119
class 0.12464326620101929 37 101 54 119
class 0.31556546688079834 50 102 67 121
class 0.3584826588630676 64 103 81 121
class 0.3485737144947052 76 103 93 121
class 0.31046101450920105 90 103 107 120
class 0.31286248564720154 103 103 120 120
class 0.34206312894821167 116 105 133 121
class 0.3993377685546875 129 105 146 121
class 0.487027645111084 142 104 159 121
class 0.41501182317733765 155 104 172 121
class 0.4172838628292084 168 103 186 120
class 0.29097360372543335 181 103 199 120
class 0.34517863392829895 195 104 213 121
class 0.10139735788106918 207 104 225 120
class 0.31661853194236755 232 103 247 122
class 0.47950342297554016 1 118 15 134
class 0.24525834619998932 11 118 28 132
class 0.9499161839485168 34 116 51 136
class 0.38119134306907654 52 116 69 133
class 0.3458597958087921 64 117 80 134
class 0.4228999614715576 77 117 93 134
class 0.4547937512397766 89 117 106 134
class 0.4287126660346985 102 116 119 133
class 0.4509528577327728 116 117 133 134
class 0.5629321336746216 129 117 146 134
class 0.4758896231651306 141 117 159 134
class 0.46593791246414185 155 117 173 134
class 0.47580090165138245 168 118 186 135
class 0.27102208137512207 181 117 199 134
class 0.3222881257534027 194 117 212 134
class 0.23142723739147186 207 117 226 133
class 0.2987521290779114 233 114 247 132
class 0.38092225790023804 1 131 15 146
class 0.1178526058793068 20 131 38 147
class 0.10122879594564438 35 130 53 147
class 0.10925406962633133 51 130 69 147
class 0.3826500177383423 63 130 79 147
class 0.349130243062973 76 130 93 146
class 0.25687068700790405 89 129 106 146
class 0.2246033400297165 102 130 119 147
class 0.23453819751739502 116 129 133 147
class 0.2616780996322632 128 129 146 146
class 0.31697532534599304 142 130 160 147
class 0.42932841181755066 155 130 173 147
class 0.49391302466392517 168 129 186 146
class 0.2593035101890564 181 129 199 147
class 0.15960223972797394 194 130 213 148
class 0.18007278442382812 207 131 225 147
class 0.6704564094543457 1 144 16 160
class 0.31368371844291687 23 143 40 159
class 0.30844905972480774 35 142 53 159
class 0.3403308093547821 50 143 68 160
class 0.3784654140472412 63 143 80 160
class 0.3818933665752411 76 143 93 160
class 0.33115506172180176 90 144 107 161
class 0.29380926489830017 102 143 120 160
class 0.29326415061950684 115 143 133 160
class 0.46830877661705017 129 144 146 161
class 0.42231568694114685 142 143 160 160
class 0.3515159487724304 155 142 173 160
class 0.17587494850158691 168 142 187 160
class 0.1634712666273117 182 142 201 161
class 0.2520318329334259 193 143 213 161
class 0.31349220871925354 1 156 16 172
class 0.18747782707214355 24 158 40 173
class 0.17157956957817078 36 157 53 174
class 0.2707594633102417 50 156 67 173
class 0.38619494438171387 63 156 80 173
class 0.3205696940422058 77 156 94 173
class 0.3139958679676056 90 156 107 173
class 0.3172643482685089 103 156 120 173
class 0.2962631285190582 115 156 133 173
class 0.45307737588882446 129 155 146 173
class 0.4113534390926361 142 156 160 174
class 0.28940707445144653 155 156 174 174
class 0.2671108543872833 168 156 188 174
class 0.22746646404266357 181 155 200 174
class 0.26959002017974854 194 155 215 174
class 0.14965027570724487 232 154 248 173
class 0.25490862131118774 1 171 15 186
class 0.11874499171972275 11 170 27 184
class 0.3877873122692108 24 170 40 185
class 0.4003961384296417 36 170 54 187
class 0.3771381974220276 50 171 68 187
class 0.42360439896583557 63 170 80 186
class 0.42284324765205383 76 170 93 186
class 0.3872278332710266 90 170 107 186
class 0.40008729696273804 103 169 121 186
class 0.29740670323371887 115 170 133 187
class 0.32211458683013916 128 169 147 187
class 0.37691232562065125 142 169 160 186
class 0.4278324246406555 155 169 174 187
class 0.6127668023109436 169 170 187 188
class 0.25237107276916504 180 169 200 187
class 0.246058851480484 192 166 212 187
class 0.9881177544593811 211 170 230 189
class 0.11079091578722 232 167 248 186
class 0.4657064378261566 1 184 16 199
class 0.10256661474704742 10 183 26 199
class 0.2534192204475403 23 184 40 199
class 0.4293915629386902 37 182 54 199
class 0.495572954416275 50 182 67 199
class 0.49349215626716614 64 182 81 199
class 0.5825471878051758 76 182 93 199
class 0.4430640637874603 90 181 107 199
class 0.4002840518951416 103 181 121 199
class 0.4082406163215637 116 182 134 200
class 0.42056983709335327 129 182 147 200
class 0.3667454123497009 142 182 160 200
class 0.5131224393844604 156 182 174 200
class 0.6944482922554016 168 182 186 200
class 0.34315305948257446 181 182 200 199
class 0.9513253569602966 198 184 217 203
class 0.22782941162586212 232 182 248 201
class 0.4951956272125244 1 196 16 212
class 0.1072583869099617 11 196 26 211
class 0.3447990417480469 24 197 39 212
class 0.38132792711257935 38 196 54 212
class 0.554674506187439 51 196 68 213
class 0.4691508710384369 63 196 80 213
class 0.6047282814979553 76 195 93 213
class 0.45466193556785583 91 196 107 213
class 0.4838623106479645 103 196 120 213
class 0.4328041970729828 117 196 133 213
class 0.5507459044456482 129 196 147 214
class 0.5829949975013733 143 196 160 214
class 0.6526066064834595 156 195 173 213
class 0.6238834857940674 169 195 186 213
class 0.36378657817840576 181 196 200 213
class 0.314775288105011 197 193 214 210
class 0.21386080980300903 205 196 225 211
class 0.2728813588619232 218 196 236 213
class 0.3091956377029419 233 195 248 213
class 0.2242809534072876 1 210 15 225
class 0.37044352293014526 24 209 39 225
class 0.38923361897468567 38 209 54 226
class 0.44466325640678406 51 209 67 225
class 0.44260552525520325 63 210 80 226
class 0.5751693248748779 77 209 94 227
class 0.45221975445747375 89 209 106 226
class 0.395872563123703 104 208 121 226
class 0.3845059871673584 116 209 133 227
class 0.3819672465324402 129 209 146 226
class 0.3293015956878662 143 209 159 226
class 0.3816089630126953 155 209 173 227
class 0.25996726751327515 168 209 186 226
class 0.23938581347465515 182 209 200 226
class 0.639653742313385 194 210 212 227
class 0.5871485471725464 206 210 225 226
class 0.15939418971538544 219 210 235 225
class 0.2801171541213989 233 209 247 226
class 0.7324863076210022 1 224 17 239
class 0.15574796497821808 25 222 40 237
class 0.2078244835138321 38 221 54 237
class 0.21718038618564606 52 222 68 238
class 0.258162260055542 64 221 80 237
class 0.37086907029151917 77 222 94 238
class 0.2922564148902893 90 221 106 238
class 0.15022768080234528 103 222 120 238
class 0.2170020490884781 117 221 133 237
class 0.2963919937610626 130 222 146 238
class 0.33784884214401245 143 222 159 238
class 0.2271849662065506 155 222 171 238
class 0.22947119176387787 169 222 186 238
class 0.19422926008701324 182 222 199 238
class 0.4560253620147705 194 222 211 238
class 0.2350606769323349 208 223 224 238
class 0.1440751850605011 220 223 235 238
class 0.39996081590652466 232 222 247 239
class 0.8249297738075256 1 232 17 249
class 0.15834325551986694 10 232 27 248
class 0.3874777555465698 24 232 41 248
class 0.4201284945011139 37 232 55 248
class 0.6799637675285339 51 232 69 248
class 0.45294782519340515 63 231 81 248
class 0.6480944156646729 76 231 94 249
class 0.5700899362564087 89 231 107 249
class 0.43326494097709656 103 231 121 249
class 0.42711302638053894 115 231 134 249
class 0.35618656873703003 130 231 148 248
class 0.5391412377357483 142 231 160 249
class 0.42057332396507263 155 231 173 249
class 0.6155590415000916 168 231 187 249
class 0.37001198530197144 181 232 200 248
class 0.6644027829170227 194 231 212 249
class 0.4411652088165283 207 232 225 249
class 0.2728694677352905 219 232 237 249
class 0.8611792922019958 232 233 249 249
