class 0.7024767398834229 1 3 17 18
class 0.36183300614356995 9 4 26 17
class 0.46782180666923523 21 4 40 18
class 0.4444220960140228 34 3 54 18
class 0.5372721552848816 50 3 69 18
class 0.5417473912239075 61 3 80 18
class 0.6667798757553101 75 3 94 18
class 0.5193504095077515 87 3 106 18
class 0.42677274346351624 101 4 120 18
class 0.4254131019115448 114 4 133 18
class 0.32705381512641907 140 4 159 18
class 0.41182732582092285 154 3 173 17
class 0.3428514301776886 167 4 186 17
class 0.4737120568752289 180 4 199 18
class 0.4197597801685333 193 4 212 18
class 0.40883708000183105 207 4 225 18
class 0.16616058349609375 221 4 237 17
class 0.8014827966690063 232 2 249 18
class 0.5361219048500061 1 10 16 26
class 0.19708415865898132 9 10 25 25
class 0.341521292924881 22 10 39 25
class 0.39849215745925903 35 10 53 26
class 0.47652676701545715 49 10 67 25
class 0.35619044303894043 62 10 79 26
class 0.5051010847091675 75 10 93 26
class 0.4618006944656372 88 10 106 26
class 0.4095371663570404 101 9 119 25
class 0.38831281661987305 114 9 132 25
class 0.645531177520752 129 8 146 25
class 0.6373558044433594 141 9 158 25
class 0.5641227960586548 154 10 171 26
class 0.5197710394859314 168 10 185 26
class 0.5362404584884644 181 9 198 25
class 0.6284336447715759 194 9 211 25
class 0.47894778847694397 207 9 224 25
class 0.38862037658691406 1 25 15 40
class 0.11496949195861816 22 27 39 40
class 0.13428735733032227 36 26 53 41
class 0.3659718930721283 49 26 66 41
class 0.35066908597946167 61 26 79 42
class 0.24512635171413422 75 26 93 41
class 0.291667640209198 89 26 106 41
class 0.4107566177845001 101 26 118 42
class 0.30905231833457947 115 26 132 41
class 0.23620381951332092 128 25 144 40
class 0.3375774025917053 141 25 158 41
class 0.2792418301105499 154 25 172 40
class 0.3793654441833496 167 25 185 41
class 0.2353276014328003 180 26 198 41
class 0.17793026566505432 193 25 212 41
class 0.13285726308822632 207 26 225 41
class 0.11781772971153259 234 23 247 42
class 0.16150295734405518 1 39 15 53
class 0.25165751576423645 23 38 39 53
class 0.2589556872844696 36 38 53 54
class 0.29576975107192993 49 37 66 54
class 0.3204014301300049 63 37 80 54
class 0.3477882742881775 76 38 93 55
class 0.32469961047172546 88 38 105 55
class 0.31991350650787354 102 38 119 55
class 0.24004025757312775 115 38 132 55
class 0.43865182995796204 129 39 146 55
class 0.3399468660354614 141 37 158 54
class 0.35067614912986755 155 38 172 55
class 0.3999592959880829 168 38 185 55
class 0.3929334878921509 181 38 198 55
class 0.4057665169239044 194 38 212 54
class 0.300475150346756 207 39 225 54
class 0.2576621472835541 233 36 247 55
class 0.5563374757766724 1 53 16 68
class 0.1457269936800003 23 52 39 67
class 0.21529434621334076 36 51 53 68
class 0.3512493073940277 50 51 67 68
class 0.2686358690261841 63 50 80 67
class 0.2911399006843567 76 50 93 67
class 0.44596123695373535 89 50 106 67
class 0.39482805132865906 102 50 118 68
class 0.2814721465110779 116 51 132 68
class 0.3402773141860962 129 50 146 67
class 0.37351787090301514 143 51 159 68
class 0.32873815298080444 155 51 172 68
class 0.33826377987861633 169 51 186 68
class 0.5224488377571106 181 51 198 69
class 0.5225343108177185 195 51 212 68
class 0.26525789499282837 207 51 225 67
class 0.28943532705307007 233 49 247 68
class 0.37473756074905396 1 65 15 80
class 0.15293379127979279 22 65 39 81
class 0.12682737410068512 36 64 54 81
class 0.22053413093090057 50 63 67 81
class 0.26293301582336426 64 64 81 81
class 0.31798332929611206 76 64 93 81
class 0.3273658752441406 90 62 107 81
class 0.4771086573600769 103 63 120 80
class 0.4419798254966736 115 63 132 81
class 0.4801369607448578 130 64 146 81
class 0.4958350956439972 142 64 159 81
class 0.6210981607437134 156 65 172 82
class 0.38717469573020935 168 65 185 82
class 0.3290180563926697 181 64 199 81
class 0.30908727645874023 195 64 212 81
class 0.2945386469364166 208 65 225 80
class 0.1484469771385193 220 66 236 81
class 0.29066112637519836 233 63 247 82
class 0.5419573187828064 1 79 16 94
class 0.10639532655477524 23 78 39 94
class 0.2185085117816925 36 78 54 95
class 0.2746361494064331 50 78 67 95
class 0.3346008062362671 63 77 80 94
class 0.2850365936756134 76 77 94 94
class 0.24907754361629486 88 75 106 94
class 0.40114885568618774 104 77 121 95
class 0.13727007806301117 117 76 134 93
class 0.485392302274704 129 77 146 95
class 0.398751825094223 142 78 159 94
class 0.3751637935638428 156 77 173 94
class 0.4002741575241089 168 76 186 94
class 0.29123884439468384 181 77 199 95
class 0.23446118831634521 195 77 213 94
class 0.19241875410079956 208 77 226 93
class 0.12217945605516434 220 77 236 93
class 0.23249277472496033 233 75 247 93
class 0.4354626536369324 1 91 16 106
class 0.12439210712909698 23 91 39 106
class 0.23713023960590363 37 91 54 107
class 0.2825179100036621 50 90 67 107
class 0.3289707601070404 62 89 81 107
class 0.3668877184391022 75 90 94 108
class 0.14660091698169708 88 89 106 108
class 0.11939170956611633 118 91 135 108
class 0.40604957938194275 129 89 146 107
class 0.5400271415710449 143 90 159 107
class 0.48725810647010803 156 90 173 107
class 0.3300727307796478 168 90 186 107
class 0.36906126141548157 181 90 199 107
class 0.2996855080127716 195 90 213 107
class 0.1184888482093811 207 91 225 107
class 0.2261243611574173 233 90 247 108
class 0.317574143409729 1 105 15 120
class 0.11203819513320923 24 105 40 120
class 0.2530559003353119 36 104 54 121
class 0.28847238421440125 50 104 67 121
class 0.23834992945194244 62 103 81 121
class 0.15538562834262848 75 102 94 121
class 0.2149685025215149 90 103 108 121
class 0.5551676750183105 103 105 121 122
class 0.2675672173500061 115 104 133 122
class 0.2341901659965515 128 103 146 121
class 0.39324823021888733 143 103 160 120
class 0.4037543535232544 155 103 173 121
class 0.3795997202396393 168 104 186 121
class 0.2951064705848694 182 104 199 121
class 0.2945080101490021 195 104 213 122
class 0.23241901397705078 208 105 226 121
class 0.13471905887126923 233 102 247 121
class 0.5181059241294861 1 117 16 133
class 0.10892856866121292 23 117 40 133
class 0.19750776886940002 36 116 54 134
class 0.298190176486969 50 116 67 133
class 0.34523269534111023 63 116 81 134
class 0.22389595210552216 75 116 94 135
class 0.19359159469604492 89 116 108 134
class 0.6155350804328918 103 114 120 134
class 0.38453811407089233 115 115 134 135
class 0.42201969027519226 129 117 147 135
class 0.5284625887870789 141 116 159 135
class 0.432799756526947 155 116 173 134
class 0.382182776927948 168 116 187 134
class 0.32624903321266174 181 116 200 133
class 0.4770268201828003 195 116 213 134
class 0.23658818006515503 207 118 226 133
class 0.15986037254333496 233 116 247 134
class 0.31285709142684937 1 130 15 146
class 0.1377956122159958 36 130 54 148
class 0.17175006866455078 50 129 68 148
class 0.21972107887268066 64 129 82 147
class 0.3241179883480072 76 128 94 147
class 0.1924697309732437 89 128 108 147
class 0.11348257958889008 102 127 120 147
class 0.24210619926452637 129 127 147 147
class 0.3960731029510498 142 127 161 147
class 0.4021144211292267 156 129 173 148
class 0.422434538602829 168 129 186 148
class 0.2547702491283417 181 129 200 147
class 0.2798765003681183 195 129 213 147
class 0.18165673315525055 208 129 226 145
class 0.3030138313770294 233 129 247 147
class 0.301730751991272 2 144 16 159
class 0.221021831035614 24 144 41 160
class 0.16095387935638428 36 142 55 160
class 0.18295811116695404 49 142 67 162
class 0.18269702792167664 63 142 81 161
class 0.3413883149623871 76 143 94 161
class 0.5297314524650574 91 144 109 162
class 0.14096830785274506 101 142 119 160
class 0.989365816116333 115 143 134 165
class 0.3302890658378601 128 142 148 161
class 0.2956634759902954 142 144 161 162
class 0.4687485098838806 155 143 173 163
class 0.5093048214912415 167 143 186 162
class 0.21482586860656738 181 143 200 161
class 0.31200698018074036 194 143 213 161
class 0.12095734477043152 208 144 226 160
class 0.20950724184513092 233 141 247 160
class 0.38528645038604736 2 157 16 172
class 0.1868804544210434 63 154 81 173
class 0.278896689414978 76 155 94 173
class 0.5197915434837341 91 154 109 172
class 0.15023452043533325 99 156 119 175
class 0.448934406042099 130 158 149 175
class 0.7402820587158203 140 155 159 174
class 0.592771589756012 156 155 174 173
class 0.40178704261779785 166 154 187 174
class 0.18801653385162354 180 156 200 174
class 0.250358909368515 194 156 213 174
class 0.17719820141792297 207 157 226 172
class 0.24655908346176147 233 155 247 173
class 0.39236706495285034 1 169 15 185
class 0.9948291182518005 34 165 51 185
class 0.12174902856349945 52 167 71 186
class 0.2731934189796448 76 170 94 187
class 0.2812518775463104 89 170 107 188
class 0.35912954807281494 103 169 122 187
class 0.7140883207321167 114 170 133 187
class 0.6751776337623596 127 169 147 186
class 0.4484787881374359 145 171 162 187
class 0.5122218728065491 168 168 187 187
class 0.30106621980667114 181 168 201 187
class 0.3163839280605316 194 170 213 187
class 0.1698683798313141 207 171 226 186
class 0.2356862872838974 233 169 247 187
class 0.4300347566604614 1 183 15 198
class 0.3168177902698517 64 183 81 200
class 0.531982421875 76 183 93 200
class 0.44087567925453186 90 183 107 200
class 0.30820196866989136 102 183 120 200
class 0.5627011060714722 115 183 133 200
class 0.658154308795929 129 182 147 199
class 0.9517579078674316 151 178 169 197
class 0.5725583434104919 168 181 187 200
class 0.22610296308994293 182 182 200 200
class 0.5107681155204773 195 182 213 200
class 0.3618868887424469 207 183 226 199
class 0.10399958491325378 219 183 235 198
class 0.15956683456897736 233 181 247 199
class 0.3603059649467468 1 197 16 212
class 0.1879211962223053 37 194 54 212
class 0.28317517042160034 50 196 68 213
class 0.3411692678928375 63 196 80 213
class 0.42506855726242065 77 195 94 212
class 0.48261356353759766 90 196 107 214
class 0.5019621849060059 102 196 120 214
class 0.5168213844299316 115 196 133 214
class 0.4968946874141693 130 195 148 212
class 0.7120811343193054 140 196 159 214
class 0.6139265298843384 154 197 173 214
class 0.3148801326751709 167 195 186 213
class 0.306863009929657 182 196 200 213
class 0.4955195188522339 194 196 213 213
class 0.3026672601699829 207 196 225 212
class 0.10874251276254654 220 197 236 212
class 0.2178337424993515 233 196 247 214
class 0.5263599157333374 2 210 16 226
class 0.14312641322612762 24 210 40 225
class 0.2725668251514435 37 209 53 227
class 0.24589304625988007 51 209 68 225
class 0.38711515069007874 63 209 80 226
class 0.31292983889579773 76 209 94 226
class 0.23896905779838562 90 208 106 225
class 0.4134378135204315 103 209 120 226
class 0.47876596450805664 115 209 132 226
class 0.25035932660102844 129 209 146 226
class 0.3153623342514038 142 208 160 225
class 0.37495797872543335 155 208 173 225
class 0.26176419854164124 169 210 187 226
class 0.3468998372554779 181 210 199 227
class 0.37880486249923706 194 210 212 226
class 0.2147551327943802 207 210 224 226
class 0.12532711029052734 219 210 235 225
class 0.19367733597755432 233 209 247 226
class 0.8610823750495911 1 223 16 239
class 0.16267722845077515 24 223 39 238
class 0.1490839272737503 38 222 54 238
class 0.24467860162258148 51 223 66 239
class 0.22475528717041016 64 222 80 238
class 0.15205486118793488 77 222 93 238
class 0.19598634541034698 91 223 107 238
class 0.43344080448150635 104 222 120 238
class 0.2974663972854614 116 222 132 238
class 0.25764399766921997 129 222 145 239
class 0.16297386586666107 142 223 159 239
class 0.18261991441249847 156 223 173 239
class 0.2047986388206482 169 223 186 239
class 0.148396834731102 182 221 198 238
class 0.21689796447753906 195 223 212 238
class 0.11959916353225708 207 223 223 238
class 0.3631434142589569 232 223 246 240
class 0.7570481896400452 0 232 17 249
class 0.18421241641044617 10 232 27 248
class 0.43321123719215393 24 232 41 249
class 0.4840196669101715 37 232 56 248
class 0.47332286834716797 48 231 68 248
class 0.4772619605064392 63 231 82 249
class 0.570188581943512 76 232 95 249
class 0.5250679850578308 88 231 107 249
class 0.5809302926063538 103 231 121 248
class 0.5179769992828369 116 231 134 248
class 0.694688081741333 128 231 147 249
class 0.6300073266029358 142 231 160 249
class 0.6079203486442566 155 231 174 248
class 0.5464200973510742 168 230 186 248
class 0.3323991000652313 182 231 200 248
class 0.5999018549919128 194 231 213 248
class 0.5310686826705933 207 231 225 248
class 0.31955868005752563 220 231 238 248
class 0.8588840365409851 231 231 248 249
