class 0.6512718796730042 1 3 17 18
class 0.3387076258659363 9 4 26 17
class 0.5315185785293579 22 4 40 18
class 0.5619245767593384 35 3 54 18
class 0.6126722097396851 48 3 68 18
class 0.43195366859436035 61 3 81 18
class 0.5629799365997314 75 3 94 18
class 0.21132901310920715 86 3 106 17
class 0.9894006252288818 103 2 121 20
class 0.8503684997558594 126 3 146 18
class 0.5361742973327637 140 4 159 18
class 0.4661935865879059 154 3 173 17
class 0.48122701048851013 166 4 185 18
class 0.5038462281227112 181 4 200 18
class 0.5011429786682129 193 4 212 18
class 0.41391295194625854 206 4 225 18
class 0.3286787271499634 220 3 237 17
class 0.8095251321792603 232 2 249 18
class 0.572048008441925 1 10 16 26
class 0.12822990119457245 9 9 24 24
class 0.2554033696651459 22 10 39 25
class 0.44701945781707764 35 9 53 25
class 0.5653642416000366 49 9 66 26
class 0.49168211221694946 62 11 80 26
class 0.38033196330070496 75 9 93 25
class 0.6107231974601746 128 9 145 25
class 0.5075945258140564 141 9 158 26
class 0.37745779752731323 154 10 171 26
class 0.41355374455451965 167 10 184 26
class 0.35026243329048157 181 9 198 25
class 0.5544056296348572 194 9 212 26
class 0.3885250389575958 207 9 224 25
class 0.1254318207502365 220 9 234 25
class 0.23053289949893951 233 8 247 26
class 0.40801864862442017 1 26 15 41
class 0.12627780437469482 22 27 39 41
class 0.14412306249141693 35 26 53 41
class 0.3428776264190674 49 26 67 41
class 0.343039870262146 62 25 79 41
class 0.23344634473323822 75 25 93 41
class 0.1838129609823227 89 24 107 41
class 0.43473827838897705 101 25 120 42
class 0.3428642451763153 114 24 132 40
class 0.24756860733032227 128 25 145 41
class 0.2083834409713745 141 25 159 41
class 0.20265041291713715 154 25 172 41
class 0.2049533724784851 167 25 185 41
class 0.25386661291122437 180 26 199 42
class 0.24835243821144104 193 26 212 42
class 0.12230835855007172 207 25 224 40
class 0.10820190608501434 233 24 246 41
class 0.1830800175666809 1 39 15 53
class 0.25418344140052795 22 39 40 54
class 0.2456178069114685 35 38 53 55
class 0.3814670741558075 49 38 67 55
class 0.46477261185646057 63 38 80 55
class 0.3205967843532562 75 38 92 55
class 0.18863725662231445 88 37 106 55
class 0.4262619912624359 103 37 120 55
class 0.21596835553646088 114 37 131 55
class 0.34333595633506775 129 37 146 55
class 0.34757766127586365 140 37 158 56
class 0.30418092012405396 155 37 172 55
class 0.3075374364852905 167 37 185 55
class 0.34164324402809143 181 37 198 55
class 0.4079800546169281 194 38 212 55
class 0.20986594259738922 206 39 224 54
class 0.11443041265010834 220 39 235 53
class 0.2745109498500824 233 37 247 55
class 0.46917402744293213 1 52 16 67
class 0.17537298798561096 23 52 40 67
class 0.19923140108585358 36 51 54 68
class 0.43471866846084595 50 51 67 68
class 0.5435685515403748 63 50 80 67
class 0.356463760137558 76 50 92 68
class 0.37188971042633057 89 50 106 68
class 0.5027459859848022 103 50 119 68
class 0.4265420138835907 116 51 133 68
class 0.3881540298461914 128 51 145 68
class 0.22849121689796448 155 49 172 69
class 0.23623059689998627 168 49 186 68
class 0.2192872315645218 181 50 199 68
class 0.42935919761657715 195 50 212 67
class 0.23147134482860565 207 51 225 67
class 0.18452051281929016 233 50 247 68
class 0.26819702982902527 1 65 15 79
class 0.12407926470041275 23 65 40 80
class 0.1530858427286148 35 64 53 82
class 0.32514578104019165 51 64 68 81
class 0.42411866784095764 62 64 80 81
class 0.39155083894729614 76 64 94 81
class 0.3528580963611603 89 64 106 82
class 0.45024120807647705 102 65 119 82
class 0.20045503973960876 117 63 135 80
class 0.14929543435573578 129 62 146 79
class 0.9864448308944702 140 65 158 85
class 0.41916728019714355 157 62 174 81
class 0.23243394494056702 168 64 186 82
class 0.1781894862651825 181 64 199 82
class 0.22291836142539978 195 64 212 82
class 0.1055082380771637 207 64 225 80
class 0.19366325438022614 233 63 247 82
class 0.15863218903541565 1 78 15 93
class 0.12393034994602203 23 78 40 94
class 0.1954309195280075 36 78 53 95
class 0.2778778672218323 50 77 68 94
class 0.38572531938552856 62 77 80 94
class 0.5145213603973389 76 77 94 95
class 0.4936196208000183 90 77 107 94
class 0.635349452495575 102 77 119 95
class 0.22673986852169037 116 77 134 94
class 0.1615753322839737 167 77 185 96
class 0.2632894814014435 182 78 199 95
class 0.36283057928085327 195 77 212 95
class 0.14338849484920502 207 77 225 94
class 0.2618120312690735 233 75 247 94
class 0.14041046798229218 1 92 15 107
class 0.11173281818628311 24 91 40 106
class 0.22838962078094482 36 90 54 107
class 0.25476405024528503 50 90 67 107
class 0.37453776597976685 63 90 81 107
class 0.4693680703639984 77 89 94 107
class 0.4596119821071625 90 90 107 107
class 0.49785685539245605 102 89 120 107
class 0.22660353779792786 115 90 133 108
class 0.3220911920070648 129 90 148 108
class 0.5939052104949951 140 91 159 109
class 0.15162022411823273 153 89 172 108
class 0.13824233412742615 168 89 186 109
class 0.19161662459373474 180 89 199 108
class 0.2974221706390381 195 89 213 107
class 0.16191180050373077 207 91 226 107
class 0.2755078673362732 233 90 247 108
class 0.30756843090057373 1 105 15 120
class 0.13087768852710724 36 104 54 121
class 0.1917027235031128 49 104 67 121
class 0.3871987760066986 63 103 81 121
class 0.36719611287117004 76 104 93 121
class 0.3506839871406555 89 103 107 121
class 0.3901195228099823 103 103 120 121
class 0.31293201446533203 115 103 133 121
class 0.16613049805164337 128 103 147 121
class 0.108223095536232 141 102 160 121
class 0.10998667031526566 169 102 188 122
class 0.1268216073513031 179 102 199 122
class 0.10680974274873734 194 103 213 122
class 0.12611092627048492 208 104 226 120
class 0.15787822008132935 220 104 237 120
class 0.3232823312282562 232 102 247 120
class 0.1414572149515152 1 118 15 133
class 0.19023606181144714 37 117 55 134
class 0.2633645236492157 49 116 67 134
class 0.3051663339138031 63 116 81 134
class 0.3795965313911438 76 116 94 134
class 0.3306324779987335 89 116 107 134
class 0.3555540144443512 103 116 120 134
class 0.40715909004211426 116 116 134 134
class 0.11409228295087814 127 116 146 134
class 0.9759933352470398 159 118 176 137
class 0.22499871253967285 180 116 199 136
class 0.23538704216480255 194 117 213 135
class 0.20697247982025146 207 118 225 134
class 0.18297387659549713 233 116 247 134
class 0.3493651747703552 2 132 16 147
class 0.12299877405166626 23 131 40 146
class 0.16134153306484222 35 129 54 147
class 0.24299119412899017 51 130 68 147
class 0.46941277384757996 62 130 80 147
class 0.4647984504699707 76 130 94 147
class 0.32380637526512146 89 130 107 147
class 0.3789059519767761 102 130 120 148
class 0.39333078265190125 116 130 134 147
class 0.1518005132675171 127 129 146 147
class 0.1488448828458786 156 127 174 144
class 0.20589867234230042 181 129 200 148
class 0.43682077527046204 194 130 213 147
class 0.26459822058677673 207 130 225 146
class 0.15239080786705017 234 128 247 146
class 0.3056800663471222 2 143 16 158
class 0.15486642718315125 36 143 54 160
class 0.28881287574768066 50 143 68 160
class 0.29465585947036743 62 142 80 159
class 0.3051026463508606 76 142 94 159
class 0.3191252648830414 89 142 107 160
class 0.35967645049095154 103 143 120 160
class 0.389522522687912 115 143 133 160
class 0.24983510375022888 128 143 146 161
class 0.21345065534114838 143 142 162 160
class 0.721554696559906 154 143 172 160
class 0.27646076679229736 166 143 186 160
class 0.1709645688533783 181 142 200 159
class 0.42760875821113586 195 142 213 159
class 0.28548792004585266 207 144 225 159
class 0.2955639362335205 232 143 247 161
class 0.1497449427843094 1 158 15 172
class 0.17066353559494019 36 156 54 172
class 0.29687097668647766 50 156 68 173
class 0.29843956232070923 62 156 80 174
class 0.2129158079624176 76 156 94 174
class 0.18272225558757782 89 155 107 173
class 0.31674864888191223 102 155 120 173
class 0.4049215018749237 115 155 134 173
class 0.3082877993583679 129 155 147 173
class 0.20476014912128448 142 156 160 173
class 0.3194453716278076 155 155 173 172
class 0.26585066318511963 167 156 186 173
class 0.1861785501241684 180 157 199 173
class 0.35356229543685913 195 156 213 173
class 0.212932288646698 208 157 226 172
class 0.2419404536485672 233 154 247 173
class 0.30964192748069763 1 170 16 185
class 0.15002049505710602 24 170 41 185
class 0.21906496584415436 36 170 54 187
class 0.29183802008628845 50 170 68 186
class 0.3864264190196991 63 169 81 187
class 0.34257134795188904 76 169 94 187
class 0.25407811999320984 90 170 108 187
class 0.29271742701530457 102 170 120 187
class 0.2576872408390045 115 169 133 187
class 0.3141948878765106 130 169 147 186
class 0.32630398869514465 141 169 160 186
class 0.24468739330768585 156 169 173 185
class 0.3157636523246765 168 169 186 186
class 0.21305899322032928 182 170 199 186
class 0.27405688166618347 195 170 213 186
class 0.2291605919599533 207 170 226 186
class 0.2345678210258484 233 169 247 187
class 0.32683002948760986 2 184 16 199
class 0.12950922548770905 23 183 40 198
class 0.3117867708206177 37 182 55 199
class 0.4361197054386139 50 183 68 200
class 0.5055928826332092 63 182 81 199
class 0.47459566593170166 77 182 95 199
class 0.4497753083705902 90 182 108 199
class 0.5394143462181091 102 182 121 199
class 0.596674382686615 116 183 134 200
class 0.4953310787677765 128 183 145 199
class 0.42198872566223145 142 182 159 199
class 0.39542749524116516 155 183 173 200
class 0.47696948051452637 169 183 186 200
class 0.5036997199058533 182 183 199 200
class 0.6413865089416504 195 184 213 200
class 0.3204535245895386 207 183 226 199
class 0.14540965855121613 220 183 236 198
class 0.40147876739501953 233 182 247 200
class 0.6353213787078857 0 197 16 213
class 0.29838302731513977 37 196 54 214
class 0.42041081190109253 50 195 68 213
class 0.4474529027938843 63 195 80 213
class 0.3665867745876312 77 196 94 213
class 0.2330133616924286 89 196 107 214
class 0.3562665283679962 103 196 121 214
class 0.5144706964492798 116 195 134 213
class 0.3959636986255646 128 196 145 213
class 0.46199625730514526 142 196 159 214
class 0.4138169288635254 156 195 173 213
class 0.4591479003429413 169 196 186 213
class 0.5727609992027283 182 196 199 214
class 0.425039142370224 194 195 212 213
class 0.23212629556655884 207 196 226 213
class 0.28030773997306824 233 195 247 213
class 0.33153605461120605 0 207 15 223
class 0.384487509727478 24 208 42 225
class 0.4250759780406952 37 208 54 226
class 0.29080715775489807 50 209 67 226
class 0.324006050825119 63 209 81 227
class 0.42531251907348633 77 209 94 227
class 0.32651636004447937 90 208 107 226
class 0.36352354288101196 103 208 120 226
class 0.3247174024581909 116 208 133 226
class 0.34215158224105835 129 208 146 226
class 0.3979125916957855 143 209 160 226
class 0.368574857711792 155 210 172 227
class 0.37208640575408936 169 209 186 226
class 0.4574793577194214 182 208 200 225
class 0.4608275890350342 195 209 212 226
class 0.41559451818466187 207 209 224 226
class 0.11067629605531693 220 209 235 225
class 0.2208576649427414 233 208 246 225
class 0.9934185147285461 6 222 25 241
class 0.20715847611427307 50 222 68 238
class 0.11931592971086502 64 222 81 238
class 0.26193803548812866 77 221 94 238
class 0.18689195811748505 90 223 106 239
class 0.1367325335741043 103 223 120 239
class 0.11925306171178818 116 222 133 238
class 0.18926236033439636 130 223 146 239
class 0.18313290178775787 143 223 159 239
class 0.2665638029575348 156 222 173 239
class 0.21702148020267487 169 223 185 239
class 0.27805522084236145 182 222 198 239
class 0.29803451895713806 195 223 211 239
class 0.21748077869415283 207 222 224 238
class 0.30260205268859863 232 224 246 241
class 0.8306057453155518 0 235 17 249
class 0.6082115173339844 37 231 56 248
class 0.4415830969810486 49 231 68 248
class 0.3458622097969055 63 232 82 248
class 0.4125843048095703 75 231 94 249
class 0.4205017387866974 90 230 108 248
class 0.631989598274231 102 230 121 249
class 0.5003436803817749 116 231 134 248
class 0.5307418704032898 129 230 147 248
class 0.5728377103805542 142 231 160 248
class 0.4416077136993408 155 231 173 248
class 0.4457588791847229 168 231 187 248
class 0.3417544364929199 181 231 200 248
class 0.6092248558998108 195 231 214 249
class 0.42188289761543274 206 231 225 249
class 0.22824645042419434 221 231 238 248
class 0.8856146931648254 232 231 249 249
