class 0.8225885033607483 0 2 17 18
class 0.6105060577392578 8 3 29 18
class 0.6376299858093262 20 3 42 18
class 0.6056113243103027 48 3 68 18
class 0.44310498237609863 62 3 81 18
class 0.4155224561691284 74 3 94 18
class 0.35584840178489685 88 4 107 18
class 0.38516679406166077 101 4 120 17
class 0.5095706582069397 114 4 133 18
class 0.3816269636154175 128 4 147 18
class 0.48542320728302 141 4 159 18
class 0.30347421765327454 154 4 172 17
class 0.5450428128242493 167 4 186 18
class 0.5291996598243713 179 3 198 18
class 0.5108350515365601 194 3 213 17
class 0.38876479864120483 207 4 226 18
class 0.35408028960227966 222 4 238 18
class 0.8096672296524048 231 2 248 18
class 0.87032550573349 0 9 16 27
class 0.14999713003635406 22 9 42 26
class 0.6545212268829346 35 8 53 26
class 0.6519801616668701 49 9 67 26
class 0.5511821508407593 62 9 79 26
class 0.6680734753608704 76 9 93 26
class 0.5740483999252319 88 9 106 25
class 0.5055093765258789 101 9 119 26
class 0.5631546974182129 115 9 132 26
class 0.43926265835762024 128 10 145 26
class 0.4575966000556946 141 10 158 26
class 0.4950177073478699 154 10 171 26
class 0.4579903185367584 167 9 184 25
class 0.6355559229850769 180 10 198 26
class 0.6385601162910461 194 10 211 26
class 0.5716643929481506 208 9 224 25
class 0.1353658139705658 221 9 235 24
class 0.24210017919540405 233 8 247 26
class 0.17266151309013367 0 24 16 40
class 0.9628204703330994 14 22 32 40
class 0.3165443539619446 35 25 53 42
class 0.38421133160591125 49 26 66 42
class 0.3672405481338501 61 26 79 42
class 0.35657617449760437 76 25 93 41
class 0.25448527932167053 88 25 106 41
class 0.32406851649284363 101 26 119 41
class 0.34702858328819275 115 25 132 41
class 0.45166030526161194 128 26 145 41
class 0.2272764891386032 141 24 158 40
class 0.317550390958786 153 25 172 41
class 0.2629881501197815 167 26 185 41
class 0.1848902851343155 180 25 198 41
class 0.23994791507720947 193 25 211 41
class 0.11399484425783157 207 25 225 40
class 0.1915397346019745 234 23 247 41
class 0.2928203046321869 1 40 16 55
class 0.2020564079284668 35 37 54 55
class 0.4354270398616791 49 38 67 54
class 0.6531217694282532 63 38 79 54
class 0.4792098104953766 75 39 92 55
class 0.4166952669620514 88 38 106 55
class 0.5138784050941467 102 38 120 55
class 0.42693662643432617 115 38 133 55
class 0.48024600744247437 128 37 145 54
class 0.2554107904434204 141 38 158 55
class 0.25244760513305664 154 38 172 54
class 0.3301173150539398 168 37 185 54
class 0.3440263867378235 180 38 198 55
class 0.4321613013744354 194 39 212 55
class 0.2379336804151535 207 39 225 53
class 0.12473655492067337 220 39 236 54
class 0.4926445186138153 232 38 247 56
class 0.3539411127567291 1 51 16 67
class 0.22402989864349365 22 52 40 67
class 0.15889482200145721 35 51 53 68
class 0.269639790058136 49 51 67 68
class 0.35129091143608093 63 50 80 67
class 0.4097933769226074 76 50 93 67
class 0.4322814643383026 89 51 106 68
class 0.4474073052406311 103 51 120 68
class 0.418303906917572 116 51 132 68
class 0.5071965456008911 129 51 146 68
class 0.37858912348747253 142 51 158 68
class 0.34091371297836304 155 51 172 68
class 0.3049658238887787 168 51 185 68
class 0.3220807611942291 182 50 199 67
class 0.5171176791191101 195 51 212 68
class 0.2999899685382843 206 52 224 67
class 0.11066330224275589 220 52 236 67
class 0.27494001388549805 232 49 247 67
class 0.255952388048172 1 65 15 80
class 0.23903541266918182 23 65 40 80
class 0.2249131053686142 35 65 53 81
class 0.42538440227508545 50 64 68 81
class 0.2995491027832031 63 64 80 81
class 0.4170420169830322 76 64 94 82
class 0.4601030945777893 90 64 107 82
class 0.5244916677474976 103 65 120 82
class 0.4416492283344269 115 64 133 81
class 0.33697327971458435 129 63 146 81
class 0.4690840542316437 142 64 159 81
class 0.4143373668193817 155 63 172 81
class 0.28574374318122864 168 63 186 81
class 0.18619762361049652 181 63 199 81
class 0.31774061918258667 195 63 213 80
class 0.16876435279846191 207 64 225 80
class 0.12669487297534943 220 65 237 80
class 0.30541104078292847 233 63 247 81
class 0.2661435902118683 1 79 15 94
class 0.25847434997558594 37 77 54 94
class 0.45226922631263733 50 77 67 94
class 0.3994008004665375 63 77 80 94
class 0.2971656322479248 76 77 93 95
class 0.3359479010105133 90 77 107 94
class 0.5358869433403015 103 76 121 94
class 0.36749616265296936 115 77 133 94
class 0.27373945713043213 128 77 146 94
class 0.36431336402893066 142 76 160 94
class 0.4210447371006012 155 77 173 94
class 0.32132577896118164 168 76 186 95
class 0.18952429294586182 181 77 200 95
class 0.2393690049648285 195 77 213 95
class 0.17133329808712006 207 79 225 95
class 0.11425396800041199 233 76 248 94
class 0.29755425453186035 1 92 15 107
class 0.2538752853870392 36 90 54 108
class 0.4666995406150818 50 90 68 108
class 0.3246307671070099 62 90 80 109
class 0.36727339029312134 77 89 94 108
class 0.5296145677566528 89 90 106 108
class 0.3710039556026459 103 90 120 107
class 0.4300425052642822 116 90 134 108
class 0.2704794108867645 128 90 146 108
class 0.38420355319976807 142 91 160 108
class 0.3652423918247223 155 90 173 108
class 0.29585447907447815 168 89 187 108
class 0.2040872573852539 182 89 200 108
class 0.289279043674469 196 90 213 108
class 0.15670277178287506 207 90 225 107
class 0.25003236532211304 233 90 248 109
class 0.33597061038017273 1 105 15 121
class 0.27749359607696533 24 105 41 121
class 0.19768093526363373 36 103 54 121
class 0.34933382272720337 50 101 67 119
class 0.26831871271133423 77 102 95 121
class 0.3587503731250763 90 103 108 121
class 0.325156033039093 103 103 120 121
class 0.363546758890152 115 103 133 120
class 0.2876681983470917 129 104 147 121
class 0.4000445306301117 143 103 161 120
class 0.34501489996910095 154 102 173 121
class 0.22904062271118164 168 103 187 121
class 0.1374843418598175 181 102 200 121
class 0.399984747171402 196 103 214 121
class 0.5428847670555115 207 104 225 121
class 0.19971269369125366 233 101 247 120
class 0.3861915171146393 1 118 15 133
class 0.1641286015510559 24 117 41 132
class 0.15464606881141663 37 116 55 134
class 0.1362832635641098 50 116 66 133
class 0.9710630178451538 63 115 80 135
class 0.2701801061630249 78 115 95 134
class 0.37358686327934265 89 116 107 135
class 0.3284531831741333 102 116 120 134
class 0.4132993817329407 116 117 133 134
class 0.4184175729751587 128 116 147 134
class 0.32636961340904236 141 116 160 134
class 0.34285327792167664 155 116 173 134
class 0.4032849669456482 167 116 186 135
class 0.11406151950359344 181 116 201 134
class 0.1890508234500885 233 114 248 133
class 0.41806480288505554 1 130 15 146
class 0.17116424441337585 11 130 26 145
class 0.19154511392116547 23 131 39 146
class 0.156263530254364 49 130 67 148
class 0.18102839589118958 61 132 80 150
class 0.33852601051330566 89 128 107 148
class 0.27660250663757324 102 129 120 147
class 0.37004831433296204 115 129 133 147
class 0.28401750326156616 128 129 147 147
class 0.2691270112991333 141 129 160 147
class 0.30710822343826294 155 129 174 147
class 0.3768664300441742 168 129 186 147
class 0.14482703804969788 182 130 201 148
class 0.10885224491357803 196 129 213 146
class 0.992968738079071 206 125 224 146
class 0.2818223834037781 1 144 15 159
class 0.1599089354276657 23 144 40 160
class 0.1251472383737564 50 141 69 160
class 0.4122051000595093 63 140 82 158
class 0.47409749031066895 75 141 94 161
class 0.15431642532348633 88 141 107 162
class 0.13443447649478912 102 142 121 161
class 0.3375769257545471 116 142 134 161
class 0.3626534342765808 129 143 146 161
class 0.278556227684021 141 142 160 161
class 0.2692394554615021 155 141 173 160
class 0.39063435792922974 168 142 187 160
class 0.2561783492565155 181 142 200 159
class 0.36488887667655945 194 144 213 161
class 0.15252353250980377 233 142 248 160
class 0.2683277130126953 1 158 15 173
class 0.10963846743106842 23 156 40 172
class 0.9861221313476562 67 158 84 176
class 0.1334356963634491 73 155 92 174
class 0.39959609508514404 89 155 107 174
class 0.2573929727077484 101 155 121 174
class 0.3253454864025116 117 155 135 173
class 0.5464254021644592 128 156 147 175
class 0.2938176691532135 141 155 160 174
class 0.28729909658432007 154 155 173 175
class 0.3077915608882904 168 155 187 174
class 0.11635860055685043 181 155 200 173
class 0.27600181102752686 196 154 214 172
class 0.3383896052837372 206 155 225 171
class 0.11501596122980118 219 157 236 172
class 0.2585700750350952 233 155 247 174
class 0.263764888048172 1 171 15 186
class 0.20270512998104095 23 172 40 187
class 0.11934398859739304 65 166 81 182
class 0.5320742130279541 88 169 107 187
class 0.22842231392860413 102 169 121 186
class 0.5008174777030945 144 167 162 187
class 0.2463095635175705 155 167 173 186
class 0.210647314786911 168 168 186 186
class 0.16715854406356812 182 170 200 187
class 0.24225610494613647 194 170 212 187
class 0.18429316580295563 207 170 225 185
class 0.1013965755701065 220 170 236 185
class 0.3561355173587799 233 169 247 186
class 0.4996151030063629 2 183 16 199
class 0.12480071932077408 10 183 26 199
class 0.36156710982322693 23 183 40 198
class 0.21470700204372406 36 183 54 199
class 0.2365146279335022 51 182 70 199
class 0.7500336766242981 62 183 80 200
class 0.5948297381401062 75 183 93 200
class 0.5327063202857971 89 182 107 199
class 0.2583383619785309 104 182 122 198
class 0.2670060396194458 116 182 132 198
class 0.9924752116203308 128 179 144 200
class 0.44234201312065125 145 180 162 198
class 0.15467938780784607 156 183 173 200
class 0.34583765268325806 168 183 185 201
class 0.37484630942344666 183 183 199 199
class 0.5022711753845215 195 182 212 199
class 0.2967980206012726 207 183 225 199
class 0.11044594645500183 221 184 236 199
class 0.35726863145828247 233 183 247 200
class 0.3630372881889343 1 196 15 212
class 0.2378898411989212 24 197 40 213
class 0.3393026888370514 36 195 54 213
class 0.16962718963623047 50 196 68 213
class 0.40046197175979614 63 194 80 212
class 0.39119821786880493 76 195 94 212
class 0.4862392544746399 90 196 107 213
class 0.31799623370170593 103 196 121 211
class 0.47751641273498535 115 196 133 213
class 0.6083694100379944 128 197 145 214
class 0.28140532970428467 143 197 160 213
class 0.6096451878547668 156 195 173 212
class 0.5710636377334595 168 195 185 212
class 0.504014790058136 181 196 198 212
class 0.4786558151245117 195 196 212 213
class 0.3625665009021759 207 197 225 213
class 0.2598820924758911 220 197 237 212
class 0.510342538356781 232 195 247 213
class 0.4008309543132782 1 210 15 226
class 0.322704017162323 24 209 39 225
class 0.3322236239910126 37 208 54 225
class 0.33911460638046265 50 209 67 226
class 0.4507707953453064 63 209 80 227
class 0.3306579291820526 77 210 93 226
class 0.31181877851486206 89 209 106 226
class 0.31971418857574463 102 210 120 226
class 0.34899669885635376 116 208 134 225
class 0.4716457426548004 128 207 146 225
class 0.4084213078022003 141 208 160 225
class 0.21803824603557587 155 208 172 225
class 0.22821728885173798 168 208 186 225
class 0.3177681863307953 182 209 199 226
class 0.3165009915828705 195 209 212 226
class 0.30326536297798157 207 209 224 226
class 0.14487063884735107 220 210 235 225
class 0.21263492107391357 233 208 247 226
class 0.7662456035614014 1 223 16 238
class 0.10102719813585281 25 223 39 238
class 0.13468897342681885 37 223 53 238
class 0.14009684324264526 50 222 66 238
class 0.23104135692119598 64 222 81 238
class 0.22732867300510406 77 221 93 237
class 0.24342124164104462 90 223 107 238
class 0.19068452715873718 103 221 119 237
class 0.2532338500022888 116 223 133 238
class 0.19920003414154053 129 223 146 238
class 0.16072668135166168 142 223 159 238
class 0.16075824201107025 155 223 171 239
class 0.16085076332092285 169 223 185 239
class 0.19634033739566803 182 222 198 238
class 0.2742672562599182 195 223 212 239
class 0.3363455832004547 208 223 224 238
class 0.12119264155626297 220 222 235 238
class 0.5486270189285278 232 223 247 240
class 0.7552188634872437 0 233 16 249
class 0.2067224085330963 10 232 27 248
class 0.2749895751476288 24 231 41 248
class 0.5450997948646545 37 231 55 248
class 0.3432937562465668 49 231 68 248
class 0.5034846067428589 63 232 81 248
class 0.48379799723625183 76 231 94 248
class 0.5877355933189392 89 230 107 248
class 0.5221747159957886 102 231 120 249
class 0.6851953864097595 117 231 134 248
class 0.6039989590644836 129 231 147 248
class 0.6560471653938293 142 231 160 248
class 0.5436294674873352 155 231 173 248
class 0.6518746018409729 168 231 186 248
class 0.40622180700302124 181 232 199 248
class 0.6336653232574463 194 231 212 249
class 0.5520431995391846 207 231 225 249
class 0.16265204548835754 220 232 238 248
class 0.9101144075393677 232 231 249 249
