class 0.6784744262695312 0 2 16 17
class 0.3103397786617279 9 4 27 17
class 0.7662159204483032 22 4 41 18
class 0.17289796471595764 33 2 54 16
class 0.29622870683670044 63 3 83 17
class 0.44884347915649414 75 3 95 17
class 0.5041753649711609 88 4 108 18
class 0.4570450186729431 101 3 121 17
class 0.6721603870391846 114 3 133 18
class 0.6096475720405579 128 4 146 18
class 0.3831784725189209 140 4 159 17
class 0.4624614417552948 154 3 173 18
class 0.7117623090744019 168 3 186 18
class 0.5082335472106934 180 4 199 18
class 0.5799097418785095 193 3 212 18
class 0.36307889223098755 207 4 225 18
class 0.4965769350528717 220 4 237 18
class 0.8294256329536438 232 3 249 18
class 0.648729145526886 1 11 16 26
class 0.12548130750656128 9 11 25 25
class 0.9934867024421692 47 7 65 26
class 0.3036433458328247 64 10 82 26
class 0.36651119589805603 76 10 94 26
class 0.6378505229949951 88 10 106 26
class 0.48230892419815063 101 10 118 26
class 0.49331557750701904 115 9 132 25
class 0.5365318655967712 128 9 145 25
class 0.42089417576789856 140 9 158 25
class 0.45849737524986267 154 10 171 26
class 0.5304553508758545 168 9 185 25
class 0.5430137515068054 180 9 198 26
class 0.40578627586364746 207 10 224 26
class 0.1437864601612091 220 9 235 25
class 0.2597771883010864 233 8 247 26
class 0.37670063972473145 1 26 16 41
class 0.18455485999584198 34 26 54 41
class 0.26962459087371826 48 28 67 43
class 0.12448585778474808 61 25 80 41
class 0.30406078696250916 76 25 93 41
class 0.3264971971511841 88 26 106 41
class 0.33727046847343445 101 25 119 41
class 0.22756877541542053 114 26 132 41
class 0.2254304140806198 128 25 146 41
class 0.21522465348243713 140 25 158 41
class 0.25795599818229675 154 26 172 42
class 0.23370447754859924 167 26 185 42
class 0.2886580228805542 180 26 199 41
class 0.27807101607322693 193 25 212 42
class 0.1887022852897644 233 24 247 41
class 0.34453555941581726 1 39 16 54
class 0.13182468712329865 36 37 55 54
class 0.4592859148979187 49 37 68 53
class 0.3360813558101654 61 37 80 54
class 0.26665639877319336 76 38 94 55
class 0.39396411180496216 88 37 106 54
class 0.2486644834280014 100 38 120 56
class 0.3087189495563507 115 38 133 56
class 0.2809964716434479 128 38 146 56
class 0.34770941734313965 141 39 158 56
class 0.348927766084671 154 37 172 55
class 0.337386816740036 167 38 185 55
class 0.49888455867767334 180 38 199 55
class 0.5736743211746216 194 38 212 55
class 0.19294005632400513 206 39 225 54
class 0.260145366191864 233 37 247 55
class 0.34481149911880493 1 52 15 67
class 0.12319593876600266 24 51 40 67
class 0.1798243224620819 37 51 55 68
class 0.4475502073764801 50 51 67 68
class 0.4065300524234772 63 52 80 68
class 0.25701549649238586 75 51 93 67
class 0.12795348465442657 89 50 107 68
class 0.2031218558549881 117 48 135 67
class 0.40614527463912964 128 48 146 69
class 0.26417794823646545 141 49 159 68
class 0.37782925367355347 155 50 172 69
class 0.30552583932876587 167 51 185 69
class 0.2087654322385788 181 50 199 68
class 0.3351942300796509 195 51 212 68
class 0.22318565845489502 206 52 225 68
class 0.2153843194246292 233 50 247 68
class 0.6465230584144592 2 65 16 81
class 0.1957637071609497 23 65 40 80
class 0.5526131987571716 38 65 55 82
class 0.517878532409668 50 64 67 82
class 0.5484238266944885 63 63 81 81
class 0.3512064516544342 75 64 93 81
class 0.1725098043680191 89 62 108 81
class 0.9955275058746338 107 64 124 83
class 0.30584916472435 128 62 146 83
class 0.1662718802690506 141 63 159 82
class 0.2032380849123001 155 63 173 82
class 0.2654068171977997 168 63 186 82
class 0.20864339172840118 180 63 199 82
class 0.2185802459716797 194 64 213 82
class 0.14383193850517273 207 64 226 80
class 0.1356247365474701 220 65 236 81
class 0.2798207998275757 233 63 247 81
class 0.49371540546417236 2 77 16 93
class 0.3051393926143646 24 78 42 94
class 0.13851676881313324 35 74 53 92
class 0.2596507966518402 51 74 69 92
class 0.5763787627220154 62 75 80 94
class 0.36480244994163513 76 76 95 94
class 0.2549883723258972 127 75 146 95
class 0.2282353788614273 142 77 161 95
class 0.2646942436695099 153 76 173 95
class 0.2178627997636795 168 75 187 95
class 0.18912653625011444 180 75 200 96
class 0.19385449588298798 194 76 213 95
class 0.16854289174079895 207 78 225 94
class 0.19495373964309692 233 76 247 94
class 0.3576657474040985 2 92 15 107
class 0.1420355886220932 24 91 42 106
class 0.9862115979194641 45 90 63 110
class 0.435522198677063 64 89 83 107
class 0.18145166337490082 77 90 94 108
class 0.25945746898651123 89 91 108 108
class 0.6327152848243713 101 90 120 108
class 0.43360427021980286 114 91 134 107
class 0.1156187579035759 128 89 146 107
class 0.25977227091789246 181 88 200 109
class 0.15629230439662933 194 89 213 108
class 0.16902513802051544 233 89 247 107
class 0.6801415085792542 1 105 16 121
class 0.15288661420345306 9 106 26 120
class 0.24676238000392914 23 105 41 120
class 0.10271038860082626 48 103 67 120
class 0.16326776146888733 62 104 81 121
class 0.34950876235961914 76 104 94 121
class 0.30257120728492737 88 103 107 120
class 0.3127468228340149 102 103 120 121
class 0.25439563393592834 115 103 133 120
class 0.9606546759605408 159 98 175 116
class 0.2012096494436264 181 103 200 122
class 0.21210834383964539 194 104 213 122
class 0.12349874526262283 207 105 225 121
class 0.26408520340919495 233 103 247 121
class 0.39886772632598877 1 117 15 133
class 0.33529093861579895 36 116 55 134
class 0.47340694069862366 48 116 67 133
class 0.3233087956905365 61 116 80 134
class 0.274178683757782 76 116 94 134
class 0.28165531158447266 89 117 107 134
class 0.31253528594970703 102 117 120 134
class 0.32903844118118286 115 117 133 134
class 0.2563554048538208 154 118 171 134
class 0.4622245728969574 168 118 186 134
class 0.3197072744369507 180 115 198 134
class 0.2243921011686325 195 116 213 133
class 0.19258788228034973 207 117 225 133
class 0.12862688302993774 220 118 236 133
class 0.38053882122039795 232 116 247 134
class 0.2703059911727905 1 131 15 146
class 0.17735512554645538 35 130 53 147
class 0.2639405429363251 48 130 67 147
class 0.27627941966056824 62 130 81 147
class 0.2628266513347626 76 130 94 148
class 0.5278005599975586 89 129 107 147
class 0.42154785990715027 102 129 119 148
class 0.24921487271785736 115 129 133 147
class 0.16085222363471985 128 129 147 147
class 0.12610788643360138 142 129 160 147
class 0.29126840829849243 154 129 172 147
class 0.20505565404891968 168 128 186 146
class 0.10356972366571426 181 130 198 147
class 0.19591344892978668 195 131 212 148
class 0.148240864276886 208 131 226 146
class 0.21189141273498535 232 128 247 147
class 0.25024887919425964 1 144 15 160
class 0.14491470158100128 35 143 54 160
class 0.21551769971847534 49 143 67 161
class 0.3065671920776367 63 143 81 161
class 0.33176514506340027 76 142 95 161
class 0.3919048309326172 88 141 107 161
class 0.23647086322307587 103 141 122 160
class 0.20704078674316406 114 141 133 162
class 0.10951653122901917 129 142 147 161
class 0.16896449029445648 142 143 159 161
class 0.30554571747779846 155 142 173 160
class 0.19408930838108063 168 143 186 160
class 0.2655579745769501 182 144 199 160
class 0.4889187216758728 194 142 212 160
class 0.2747260630130768 208 144 226 160
class 0.2014589011669159 233 141 247 160
class 0.31502193212509155 1 156 15 172
class 0.1440165638923645 23 158 40 173
class 0.18093670904636383 36 157 54 174
class 0.2861010730266571 50 156 68 173
class 0.45516133308410645 62 156 81 173
class 0.24528639018535614 77 155 96 173
class 0.22071492671966553 117 153 135 173
class 0.20019708573818207 130 155 148 174
class 0.5281792879104614 141 156 159 174
class 0.3363268971443176 155 156 172 173
class 0.2762715220451355 169 156 186 173
class 0.2696141302585602 182 155 199 173
class 0.3207184970378876 195 156 212 173
class 0.2059251368045807 207 156 225 172
class 0.40887346863746643 232 156 247 174
class 0.2960730195045471 1 171 15 186
class 0.13121828436851501 24 170 41 186
class 0.17887349426746368 36 169 54 186
class 0.21418502926826477 49 169 68 187
class 0.24410299956798553 63 169 80 187
class 0.16038861870765686 77 169 96 186
class 0.984104335308075 99 163 117 184
class 0.4667784869670868 117 169 136 187
class 0.14814524352550507 128 169 146 187
class 0.20971865952014923 141 169 159 186
class 0.35032954812049866 155 170 172 186
class 0.2552148401737213 169 169 186 186
class 0.19036167860031128 182 169 200 186
class 0.32365670800209045 194 170 212 187
class 0.16003312170505524 207 170 226 186
class 0.3852943480014801 233 168 247 186
class 0.3327704966068268 1 183 15 199
class 0.10271000862121582 11 183 27 199
class 0.36339306831359863 23 184 40 200
class 0.19570760428905487 37 182 54 200
class 0.3121859133243561 51 182 68 199
class 0.4908897578716278 63 182 81 199
class 0.21956227719783783 76 182 94 199
class 0.1722169816493988 88 183 108 199
class 0.11855261772871017 101 184 120 200
class 0.10561507195234299 115 182 133 199
class 0.26239943504333496 129 182 147 199
class 0.36147600412368774 142 183 160 200
class 0.5013810396194458 155 182 172 200
class 0.5077511668205261 169 183 186 200
class 0.321056991815567 182 183 199 200
class 0.4005342423915863 195 182 212 199
class 0.34591248631477356 207 184 225 200
class 0.148209348320961 220 184 236 199
class 0.19550290703773499 233 182 247 200
class 0.29260367155075073 1 198 15 213
class 0.3477151393890381 24 196 41 212
class 0.28621748089790344 37 196 54 213
class 0.4385565519332886 50 196 68 214
class 0.5077179670333862 63 196 80 213
class 0.3148510456085205 77 196 93 213
class 0.3183736205101013 89 195 107 213
class 0.3717546761035919 103 195 121 212
class 0.3636985421180725 116 196 133 212
class 0.4581221342086792 129 197 145 214
class 0.35487866401672363 142 196 159 213
class 0.4464171826839447 156 196 173 213
class 0.5053543448448181 169 195 186 213
class 0.36402976512908936 182 195 199 213
class 0.521575927734375 196 196 213 214
class 0.38905248045921326 207 196 225 213
class 0.16042929887771606 220 196 236 211
class 0.3151329457759857 233 195 247 213
class 0.4106854498386383 1 210 15 226
class 0.24312669038772583 25 209 40 225
class 0.28756555914878845 37 208 53 225
class 0.27454015612602234 50 209 67 226
class 0.31134700775146484 63 208 80 225
class 0.3216804265975952 77 209 94 225
class 0.2672286033630371 89 209 106 226
class 0.16132894158363342 102 209 119 226
class 0.16652338206768036 116 210 132 226
class 0.3361167907714844 129 209 145 226
class 0.3344435691833496 142 210 159 227
class 0.4016074240207672 155 209 172 227
class 0.3626965880393982 168 209 186 226
class 0.35420775413513184 182 209 199 227
class 0.48481565713882446 195 209 212 227
class 0.22593267261981964 208 209 225 226
class 0.1975952535867691 233 208 246 226
class 0.592436671257019 1 223 16 238
class 0.1624116599559784 25 223 40 238
class 0.13178636133670807 37 223 54 239
class 0.13236762583255768 50 223 67 239
class 0.10713012516498566 64 224 80 239
class 0.12303292006254196 77 223 93 239
class 0.19264498353004456 90 222 106 238
class 0.14144551753997803 103 222 119 237
class 0.4092361629009247 116 222 132 238
class 0.24861785769462585 129 222 146 238
class 0.24287459254264832 143 222 159 238
class 0.30306825041770935 155 222 171 238
class 0.15638278424739838 169 222 185 238
class 0.137615367770195 183 222 199 238
class 0.3705969452857971 196 222 213 238
class 0.30423039197921753 208 224 224 239
class 0.4241807162761688 232 222 247 240
class 0.7791759371757507 0 233 17 249
class 0.20294612646102905 10 232 28 248
class 0.4607829749584198 25 231 42 248
class 0.4908512532711029 36 230 55 248
class 0.5696933269500732 50 230 68 248
class 0.6880793571472168 63 230 81 248
class 0.5433587431907654 75 230 93 248
class 0.4952453076839447 90 231 108 248
class 0.368492990732193 101 232 120 249
class 0.5676330327987671 116 231 134 249
class 0.4567163586616516 129 231 147 248
class 0.5193846821784973 142 231 160 249
class 0.46634119749069214 155 231 174 248
class 0.5383899211883545 168 231 186 249
class 0.6212646961212158 182 232 200 249
class 0.6132878065109253 194 231 212 249
class 0.6059308052062988 207 230 225 248
class 0.2202429622411728 220 232 238 248
class 0.9039183855056763 232 232 248 249
