class 0.891649067401886 0 1 17 17
class 0.19683049619197845 23 2 44 16
class 0.8895869255065918 33 2 54 19
class 0.4799460172653198 48 4 68 18
class 0.5832855701446533 62 3 81 17
class 0.6034651398658752 75 4 94 18
class 0.6036137342453003 88 3 107 18
class 0.49358582496643066 101 4 120 18
class 0.6237642168998718 113 3 133 18
class 0.507745623588562 128 3 146 17
class 0.5283997058868408 141 3 160 17
class 0.4626377522945404 154 4 173 17
class 0.5675050020217896 166 3 186 18
class 0.5484721064567566 180 3 200 18
class 0.4835825264453888 193 3 212 18
class 0.35625651478767395 207 4 226 17
class 0.435053288936615 221 4 237 17
class 0.4859466850757599 232 3 248 18
class 0.15791365504264832 1 11 16 26
class 0.9703609943389893 12 9 31 26
class 0.6077457666397095 49 11 67 27
class 0.4393353760242462 62 11 79 27
class 0.5748326778411865 76 9 92 25
class 0.6052056550979614 88 10 105 26
class 0.5500984787940979 102 10 119 26
class 0.540527880191803 114 9 131 26
class 0.45774027705192566 128 10 145 25
class 0.535108745098114 141 9 158 25
class 0.5362268090248108 154 9 172 26
class 0.5878543257713318 167 9 185 26
class 0.49695876240730286 181 10 198 26
class 0.6244089007377625 194 10 212 26
class 0.37310394644737244 207 10 224 26
class 0.12625163793563843 220 9 235 24
class 0.18243983387947083 233 9 247 27
class 0.3423773944377899 1 26 16 40
class 0.4233485758304596 35 25 53 42
class 0.41127756237983704 50 24 67 40
class 0.33373895287513733 62 25 79 41
class 0.13712085783481598 74 25 92 41
class 0.127513125538826 89 25 106 40
class 0.1921973079442978 102 26 119 41
class 0.26369884610176086 114 26 131 41
class 0.2788923382759094 128 26 145 41
class 0.3063216805458069 142 26 159 41
class 0.2282894104719162 153 26 171 41
class 0.5080627799034119 167 26 185 42
class 0.3377756178379059 180 26 198 42
class 0.2693464159965515 194 25 213 41
class 0.15684299170970917 206 25 225 41
class 0.19941692054271698 233 23 247 41
class 0.3408965766429901 1 39 15 54
class 0.2751411497592926 21 37 40 53
class 0.26933416724205017 36 37 54 54
class 0.29046449065208435 49 38 67 55
class 0.3967570662498474 63 38 80 55
class 0.3761098086833954 76 38 93 55
class 0.17997311055660248 89 37 106 54
class 0.23489581048488617 102 37 119 54
class 0.3240061402320862 115 38 132 55
class 0.3459453284740448 128 38 145 54
class 0.38553810119628906 142 37 159 54
class 0.45107877254486084 154 38 172 55
class 0.43724942207336426 168 37 186 55
class 0.40521639585494995 180 38 199 55
class 0.41383522748947144 194 39 213 55
class 0.2885533571243286 207 39 226 54
class 0.1865105777978897 233 37 247 54
class 0.36402377486228943 1 52 16 67
class 0.18281503021717072 23 52 40 67
class 0.22442315518856049 37 51 54 68
class 0.40818294882774353 50 49 67 67
class 0.43078893423080444 63 50 80 68
class 0.3688298761844635 77 49 94 68
class 0.18130873143672943 88 50 106 70
class 0.13325949013233185 102 50 119 68
class 0.31087127327919006 116 50 133 68
class 0.23592180013656616 129 50 145 67
class 0.2847513258457184 142 50 159 67
class 0.2856035828590393 155 50 172 67
class 0.3313789963722229 169 50 186 68
class 0.36581000685691833 181 51 199 68
class 0.4096579849720001 195 51 212 68
class 0.30722635984420776 207 52 226 67
class 0.16744501888751984 233 51 247 68
class 0.6087654829025269 1 65 16 81
class 0.11620724201202393 10 66 26 80
class 0.41975900530815125 23 65 39 81
class 0.21472463011741638 36 64 53 82
class 0.15494269132614136 49 62 68 81
class 0.3401862382888794 89 60 107 82
class 0.1587783694267273 102 63 120 83
class 0.1931643933057785 116 63 133 82
class 0.19669370353221893 129 64 146 82
class 0.23059344291687012 142 64 159 82
class 0.26025286316871643 155 64 172 82
class 0.3388822078704834 169 64 187 82
class 0.28416234254837036 181 64 200 81
class 0.48736703395843506 195 63 213 81
class 0.28659358620643616 206 64 225 80
class 0.24302230775356293 233 62 247 81
class 0.3679947257041931 1 78 16 93
class 0.20966684818267822 23 78 39 93
class 0.9903888702392578 68 74 85 93
class 0.35806941986083984 89 76 109 97
class 0.21124447882175446 103 75 122 95
class 0.26943954825401306 115 76 134 97
class 0.1589619368314743 128 75 147 95
class 0.2947944402694702 142 76 160 95
class 0.42611387372016907 155 77 173 95
class 0.3793788552284241 169 77 187 95
class 0.288433700799942 181 77 199 95
class 0.2952040135860443 194 77 213 95
class 0.1723993718624115 207 77 226 93
class 0.2857428789138794 233 76 247 94
class 0.3152245283126831 1 92 15 107
class 0.15633641183376312 24 91 40 107
class 0.1723397821187973 35 90 53 107
class 0.12229174375534058 60 91 80 108
class 0.18002787232398987 117 87 135 108
class 0.1447223573923111 142 90 160 108
class 0.31491005420684814 155 90 173 108
class 0.3693962097167969 169 90 186 108
class 0.29032713174819946 181 90 200 107
class 0.25918006896972656 195 90 213 108
class 0.20465536415576935 208 91 226 107
class 0.26478418707847595 220 92 236 108
class 0.2996236979961395 233 89 247 107
class 0.4350332021713257 1 105 15 120
class 0.11287669837474823 35 104 52 122
class 0.10594724863767624 50 104 68 121
class 0.26317688822746277 61 103 80 121
class 0.19879023730754852 77 102 96 119
class 0.9809502363204956 99 98 117 118
class 0.348758727312088 117 103 136 122
class 0.19324862957000732 129 103 147 122
class 0.4216444790363312 142 104 159 121
class 0.3920966386795044 155 104 173 121
class 0.3334465026855469 168 103 186 121
class 0.24296924471855164 181 104 199 121
class 0.5031185746192932 196 103 213 121
class 0.21998439729213715 207 104 225 120
class 0.16691793501377106 221 104 237 119
class 0.3395795524120331 233 103 247 122
class 0.44210726022720337 1 117 16 133
class 0.16309285163879395 23 118 40 133
class 0.369491308927536 37 116 54 133
class 0.35866230726242065 49 116 66 134
class 0.44440335035324097 63 117 80 134
class 0.23701849579811096 88 117 108 134
class 0.5021363496780396 100 119 119 135
class 0.11429250240325928 113 115 133 133
class 0.18088434636592865 128 116 147 134
class 0.436771959066391 142 116 160 134
class 0.4238182008266449 155 116 173 133
class 0.27159711718559265 168 115 186 133
class 0.23507648706436157 181 116 199 134
class 0.39186909794807434 195 117 212 134
class 0.2649519145488739 208 117 225 133
class 0.2335614562034607 233 114 247 133
class 0.19006845355033875 1 130 15 146
class 0.11452247202396393 23 131 39 146
class 0.21742509305477142 37 130 54 147
class 0.29647088050842285 50 130 67 147
class 0.35145139694213867 63 130 80 147
class 0.155485138297081 76 131 93 147
class 0.10118687152862549 89 129 107 147
class 0.17727452516555786 101 128 120 146
class 0.2303544133901596 114 129 133 147
class 0.21779151260852814 128 130 146 147
class 0.2927323281764984 142 129 160 147
class 0.32967332005500793 155 129 173 147
class 0.19576700031757355 168 130 186 147
class 0.1779143065214157 181 129 199 147
class 0.3270701467990875 194 130 212 147
class 0.1560840606689453 208 131 226 146
class 0.23970361053943634 233 129 247 147
class 0.22443439066410065 1 144 15 160
class 0.1870971918106079 24 144 40 159
class 0.25599706172943115 36 143 53 160
class 0.3465258479118347 51 143 68 160
class 0.4030819237232208 63 143 80 160
class 0.387741357088089 76 142 93 160
class 0.330700546503067 89 143 107 160
class 0.2068338841199875 102 144 120 161
class 0.23095421493053436 115 143 133 160
class 0.4426707327365875 128 143 146 161
class 0.3766351640224457 142 143 160 160
class 0.48092082142829895 155 143 173 161
class 0.33196720480918884 168 143 186 160
class 0.321247398853302 181 143 199 160
class 0.404880166053772 194 143 212 160
class 0.2583317160606384 208 143 225 159
class 0.18392091989517212 220 144 236 159
class 0.22062470018863678 234 142 247 160
class 0.5831388831138611 1 158 16 173
class 0.19874222576618195 23 157 40 172
class 0.24011000990867615 36 157 54 173
class 0.29898056387901306 50 156 67 172
class 0.33602195978164673 63 156 80 173
class 0.24115733802318573 77 156 94 173
class 0.3771064281463623 89 155 107 173
class 0.4201740622520447 103 155 120 173
class 0.36863088607788086 115 156 133 173
class 0.40839630365371704 129 155 147 173
class 0.3031107783317566 142 156 160 173
class 0.2634374797344208 155 155 173 173
class 0.2565510869026184 167 155 187 174
class 0.26428717374801636 181 155 200 173
class 0.181394562125206 194 156 213 173
class 0.24468709528446198 233 155 247 173
class 0.3937830328941345 2 170 15 185
class 0.11268999427556992 24 170 40 185
class 0.2568933963775635 36 169 54 186
class 0.34963345527648926 51 170 68 186
class 0.46694597601890564 63 170 80 186
class 0.37058988213539124 76 170 93 187
class 0.26848214864730835 89 170 107 187
class 0.34308817982673645 103 170 120 186
class 0.37332630157470703 116 169 134 186
class 0.3866499364376068 129 169 147 186
class 0.4460706412792206 142 169 161 187
class 0.3559308648109436 155 169 174 186
class 0.2932650148868561 167 169 187 186
class 0.22642891108989716 181 169 200 186
class 0.41277965903282166 195 170 213 186
class 0.22129766643047333 207 171 225 186
class 0.22714760899543762 233 169 247 187
class 0.5251255035400391 2 183 15 199
class 0.2120928019285202 24 183 41 199
class 0.32881057262420654 37 183 54 199
class 0.5010269284248352 50 182 67 199
class 0.41044723987579346 64 183 81 199
class 0.5089852213859558 76 182 94 199
class 0.5188125371932983 90 182 107 199
class 0.44375374913215637 103 182 120 199
class 0.3819241523742676 116 183 133 200
class 0.4343152642250061 129 182 147 200
class 0.5374993681907654 142 182 160 200
class 0.4428294599056244 155 182 174 200
class 0.41557425260543823 169 182 188 200
class 0.40145766735076904 181 182 200 200
class 0.5463818907737732 195 183 213 200
class 0.31687670946121216 207 183 225 200
class 0.2314184606075287 233 182 247 200
class 0.5108336806297302 1 196 15 212
class 0.24628113210201263 24 196 39 212
class 0.26897335052490234 38 196 54 213
class 0.46444791555404663 50 196 67 213
class 0.5032020211219788 63 196 81 213
class 0.47712719440460205 76 196 94 213
class 0.4452047646045685 90 197 107 214
class 0.4930342435836792 103 196 120 213
class 0.519048273563385 116 196 133 214
class 0.44629767537117004 130 196 147 213
class 0.5253881216049194 142 196 160 213
class 0.5776335000991821 156 195 174 214
class 0.5471883416175842 168 195 187 214
class 0.45514121651649475 182 195 200 214
class 0.4129096567630768 194 195 213 214
class 0.540813148021698 207 196 227 213
class 0.21868890523910522 219 198 236 214
class 0.47797757387161255 232 195 248 214
class 0.36033764481544495 1 209 15 225
class 0.2976067364215851 25 209 40 225
class 0.4580090343952179 38 209 53 226
class 0.3582879900932312 51 209 67 226
class 0.3647466003894806 63 209 80 226
class 0.3602699339389801 77 209 94 226
class 0.366186261177063 90 208 107 226
class 0.2933524549007416 103 209 120 226
class 0.39958444237709045 117 209 134 226
class 0.5576047897338867 130 209 147 227
class 0.4960777163505554 142 208 160 226
class 0.5598610639572144 155 209 174 227
class 0.5602434873580933 168 208 187 227
class 0.2889843285083771 181 209 200 227
class 0.4213988184928894 196 209 215 227
class 0.7093549966812134 206 209 225 227
class 0.2122192084789276 220 208 237 223
class 0.38927778601646423 232 208 248 226
class 0.7659247517585754 1 224 16 239
class 0.10260772705078125 25 222 39 237
class 0.1894264966249466 38 222 54 238
class 0.17791761457920074 51 222 67 238
class 0.24228912591934204 64 222 80 238
class 0.286446213722229 77 222 93 238
class 0.27470049262046814 90 222 107 238
class 0.26633280515670776 104 222 121 238
class 0.20651347935199738 116 223 133 239
class 0.24319277703762054 129 222 146 239
class 0.16718235611915588 142 223 160 239
class 0.17316934466362 155 222 172 239
class 0.23654282093048096 207 222 226 236
class 0.9882603883743286 216 224 237 243
class 0.1969497799873352 233 222 249 238
class 0.8727368712425232 1 232 17 249
class 0.15571635961532593 9 232 26 248
class 0.4290732145309448 25 232 41 248
class 0.4020099639892578 36 231 54 248
class 0.35145920515060425 50 232 69 248
class 0.49974292516708374 63 232 81 249
class 0.4930269420146942 76 231 95 248
class 0.5432477593421936 89 231 108 249
class 0.5324094891548157 103 231 121 248
class 0.5742707252502441 115 230 134 248
class 0.6072468161582947 128 231 147 249
class 0.5465718507766724 141 231 160 249
class 0.30250751972198486 155 232 174 248
class 0.39186230301856995 169 232 189 249
class 0.9894609451293945 184 230 203 247
class 0.459836483001709 202 233 225 249
class 0.804755687713623 233 234 249 249
