class 0.8456202745437622 0 2 16 17
class 0.4966370761394501 10 4 27 17
class 0.4046713411808014 21 4 40 18
class 0.38007766008377075 35 4 55 18
class 0.388915091753006 48 3 67 18
class 0.4620133638381958 62 4 81 17
class 0.553381621837616 74 3 93 18
class 0.5429961085319519 89 4 107 17
class 0.5200920104980469 101 3 120 18
class 0.5548306703567505 114 3 134 18
class 0.4913337826728821 127 4 146 17
class 0.5354933142662048 141 4 160 18
class 0.5408584475517273 153 4 172 18
class 0.6718109846115112 167 3 186 18
class 0.39322277903556824 180 4 199 18
class 0.563742995262146 193 3 212 18
class 0.5252191424369812 207 4 226 18
class 0.3120070695877075 221 4 237 17
class 0.8520605564117432 232 2 249 18
class 0.2772561013698578 1 10 15 26
class 0.13104283809661865 10 10 25 25
class 0.28058239817619324 23 10 40 25
class 0.38119712471961975 35 9 53 25
class 0.41071102023124695 48 9 66 26
class 0.557474672794342 62 10 79 26
class 0.5354567766189575 75 9 92 25
class 0.46937474608421326 89 9 106 25
class 0.4338436424732208 102 9 119 25
class 0.5055789947509766 115 10 132 26
class 0.500648021697998 127 10 145 25
class 0.46980610489845276 141 9 158 25
class 0.4659379720687866 154 9 172 26
class 0.47736069560050964 168 9 185 26
class 0.3335379362106323 181 9 198 25
class 0.6137584447860718 193 9 211 26
class 0.5040901303291321 208 9 225 26
class 0.1764979213476181 233 8 247 26
class 0.21393318474292755 1 27 15 41
class 0.13792279362678528 22 27 39 41
class 0.19563956558704376 35 26 54 41
class 0.21343916654586792 48 26 67 41
class 0.20330387353897095 61 26 80 41
class 0.21051324903964996 75 26 93 41
class 0.19035571813583374 87 26 105 42
class 0.23182977735996246 101 26 120 41
class 0.36339491605758667 114 25 132 41
class 0.25313201546669006 127 25 145 41
class 0.19986310601234436 141 26 159 42
class 0.24947036802768707 154 26 172 42
class 0.16233697533607483 167 26 185 42
class 0.20070137083530426 194 25 212 41
class 0.15518143773078918 207 25 225 40
class 0.10750608146190643 221 25 236 40
class 0.3840940296649933 233 22 247 41
class 0.2887575328350067 1 39 15 54
class 0.18117684125900269 22 38 40 54
class 0.24454212188720703 35 38 54 54
class 0.3099375367164612 49 37 68 54
class 0.3746665418148041 62 37 81 55
class 0.2541884183883667 75 37 93 54
class 0.2766016125679016 88 37 106 54
class 0.3695513904094696 102 37 120 54
class 0.3208051919937134 115 38 133 55
class 0.4610063433647156 128 38 146 55
class 0.45783185958862305 142 37 159 55
class 0.505043089389801 154 37 172 55
class 0.47383737564086914 168 37 186 55
class 0.7668050527572632 182 38 199 56
class 0.6470637917518616 194 37 212 55
class 0.18002471327781677 206 38 225 54
class 0.3307676315307617 233 37 247 55
class 0.2962381839752197 1 52 16 67
class 0.19918589293956757 23 51 40 67
class 0.26247286796569824 36 51 54 68
class 0.23646055161952972 49 50 67 68
class 0.2979048192501068 63 50 80 69
class 0.26731568574905396 76 50 94 69
class 0.33849865198135376 89 51 106 69
class 0.3623756468296051 102 51 119 68
class 0.3804074227809906 116 50 133 68
class 0.4749569892883301 129 50 146 67
class 0.34002429246902466 142 51 159 68
class 0.3372485339641571 155 50 172 68
class 0.2862887382507324 169 50 187 67
class 0.35720691084861755 233 49 247 68
class 0.29013141989707947 1 65 15 80
class 0.15026406943798065 23 64 41 80
class 0.250501811504364 36 63 55 81
class 0.3771129846572876 50 63 69 82
class 0.5873157978057861 63 63 81 83
class 0.22698447108268738 76 62 94 83
class 0.2784450650215149 89 63 108 82
class 0.24186041951179504 102 63 120 81
class 0.31497102975845337 116 63 133 81
class 0.3101660907268524 129 63 146 80
class 0.3625941276550293 143 63 160 80
class 0.4856733977794647 155 64 172 81
class 0.19828952848911285 170 63 188 80
class 0.9955819249153137 192 59 209 80
class 0.23177380859851837 233 63 247 81
class 0.3207830488681793 1 78 15 94
class 0.19155071675777435 23 78 41 94
class 0.1298193633556366 36 77 56 95
class 0.14331801235675812 77 74 96 96
class 0.2854667603969574 90 74 108 95
class 0.21877701580524445 102 76 120 94
class 0.40005385875701904 116 76 133 94
class 0.33375534415245056 129 77 146 95
class 0.3798561096191406 143 77 160 94
class 0.6025351881980896 155 76 172 94
class 0.22606196999549866 168 77 186 93
class 0.2588300108909607 193 79 212 96
class 0.2713977098464966 233 76 247 94
class 0.21878045797348022 1 91 15 107
class 0.29780951142311096 23 91 41 107
class 0.17740873992443085 38 90 56 107
class 0.9960466027259827 59 87 78 108
class 0.3420248329639435 78 89 98 109
class 0.13538247346878052 88 90 107 110
class 0.17295928299427032 102 90 121 109
class 0.2263886034488678 116 89 133 107
class 0.45072007179260254 129 90 146 108
class 0.5186167359352112 142 90 159 107
class 0.4770725965499878 156 90 173 107
class 0.20835451781749725 168 90 185 107
class 0.12979699671268463 181 90 200 107
class 0.25088217854499817 194 90 213 106
class 0.1194714903831482 207 91 225 106
class 0.22063489258289337 233 89 247 108
class 0.2042606621980667 1 105 15 120
class 0.17631469666957855 22 104 40 120
class 0.3497321307659149 76 102 96 121
class 0.15580374002456665 88 101 108 121
class 0.2660152018070221 101 102 120 122
class 0.3143775761127472 116 104 134 122
class 0.4028690755367279 128 103 146 121
class 0.4460467994213104 142 104 159 121
class 0.37477269768714905 155 104 173 120
class 0.26764553785324097 167 103 185 121
class 0.115132637321949 182 104 200 121
class 0.44584235548973083 195 104 213 120
class 0.3497852683067322 207 104 224 120
class 0.18825067579746246 233 101 247 120
class 0.28763073682785034 1 118 15 133
class 0.2510228753089905 22 117 40 133
class 0.14044728875160217 36 117 54 135
class 0.12300366908311844 50 116 69 134
class 0.35015997290611267 61 114 82 133
class 0.23451685905456543 102 115 120 134
class 0.25439178943634033 116 116 133 134
class 0.3070966303348541 129 117 146 134
class 0.3484727144241333 142 116 159 133
class 0.4992523789405823 156 117 173 134
class 0.41044238209724426 169 117 186 134
class 0.19399787485599518 182 117 199 134
class 0.3247401714324951 194 117 211 134
class 0.2821175754070282 208 118 225 133
class 0.17522194981575012 233 116 247 134
class 0.3206327259540558 1 131 16 147
class 0.19992953538894653 37 130 55 147
class 0.33424755930900574 49 130 67 147
class 0.2466002255678177 64 129 82 147
class 0.9860631823539734 84 125 102 145
class 0.2373809665441513 103 127 122 146
class 0.17533071339130402 115 129 133 147
class 0.3861314654350281 129 130 146 147
class 0.46821898221969604 142 130 159 148
class 0.4134323298931122 156 130 172 147
class 0.4281563460826874 168 130 185 148
class 0.1760745346546173 182 129 199 147
class 0.3001759946346283 195 130 212 148
class 0.2970862090587616 207 130 225 146
class 0.22706133127212524 233 129 247 148
class 0.2698901891708374 2 144 16 160
class 0.133224219083786 23 145 40 160
class 0.23774129152297974 36 144 54 161
class 0.31824201345443726 49 143 67 160
class 0.14160814881324768 64 142 82 158
class 0.1981072872877121 74 145 93 161
class 0.21875354647636414 87 145 106 162
class 0.1250491887331009 116 143 134 161
class 0.3246769905090332 128 143 146 161
class 0.24084694683551788 141 142 160 161
class 0.2599007189273834 155 142 173 161
class 0.22140690684318542 167 142 185 161
class 0.11420878022909164 181 143 199 161
class 0.22670908272266388 195 143 213 161
class 0.22671997547149658 208 144 225 160
class 0.116658054292202 220 144 236 160
class 0.19786588847637177 233 142 247 160
class 0.3770175278186798 1 157 16 173
class 0.21045838296413422 24 156 40 172
class 0.4217905104160309 36 156 54 173
class 0.2816397547721863 49 155 67 172
class 0.1416296660900116 62 156 81 173
class 0.1746256798505783 76 155 95 172
class 0.3479894995689392 88 155 106 172
class 0.27250656485557556 102 157 120 173
class 0.3400372862815857 116 156 134 174
class 0.5385482907295227 128 156 146 173
class 0.3876836597919464 142 155 161 173
class 0.11825469136238098 153 153 172 174
class 0.3398583233356476 181 155 199 175
class 0.3837687373161316 196 156 213 174
class 0.23647265136241913 207 157 226 173
class 0.14848478138446808 220 157 236 172
class 0.20836304128170013 233 155 247 173
class 0.17633605003356934 1 171 15 186
class 0.20982575416564941 24 170 41 186
class 0.30469831824302673 37 169 54 186
class 0.29530027508735657 50 170 67 187
class 0.20036634802818298 64 169 81 186
class 0.22862456738948822 76 169 93 186
class 0.3380129635334015 90 169 107 186
class 0.3376198709011078 102 169 120 186
class 0.31720981001853943 116 169 133 186
class 0.4671826660633087 129 169 146 186
class 0.352572500705719 142 170 161 186
class 0.9927880764007568 164 169 183 190
class 0.15035410225391388 183 166 201 185
class 0.2476944625377655 196 169 213 186
class 0.27698808908462524 207 170 225 186
class 0.29433107376098633 233 169 247 187
class 0.7061007618904114 1 184 16 200
class 0.36149340867996216 24 183 41 199
class 0.430990070104599 37 183 54 200
class 0.4456886649131775 50 182 67 199
class 0.41473567485809326 63 183 80 200
class 0.28540754318237305 77 183 93 200
class 0.306566447019577 90 183 107 199
class 0.4113563597202301 103 183 120 199
class 0.4577983617782593 116 182 133 199
class 0.5145487785339355 129 182 147 199
class 0.6307479739189148 143 181 161 199
class 0.45001086592674255 195 183 212 200
class 0.35049232840538025 208 182 225 198
class 0.320081502199173 233 181 247 199
class 0.4838944375514984 1 196 16 212
class 0.16078633069992065 11 196 26 211
class 0.2654357850551605 24 197 40 213
class 0.34805503487586975 35 195 54 213
class 0.36748212575912476 50 197 69 215
class 0.3689703047275543 63 197 80 215
class 0.37229421734809875 76 196 94 214
class 0.4140537977218628 90 196 107 214
class 0.5025548338890076 102 196 120 214
class 0.403706431388855 116 195 133 213
class 0.4106057286262512 129 195 147 213
class 0.3650514781475067 142 195 160 213
class 0.45781800150871277 156 195 174 212
class 0.5698708891868591 168 196 186 213
class 0.47568103671073914 180 196 199 213
class 0.46496158838272095 194 197 212 214
class 0.4670262634754181 207 198 225 213
class 0.26035308837890625 220 197 236 212
class 0.43214717507362366 233 196 247 214
class 0.4196501076221466 1 209 15 226
class 0.1744346022605896 12 209 27 225
class 0.28565651178359985 23 210 40 226
class 0.2056039273738861 64 206 83 226
class 0.30754485726356506 76 208 94 227
class 0.3272847533226013 90 208 107 226
class 0.3738665282726288 103 208 120 225
class 0.46804574131965637 116 209 134 227
class 0.31300148367881775 129 209 146 227
class 0.2898491621017456 142 209 159 226
class 0.2090720385313034 156 209 173 226
class 0.2521863281726837 168 209 185 226
class 0.1911160796880722 181 208 198 225
class 0.29061582684516907 195 209 212 226
class 0.32166019082069397 207 210 224 225
class 0.1424238085746765 221 210 235 225
class 0.19827529788017273 233 208 247 226
class 0.652574360370636 1 224 16 239
class 0.9973034858703613 54 224 73 242
class 0.13905441761016846 104 223 120 238
class 0.1562643051147461 116 222 133 238
class 0.1779908984899521 130 222 147 238
class 0.2662593126296997 143 222 160 238
class 0.17613813281059265 155 222 172 238
class 0.22298236191272736 169 223 186 238
class 0.2546418011188507 182 223 198 239
class 0.3168557584285736 196 223 212 239
class 0.4523872137069702 208 224 224 239
class 0.1780882626771927 220 223 235 238
class 0.36456263065338135 232 223 247 240
class 0.8074206709861755 0 232 17 249
class 0.12785497307777405 9 232 27 248
class 0.3626905679702759 75 232 95 249
class 0.5635094046592712 89 230 109 248
class 0.3742469549179077 102 231 121 248
class 0.587530255317688 116 232 135 249
class 0.548305869102478 129 231 147 248
class 0.5755415558815002 142 231 160 248
class 0.5080722570419312 155 231 173 248
class 0.6072078943252563 168 231 186 248
class 0.514382541179657 181 231 200 248
class 0.5883347988128662 195 231 213 248
class 0.49321630597114563 206 230 225 248
class 0.2618861794471741 220 231 239 248
class 0.8733124136924744 232 232 249 249
