class 0.7789100408554077 1 3 17 18
class 0.35639795660972595 8 4 25 18
class 0.3785373270511627 22 4 40 18
class 0.441305011510849 35 4 54 18
class 0.4280933439731598 48 3 67 17
class 0.48964810371398926 62 3 81 18
class 0.40764591097831726 75 4 94 18
class 0.42551305890083313 88 3 107 18
class 0.3863610029220581 101 4 120 17
class 0.6047082543373108 115 4 133 18
class 0.37522968649864197 127 4 145 18
class 0.34390807151794434 141 4 160 18
class 0.5258938074111938 153 3 173 18
class 0.6395177245140076 168 3 187 18
class 0.6250492930412292 180 3 199 18
class 0.6249936819076538 194 4 212 18
class 0.5563511252403259 206 3 225 18
class 0.4030979871749878 221 3 237 17
class 0.7081815004348755 232 2 249 18
class 0.7385509610176086 1 9 16 26
class 0.35668301582336426 23 10 39 25
class 0.48193222284317017 35 9 53 25
class 0.4958794116973877 49 9 66 25
class 0.6485245823860168 62 9 80 26
class 0.48756349086761475 75 9 93 25
class 0.4839785397052765 88 9 105 26
class 0.5260463953018188 101 10 119 26
class 0.5441556572914124 115 9 132 25
class 0.5222968459129333 128 10 145 26
class 0.5993502736091614 141 9 158 26
class 0.5138064026832581 154 9 171 26
class 0.45041462779045105 167 9 185 26
class 0.33788084983825684 207 9 224 25
class 0.22299756109714508 233 8 247 26
class 0.16365477442741394 1 26 15 40
class 0.1876254677772522 35 25 53 41
class 0.2447362095117569 49 26 67 41
class 0.22547419369220734 62 25 79 41
class 0.16622433066368103 75 26 93 41
class 0.13232876360416412 88 25 105 40
class 0.14778408408164978 102 25 118 40
class 0.23767375946044922 116 26 133 40
class 0.2636437714099884 128 25 144 40
class 0.17053472995758057 141 25 158 41
class 0.3009941577911377 155 26 172 41
class 0.303503155708313 167 25 185 41
class 0.19520966708660126 180 26 198 42
class 0.21998390555381775 193 25 212 42
class 0.12052533775568008 207 25 225 40
class 0.23205269873142242 233 23 247 42
class 0.29806333780288696 1 39 15 54
class 0.11420868337154388 22 40 40 55
class 0.2866387665271759 36 39 54 55
class 0.3910733163356781 50 39 67 55
class 0.39710527658462524 62 38 79 55
class 0.4319443106651306 75 38 92 54
class 0.2513742744922638 88 39 105 55
class 0.3977870047092438 102 39 119 56
class 0.34008046984672546 116 38 132 54
class 0.33853578567504883 128 38 145 55
class 0.3740769922733307 141 38 158 55
class 0.32658278942108154 155 38 171 54
class 0.2635740637779236 168 38 185 54
class 0.22495566308498383 181 38 198 55
class 0.2848135232925415 195 38 212 54
class 0.22763265669345856 206 39 225 54
class 0.25102412700653076 233 36 247 55
class 0.44858360290527344 1 52 16 67
class 0.1631152331829071 23 51 40 67
class 0.22020205855369568 36 50 54 67
class 0.34473446011543274 50 50 67 67
class 0.36355993151664734 62 50 79 67
class 0.20891176164150238 75 50 93 68
class 0.22369727492332458 90 50 106 67
class 0.3878178894519806 102 49 119 67
class 0.3455200493335724 115 50 132 68
class 0.25877735018730164 129 49 145 67
class 0.3353187143802643 142 50 159 68
class 0.4340423345565796 156 50 172 67
class 0.361649751663208 168 50 184 67
class 0.306736558675766 182 51 199 68
class 0.5007826089859009 195 52 212 69
class 0.3033899962902069 206 52 224 67
class 0.273053377866745 233 50 247 68
class 0.3500473201274872 1 65 16 80
class 0.13144882023334503 24 65 40 81
class 0.19038735330104828 36 64 54 81
class 0.3084770739078522 50 63 68 81
class 0.2572559118270874 63 62 80 81
class 0.2605673372745514 77 63 94 81
class 0.17966149747371674 89 63 106 81
class 0.2505140006542206 103 64 120 82
class 0.24021625518798828 115 64 132 81
class 0.24923719465732574 129 64 146 81
class 0.2095489501953125 142 64 159 81
class 0.29291048645973206 156 64 173 81
class 0.28816279768943787 168 64 185 81
class 0.2325519323348999 182 64 199 81
class 0.4399176239967346 195 63 213 80
class 0.24879799783229828 207 64 226 80
class 0.14731226861476898 233 62 247 80
class 0.28343772888183594 1 78 16 93
class 0.15098607540130615 24 78 40 94
class 0.22726291418075562 36 77 54 94
class 0.2670033574104309 50 77 67 95
class 0.34450429677963257 64 77 81 95
class 0.34097564220428467 76 77 93 95
class 0.23680905997753143 89 77 106 95
class 0.2597372233867645 103 77 120 95
class 0.33734098076820374 115 77 132 95
class 0.2780011296272278 128 77 146 95
class 0.3986179530620575 142 78 159 96
class 0.36010652780532837 155 78 173 95
class 0.25721681118011475 168 77 186 94
class 0.23382332921028137 181 77 199 95
class 0.22675015032291412 195 77 213 94
class 0.2255273461341858 233 77 247 95
class 0.19760192930698395 1 92 15 107
class 0.15145009756088257 23 91 40 107
class 0.23418553173542023 36 91 54 108
class 0.22294111549854279 50 89 68 108
class 0.24247132241725922 63 88 81 107
class 0.16439557075500488 75 89 94 109
class 0.1638077199459076 89 89 107 110
class 0.1731995791196823 103 89 120 109
class 0.16527900099754333 115 89 132 108
class 0.19787617027759552 129 90 147 108
class 0.5035001635551453 141 89 159 108
class 0.36598312854766846 155 90 173 107
class 0.2659056484699249 168 90 186 108
class 0.27471140027046204 182 90 199 108
class 0.25342419743537903 194 91 212 108
class 0.15549668669700623 208 91 226 107
class 0.34413623809814453 233 89 247 107
class 0.4235246181488037 1 104 16 120
class 0.13950733840465546 24 103 41 119
class 0.17250587046146393 36 102 54 120
class 0.19150061905384064 49 102 68 121
class 0.17503590881824493 90 100 109 121
class 0.23822765052318573 101 101 120 123
class 0.2322080135345459 128 103 146 122
class 0.2018345147371292 143 102 160 120
class 0.5753660798072815 155 104 173 121
class 0.3570781648159027 168 103 186 121
class 0.3208325207233429 182 103 199 120
class 0.4264163672924042 194 103 213 121
class 0.12005221098661423 208 103 226 120
class 0.16944588720798492 233 102 247 120
class 0.19823472201824188 1 118 16 133
class 0.17264732718467712 36 117 54 134
class 0.13533708453178406 48 116 67 133
class 0.9954789876937866 80 117 99 136
class 0.15837718546390533 101 113 120 135
class 0.18075260519981384 116 114 135 135
class 0.265564888715744 128 115 146 135
class 0.2252972275018692 141 117 160 135
class 0.287516713142395 155 115 173 133
class 0.2736811339855194 168 117 186 134
class 0.16351503133773804 181 116 199 134
class 0.25455519556999207 195 117 213 134
class 0.16690261662006378 233 115 247 133
class 0.4045885503292084 1 131 15 146
class 0.22746099531650543 24 131 40 147
class 0.2573315501213074 36 130 53 147
class 0.1426496058702469 49 129 67 147
class 0.2456122487783432 129 128 146 148
class 0.22440622746944427 141 129 159 147
class 0.2683318257331848 156 130 173 147
class 0.3396117389202118 169 129 186 147
class 0.3704136312007904 182 130 199 147
class 0.4140809178352356 194 130 212 147
class 0.18611112236976624 207 130 225 147
class 0.2178647816181183 233 129 247 147
class 0.4063176214694977 1 144 15 160
class 0.21785825490951538 24 144 40 159
class 0.3794819712638855 37 143 54 160
class 0.20541492104530334 49 144 67 161
class 0.1183963194489479 64 144 81 160
class 0.2396925985813141 75 142 94 159
class 0.10786652565002441 87 142 106 160
class 0.9894067049026489 106 138 123 156
class 0.14044463634490967 128 142 147 160
class 0.3665488362312317 142 144 160 161
class 0.37769705057144165 155 143 172 161
class 0.25946587324142456 168 143 186 161
class 0.36474618315696716 182 142 199 160
class 0.385541707277298 194 142 212 160
class 0.24396751821041107 208 143 226 159
class 0.24399209022521973 233 142 247 160
class 0.4484691023826599 1 157 15 173
class 0.20886321365833282 24 157 40 172
class 0.22873200476169586 37 156 54 173
class 0.2612316310405731 51 155 68 172
class 0.46285480260849 62 156 80 173
class 0.1665634959936142 75 156 93 173
class 0.15170761942863464 101 158 119 173
class 0.21902287006378174 114 158 133 174
class 0.22976621985435486 128 156 146 173
class 0.2949385344982147 142 156 159 172
class 0.36976903676986694 155 156 173 173
class 0.3071697950363159 168 157 186 174
class 0.22015565633773804 181 156 199 174
class 0.20097191631793976 195 156 213 173
class 0.2214973419904709 207 157 226 173
class 0.19925247132778168 233 155 247 173
class 0.2982812523841858 2 170 16 186
class 0.2922338843345642 23 170 41 185
class 0.18880897760391235 36 171 55 188
class 0.23390784859657288 50 170 68 187
class 0.22308535873889923 63 169 80 186
class 0.14372983574867249 76 169 94 186
class 0.13477931916713715 89 170 107 186
class 0.1417464017868042 101 169 120 186
class 0.18988721072673798 115 168 133 185
class 0.23059849441051483 129 169 146 186
class 0.32834210991859436 142 170 160 186
class 0.4082310199737549 155 170 172 186
class 0.46555739641189575 168 169 186 186
class 0.4493796229362488 181 169 199 186
class 0.24279829859733582 194 170 213 187
class 0.14013226330280304 207 169 225 185
class 0.14594228565692902 233 169 247 186
class 0.6099236011505127 1 183 16 199
class 0.11888235807418823 10 182 27 198
class 0.3130047619342804 49 182 68 201
class 0.39788711071014404 63 182 81 201
class 0.46174103021621704 76 183 94 201
class 0.4216570258140564 89 183 106 200
class 0.33834579586982727 103 183 120 200
class 0.41193848848342896 116 184 133 200
class 0.3524761199951172 129 183 146 200
class 0.40313419699668884 142 183 160 199
class 0.437881737947464 155 183 173 200
class 0.3140159547328949 168 182 185 199
class 0.24125894904136658 182 183 199 200
class 0.3743968904018402 195 182 213 199
class 0.289469450712204 207 184 225 200
class 0.3623294532299042 232 182 247 200
class 0.591568648815155 1 196 16 212
class 0.9950239658355713 33 195 51 216
class 0.2100924551486969 51 190 70 211
class 0.30939194560050964 63 194 82 214
class 0.4426605999469757 76 195 94 213
class 0.4058491587638855 89 196 107 213
class 0.4331342577934265 103 196 120 213
class 0.49262428283691406 115 196 133 214
class 0.42541128396987915 129 197 147 214
class 0.32722747325897217 142 196 160 213
class 0.45882195234298706 155 195 172 213
class 0.40605610609054565 169 196 187 213
class 0.445155531167984 182 196 199 214
class 0.496115118265152 195 197 212 214
class 0.42402327060699463 207 196 225 212
class 0.25465527176856995 233 195 247 213
class 0.4197692275047302 1 210 16 225
class 0.9896295070648193 47 209 67 230
class 0.4790119230747223 65 206 84 226
class 0.18639595806598663 76 209 94 225
class 0.34019505977630615 89 209 107 226
class 0.3213147819042206 103 208 121 225
class 0.2906661629676819 142 208 160 226
class 0.34817469120025635 155 208 173 227
class 0.3280833065509796 169 209 187 226
class 0.291044682264328 182 208 199 226
class 0.3862614631652832 194 208 212 226
class 0.20351862907409668 208 209 225 226
class 0.215668186545372 233 208 246 226
class 0.8316129446029663 1 223 16 239
class 0.12500813603401184 24 222 41 237
class 0.944236695766449 120 221 139 237
class 0.13795529305934906 141 222 161 239
class 0.17553776502609253 169 223 186 239
class 0.16247256100177765 182 223 198 239
class 0.279418021440506 195 222 212 239
class 0.22870871424674988 208 223 225 238
class 0.39631566405296326 232 223 247 241
class 0.7083277702331543 0 232 17 249
class 0.1527751386165619 10 232 27 248
class 0.20746731758117676 36 232 54 248
class 0.25975295901298523 48 232 68 248
class 0.14211593568325043 62 231 82 248
class 0.18447142839431763 76 231 94 248
class 0.19701172411441803 88 231 107 248
class 0.22081004083156586 114 233 133 249
class 0.13963814079761505 127 233 148 249
class 0.33089905977249146 140 230 161 248
class 0.2839507460594177 154 232 174 248
class 0.4844813942909241 169 231 187 248
class 0.4387950599193573 181 231 199 248
class 0.6405948400497437 194 231 213 249
class 0.34401485323905945 207 231 225 248
class 0.163554385304451 220 232 238 248
class 0.8622077703475952 232 231 249 249
