class 0.8992505073547363 0 3 17 18
class 0.3382994532585144 9 4 26 18
class 0.4187418520450592 22 4 41 18
class 0.5034494996070862 35 3 54 18
class 0.402309387922287 49 3 68 17
class 0.5956355333328247 62 3 81 18
class 0.5652262568473816 76 3 94 18
class 0.5919869542121887 87 3 106 18
class 0.5218949913978577 101 3 120 18
class 0.3377833068370819 114 3 134 17
class 0.5638795495033264 127 3 147 17
class 0.6599095463752747 140 3 159 18
class 0.533024787902832 154 3 173 18
class 0.5109878778457642 167 4 186 18
class 0.515731692314148 180 3 199 18
class 0.702525794506073 195 3 213 18
class 0.37728098034858704 207 4 225 18
class 0.24268680810928345 221 4 237 17
class 0.7683157324790955 232 3 248 18
class 0.5564871430397034 1 9 16 26
class 0.26349642872810364 22 10 39 25
class 0.5758008360862732 49 10 67 26
class 0.5105517506599426 61 9 79 26
class 0.4637294411659241 76 9 93 26
class 0.5212509036064148 89 9 106 26
class 0.5422776937484741 101 8 118 26
class 0.398421972990036 114 9 133 26
class 0.5312523245811462 127 9 145 27
class 0.5651012063026428 154 9 171 26
class 0.5682317018508911 167 9 185 25
class 0.482808917760849 181 9 198 25
class 0.5014215111732483 208 9 225 25
class 0.29267236590385437 0 25 15 41
class 0.17598856985569 22 26 39 41
class 0.16292519867420197 36 26 54 42
class 0.13199245929718018 49 25 66 41
class 0.25445011258125305 62 25 80 41
class 0.19030509889125824 75 26 93 42
class 0.12994296848773956 88 24 106 40
class 0.1407613903284073 101 25 120 42
class 0.1920923888683319 129 25 147 41
class 0.22327198088169098 140 25 158 42
class 0.17373478412628174 154 26 172 42
class 0.22975249588489532 167 26 185 42
class 0.3037383258342743 181 26 198 42
class 0.34998857975006104 193 26 212 42
class 0.12909528613090515 207 25 224 40
class 0.10037731379270554 234 23 247 41
class 0.42083150148391724 1 39 15 55
class 0.1426265835762024 23 38 41 54
class 0.18552014231681824 36 36 54 54
class 0.6219448447227478 49 39 68 57
class 0.5303367972373962 62 37 80 56
class 0.5477110147476196 75 37 93 55
class 0.10488984733819962 87 37 106 55
class 0.9969058632850647 117 39 135 58
class 0.23185904324054718 128 36 145 54
class 0.5328564047813416 141 37 158 55
class 0.3875773847103119 154 37 172 55
class 0.3409598767757416 168 38 185 55
class 0.4214337468147278 181 38 198 54
class 0.505081832408905 194 38 212 55
class 0.1622508019208908 207 38 225 53
class 0.24500107765197754 233 37 247 55
class 0.3257867395877838 1 51 15 67
class 0.10830004513263702 23 51 40 67
class 0.4655427634716034 75 49 93 70
class 0.3218736946582794 140 51 158 69
class 0.23084954917430878 155 51 172 68
class 0.3990168869495392 168 51 185 68
class 0.37311533093452454 181 51 198 68
class 0.4392983913421631 195 50 212 67
class 0.31388038396835327 208 52 226 68
class 0.12086819112300873 219 52 235 67
class 0.2590429186820984 233 50 247 68
class 0.2793842852115631 1 65 15 80
class 0.9908075928688049 54 62 71 81
class 0.5448499917984009 75 63 94 82
class 0.19113771617412567 88 64 107 82
class 0.20555071532726288 104 63 122 81
class 0.6351332664489746 115 64 133 81
class 0.474456250667572 128 63 146 80
class 0.3957303762435913 142 64 159 81
class 0.3370821177959442 155 64 172 81
class 0.3259192407131195 169 63 186 80
class 0.34469401836395264 181 64 198 81
class 0.3389609456062317 196 65 213 81
class 0.24864724278450012 207 64 225 80
class 0.23810753226280212 233 63 247 81
class 0.34333276748657227 1 78 15 94
class 0.2458551973104477 47 79 66 96
class 0.20349322259426117 62 79 82 96
class 0.4920598268508911 74 77 93 95
class 0.3782903254032135 88 77 106 94
class 0.1847495436668396 103 77 120 94
class 0.275145560503006 115 77 133 94
class 0.22347205877304077 129 77 147 94
class 0.35225099325180054 142 77 159 94
class 0.4650307595729828 155 77 172 94
class 0.33383190631866455 168 77 186 94
class 0.19461052119731903 181 77 199 94
class 0.4132896959781647 195 77 213 94
class 0.2158878892660141 207 77 225 94
class 0.1012432649731636 220 78 236 94
class 0.20418956875801086 233 76 248 94
class 0.24276959896087646 2 91 16 106
class 0.2856181561946869 49 88 68 106
class 0.22788114845752716 61 89 81 106
class 0.22065067291259766 75 90 94 107
class 0.40998375415802 89 91 107 108
class 0.29584985971450806 102 91 120 108
class 0.39106765389442444 116 91 133 107
class 0.4773770570755005 129 90 146 107
class 0.4106382131576538 142 91 159 107
class 0.39323344826698303 155 90 172 107
class 0.29954999685287476 168 90 186 107
class 0.20718024671077728 181 90 199 108
class 0.3423391282558441 195 90 213 108
class 0.15496224164962769 207 91 225 107
class 0.27019003033638 233 90 248 108
class 0.2563199996948242 2 105 16 120
class 0.1221918985247612 50 103 68 121
class 0.25972065329551697 62 104 81 121
class 0.33268335461616516 75 104 94 121
class 0.3252944350242615 89 103 107 120
class 0.3067510724067688 102 103 120 120
class 0.3545188903808594 116 104 133 121
class 0.4127788543701172 128 103 146 120
class 0.3523285984992981 142 103 159 120
class 0.36196020245552063 154 104 172 121
class 0.37434646487236023 168 104 186 122
class 0.36117440462112427 181 104 199 122
class 0.4342406094074249 196 104 213 121
class 0.3091384470462799 207 104 225 120
class 0.24308007955551147 220 104 237 120
class 0.45258471369743347 232 103 247 121
class 0.18557468056678772 1 118 15 133
class 0.12085519731044769 36 117 55 135
class 0.2946493923664093 50 117 68 134
class 0.3078759014606476 63 116 80 134
class 0.2507132589817047 76 116 94 134
class 0.29753434658050537 89 117 107 134
class 0.46327856183052063 103 117 120 133
class 0.5165970921516418 115 117 133 134
class 0.4069030284881592 129 117 146 134
class 0.43778011202812195 142 117 159 134
class 0.427449494600296 155 117 172 134
class 0.346671998500824 169 116 186 133
class 0.3411034345626831 181 116 199 133
class 0.3342013657093048 195 116 213 133
class 0.19384822249412537 207 116 225 133
class 0.10001587867736816 220 117 236 133
class 0.25436949729919434 233 115 247 133
class 0.2435857355594635 1 132 15 147
class 0.13197965919971466 24 131 41 147
class 0.22587881982326508 35 130 54 147
class 0.2255696952342987 49 129 68 148
class 0.24926063418388367 62 129 81 148
class 0.15706570446491241 76 129 94 148
class 0.30629676580429077 90 129 107 147
class 0.29740938544273376 102 129 120 147
class 0.26243478059768677 115 129 133 146
class 0.27560296654701233 130 130 147 147
class 0.3756468594074249 142 130 159 147
class 0.4421488344669342 156 130 173 147
class 0.4373798370361328 168 130 186 147
class 0.4014495313167572 182 131 199 147
class 0.3338204026222229 195 130 212 147
class 0.17085713148117065 207 130 225 146
class 0.16524638235569 220 131 237 146
class 0.2700980007648468 233 129 247 148
class 0.6031104922294617 1 142 16 159
class 0.5929589867591858 75 141 93 162
class 0.31462499499320984 89 141 107 160
class 0.35730332136154175 103 142 120 160
class 0.3696536719799042 115 143 133 160
class 0.40120387077331543 129 143 146 160
class 0.4248434901237488 142 143 159 160
class 0.3590910732746124 155 142 172 160
class 0.29812145233154297 169 142 187 160
class 0.21868205070495605 181 142 199 160
class 0.2391033172607422 195 144 213 160
class 0.15009431540966034 208 145 225 160
class 0.12827996909618378 220 144 236 159
class 0.2927708923816681 233 142 247 160
class 0.19222351908683777 1 157 15 172
class 0.9920873045921326 54 156 72 174
class 0.48800715804100037 76 154 94 173
class 0.24508479237556458 89 155 106 173
class 0.26823627948760986 103 155 120 173
class 0.2486208975315094 116 155 134 173
class 0.22390609979629517 129 156 147 173
class 0.29914185404777527 142 155 160 173
class 0.4218182861804962 155 156 173 174
class 0.34582602977752686 169 156 187 173
class 0.2930355370044708 182 155 200 173
class 0.4758073389530182 195 156 213 173
class 0.22324006259441376 207 156 226 172
class 0.13125383853912354 220 157 236 172
class 0.24489103257656097 233 155 247 173
class 0.3338078260421753 1 171 15 186
class 0.10971446335315704 23 170 40 185
class 0.18128977715969086 75 169 93 187
class 0.22317230701446533 89 169 107 186
class 0.20341521501541138 102 170 120 186
class 0.3694157600402832 117 170 134 187
class 0.39919424057006836 129 170 146 187
class 0.345684289932251 142 170 160 187
class 0.3074875771999359 155 169 173 186
class 0.30516308546066284 168 169 186 187
class 0.1623280942440033 181 169 200 187
class 0.25409743189811707 195 170 213 187
class 0.1302400678396225 207 170 226 186
class 0.10279813408851624 220 171 237 185
class 0.3183760344982147 232 168 247 187
class 0.6443794369697571 1 183 15 199
class 0.1511562019586563 10 183 26 199
class 0.2321149706840515 23 184 41 199
class 0.10139147192239761 36 183 55 200
class 0.388457328081131 49 182 68 199
class 0.5408809185028076 61 182 81 200
class 0.3748534321784973 76 182 93 200
class 0.2661230266094208 89 183 107 200
class 0.3629600405693054 102 183 120 200
class 0.4898853302001953 115 182 133 200
class 0.45011425018310547 130 181 147 199
class 0.5176496505737305 143 182 161 199
class 0.4848594069480896 155 182 173 200
class 0.474073588848114 168 182 187 200
class 0.29857316613197327 182 182 200 199
class 0.4708148241043091 195 183 213 200
class 0.29108938574790955 207 183 225 199
class 0.259933739900589 233 182 247 200
class 0.3442120850086212 1 196 15 212
class 0.12332338094711304 11 197 26 212
class 0.234111949801445 23 197 40 212
class 0.17673259973526 36 196 54 212
class 0.28898027539253235 50 195 68 213
class 0.12924298644065857 62 193 80 212
class 0.3462555706501007 77 195 95 214
class 0.27939772605895996 89 195 107 213
class 0.2934429943561554 102 195 119 213
class 0.5145500302314758 117 196 133 213
class 0.3847923278808594 130 196 146 213
class 0.36573171615600586 142 196 159 213
class 0.40870797634124756 155 195 173 213
class 0.45353472232818604 169 196 186 214
class 0.3924782872200012 182 196 200 214
class 0.40194788575172424 194 196 212 214
class 0.29288697242736816 208 196 225 213
class 0.1334248185157776 220 197 236 212
class 0.323027104139328 233 195 247 213
class 0.5266903638839722 1 210 16 226
class 0.4046192467212677 24 210 40 226
class 0.17867915332317352 36 210 53 226
class 0.976456880569458 66 211 83 231
class 0.10251297056674957 75 206 93 225
class 0.27297741174697876 89 208 106 226
class 0.2931452989578247 103 210 120 227
class 0.472447007894516 116 210 132 227
class 0.29641225934028625 129 209 146 226
class 0.34860116243362427 142 209 159 227
class 0.3984715938568115 156 209 173 227
class 0.44516342878341675 168 209 186 226
class 0.31765684485435486 182 208 199 225
class 0.49511951208114624 195 209 213 227
class 0.3050784170627594 207 210 224 226
class 0.19459019601345062 232 208 247 226
class 0.5946708917617798 1 223 16 238
class 0.14997364580631256 25 222 41 237
class 0.10428231954574585 88 221 107 238
class 0.1663903295993805 104 222 120 238
class 0.2066212296485901 116 221 133 237
class 0.13428425788879395 129 222 145 238
class 0.19354119896888733 143 221 160 238
class 0.17905765771865845 157 221 173 237
class 0.1933390498161316 169 222 185 239
class 0.10702834278345108 182 223 199 239
class 0.26770398020744324 195 222 212 238
class 0.25959891080856323 208 223 224 238
class 0.33621519804000854 232 223 247 240
class 0.7830599546432495 0 233 16 249
class 0.3238478899002075 10 232 28 248
class 0.2641301155090332 23 231 41 248
class 0.19541871547698975 36 231 54 248
class 0.14125561714172363 49 232 68 247
class 0.29908043146133423 61 233 80 249
class 0.24507611989974976 75 232 96 248
class 0.26509639620780945 88 231 107 248
class 0.431069940328598 103 231 121 248
class 0.2789408564567566 116 231 134 248
class 0.42538872361183167 128 231 146 249
class 0.3474408686161041 141 232 160 249
class 0.3872099220752716 156 232 174 249
class 0.5982123017311096 168 231 187 248
class 0.5267981290817261 181 231 200 248
class 0.5946274995803833 194 232 213 249
class 0.6257884502410889 207 231 225 249
class 0.26091447472572327 220 231 238 249
class 0.8595063090324402 232 231 249 249
