class 0.8789831399917603 1 3 17 18
class 0.22527559101581573 9 4 26 18
class 0.6878264546394348 22 4 41 18
class 0.47529682517051697 35 3 54 18
class 0.4456886947154999 48 3 68 17
class 0.566115140914917 60 3 81 17
class 0.38342738151550293 74 3 97 17
class 0.32037442922592163 114 3 136 18
class 0.43415093421936035 127 3 147 18
class 0.46876198053359985 140 4 160 18
class 0.5082249641418457 153 4 173 18
class 0.5237789154052734 167 4 186 18
class 0.414122074842453 179 4 199 18
class 0.55007004737854 193 3 213 18
class 0.44724398851394653 207 4 226 18
class 0.3390279710292816 221 4 237 17
class 0.6873515844345093 232 2 249 18
class 0.4910247325897217 1 9 15 25
class 0.3922056555747986 22 9 39 25
class 0.42093902826309204 36 10 53 26
class 0.44272348284721375 48 9 67 26
class 0.47508490085601807 60 9 79 27
class 0.994645893573761 97 7 118 27
class 0.2126532942056656 129 9 146 26
class 0.5087981224060059 141 9 159 26
class 0.626316249370575 154 10 172 27
class 0.2903316617012024 166 8 185 26
class 0.6302885413169861 181 9 200 27
class 0.7548984289169312 193 9 212 27
class 0.42386332154273987 206 10 225 27
class 0.17758822441101074 233 8 247 26
class 0.3257245421409607 1 26 16 41
class 0.13071230053901672 23 26 39 40
class 0.3646230697631836 35 25 53 41
class 0.2115039825439453 49 25 68 41
class 0.9897623658180237 72 26 92 45
class 0.18029478192329407 88 25 108 42
class 0.19291295111179352 140 26 158 41
class 0.29794734716415405 154 25 172 41
class 0.17684857547283173 167 25 187 41
class 0.10295874625444412 177 23 197 41
class 0.10749439895153046 233 24 247 41
class 0.17896804213523865 2 39 16 53
class 0.1934376060962677 23 39 39 54
class 0.31764480471611023 35 38 53 54
class 0.2798146903514862 50 37 68 54
class 0.15124531090259552 102 37 120 53
class 0.33157238364219666 115 37 132 53
class 0.43093159794807434 128 38 145 54
class 0.528569221496582 142 38 158 55
class 0.6708921790122986 154 39 171 56
class 0.3285887837409973 168 37 187 54
class 0.9965305924415588 190 35 209 56
class 0.29347914457321167 209 37 229 54
class 0.19036853313446045 233 36 247 54
class 0.2915898263454437 2 52 16 67
class 0.1996438056230545 23 52 39 68
class 0.18224334716796875 36 51 53 69
class 0.16465908288955688 50 51 67 68
class 0.500279426574707 63 50 81 68
class 0.6573151350021362 75 52 93 68
class 0.29680901765823364 88 51 105 68
class 0.30012571811676025 102 52 119 69
class 0.19088417291641235 115 51 132 67
class 0.2435980588197708 129 50 145 67
class 0.37712231278419495 142 51 158 67
class 0.4276782274246216 155 50 171 67
class 0.15886662900447845 168 50 186 67
class 0.2878420054912567 193 52 211 69
class 0.20441073179244995 233 50 247 67
class 0.3140117824077606 1 65 15 80
class 0.1259489208459854 24 64 40 80
class 0.25086724758148193 37 64 53 82
class 0.2190803587436676 50 64 67 81
class 0.2635869085788727 62 63 79 81
class 0.2219437211751938 76 62 93 81
class 0.17853263020515442 89 63 107 81
class 0.31233882904052734 102 63 119 80
class 0.413390576839447 115 64 132 81
class 0.41397756338119507 130 64 146 81
class 0.35828545689582825 142 64 158 80
class 0.3044169843196869 155 64 172 81
class 0.1285814642906189 168 63 186 81
class 0.16212612390518188 181 63 200 80
class 0.575494110584259 194 63 212 80
class 0.16629864275455475 206 64 225 80
class 0.1749821901321411 234 63 247 81
class 0.28005847334861755 1 78 15 94
class 0.22627343237400055 23 78 40 94
class 0.14706240594387054 36 77 54 96
class 0.2607186436653137 49 76 67 95
class 0.39610034227371216 62 77 80 95
class 0.29651695489883423 76 78 94 95
class 0.36540278792381287 89 78 106 95
class 0.38540175557136536 101 77 119 95
class 0.25801602005958557 116 77 133 94
class 0.32958778738975525 129 77 146 94
class 0.312412291765213 142 78 159 95
class 0.35122206807136536 155 77 173 95
class 0.16893866658210754 168 77 186 95
class 0.10195082426071167 181 77 200 94
class 0.1947113573551178 194 77 213 95
class 0.10710148513317108 207 77 225 93
class 0.2519700229167938 234 75 247 94
class 0.42676180601119995 1 91 16 107
class 0.1644842028617859 22 90 40 107
class 0.2102130502462387 64 89 81 108
class 0.25683656334877014 77 89 94 107
class 0.4040873944759369 89 90 106 107
class 0.4128915071487427 103 90 119 107
class 0.3694027066230774 116 91 133 107
class 0.36004871129989624 129 90 146 107
class 0.3815567195415497 142 90 160 107
class 0.31681281328201294 155 90 173 108
class 0.41563913226127625 169 91 186 108
class 0.2969492971897125 181 90 199 108
class 0.29047802090644836 194 90 213 108
class 0.23536263406276703 207 92 226 107
class 0.1079452633857727 219 92 235 107
class 0.2209315001964569 233 89 247 108
class 0.3988315463066101 1 104 16 119
class 0.9951788783073425 35 104 53 125
class 0.18618415296077728 51 101 70 120
class 0.38980066776275635 63 103 81 122
class 0.41204318404197693 75 105 93 122
class 0.436102956533432 89 103 106 121
class 0.528520941734314 102 103 120 121
class 0.385179728269577 115 104 133 121
class 0.44076141715049744 129 105 147 122
class 0.3696281909942627 142 104 160 121
class 0.36148324608802795 155 103 173 121
class 0.323885977268219 168 102 186 120
class 0.18269121646881104 181 103 199 120
class 0.29599446058273315 195 104 213 121
class 0.27271130681037903 207 104 226 120
class 0.2001289278268814 233 102 247 121
class 0.25612473487854004 0 117 15 133
class 0.271933376789093 63 116 81 134
class 0.3470192551612854 75 116 93 133
class 0.27920928597450256 89 116 107 133
class 0.28294044733047485 102 116 120 133
class 0.27466514706611633 116 116 133 134
class 0.423928439617157 129 115 147 133
class 0.3925192058086395 142 116 160 134
class 0.2989722490310669 155 115 173 134
class 0.26141357421875 168 116 186 134
class 0.2820212244987488 182 117 200 134
class 0.34129616618156433 194 116 212 134
class 0.2196061909198761 207 117 225 133
class 0.1506994664669037 233 114 247 133
class 0.44439247250556946 0 130 16 147
class 0.10385511070489883 25 129 43 146
class 0.4682210683822632 35 130 54 148
class 0.23463620245456696 48 129 67 147
class 0.340572714805603 63 130 81 147
class 0.5169275999069214 76 130 93 147
class 0.4270741939544678 89 130 106 147
class 0.39241188764572144 103 129 121 147
class 0.4293771982192993 115 130 133 148
class 0.3667323589324951 129 130 147 148
class 0.32539981603622437 142 129 159 147
class 0.34542402625083923 155 129 173 147
class 0.29186806082725525 168 128 186 147
class 0.22199027240276337 182 129 199 146
class 0.3531229794025421 195 130 213 147
class 0.31145307421684265 207 130 225 146
class 0.24342210590839386 233 129 247 148
class 0.9964339137077332 12 145 29 163
class 0.3646269142627716 35 142 53 160
class 0.3814942240715027 49 143 67 160
class 0.3647950291633606 63 143 80 160
class 0.41784125566482544 76 143 93 160
class 0.3736412823200226 88 144 106 161
class 0.305342435836792 102 144 120 161
class 0.3149244785308838 116 142 134 160
class 0.35261428356170654 129 142 147 160
class 0.2850559949874878 142 143 160 160
class 0.2910613715648651 155 142 173 160
class 0.2016553282737732 168 143 186 160
class 0.28310954570770264 182 143 200 160
class 0.24624620378017426 194 142 212 159
class 0.16992980241775513 207 142 225 159
class 0.20980386435985565 233 141 247 160
class 0.3731795847415924 35 157 53 174
class 0.3075002431869507 49 157 67 173
class 0.35165125131607056 63 156 80 173
class 0.3250510096549988 76 156 93 173
class 0.3255619704723358 89 155 107 172
class 0.3071804940700531 102 155 120 172
class 0.39321815967559814 117 156 134 173
class 0.26947465538978577 128 156 146 173
class 0.1834883838891983 142 155 160 173
class 0.2598801255226135 155 155 173 173
class 0.2796543538570404 168 155 186 173
class 0.3295808732509613 182 155 200 173
class 0.30009931325912476 195 156 213 173
class 0.15258634090423584 207 157 225 173
class 0.2962416410446167 233 155 247 174
class 0.2094072699546814 1 171 16 186
class 0.28111526370048523 23 170 41 185
class 0.5917699933052063 36 169 53 186
class 0.4144481122493744 50 170 67 186
class 0.3704303205013275 63 169 80 186
class 0.2932380735874176 76 169 94 186
class 0.19638702273368835 89 169 107 186
class 0.27750444412231445 103 170 121 187
class 0.3547820448875427 116 169 134 186
class 0.2939486801624298 129 169 147 186
class 0.3063584566116333 142 169 160 187
class 0.2491772174835205 155 169 173 186
class 0.25648123025894165 168 169 186 187
class 0.29078856110572815 182 169 199 187
class 0.3499212861061096 195 169 213 186
class 0.21149398386478424 208 170 226 185
class 0.22793054580688477 233 168 247 186
class 0.4125097990036011 1 183 15 199
class 0.15487654507160187 24 183 40 198
class 0.3113653361797333 37 182 54 199
class 0.41575491428375244 50 183 67 199
class 0.5735596418380737 63 183 80 200
class 0.3972755968570709 77 183 93 200
class 0.29859110713005066 90 183 107 200
class 0.3509490191936493 104 182 121 199
class 0.41071730852127075 116 182 134 200
class 0.423275887966156 129 182 146 200
class 0.4682992696762085 142 181 160 199
class 0.34061315655708313 156 182 173 199
class 0.4052281975746155 168 183 186 200
class 0.34863996505737305 182 182 199 200
class 0.38527217507362366 195 182 213 199
class 0.2954244613647461 207 183 225 199
class 0.12243945896625519 220 183 236 198
class 0.33829405903816223 233 182 247 200
class 0.39873138070106506 1 197 15 213
class 0.229334756731987 24 197 41 212
class 0.3590996563434601 37 196 53 212
class 0.4219481647014618 50 195 67 212
class 0.5863282084465027 64 195 81 212
class 0.5681355595588684 77 195 93 213
class 0.5012111663818359 90 196 107 213
class 0.41962167620658875 104 196 120 213
class 0.47163137793540955 116 195 133 213
class 0.3489566743373871 129 195 147 214
class 0.3359832167625427 143 196 160 214
class 0.50034499168396 157 195 174 213
class 0.4731968343257904 168 195 186 213
class 0.4442247748374939 182 195 200 213
class 0.4310654103755951 195 196 213 213
class 0.2519168257713318 207 196 225 213
class 0.3107645809650421 233 195 247 213
class 0.6375647187232971 1 209 16 226
class 0.21947848796844482 24 209 39 225
class 0.29477280378341675 37 209 53 226
class 0.29374611377716064 51 209 67 225
class 0.3372965157032013 64 208 80 225
class 0.3464895188808441 77 208 93 226
class 0.38832971453666687 90 209 107 226
class 0.4008556008338928 103 210 120 227
class 0.3688742518424988 116 209 133 227
class 0.34296149015426636 129 209 147 227
class 0.30639103055000305 142 209 160 226
class 0.34378865361213684 155 209 173 226
class 0.3068991005420685 169 209 186 227
class 0.3339390456676483 182 209 199 226
class 0.45699194073677063 195 209 212 226
class 0.3606925904750824 207 210 225 226
class 0.10301568359136581 220 210 235 225
class 0.31298765540122986 232 208 247 226
class 0.6683126091957092 1 223 16 239
class 0.17151221632957458 25 223 40 238
class 0.3333977460861206 38 223 54 239
class 0.24652652442455292 50 222 67 238
class 0.1976029872894287 64 222 79 238
class 0.16238397359848022 77 222 93 238
class 0.13992734253406525 90 222 107 238
class 0.25847312808036804 104 221 120 237
class 0.18637263774871826 116 221 133 238
class 0.18592245876789093 129 222 146 238
class 0.11536721885204315 142 222 159 238
class 0.1382756531238556 156 222 173 238
class 0.1403900384902954 169 222 187 238
class 0.21565070748329163 182 223 199 239
class 0.3081285059452057 194 223 211 239
class 0.18243372440338135 208 223 225 238
class 0.30359506607055664 232 223 247 240
class 0.8225405216217041 0 232 17 249
class 0.267778605222702 9 232 27 249
class 0.4410333037376404 25 232 42 248
class 0.6536833643913269 36 230 54 248
class 0.5226392149925232 50 231 68 249
class 0.4877432882785797 63 231 81 248
class 0.5612570643424988 76 231 94 248
class 0.4616124927997589 89 231 108 248
class 0.3979407548904419 102 231 120 249
class 0.4169815182685852 117 232 135 248
class 0.5492162704467773 129 231 147 248
class 0.4517035186290741 142 231 160 248
class 0.5011005401611328 156 231 174 248
class 0.48292049765586853 168 231 187 248
class 0.5462775826454163 181 230 200 248
class 0.6099560856819153 194 231 212 249
class 0.5045502781867981 207 231 226 248
class 0.24346943199634552 220 232 238 249
class 0.8683539032936096 232 232 249 249
