class 0.7041400671005249 1 3 17 18
class 0.2171303778886795 8 4 26 18
class 0.39819544553756714 23 4 41 18
class 0.40298527479171753 35 4 54 18
class 0.5005500912666321 49 4 67 17
class 0.6011108160018921 61 3 80 18
class 0.7065976858139038 75 3 94 18
class 0.5819514989852905 87 3 107 18
class 0.6149356961250305 101 3 121 18
class 0.6070975661277771 114 3 134 18
class 0.599682629108429 127 3 148 18
class 0.5535814166069031 140 3 161 18
class 0.7852773070335388 153 3 174 18
class 0.88221275806427 166 3 187 19
class 0.4947744905948639 179 3 200 18
class 0.6624177098274231 193 3 213 18
class 0.3346538543701172 207 4 225 17
class 0.39215874671936035 221 4 237 17
class 0.7681968212127686 231 3 248 18
class 0.6844456791877747 1 9 16 26
class 0.155521959066391 9 10 24 24
class 0.33006951212882996 23 10 39 25
class 0.48013874888420105 36 10 53 26
class 0.578025758266449 48 10 66 26
class 0.5668583512306213 61 10 79 27
class 0.4576856791973114 76 9 93 25
class 0.46518418192863464 88 9 105 25
class 0.4830394387245178 101 9 119 25
class 0.6564306020736694 116 10 133 26
class 0.5657041072845459 128 9 146 26
class 0.49992409348487854 141 9 161 26
class 0.4381822943687439 207 10 224 26
class 0.13838954269886017 220 8 234 24
class 0.21836577355861664 1 26 15 41
class 0.12406549602746964 24 26 39 40
class 0.15466812252998352 36 25 52 40
class 0.19594493508338928 49 24 66 40
class 0.2873988151550293 62 25 80 41
class 0.3350902795791626 75 26 92 42
class 0.27581289410591125 88 27 105 42
class 0.23751884698867798 101 26 119 42
class 0.33938679099082947 115 26 132 42
class 0.41411736607551575 128 26 146 42
class 0.3304177522659302 142 25 161 42
class 0.12765035033226013 153 25 172 41
class 0.9892763495445251 165 23 184 43
class 0.28236234188079834 183 24 201 41
class 0.21600693464279175 194 25 212 41
class 0.1514895111322403 206 25 225 41
class 0.2048693597316742 233 23 247 42
class 0.37047693133354187 1 39 15 54
class 0.17236457765102386 36 39 53 55
class 0.2400120198726654 49 39 66 55
class 0.1758277863264084 63 38 80 54
class 0.31455865502357483 75 37 93 54
class 0.3419865667819977 88 37 106 54
class 0.34180036187171936 102 38 119 55
class 0.4385971128940582 115 38 132 55
class 0.47030025720596313 129 37 146 54
class 0.21860559284687042 141 37 160 54
class 0.45599842071533203 153 38 173 56
class 0.6246462464332581 167 39 184 56
class 0.1946219950914383 180 39 199 56
class 0.399057537317276 194 39 212 56
class 0.2683047354221344 207 38 225 54
class 0.18601711094379425 233 36 247 54
class 0.46412572264671326 2 52 16 67
class 0.14656972885131836 24 52 40 67
class 0.3065987527370453 37 50 53 67
class 0.39402106404304504 50 50 66 67
class 0.4194610118865967 62 52 79 69
class 0.35699227452278137 76 51 92 68
class 0.3640030324459076 90 51 106 68
class 0.31107470393180847 102 50 119 68
class 0.3897322416305542 116 50 132 68
class 0.42922282218933105 129 50 146 68
class 0.23754209280014038 141 51 158 68
class 0.22811999917030334 155 50 173 68
class 0.47189515829086304 167 49 186 67
class 0.3992440104484558 180 50 199 67
class 0.39445388317108154 194 51 212 68
class 0.23405760526657104 206 52 224 67
class 0.1345326155424118 219 52 236 68
class 0.1276601105928421 233 49 247 67
class 0.3663906455039978 1 65 16 81
class 0.20822544395923615 36 64 54 82
class 0.2729142904281616 50 64 67 81
class 0.34942254424095154 63 63 80 80
class 0.3247378468513489 77 63 93 81
class 0.34983423352241516 89 63 106 81
class 0.3713686764240265 103 63 120 81
class 0.3176022469997406 116 63 133 81
class 0.22567342221736908 128 63 146 81
class 0.3154257833957672 142 63 160 81
class 0.30816546082496643 154 65 172 82
class 0.24617543816566467 168 65 186 82
class 0.1341700702905655 180 64 199 82
class 0.19361208379268646 195 64 213 81
class 0.1398274302482605 206 64 225 80
class 0.38044264912605286 1 78 16 94
class 0.117050401866436 9 77 26 93
class 0.1475933939218521 36 76 55 96
class 0.1788623034954071 50 77 68 95
class 0.31493130326271057 63 78 81 95
class 0.34918463230133057 76 77 94 95
class 0.3284801244735718 89 77 107 95
class 0.29230278730392456 102 76 120 94
class 0.21637748181819916 115 76 133 94
class 0.3702768087387085 129 77 146 95
class 0.36077719926834106 142 77 160 94
class 0.419556587934494 155 76 173 94
class 0.4619196057319641 168 76 185 94
class 0.39380091428756714 181 78 199 95
class 0.4393160939216614 194 78 213 95
class 0.20169565081596375 207 78 225 94
class 0.17841902375221252 233 77 247 95
class 0.6594052910804749 1 90 17 107
class 0.9770700335502625 20 93 38 112
class 0.3879357576370239 38 88 57 108
class 0.18658487498760223 50 90 69 108
class 0.4696183204650879 63 90 81 108
class 0.3087986409664154 75 90 94 108
class 0.323038786649704 90 89 108 108
class 0.25679296255111694 102 89 120 108
class 0.16112945973873138 115 90 133 108
class 0.12974214553833008 128 89 146 107
class 0.16147509217262268 142 89 160 107
class 0.16751649975776672 154 90 173 108
class 0.2660379707813263 167 90 186 108
class 0.17476968467235565 181 90 200 107
class 0.3851337730884552 195 90 213 108
class 0.16761691868305206 207 91 226 107
class 0.1669144630432129 233 89 247 107
class 0.1491916924715042 1 103 16 119
class 0.1921268105506897 38 104 57 121
class 0.28848403692245483 50 103 68 121
class 0.41197454929351807 63 103 81 121
class 0.2841624617576599 76 103 94 121
class 0.1879219263792038 89 103 107 122
class 0.1894851177930832 102 102 121 121
class 0.18080176413059235 115 103 134 123
class 0.15423370897769928 128 103 147 123
class 0.16045543551445007 141 102 160 122
class 0.22549103200435638 155 102 173 120
class 0.2726442217826843 168 103 187 121
class 0.29958921670913696 181 103 200 121
class 0.47740790247917175 195 103 214 121
class 0.21407759189605713 207 104 226 120
class 0.21707205474376678 233 102 247 120
class 0.2575756013393402 1 118 16 133
class 0.40216314792633057 22 118 40 134
class 0.31476256251335144 35 116 54 133
class 0.3899322748184204 50 117 68 134
class 0.36511027812957764 63 117 80 134
class 0.30716270208358765 77 116 95 133
class 0.3014379143714905 89 115 107 135
class 0.37653133273124695 102 116 121 135
class 0.11394289135932922 115 113 134 133
class 0.26251018047332764 128 113 147 136
class 0.12807893753051758 141 114 161 135
class 0.21589376032352448 155 116 174 136
class 0.4135071635246277 168 117 186 134
class 0.25185680389404297 181 117 199 134
class 0.2791115641593933 194 116 213 134
class 0.16452094912528992 207 117 226 133
class 0.10253069549798965 220 117 237 133
class 0.22912780940532684 233 116 247 134
class 0.28049302101135254 1 131 16 147
class 0.2363307923078537 22 131 40 146
class 0.2363913655281067 36 130 54 147
class 0.3600345551967621 50 130 68 147
class 0.5162129402160645 63 130 80 147
class 0.3981475234031677 75 130 94 147
class 0.13213598728179932 90 128 109 147
class 0.1628146916627884 102 128 120 145
class 0.929333508014679 113 131 132 152
class 0.3562781512737274 131 127 149 148
class 0.12537923455238342 140 127 160 149
class 0.11969469487667084 154 127 174 148
class 0.2882510721683502 169 129 187 147
class 0.3538452386856079 181 129 199 147
class 0.38000819087028503 195 130 213 147
class 0.3045027256011963 208 130 226 147
class 0.10870309919118881 220 130 236 146
class 0.1876242607831955 232 129 247 147
class 0.30948764085769653 1 144 16 159
class 0.1399012804031372 23 144 40 159
class 0.15744590759277344 36 143 54 160
class 0.302290678024292 50 142 68 160
class 0.38799092173576355 63 142 81 159
class 0.4514719545841217 76 142 93 160
class 0.15045978128910065 90 142 108 160
class 0.18791839480400085 100 143 119 162
class 0.406676322221756 117 139 134 159
class 0.2828793227672577 141 141 160 162
class 0.11418109387159348 155 142 174 161
class 0.17783457040786743 168 143 186 161
class 0.2188134342432022 182 143 199 160
class 0.2501583993434906 194 143 212 161
class 0.2416706532239914 208 143 227 160
class 0.3146820366382599 233 141 247 159
class 0.378559410572052 1 158 16 173
class 0.16604572534561157 23 157 40 172
class 0.24955964088439941 36 157 54 174
class 0.2991088032722473 50 157 68 173
class 0.39052441716194153 63 156 80 173
class 0.5170698761940002 76 156 94 173
class 0.10365739464759827 88 156 107 173
class 0.4554859399795532 102 155 121 173
class 0.7333288192749023 125 154 143 172
class 0.26583871245384216 141 155 160 173
class 0.18208038806915283 155 157 174 174
class 0.385709673166275 168 156 186 173
class 0.28586381673812866 181 156 199 173
class 0.47437259554862976 195 157 213 174
class 0.14481183886528015 207 157 225 172
class 0.25162023305892944 233 157 247 174
class 0.469094455242157 1 169 16 185
class 0.25390905141830444 23 171 40 186
class 0.28664353489875793 36 169 54 186
class 0.3662906289100647 50 169 68 186
class 0.37779927253723145 63 169 80 186
class 0.3804554045200348 76 169 94 186
class 0.10228778421878815 89 170 107 186
class 0.11893825978040695 103 169 122 186
class 0.3089192807674408 113 170 133 187
class 0.4037995934486389 128 171 147 187
class 0.2362903207540512 140 169 160 186
class 0.26649582386016846 154 169 173 186
class 0.25263479351997375 168 169 186 186
class 0.28062087297439575 181 169 200 186
class 0.427924782037735 195 169 213 186
class 0.33479031920433044 207 171 226 186
class 0.140157550573349 220 170 237 185
class 0.3768186867237091 232 168 247 186
class 0.2684326171875 1 184 15 199
class 0.26898977160453796 24 183 40 199
class 0.37552669644355774 37 182 55 199
class 0.4891852140426636 49 183 67 200
class 0.48119083046913147 64 183 81 200
class 0.4649927616119385 76 182 93 199
class 0.35280266404151917 89 183 107 200
class 0.1705930083990097 103 183 120 200
class 0.248845636844635 115 183 133 200
class 0.25945430994033813 128 182 146 199
class 0.1687508225440979 142 182 160 199
class 0.22602029144763947 156 183 173 200
class 0.34426507353782654 168 183 185 200
class 0.4272872805595398 182 183 200 200
class 0.5053181648254395 195 182 213 199
class 0.2972196638584137 207 183 225 199
class 0.253207266330719 233 182 247 200
class 0.5514690279960632 1 196 15 212
class 0.35690778493881226 25 197 40 212
class 0.39742159843444824 37 196 54 213
class 0.48178765177726746 50 196 67 213
class 0.6187885403633118 63 196 80 213
class 0.46090230345726013 77 195 93 213
class 0.4818582832813263 90 195 107 213
class 0.3116016089916229 103 196 120 213
class 0.3497565984725952 116 195 133 213
class 0.294234037399292 129 196 146 213
class 0.3575555086135864 142 196 159 213
class 0.510184109210968 156 196 173 213
class 0.552380383014679 168 195 185 213
class 0.5352826118469238 182 196 199 213
class 0.6551624536514282 196 197 213 214
class 0.4385795295238495 207 197 226 213
class 0.20293128490447998 220 197 236 212
class 0.346015065908432 233 195 247 213
class 0.38214290142059326 1 209 15 225
class 0.2710261344909668 25 209 40 225
class 0.23494400084018707 37 209 53 226
class 0.28128233551979065 50 209 66 226
class 0.33469250798225403 64 209 80 225
class 0.2926892340183258 77 209 93 226
class 0.36063072085380554 90 208 107 226
class 0.3760220408439636 103 208 120 226
class 0.32661908864974976 116 209 133 226
class 0.41415998339653015 129 208 146 226
class 0.29827025532722473 142 209 158 226
class 0.2830825746059418 156 208 173 226
class 0.3690950572490692 168 209 185 227
class 0.4406805634498596 182 209 199 227
class 0.5848058462142944 196 208 213 226
class 0.35472097992897034 207 210 224 226
class 0.1387673169374466 220 210 235 225
class 0.256146639585495 232 209 246 227
class 0.6990653872489929 1 224 16 239
class 0.12438910454511642 11 222 26 237
class 0.18831898272037506 25 222 40 237
class 0.2603815495967865 38 221 54 237
class 0.3390207290649414 51 222 67 238
class 0.3425838351249695 64 222 80 238
class 0.30535247921943665 77 222 93 238
class 0.22048437595367432 90 222 107 238
class 0.17986348271369934 104 221 120 238
class 0.21162615716457367 116 222 132 238
class 0.13162000477313995 130 222 146 238
class 0.22145487368106842 143 222 159 238
class 0.13004709780216217 156 222 172 238
class 0.19302603602409363 169 222 186 238
class 0.1942676603794098 182 223 199 238
class 0.43341362476348877 196 223 212 239
class 0.3492402732372284 208 223 225 238
class 0.5122981071472168 232 221 247 239
class 0.8138740062713623 0 233 16 249
class 0.2311195284128189 10 232 27 249
class 0.31053492426872253 25 232 42 248
class 0.33147481083869934 36 232 54 249
class 0.5325031280517578 50 231 68 249
class 0.46143901348114014 63 231 81 248
class 0.4552081525325775 76 231 94 248
class 0.5776131749153137 89 231 107 249
class 0.4337351620197296 103 232 121 249
class 0.6130976676940918 116 231 134 249
class 0.4191487431526184 129 231 147 248
class 0.44602736830711365 142 231 160 248
class 0.4532465636730194 154 232 173 249
class 0.5413883328437805 169 231 187 248
class 0.5797714591026306 182 231 200 248
class 0.5121988654136658 194 231 212 248
class 0.4162474572658539 207 231 225 248
class 0.2243925780057907 220 232 238 249
class 0.8492711186408997 232 232 248 249
