class 0.7880339622497559 1 3 17 18
class 0.48211827874183655 8 4 26 18
class 0.33534422516822815 22 4 41 17
class 0.5828222036361694 35 4 54 18
class 0.5559195876121521 49 3 67 18
class 0.4861849546432495 62 4 80 17
class 0.5686016082763672 75 4 94 17
class 0.560392439365387 88 4 107 18
class 0.5211149454116821 100 4 120 17
class 0.7029207348823547 114 3 135 18
class 0.6524693965911865 126 3 147 19
class 0.4780683219432831 140 3 160 18
class 0.4567018747329712 153 3 173 18
class 0.42661961913108826 166 3 186 18
class 0.5121141672134399 182 3 200 18
class 0.4622359871864319 192 3 211 18
class 0.36104676127433777 208 4 226 17
class 0.4677076041698456 220 4 237 18
class 0.5662940144538879 232 2 248 18
class 0.5296209454536438 1 10 16 26
class 0.16408056020736694 10 9 25 24
class 0.3401966094970703 22 11 39 26
class 0.37446168065071106 35 9 53 25
class 0.4450172483921051 49 9 66 25
class 0.5092505216598511 62 9 79 25
class 0.5383235812187195 76 9 93 25
class 0.5311949849128723 89 9 106 26
class 0.5930476784706116 102 10 120 26
class 0.6450735926628113 141 9 159 26
class 0.4920758306980133 155 9 172 26
class 0.5437720417976379 167 9 185 25
class 0.4816385805606842 181 9 197 25
class 0.7209647297859192 195 10 212 26
class 0.45561718940734863 207 10 224 26
class 0.14367619156837463 233 8 247 27
class 0.26351097226142883 1 26 15 41
class 0.13040851056575775 23 25 40 40
class 0.1996581107378006 35 26 53 42
class 0.24759811162948608 48 25 66 41
class 0.2758854329586029 62 24 80 41
class 0.20791824162006378 75 25 93 41
class 0.29556477069854736 88 26 106 42
class 0.5837271213531494 103 26 121 42
class 0.9669408202171326 124 24 143 42
class 0.3262297213077545 143 25 160 41
class 0.2459287941455841 155 26 171 41
class 0.21554245054721832 167 25 185 41
class 0.24627847969532013 180 26 198 41
class 0.3005480170249939 193 25 212 41
class 0.11745503544807434 207 25 225 40
class 0.13510385155677795 233 23 246 41
class 0.4308210015296936 1 38 15 54
class 0.15685085952281952 23 39 40 55
class 0.24107486009597778 36 37 54 55
class 0.4022592008113861 49 38 66 56
class 0.19613978266716003 61 36 79 55
class 0.31622499227523804 77 37 94 56
class 0.37834277749061584 88 37 106 55
class 0.3851194381713867 102 37 120 54
class 0.1535271406173706 113 40 132 56
class 0.48740020394325256 127 40 145 57
class 0.18125708401203156 142 39 159 55
class 0.4373820722103119 154 38 171 55
class 0.38211193680763245 167 38 185 55
class 0.36511942744255066 181 38 199 54
class 0.3429246246814728 194 38 212 54
class 0.284053236246109 208 39 226 54
class 0.12153494358062744 219 38 235 53
class 0.21235299110412598 233 37 246 55
class 0.228216290473938 1 52 15 67
class 0.21921215951442719 23 51 40 67
class 0.17361657321453094 48 48 65 67
class 0.3309212625026703 77 48 94 68
class 0.45788347721099854 88 50 106 69
class 0.1746354103088379 101 51 119 69
class 0.2978675365447998 116 50 134 67
class 0.6311873197555542 127 50 145 67
class 0.28974658250808716 141 51 159 67
class 0.21390168368816376 155 50 172 67
class 0.2578439712524414 168 50 185 68
class 0.2933325171470642 181 51 199 68
class 0.5139880776405334 195 52 213 69
class 0.4165024757385254 207 52 225 67
class 0.2482687085866928 233 51 247 69
class 0.364235520362854 1 65 15 80
class 0.1590389609336853 23 66 40 81
class 0.10477625578641891 37 64 54 80
class 0.16299286484718323 48 65 66 81
class 0.9471482038497925 64 59 80 77
class 0.13541333377361298 76 64 94 82
class 0.31722408533096313 89 63 106 81
class 0.30363136529922485 102 64 120 81
class 0.19522762298583984 114 66 132 83
class 0.21920464932918549 129 64 146 81
class 0.32932713627815247 142 64 159 81
class 0.3548180162906647 154 65 172 82
class 0.42629870772361755 168 65 186 82
class 0.4133252203464508 181 65 199 82
class 0.391947865486145 194 64 212 81
class 0.211818665266037 206 64 226 81
class 0.16407550871372223 233 62 248 81
class 0.30684590339660645 1 78 15 94
class 0.17837025225162506 23 78 40 93
class 0.13294421136379242 36 78 54 94
class 0.17331206798553467 49 77 68 93
class 0.687250554561615 62 78 80 95
class 0.33649736642837524 74 77 94 94
class 0.19278717041015625 89 77 107 94
class 0.29291215538978577 103 77 120 94
class 0.6923283338546753 115 77 132 94
class 0.43532124161720276 127 78 145 95
class 0.2753186821937561 141 77 159 95
class 0.30479124188423157 155 77 173 95
class 0.30545076727867126 168 77 186 94
class 0.3758598864078522 181 77 200 95
class 0.31858915090560913 194 78 213 96
class 0.1624567061662674 207 78 226 95
class 0.14644846320152283 219 79 237 95
class 0.31052106618881226 233 78 249 97
class 0.18046192824840546 1 92 15 106
class 0.10722722858190536 23 91 40 107
class 0.1731944978237152 49 90 68 108
class 0.2578866481781006 62 90 80 107
class 0.2756045162677765 75 91 94 108
class 0.22970819473266602 89 91 107 108
class 0.18757352232933044 102 90 120 107
class 0.26799845695495605 115 90 133 107
class 0.25442010164260864 128 90 146 108
class 0.2606179714202881 142 90 160 108
class 0.3394257128238678 155 91 173 108
class 0.2721756100654602 168 91 187 108
class 0.35046371817588806 181 91 200 109
class 0.28651943802833557 193 90 213 108
class 0.13567572832107544 207 90 228 107
class 0.32428622245788574 233 88 249 107
class 0.3467411696910858 1 105 16 120
class 0.12878665328025818 24 104 40 120
class 0.16624131798744202 36 104 54 121
class 0.24263472855091095 50 103 68 120
class 0.3262735903263092 63 103 80 120
class 0.3816017806529999 75 103 93 120
class 0.2981123626232147 89 104 106 121
class 0.24357041716575623 102 104 120 121
class 0.182789608836174 115 103 133 121
class 0.3592706322669983 129 103 147 121
class 0.41150060296058655 142 104 160 121
class 0.3707870543003082 155 103 174 122
class 0.3077257573604584 168 103 187 121
class 0.43208181858062744 181 102 200 121
class 0.18746235966682434 193 103 213 121
class 0.987658679485321 225 101 244 119
class 0.3014821708202362 2 117 16 132
class 0.11753056198358536 36 117 54 134
class 0.2480478584766388 50 117 67 134
class 0.2755700349807739 63 117 80 134
class 0.27582743763923645 76 116 93 134
class 0.2743282616138458 89 116 107 133
class 0.27955129742622375 102 116 120 134
class 0.2843547463417053 115 116 133 134
class 0.3040897846221924 129 116 147 135
class 0.30836719274520874 142 116 161 134
class 0.45642441511154175 155 115 174 134
class 0.3431953489780426 168 115 187 134
class 0.2843332588672638 181 116 200 135
class 0.15080131590366364 193 114 212 134
class 0.17595504224300385 209 114 228 132
class 0.3028460443019867 217 118 237 134
class 0.13465961813926697 231 119 249 135
class 0.11957591772079468 1 131 15 146
class 0.13801772892475128 23 130 40 146
class 0.12670676410198212 36 129 55 147
class 0.30135318636894226 49 129 67 146
class 0.35853907465934753 63 129 80 146
class 0.2782982289791107 76 129 94 147
class 0.27122563123703003 89 129 107 147
class 0.20992444455623627 102 129 120 147
class 0.27714863419532776 115 129 134 148
class 0.3669808506965637 129 129 147 148
class 0.19527198374271393 141 129 161 148
class 0.19610393047332764 154 129 174 148
class 0.264377236366272 168 128 187 148
class 0.5147027373313904 182 128 202 148
class 0.18738780915737152 193 128 211 147
class 0.42117753624916077 205 130 225 150
class 0.28302714228630066 222 128 240 144
class 0.6771830320358276 232 126 249 146
class 0.3156985342502594 1 144 16 159
class 0.21129372715950012 49 143 68 160
class 0.2991434931755066 63 143 81 160
class 0.3161645829677582 77 143 94 160
class 0.28017035126686096 89 142 107 160
class 0.1860761195421219 102 142 120 161
class 0.15748488903045654 116 142 134 160
class 0.3436073660850525 130 142 148 160
class 0.38315093517303467 142 143 161 161
class 0.3229515254497528 154 142 174 160
class 0.10871240496635437 206 143 225 160
class 0.3396376371383667 233 143 248 161
class 0.32895806431770325 1 157 16 172
class 0.20380938053131104 23 157 40 173
class 0.2069285809993744 35 157 54 174
class 0.29359734058380127 50 156 68 173
class 0.3077894151210785 63 156 81 173
class 0.27066636085510254 76 156 94 173
class 0.24122080206871033 89 155 107 174
class 0.1836240142583847 103 155 121 173
class 0.19657261669635773 115 156 134 174
class 0.3774394392967224 129 156 147 174
class 0.4691673517227173 141 156 161 174
class 0.14736443758010864 154 155 174 173
class 0.9972853660583496 184 151 201 171
class 0.13355542719364166 193 155 213 173
class 0.7194948792457581 207 157 226 173
class 0.19440163671970367 219 156 237 172
class 0.37479066848754883 233 153 247 171
class 0.3439405858516693 2 171 16 186
class 0.10514725744724274 24 169 41 185
class 0.1761804223060608 36 169 54 186
class 0.21597647666931152 50 170 68 186
class 0.3363354802131653 63 169 81 186
class 0.32373732328414917 76 168 94 186
class 0.2722301483154297 89 168 107 186
class 0.2636301815509796 102 169 120 187
class 0.2256987988948822 116 168 134 185
class 0.38769641518592834 128 168 146 186
class 0.3237622082233429 142 168 160 186
class 0.11697669327259064 154 168 173 186
class 0.11134916543960571 194 171 214 187
class 0.2702106833457947 206 169 226 186
class 0.14195391535758972 233 169 247 187
class 0.5028371214866638 1 183 15 199
class 0.19053399562835693 24 184 40 199
class 0.22450120747089386 36 183 54 200
class 0.3615940809249878 51 182 68 199
class 0.3916771411895752 63 182 81 199
class 0.30601608753204346 76 182 94 200
class 0.3276515603065491 90 182 107 200
class 0.27788054943084717 103 182 120 200
class 0.35863345861434937 116 183 134 200
class 0.36600425839424133 129 182 146 200
class 0.3693096339702606 142 183 160 200
class 0.2082177996635437 155 183 173 200
class 0.14050792157649994 168 182 187 200
class 0.29954734444618225 181 181 200 198
class 0.38959380984306335 194 182 213 199
class 0.2774267792701721 207 184 225 199
class 0.3131670355796814 232 182 247 200
class 0.3262227177619934 1 197 15 213
class 0.29239118099212646 25 196 40 212
class 0.4100452959537506 37 196 54 213
class 0.4876105785369873 50 196 67 214
class 0.4049922525882721 64 196 81 214
class 0.28669825196266174 76 195 94 213
class 0.37843966484069824 90 195 107 213
class 0.4212202727794647 103 195 120 213
class 0.42006340622901917 117 195 134 213
class 0.5379685759544373 129 195 146 213
class 0.5658394694328308 143 195 160 213
class 0.5920866131782532 156 196 173 214
class 0.30877816677093506 168 196 186 214
class 0.3000780940055847 181 195 199 213
class 0.4733574688434601 195 195 213 213
class 0.4483335018157959 207 196 225 213
class 0.16146934032440186 220 197 236 212
class 0.382593035697937 232 195 247 213
class 0.3293120563030243 1 210 15 226
class 0.21998129785060883 25 210 40 226
class 0.23716403543949127 37 209 53 226
class 0.40502530336380005 51 209 67 226
class 0.40737318992614746 64 209 80 226
class 0.3415212631225586 77 209 94 227
class 0.4387027323246002 89 209 106 227
class 0.26107650995254517 103 208 119 226
class 0.2619346082210541 116 209 133 227
class 0.2945476770401001 129 209 146 226
class 0.3221624791622162 142 209 159 227
class 0.3583202660083771 156 208 173 226
class 0.38953500986099243 168 208 186 226
class 0.3553104102611542 182 209 199 227
class 0.45930948853492737 195 209 212 227
class 0.2559436857700348 207 210 225 226
class 0.1119687408208847 220 210 235 225
class 0.23825962841510773 232 208 246 226
class 0.5976488590240479 1 224 16 240
class 0.1709124892950058 25 222 40 237
class 0.20912136137485504 38 221 53 237
class 0.206813782453537 51 222 67 238
class 0.29044607281684875 64 222 80 238
class 0.24712710082530975 77 222 93 238
class 0.2504076361656189 90 221 106 238
class 0.16756336390972137 104 223 120 239
class 0.147349014878273 116 222 132 239
class 0.2566702365875244 130 222 147 238
class 0.2977249324321747 143 222 160 238
class 0.28669026494026184 155 223 172 239
class 0.17242179811000824 169 223 186 239
class 0.22387287020683289 182 222 199 238
class 0.4743906855583191 196 222 212 238
class 0.3428833782672882 208 222 225 238
class 0.16339370608329773 219 223 235 238
class 0.566451370716095 232 223 247 240
class 0.7978629469871521 0 232 17 249
class 0.17806127667427063 10 232 27 248
class 0.47816574573516846 24 232 41 249
class 0.4429450035095215 38 233 56 249
class 0.4740050137042999 49 231 68 248
class 0.5009300112724304 63 231 81 248
class 0.3830741345882416 76 231 94 249
class 0.355674147605896 89 232 108 249
class 0.48708054423332214 103 231 122 248
class 0.49106714129447937 115 231 133 249
class 0.5600250959396362 128 231 147 249
class 0.5074913501739502 143 231 161 248
class 0.6107778549194336 155 230 173 248
class 0.5965407490730286 168 231 187 248
class 0.3845577538013458 181 231 200 248
class 0.6245394945144653 195 231 213 249
class 0.43991732597351074 207 231 225 249
class 0.21639780700206757 220 232 238 249
class 0.8589914441108704 232 231 249 249
