class 0.7245892286300659 1 3 17 18
class 0.33802229166030884 9 4 26 17
class 0.43611302971839905 22 4 40 18
class 0.612748384475708 35 3 54 18
class 0.36746150255203247 49 4 68 18
class 0.520717203617096 61 4 81 18
class 0.6182886958122253 75 3 94 18
class 0.5659571886062622 88 4 107 18
class 0.5186225771903992 101 4 120 18
class 0.5819104313850403 114 4 133 18
class 0.46753519773483276 128 4 146 18
class 0.37687668204307556 140 4 159 17
class 0.44183215498924255 154 4 172 18
class 0.44823116064071655 167 4 186 18
class 0.4003942608833313 180 4 199 18
class 0.4419114291667938 194 4 213 18
class 0.5695705413818359 206 4 225 18
class 0.2736620306968689 221 4 237 17
class 0.9209154844284058 232 2 248 18
class 0.684057354927063 1 10 16 26
class 0.1529463529586792 9 9 24 24
class 0.2379079908132553 23 10 39 25
class 0.5128661394119263 49 9 66 25
class 0.599956750869751 62 9 80 25
class 0.5413263440132141 76 9 93 25
class 0.39000988006591797 88 9 105 25
class 0.418874591588974 102 10 119 26
class 0.5101910829544067 115 9 132 25
class 0.47801023721694946 128 10 145 25
class 0.45640018582344055 141 10 158 26
class 0.49860113859176636 154 9 171 26
class 0.5854251384735107 168 9 185 25
class 0.6032375693321228 181 9 198 26
class 0.5802343487739563 194 10 212 26
class 0.4843497574329376 207 9 224 26
class 0.3524964153766632 1 25 15 40
class 0.13539712131023407 23 27 39 40
class 0.13244634866714478 35 26 53 41
class 0.24176794290542603 49 26 67 41
class 0.26032692193984985 62 26 79 41
class 0.20994140207767487 76 26 93 41
class 0.2767437994480133 88 25 105 41
class 0.18613731861114502 101 25 119 41
class 0.21159081161022186 115 25 132 40
class 0.2579314410686493 128 25 145 40
class 0.22916558384895325 141 25 158 41
class 0.11754433065652847 154 25 171 41
class 0.1907997727394104 167 26 185 41
class 0.30210286378860474 181 25 199 41
class 0.4908997416496277 194 25 213 41
class 0.20170316100120544 206 25 224 41
class 0.19276249408721924 234 23 248 42
class 0.39804622530937195 1 39 15 54
class 0.25593510270118713 23 39 40 54
class 0.247201070189476 35 38 54 55
class 0.3542969226837158 50 37 67 54
class 0.3567236065864563 62 37 80 54
class 0.18742305040359497 75 37 93 55
class 0.13376504182815552 102 38 119 55
class 0.25401246547698975 116 39 132 55
class 0.44055527448654175 129 39 145 55
class 0.4204425811767578 141 38 157 55
class 0.5447213053703308 156 38 173 55
class 0.5779138803482056 167 38 184 55
class 0.37228238582611084 181 38 198 55
class 0.4048477113246918 195 37 212 55
class 0.5490716099739075 208 39 226 55
class 0.31128302216529846 219 39 238 55
class 0.41509756445884705 233 36 248 56
class 0.19640468060970306 1 52 15 67
class 0.14596010744571686 23 51 40 67
class 0.1272449493408203 36 50 54 68
class 0.20844222605228424 50 50 67 68
class 0.24502038955688477 64 51 81 68
class 0.3982847332954407 77 50 94 68
class 0.31911927461624146 89 50 106 69
class 0.2763711214065552 101 51 119 69
class 0.3434547781944275 116 50 133 68
class 0.3625076711177826 128 50 145 67
class 0.3243541717529297 142 50 159 68
class 0.334741473197937 155 50 172 67
class 0.3854338526725769 169 49 185 67
class 0.48103076219558716 181 51 198 68
class 0.35672301054000854 195 51 212 68
class 0.2792702615261078 205 48 224 66
class 0.5722396969795227 1 65 16 81
class 0.106661856174469 23 65 40 80
class 0.16337521374225616 36 64 55 82
class 0.3066832721233368 50 64 68 82
class 0.594351053237915 63 63 81 82
class 0.26956042647361755 75 62 94 83
class 0.15228472650051117 89 63 107 82
class 0.16426816582679749 102 62 120 81
class 0.21979783475399017 116 63 133 81
class 0.24486678838729858 128 63 146 82
class 0.26305514574050903 143 64 160 82
class 0.2609671950340271 155 64 172 82
class 0.34595581889152527 169 65 186 82
class 0.4573706090450287 181 64 198 81
class 0.9988448023796082 224 60 241 79
class 0.33201491832733154 1 77 15 93
class 0.10397514700889587 23 79 40 95
class 0.2479594647884369 36 78 55 95
class 0.3716929256916046 50 77 68 95
class 0.17543849349021912 62 75 81 94
class 0.10159377753734589 77 76 96 95
class 0.29526153206825256 88 76 107 96
class 0.266308069229126 102 77 120 97
class 0.23490677773952484 115 77 133 96
class 0.39602649211883545 130 77 147 95
class 0.45296886563301086 142 77 159 95
class 0.4912196099758148 155 78 173 95
class 0.48849210143089294 168 78 185 95
class 0.4499204754829407 181 78 199 95
class 0.2971620261669159 194 78 212 95
class 0.3400077223777771 2 91 15 107
class 0.21159780025482178 24 90 40 106
class 0.31267622113227844 36 90 54 107
class 0.5129209756851196 51 89 69 107
class 0.9611364603042603 72 91 90 111
class 0.6580644249916077 90 87 108 107
class 0.3689371645450592 102 88 120 108
class 0.34853747487068176 116 89 133 108
class 0.2660941183567047 129 89 146 107
class 0.38047030568122864 143 89 160 107
class 0.2684636116027832 155 89 172 107
class 0.31653526425361633 168 90 186 108
class 0.3007502555847168 180 90 198 108
class 0.2252485454082489 195 90 213 107
class 0.12849846482276917 208 90 226 106
class 0.1534486711025238 233 89 248 107
class 0.20552045106887817 2 105 16 120
class 0.11823973059654236 24 105 40 121
class 0.2095545381307602 35 104 53 121
class 0.27844732999801636 50 102 69 119
class 0.22015129029750824 64 102 83 119
class 0.3504209816455841 73 101 91 118
class 0.22479195892810822 88 102 107 121
class 0.211070716381073 103 103 121 121
class 0.25101226568222046 115 103 133 121
class 0.1598951518535614 129 103 147 121
class 0.22408832609653473 142 103 160 121
class 0.27694839239120483 155 104 173 122
class 0.39330869913101196 168 103 186 121
class 0.2507377862930298 181 104 199 122
class 0.2876916229724884 194 105 212 122
class 0.11736498028039932 207 106 225 120
class 0.3859931230545044 232 102 247 120
class 0.5175370573997498 1 117 16 134
class 0.1292477250099182 24 117 41 133
class 0.2823127806186676 35 116 53 135
class 0.12184805423021317 50 117 68 133
class 0.4085598587989807 62 117 81 134
class 0.6159627437591553 75 118 93 134
class 0.33489689230918884 88 117 106 134
class 0.21630620956420898 103 117 120 134
class 0.29636675119400024 115 116 133 134
class 0.24938347935676575 129 116 147 134
class 0.26321983337402344 142 116 160 134
class 0.3581819236278534 154 115 172 134
class 0.22397080063819885 168 116 186 135
class 0.22460129857063293 182 115 200 134
class 0.33826136589050293 195 116 213 134
class 0.24594374001026154 207 117 225 133
class 0.2204352766275406 233 116 247 134
class 0.16927802562713623 0 129 15 145
class 0.1672179400920868 23 129 40 146
class 0.20242519676685333 37 129 55 147
class 0.28392285108566284 49 131 68 148
class 0.4700256884098053 63 130 81 147
class 0.5898646116256714 76 129 93 147
class 0.5377048850059509 89 130 106 147
class 0.3011171519756317 102 130 119 147
class 0.2748384475708008 116 130 133 147
class 0.3079833388328552 130 129 147 147
class 0.32967591285705566 142 129 160 147
class 0.24257086217403412 155 128 173 147
class 0.2123287320137024 169 128 186 147
class 0.1965983659029007 180 128 199 149
class 0.22961752116680145 196 128 213 147
class 0.16481128334999084 207 130 225 146
class 0.10089023411273956 220 130 236 146
class 0.35081151127815247 233 129 247 147
class 0.9908871650695801 6 144 25 163
class 0.1477791666984558 38 144 55 161
class 0.3862253725528717 49 144 67 161
class 0.2835044860839844 63 144 80 161
class 0.3751751482486725 77 143 93 160
class 0.4451790452003479 90 143 106 160
class 0.30565759539604187 103 143 120 159
class 0.39500394463539124 116 143 133 160
class 0.3305448889732361 129 143 146 160
class 0.21671396493911743 142 142 160 159
class 0.8062673211097717 168 145 184 163
class 0.2532498836517334 183 140 200 159
class 0.20687974989414215 195 142 213 161
class 0.1424022912979126 207 143 225 159
class 0.13602137565612793 220 144 236 159
class 0.2981451451778412 233 141 247 160
class 0.48471546173095703 38 157 55 174
class 0.6255658864974976 49 155 66 172
class 0.48711639642715454 63 156 80 173
class 0.4423145651817322 76 157 93 173
class 0.41328707337379456 90 157 107 173
class 0.39650094509124756 103 156 120 173
class 0.26255562901496887 116 155 133 172
class 0.30503469705581665 129 156 146 173
class 0.15622758865356445 142 155 160 172
class 0.10930697619915009 155 156 172 174
class 0.7449122071266174 167 153 184 171
class 0.20796920359134674 183 156 201 173
class 0.26058658957481384 195 156 213 174
class 0.23797519505023956 207 157 225 173
class 0.1426376849412918 221 157 236 171
class 0.24525490403175354 233 155 247 173
class 0.3981933891773224 1 170 16 186
class 0.10894300788640976 9 170 26 185
class 0.16743804514408112 22 169 40 184
class 0.23797330260276794 36 169 54 186
class 0.20190857350826263 50 170 67 187
class 0.27403703331947327 64 170 81 186
class 0.701610803604126 77 170 94 186
class 0.4668614864349365 90 169 107 185
class 0.38114872574806213 103 168 121 185
class 0.38318905234336853 116 169 133 186
class 0.4657568335533142 130 169 146 185
class 0.30461156368255615 142 169 159 186
class 0.459209144115448 156 169 173 185
class 0.5390013456344604 167 171 185 188
class 0.16775764524936676 180 170 199 186
class 0.3002052903175354 194 170 212 187
class 0.39239245653152466 208 170 226 186
class 0.1511904001235962 220 171 236 186
class 0.32350772619247437 233 169 247 187
class 0.3438456058502197 1 184 15 199
class 0.2646526098251343 23 184 40 199
class 0.35213276743888855 37 183 54 199
class 0.3445018529891968 49 183 67 200
class 0.562169075012207 64 184 81 200
class 0.64177405834198 77 182 93 199
class 0.4956866204738617 90 183 107 200
class 0.39167043566703796 103 183 120 200
class 0.39396196603775024 116 183 133 199
class 0.4440474212169647 130 183 146 199
class 0.41968095302581787 142 183 159 200
class 0.3163716495037079 156 183 172 199
class 0.5371643304824829 169 182 186 199
class 0.3860848844051361 181 183 198 200
class 0.37717992067337036 194 183 211 199
class 0.3225034177303314 208 183 225 198
class 0.16605904698371887 220 183 236 198
class 0.4025045335292816 233 182 247 200
class 0.5871898531913757 1 197 15 213
class 0.12819398939609528 11 197 25 211
class 0.27848756313323975 24 196 40 211
class 0.3678135275840759 37 195 54 213
class 0.46292537450790405 50 196 67 213
class 0.6986651420593262 64 195 81 212
class 0.6896823644638062 77 196 94 213
class 0.617038369178772 90 196 107 213
class 0.5187098383903503 103 196 120 213
class 0.5760247111320496 116 195 133 213
class 0.46609920263290405 129 195 146 212
class 0.49445605278015137 142 195 159 212
class 0.3707151710987091 155 196 172 212
class 0.40148627758026123 169 195 185 212
class 0.488332062959671 182 196 199 213
class 0.5004096627235413 195 197 211 213
class 0.40904438495635986 207 196 225 212
class 0.14795427024364471 220 197 236 212
class 0.4981257915496826 232 195 247 213
class 0.4100591242313385 1 209 15 225
class 0.10162574797868729 11 209 25 223
class 0.21297594904899597 24 209 39 224
class 0.165787011384964 37 209 53 226
class 0.3230849802494049 51 209 68 226
class 0.348938524723053 63 209 80 226
class 0.3184625208377838 77 208 94 225
class 0.4297312796115875 90 209 107 226
class 0.5032982230186462 103 209 120 226
class 0.4295288920402527 116 208 133 226
class 0.3346947431564331 129 209 146 226
class 0.38268473744392395 142 209 159 226
class 0.35904741287231445 155 209 172 226
class 0.41449955105781555 168 210 185 227
class 0.3664613366127014 182 209 199 226
class 0.525140106678009 195 209 212 226
class 0.3079988360404968 207 210 223 226
class 0.11008664220571518 220 210 235 225
class 0.2621389329433441 233 208 247 226
class 0.7573806047439575 1 224 16 239
class 0.11614938825368881 11 223 25 237
class 0.14196383953094482 25 222 39 237
class 0.23832976818084717 38 222 54 238
class 0.3139629662036896 51 222 67 238
class 0.2604524493217468 64 223 80 238
class 0.26935875415802 77 223 93 239
class 0.20174060761928558 90 223 107 238
class 0.22577492892742157 103 222 119 238
class 0.2447773516178131 116 222 133 238
class 0.29630398750305176 129 222 146 238
class 0.2731851041316986 143 222 159 238
class 0.35846802592277527 156 221 172 238
class 0.27463701367378235 169 222 185 238
class 0.1723051816225052 182 223 199 239
class 0.1888159066438675 195 222 212 238
class 0.2202540934085846 208 222 224 238
class 0.27628278732299805 233 223 247 240
class 0.7899616956710815 0 232 16 249
class 0.30412185192108154 10 232 27 248
class 0.2819746136665344 23 232 40 249
class 0.3732358515262604 37 232 55 248
class 0.4429064989089966 51 232 68 248
class 0.5062767267227173 63 231 81 248
class 0.6261049509048462 76 231 94 249
class 0.6309879422187805 90 231 108 248
class 0.5305946469306946 103 231 121 248
class 0.4662206768989563 115 231 133 248
class 0.5574302673339844 129 231 148 249
class 0.47332310676574707 142 231 160 249
class 0.49327918887138367 155 231 173 249
class 0.4919413626194 169 231 187 248
class 0.640232264995575 181 231 200 248
class 0.4572530686855316 194 231 212 249
class 0.49698778986930847 207 232 226 249
class 0.19498534500598907 220 233 238 249
class 0.9433419704437256 232 232 248 249
