class 0.7895780205726624 0 3 16 18
class 0.23347797989845276 8 4 25 18
class 0.28929370641708374 23 4 41 17
class 0.49370843172073364 35 4 54 18
class 0.40984854102134705 48 3 67 18
class 0.5006035566329956 62 4 81 18
class 0.5527620911598206 75 4 93 18
class 0.5009464025497437 89 4 107 18
class 0.5684802532196045 102 4 120 18
class 0.8000392913818359 113 3 132 18
class 0.4992872476577759 128 4 147 18
class 0.4046277403831482 141 4 160 18
class 0.4145013988018036 154 4 173 17
class 0.4472099840641022 167 4 186 18
class 0.5406146049499512 180 3 199 18
class 0.6864186525344849 193 3 212 18
class 0.498226523399353 207 3 226 18
class 0.4006364345550537 220 4 237 18
class 0.6509809494018555 232 2 249 18
class 0.5691114664077759 1 9 15 25
class 0.2715827524662018 23 11 39 25
class 0.5036580562591553 49 10 67 25
class 0.5092126727104187 62 9 79 25
class 0.5546773672103882 75 9 92 25
class 0.5515409111976624 89 10 105 26
class 0.45335885882377625 101 9 118 26
class 0.5194793343544006 128 10 145 26
class 0.5307865738868713 142 10 159 25
class 0.5148380994796753 154 10 171 26
class 0.45113348960876465 167 10 185 26
class 0.396969199180603 180 9 198 26
class 0.36927521228790283 208 9 224 24
class 0.18501022458076477 233 8 247 26
class 0.18837758898735046 1 26 15 41
class 0.15346208214759827 48 25 66 40
class 0.16791261732578278 62 25 79 41
class 0.2554255723953247 75 26 92 41
class 0.2768285572528839 87 25 105 41
class 0.19196869432926178 101 26 119 41
class 0.2710670828819275 114 26 132 42
class 0.3068928122520447 128 25 146 41
class 0.2815448045730591 141 25 159 41
class 0.28651151061058044 154 25 172 41
class 0.2119603455066681 167 25 185 41
class 0.16684404015541077 181 25 199 41
class 0.22104573249816895 193 25 212 41
class 0.2681366503238678 206 26 224 41
class 0.13197916746139526 233 23 247 42
class 0.33089786767959595 1 39 15 54
class 0.1590709090232849 22 39 40 55
class 0.10526931285858154 34 37 53 55
class 0.14523907005786896 63 37 80 55
class 0.272331178188324 75 38 92 55
class 0.3340763449668884 88 38 105 55
class 0.3369126319885254 102 38 119 55
class 0.4067702293395996 114 38 131 55
class 0.38920754194259644 129 38 146 55
class 0.4786512553691864 141 38 159 55
class 0.4909021556377411 155 38 172 55
class 0.3423828184604645 167 38 185 55
class 0.2635877728462219 181 38 199 55
class 0.30820393562316895 194 38 212 55
class 0.18610161542892456 206 38 224 54
class 0.11629355698823929 220 38 236 53
class 0.29906409978866577 233 37 247 55
class 0.47559770941734314 1 51 15 67
class 0.21839143335819244 23 50 41 67
class 0.10860694944858551 35 49 54 69
class 0.11643822491168976 49 49 68 70
class 0.40593987703323364 62 50 80 69
class 0.4193887412548065 76 51 93 69
class 0.44559118151664734 89 51 105 68
class 0.35074737668037415 102 51 119 68
class 0.48253294825553894 115 51 132 68
class 0.5576348304748535 129 51 146 68
class 0.5812714099884033 142 51 159 68
class 0.45327839255332947 155 51 172 68
class 0.34570786356925964 168 51 186 68
class 0.2758433222770691 181 50 198 68
class 0.36450934410095215 195 50 212 67
class 0.3488315939903259 207 51 225 67
class 0.33336159586906433 232 50 247 68
class 0.24152463674545288 1 64 15 79
class 0.19348348677158356 50 62 69 83
class 0.1891048103570938 62 61 81 83
class 0.25694048404693604 76 63 94 82
class 0.3577434718608856 89 64 107 81
class 0.41530993580818176 102 65 119 81
class 0.4590049982070923 115 64 133 81
class 0.37040215730667114 129 64 146 81
class 0.41891857981681824 142 63 160 81
class 0.46251893043518066 155 63 173 81
class 0.3900744915008545 168 63 186 81
class 0.28965291380882263 182 63 199 81
class 0.42581048607826233 195 64 212 81
class 0.29936420917510986 207 64 225 80
class 0.34583884477615356 232 62 247 81
class 0.3435136079788208 1 77 16 93
class 0.7757412791252136 32 69 51 91
class 0.5506938695907593 52 75 71 96
class 0.2597494125366211 62 75 81 96
class 0.21142767369747162 75 77 94 95
class 0.334744930267334 90 77 107 94
class 0.5390639305114746 102 77 120 94
class 0.519001305103302 115 77 133 94
class 0.41851893067359924 129 77 147 95
class 0.4578094482421875 142 77 160 95
class 0.3133592903614044 155 77 173 95
class 0.2542072832584381 168 77 186 94
class 0.340481698513031 182 77 200 95
class 0.25250664353370667 194 77 212 94
class 0.2412920892238617 208 77 226 93
class 0.13132989406585693 220 77 236 93
class 0.4406891465187073 233 76 247 95
class 0.2969019114971161 1 90 16 106
class 0.9957494735717773 39 92 58 111
class 0.25251489877700806 61 90 81 108
class 0.33594316244125366 76 90 94 108
class 0.31803858280181885 89 91 107 108
class 0.4876360595226288 102 90 120 108
class 0.5093969106674194 116 90 133 108
class 0.41267549991607666 128 90 146 108
class 0.4233386814594269 142 90 160 107
class 0.48836734890937805 155 89 173 107
class 0.40982988476753235 168 90 186 108
class 0.34160956740379333 181 90 199 107
class 0.3291599452495575 194 90 212 108
class 0.27799609303474426 207 91 225 107
class 0.28197169303894043 234 88 248 107
class 0.34081247448921204 1 104 15 119
class 0.21072272956371307 62 103 80 120
class 0.4019731879234314 77 104 94 120
class 0.518423318862915 90 104 107 120
class 0.4170914590358734 102 103 119 121
class 0.3847745656967163 116 103 133 120
class 0.40733715891838074 129 103 147 121
class 0.31673043966293335 142 103 160 121
class 0.3293799161911011 155 103 173 121
class 0.26818275451660156 168 103 186 121
class 0.18934938311576843 182 103 200 121
class 0.26046696305274963 195 103 212 121
class 0.20855389535427094 207 105 225 121
class 0.13055787980556488 220 106 237 120
class 0.3420908451080322 233 103 247 122
class 0.38166987895965576 1 118 16 134
class 0.5022486448287964 34 117 52 133
class 0.2939307689666748 48 117 67 133
class 0.2164420783519745 63 117 80 134
class 0.31515881419181824 76 117 93 134
class 0.3082433044910431 90 116 107 133
class 0.48834991455078125 103 116 120 133
class 0.5805344581604004 115 118 132 134
class 0.38020312786102295 129 117 146 134
class 0.3126647174358368 143 116 160 134
class 0.42607584595680237 156 116 173 134
class 0.43436071276664734 169 117 186 134
class 0.35506656765937805 181 116 199 134
class 0.47572240233421326 195 117 213 134
class 0.27468299865722656 207 117 225 133
class 0.3663949966430664 233 115 247 134
class 0.3035856783390045 2 131 16 146
class 0.11443548649549484 36 129 54 147
class 0.15531490743160248 49 129 68 147
class 0.3109365701675415 63 130 80 146
class 0.4554052948951721 76 129 93 146
class 0.38165774941444397 90 130 107 147
class 0.25859764218330383 103 130 120 146
class 0.42896324396133423 116 129 133 146
class 0.3970792293548584 129 130 146 147
class 0.3553282618522644 143 130 160 147
class 0.3210769295692444 155 129 173 147
class 0.2678866386413574 169 129 186 147
class 0.2458300143480301 182 129 199 147
class 0.25629332661628723 195 129 212 147
class 0.18963909149169922 208 130 225 146
class 0.2570798397064209 220 131 237 146
class 0.24936862289905548 233 129 247 147
class 0.4079410135746002 2 143 16 159
class 0.14104706048965454 22 144 39 160
class 0.14530926942825317 36 143 54 160
class 0.20504699647426605 50 143 68 160
class 0.2480889856815338 62 143 80 160
class 0.24664370715618134 76 143 94 160
class 0.3434160351753235 91 142 108 160
class 0.2096462845802307 103 143 120 160
class 0.2895353436470032 116 142 133 160
class 0.3553033769130707 129 143 147 160
class 0.33849290013313293 142 142 159 160
class 0.32865872979164124 156 143 173 160
class 0.38762104511260986 168 143 186 160
class 0.31214576959609985 182 143 199 160
class 0.32844895124435425 195 143 212 161
class 0.13930565118789673 208 144 225 159
class 0.1338346153497696 221 144 237 159
class 0.5170449614524841 232 142 247 161
class 0.2000458538532257 1 157 16 172
class 0.13321301341056824 36 156 54 173
class 0.24003097414970398 50 156 68 173
class 0.37024742364883423 63 156 80 174
class 0.4096437394618988 76 156 94 174
class 0.27642297744750977 90 156 108 174
class 0.3108983039855957 103 155 120 173
class 0.28831931948661804 116 155 134 173
class 0.24288566410541534 129 155 147 173
class 0.23705832660198212 142 156 159 173
class 0.35755079984664917 156 156 173 173
class 0.263619989156723 168 155 186 173
class 0.22624202072620392 182 156 200 173
class 0.3102954626083374 195 155 213 173
class 0.16804490983486176 208 156 225 171
class 0.2146371603012085 232 154 247 173
class 0.20892608165740967 1 170 15 185
class 0.20033380389213562 36 169 54 186
class 0.18371519446372986 50 169 68 187
class 0.4230708181858063 63 169 81 187
class 0.3148905038833618 76 169 94 187
class 0.4103905260562897 90 169 107 187
class 0.2930857837200165 102 170 121 189
class 0.18656155467033386 116 168 134 187
class 0.263290137052536 129 168 147 186
class 0.3519757390022278 142 169 160 186
class 0.38983264565467834 155 169 173 186
class 0.3597213923931122 168 169 187 187
class 0.23934350907802582 182 169 200 186
class 0.45265626907348633 195 169 214 186
class 0.18434636294841766 207 171 225 186
class 0.25385022163391113 233 168 247 187
class 0.29984036087989807 1 184 15 199
class 0.15531399846076965 23 183 40 199
class 0.23832686245441437 37 183 55 200
class 0.3150576651096344 50 182 68 200
class 0.3974820375442505 64 182 81 200
class 0.6072158217430115 77 183 94 200
class 0.31146109104156494 89 181 106 198
class 0.299344927072525 103 179 121 198
class 0.4523501396179199 116 181 134 200
class 0.31210705637931824 129 182 147 200
class 0.3138257563114166 142 182 160 200
class 0.4413050711154938 155 183 173 200
class 0.4759231209754944 169 182 187 200
class 0.3723786771297455 181 183 199 200
class 0.38151267170906067 195 182 213 200
class 0.29503968358039856 207 183 225 199
class 0.25080665946006775 233 182 247 200
class 0.2601739764213562 1 197 15 212
class 0.1937180757522583 24 196 40 213
class 0.3186567425727844 37 195 54 213
class 0.35706037282943726 51 195 68 213
class 0.5027213096618652 63 195 80 213
class 0.5441710948944092 78 194 96 212
class 0.1422680914402008 92 195 108 211
class 0.9951096773147583 99 194 118 216
class 0.5684477090835571 118 193 135 212
class 0.3873625695705414 130 195 147 213
class 0.5437934398651123 142 196 159 214
class 0.5455057621002197 155 196 173 214
class 0.4483753740787506 169 195 187 214
class 0.45615071058273315 182 195 200 213
class 0.42062878608703613 194 196 214 214
class 0.2630077302455902 207 196 225 213
class 0.17620056867599487 220 198 237 213
class 0.25635311007499695 232 195 247 212
class 0.5704487562179565 1 209 16 225
class 0.18810059130191803 24 209 39 225
class 0.21519970893859863 37 209 54 226
class 0.321678102016449 51 209 67 227
class 0.4168975055217743 63 209 80 226
class 0.17122793197631836 77 209 93 225
class 0.1105227991938591 88 211 106 226
class 0.29435425996780396 101 208 118 224
class 0.10313966870307922 116 209 133 225
class 0.26998037099838257 130 209 146 226
class 0.48122933506965637 142 209 159 226
class 0.5255887508392334 155 209 173 227
class 0.6043617129325867 168 209 187 227
class 0.42063501477241516 182 208 200 227
class 0.3428758382797241 193 207 213 227
class 0.2509128749370575 208 209 227 227
class 0.542300283908844 1 224 16 239
class 0.26190847158432007 25 222 40 238
class 0.12359604984521866 38 222 54 238
class 0.12759216129779816 51 222 67 238
class 0.24340741336345673 64 223 81 239
class 0.12750747799873352 77 223 93 239
class 0.14087776839733124 90 221 106 237
class 0.33946600556373596 102 221 119 237
class 0.182593435049057 116 222 133 238
class 0.11793432384729385 129 222 146 238
class 0.29491379857063293 142 222 159 238
class 0.2415315806865692 156 222 173 239
class 0.48243317008018494 231 224 248 240
class 0.8747523427009583 1 232 18 249
class 0.22649525105953217 9 231 26 248
class 0.4039478302001953 24 231 41 248
class 0.45651519298553467 37 232 56 249
class 0.555899977684021 50 232 68 249
class 0.5967724919319153 63 231 81 248
class 0.3442142605781555 75 231 94 248
class 0.28221720457077026 88 232 106 248
class 0.4060041308403015 103 232 121 248
class 0.5074804425239563 115 231 133 248
class 0.43332439661026 129 232 147 248
class 0.6132965683937073 142 232 160 248
class 0.44483718276023865 155 231 174 248
class 0.31528303027153015 167 231 187 248
class 0.17227353155612946 180 232 200 249
class 0.9850324988365173 195 228 213 248
class 0.1474580019712448 220 231 239 248
class 0.8501591086387634 232 231 249 249
