class 0.8460239171981812 1 2 17 18
class 0.4060515761375427 9 4 26 18
class 0.28429150581359863 22 4 40 18
class 0.469229131937027 37 3 54 18
class 0.5227237939834595 48 4 67 18
class 0.48546382784843445 62 3 81 17
class 0.4006507396697998 75 4 94 17
class 0.3664051592350006 88 4 107 17
class 0.4716772735118866 101 3 119 17
class 0.49222531914711 114 4 133 18
class 0.5178558230400085 127 3 146 18
class 0.49721768498420715 141 4 160 17
class 0.6341080069541931 153 3 173 18
class 0.5689211487770081 168 4 187 18
class 0.47339150309562683 179 4 199 18
class 0.5054256916046143 193 3 212 18
class 0.4162585735321045 207 4 226 18
class 0.4029254913330078 220 4 237 17
class 0.6268156170845032 232 2 249 18
class 0.5255376696586609 1 9 16 25
class 0.15667836368083954 10 9 25 24
class 0.2673707604408264 23 10 39 25
class 0.44174283742904663 36 10 53 25
class 0.5375999212265015 49 9 66 25
class 0.5278310179710388 63 9 79 25
class 0.5793249011039734 76 10 93 25
class 0.5191051363945007 88 9 106 25
class 0.7109264135360718 102 9 118 25
class 0.7518748641014099 115 9 132 26
class 0.555072009563446 128 9 145 25
class 0.41928234696388245 141 10 158 25
class 0.48190754652023315 155 10 172 26
class 0.565544843673706 168 10 185 26
class 0.643839418888092 180 10 198 27
class 0.6046777367591858 194 9 211 25
class 0.47752097249031067 208 9 224 25
class 0.14304327964782715 234 8 247 26
class 0.3963305950164795 1 26 15 41
class 0.14421427249908447 23 26 39 40
class 0.2523159384727478 35 25 52 41
class 0.2201244831085205 49 26 66 41
class 0.29875439405441284 62 26 79 41
class 0.29296642541885376 76 26 92 40
class 0.2631962299346924 88 25 106 41
class 0.18462412059307098 102 25 119 41
class 0.3540046215057373 128 25 145 42
class 0.2767452597618103 141 26 159 42
class 0.19179461896419525 154 25 172 41
class 0.3699336647987366 167 25 186 42
class 0.2984279692173004 179 25 198 42
class 0.27919742465019226 193 25 212 42
class 0.17764005064964294 207 26 225 41
class 0.14383886754512787 234 24 247 42
class 0.40668803453445435 1 39 16 54
class 0.34107714891433716 36 38 54 56
class 0.3636968731880188 49 38 66 54
class 0.4502277076244354 63 38 80 54
class 0.4252527952194214 75 38 92 55
class 0.270438551902771 89 37 106 54
class 0.10007624328136444 102 37 120 54
class 0.10367640107870102 116 39 134 55
class 0.6616194844245911 128 37 145 55
class 0.498017817735672 142 37 159 54
class 0.4419764578342438 155 38 173 55
class 0.21068862080574036 166 35 184 54
class 0.15211503207683563 180 35 199 53
class 0.3819621205329895 194 36 213 55
class 0.25703588128089905 208 37 226 53
class 0.10562387853860855 220 38 236 53
class 0.31367015838623047 233 37 247 55
class 0.4348047971725464 2 52 16 67
class 0.13553386926651 37 51 54 67
class 0.3376021385192871 50 52 67 68
class 0.3955349922180176 63 51 79 68
class 0.29158520698547363 75 50 92 68
class 0.27524134516716003 90 50 107 68
class 0.500610888004303 102 52 120 69
class 0.4755156338214874 115 51 133 69
class 0.592927098274231 127 50 144 68
class 0.42917129397392273 142 50 159 68
class 0.4367496073246002 156 49 174 68
class 0.12450463324785233 170 50 188 67
class 0.9853511452674866 177 49 195 71
class 0.4668685793876648 197 49 215 68
class 0.2074180692434311 208 51 225 67
class 0.10127963125705719 219 52 235 67
class 0.14344947040081024 233 49 246 67
class 0.41110941767692566 2 64 15 80
class 0.2857489287853241 24 64 40 80
class 0.2563653290271759 36 65 54 82
class 0.4251836836338043 50 64 67 81
class 0.40688368678092957 63 64 80 80
class 0.44536226987838745 76 64 93 81
class 0.38626471161842346 89 64 106 81
class 0.2777014374732971 102 63 120 81
class 0.2498290240764618 115 63 133 81
class 0.16186442971229553 128 63 146 81
class 0.266762912273407 140 64 159 82
class 0.25183627009391785 156 61 174 81
class 0.21239693462848663 166 64 186 84
class 0.18045201897621155 179 64 198 83
class 0.19111667573451996 194 65 213 83
class 0.2607412338256836 207 65 225 81
class 0.2427530288696289 233 64 247 82
class 0.19337406754493713 1 78 15 93
class 0.19539621472358704 36 77 54 94
class 0.3026047646999359 49 77 67 94
class 0.31768691539764404 62 78 80 95
class 0.36097532510757446 76 77 94 94
class 0.3494409918785095 88 77 107 95
class 0.26261192560195923 102 77 121 95
class 0.186048224568367 115 77 133 95
class 0.15623445808887482 128 77 147 95
class 0.9407907724380493 145 80 162 97
class 0.5107461810112 167 75 187 95
class 0.47484347224235535 180 76 199 94
class 0.3061237931251526 194 76 213 94
class 0.29959729313850403 207 78 225 93
class 0.2958546578884125 233 76 247 94
class 0.17055223882198334 1 92 15 107
class 0.13106510043144226 36 90 54 107
class 0.2938630282878876 50 90 68 108
class 0.3010849058628082 63 89 81 107
class 0.24649426341056824 76 90 94 107
class 0.27958500385284424 89 90 107 108
class 0.2934417724609375 103 90 121 108
class 0.22087493538856506 115 90 133 107
class 0.12171223014593124 128 90 147 108
class 0.9174742102622986 145 87 161 105
class 0.36455008387565613 167 90 186 109
class 0.28224045038223267 180 91 199 108
class 0.21403346955776215 194 91 212 108
class 0.2202165722846985 207 91 225 107
class 0.2800063192844391 233 89 248 107
class 0.2381325662136078 1 105 15 120
class 0.17004722356796265 24 104 40 120
class 0.1929444670677185 36 104 54 121
class 0.2700084149837494 49 103 67 121
class 0.251279354095459 63 103 82 121
class 0.27843770384788513 76 103 94 121
class 0.37172627449035645 89 103 107 121
class 0.35537514090538025 102 103 121 121
class 0.35846275091171265 115 103 134 121
class 0.20476536452770233 128 103 148 120
class 0.6624762415885925 140 104 159 121
class 0.20088548958301544 153 104 173 121
class 0.3565029501914978 168 103 186 121
class 0.25743985176086426 180 104 198 121
class 0.2733324468135834 194 104 213 121
class 0.12964221835136414 207 104 225 120
class 0.29398250579833984 233 103 247 121
class 0.25970757007598877 1 118 16 133
class 0.10133633017539978 24 117 40 133
class 0.20630662143230438 35 116 53 134
class 0.1790274828672409 50 116 68 133
class 0.28370362520217896 63 116 82 134
class 0.3667437434196472 75 115 94 134
class 0.22750680148601532 89 116 107 134
class 0.1929970532655716 102 116 120 134
class 0.2782095968723297 115 116 134 134
class 0.10355987399816513 128 116 147 134
class 0.1917121410369873 141 116 161 134
class 0.14939025044441223 154 116 173 134
class 0.23784679174423218 167 117 186 135
class 0.1592935174703598 194 116 213 135
class 0.1259414404630661 220 118 237 133
class 0.3592933118343353 232 116 247 134
class 0.3282894790172577 1 130 16 146
class 0.13014988601207733 36 130 54 147
class 0.1723857820034027 50 130 68 147
class 0.236797034740448 62 129 80 147
class 0.2609601318836212 76 129 95 147
class 0.27426889538764954 89 129 108 147
class 0.33654212951660156 102 129 120 148
class 0.3319849669933319 115 129 133 147
class 0.22109447419643402 128 129 147 148
class 0.23372052609920502 141 129 160 147
class 0.18617276847362518 155 128 174 147
class 0.2022608518600464 220 130 237 146
class 0.32110753655433655 232 128 247 146
class 0.16474153101444244 1 144 15 160
class 0.13767895102500916 36 143 55 161
class 0.20903843641281128 49 142 67 160
class 0.2980199158191681 63 143 81 161
class 0.2626138925552368 75 142 94 161
class 0.15287597477436066 90 141 108 159
class 0.17956863343715668 102 142 120 160
class 0.1719934344291687 115 142 134 160
class 0.24254348874092102 129 143 147 161
class 0.3094463348388672 142 143 159 161
class 0.1558767408132553 156 142 175 160
class 0.9960137605667114 176 144 195 164
class 0.31117743253707886 195 141 214 160
class 0.1427793800830841 219 144 236 160
class 0.32570698857307434 233 143 247 161
class 0.3274061977863312 2 157 16 172
class 0.12581762671470642 37 156 55 173
class 0.23932167887687683 49 156 68 173
class 0.2519950568675995 63 155 81 173
class 0.2646148204803467 76 154 94 173
class 0.1771838515996933 89 156 107 173
class 0.30158501863479614 103 156 120 174
class 0.23559768497943878 116 156 134 174
class 0.34379130601882935 128 156 146 173
class 0.3437007963657379 142 155 160 173
class 0.1858692169189453 155 154 174 172
class 0.11348800361156464 208 157 226 173
class 0.2964724600315094 233 156 247 173
class 0.2962245047092438 2 170 16 186
class 0.16099871695041656 24 170 40 186
class 0.2105615735054016 36 170 54 187
class 0.2868477404117584 50 169 68 186
class 0.2849917709827423 63 169 81 186
class 0.21380417048931122 76 169 94 186
class 0.24026146531105042 89 169 107 187
class 0.36562618613243103 103 169 120 186
class 0.3052438795566559 115 168 133 186
class 0.38452503085136414 129 169 147 187
class 0.2718833386898041 141 169 159 186
class 0.1011045053601265 155 169 173 186
class 0.4465850293636322 169 169 187 186
class 0.5529603958129883 180 170 199 186
class 0.2192336916923523 194 170 213 186
class 0.2422681301832199 207 171 225 186
class 0.14018745720386505 220 171 237 185
class 0.498703271150589 232 169 247 187
class 0.2951258718967438 1 184 15 199
class 0.2232867032289505 24 183 40 198
class 0.3399890959262848 37 182 54 199
class 0.3695570230484009 50 182 68 199
class 0.4218999445438385 64 183 81 200
class 0.3450414836406708 77 183 94 200
class 0.39045450091362 90 182 107 200
class 0.4254854619503021 102 182 120 199
class 0.3304053246974945 116 182 133 199
class 0.36146280169487 129 182 146 199
class 0.38754916191101074 143 183 160 200
class 0.18199755251407623 155 183 172 200
class 0.21974033117294312 170 181 186 199
class 0.4323382079601288 182 182 199 199
class 0.3317590057849884 195 183 213 200
class 0.3742806911468506 207 183 225 199
class 0.15689222514629364 219 184 236 199
class 0.3324737548828125 233 181 247 200
class 0.650143563747406 1 196 15 212
class 0.1039254292845726 11 197 26 211
class 0.25555849075317383 24 197 40 212
class 0.3528023362159729 37 195 53 212
class 0.4294220209121704 51 195 67 213
class 0.5097852349281311 65 195 81 213
class 0.5127307176589966 77 195 94 213
class 0.5137929320335388 90 195 107 213
class 0.44659528136253357 103 195 120 213
class 0.45410868525505066 116 196 133 213
class 0.40716618299484253 129 195 146 213
class 0.4749603569507599 143 195 159 212
class 0.40185633301734924 156 195 173 213
class 0.42198318243026733 169 197 186 214
class 0.4418281614780426 182 196 199 213
class 0.4554998576641083 195 196 213 213
class 0.3436221480369568 207 196 224 212
class 0.1781509816646576 220 197 236 212
class 0.4070776402950287 233 195 247 213
class 0.3684203326702118 1 209 15 225
class 0.14426283538341522 12 210 27 224
class 0.273114413022995 24 209 38 225
class 0.14252138137817383 37 209 52 225
class 0.381376177072525 52 209 68 225
class 0.5173125267028809 64 210 80 226
class 0.3618522584438324 77 209 93 226
class 0.41164374351501465 90 208 106 226
class 0.3492385447025299 103 209 120 226
class 0.3241770565509796 116 208 133 226
class 0.3513007164001465 130 209 147 226
class 0.3423789441585541 142 209 159 227
class 0.37343162298202515 155 209 172 226
class 0.3257526457309723 169 209 186 226
class 0.46295446157455444 183 209 199 226
class 0.5794084072113037 195 209 212 226
class 0.2611061930656433 207 210 224 226
class 0.15607964992523193 220 210 235 225
class 0.20035144686698914 233 208 246 225
class 0.7634405493736267 1 224 16 239
class 0.19971153140068054 25 222 39 237
class 0.30834269523620605 37 223 53 239
class 0.1411777138710022 51 223 67 238
class 0.2985306978225708 65 222 80 238
class 0.38928741216659546 77 222 94 238
class 0.14901669323444366 90 221 106 238
class 0.14071573317050934 103 222 120 238
class 0.15361225605010986 116 222 133 238
class 0.19657108187675476 130 221 146 238
class 0.2362448275089264 143 222 160 238
class 0.17450711131095886 156 222 172 238
class 0.2655082046985626 169 222 186 239
class 0.20439016819000244 182 222 198 238
class 0.4695558547973633 196 222 212 238
class 0.26468518376350403 208 222 224 238
class 0.23088718950748444 232 224 246 241
class 0.8732107281684875 0 232 17 249
class 0.2608819901943207 9 232 26 249
class 0.2400151640176773 24 232 41 248
class 0.544930100440979 37 231 55 249
class 0.5084543228149414 50 232 68 249
class 0.4617995321750641 63 231 81 248
class 0.5431102514266968 76 231 94 249
class 0.35508766770362854 89 232 107 248
class 0.648605465888977 103 231 121 248
class 0.5250717401504517 115 231 133 248
class 0.471216082572937 129 231 147 248
class 0.5882297158241272 143 231 161 248
class 0.3925988972187042 155 231 174 248
class 0.4175580143928528 168 231 187 248
class 0.5185962915420532 181 231 200 249
class 0.5724738240242004 194 231 212 249
class 0.30268344283103943 207 231 226 248
class 0.2817302644252777 220 232 238 249
class 0.8491288423538208 232 232 249 249
