class 0.8519750237464905 0 2 17 17
class 0.39639708399772644 9 4 27 17
class 0.8965826630592346 22 3 42 19
class 0.7471641898155212 34 2 55 18
class 0.7952193021774292 48 2 69 18
class 0.6484998464584351 62 2 82 17
class 0.8055129647254944 74 3 93 18
class 0.6098523736000061 89 3 107 17
class 0.5804511308670044 101 4 120 18
class 0.4706898033618927 114 4 133 18
class 0.5740063190460205 127 3 146 18
class 0.4101545512676239 141 4 160 17
class 0.35834863781929016 153 4 172 17
class 0.40465494990348816 167 4 186 18
class 0.4411301612854004 181 4 199 18
class 0.46730735898017883 193 4 212 18
class 0.49718597531318665 207 4 226 18
class 0.2720426023006439 220 4 236 17
class 0.6966845989227295 233 2 249 18
class 0.6595927476882935 1 10 16 26
class 0.2604406476020813 10 10 28 25
class 0.6603530049324036 33 12 53 30
class 0.4135819971561432 62 9 80 26
class 0.6012073159217834 75 9 92 26
class 0.5927567481994629 89 10 106 26
class 0.62684565782547 102 9 119 25
class 0.5197445154190063 114 9 132 25
class 0.5411295890808105 128 9 145 25
class 0.5202634334564209 141 10 158 25
class 0.5748192667961121 154 10 171 25
class 0.5663137435913086 167 9 184 26
class 0.4896421730518341 181 9 198 25
class 0.4897523820400238 194 9 211 25
class 0.5184808373451233 208 9 224 25
class 0.14030888676643372 233 8 246 26
class 0.49750351905822754 1 26 15 41
class 0.9713097214698792 34 20 52 39
class 0.36461442708969116 50 25 69 41
class 0.1758165955543518 63 24 81 41
class 0.47637471556663513 76 25 93 41
class 0.454885333776474 88 25 105 40
class 0.2951558828353882 101 25 118 41
class 0.19917604327201843 114 26 132 41
class 0.23924383521080017 129 25 146 41
class 0.1884327381849289 141 25 158 41
class 0.19447192549705505 154 25 171 41
class 0.17183618247509003 167 26 184 41
class 0.19597433507442474 181 26 199 41
class 0.30417078733444214 193 26 211 42
class 0.1556124985218048 207 26 224 40
class 0.18616443872451782 233 24 247 42
class 0.6453191637992859 1 39 15 54
class 0.2417728155851364 22 39 40 53
class 0.7107667922973633 34 39 52 56
class 0.7719208002090454 51 38 68 56
class 0.24222466349601746 63 39 81 55
class 0.525119423866272 75 38 92 55
class 0.41764554381370544 89 38 106 55
class 0.3697968125343323 102 39 119 55
class 0.41850388050079346 115 39 132 56
class 0.4368590712547302 129 38 145 55
class 0.25146111845970154 142 38 159 54
class 0.372040331363678 154 38 171 55
class 0.535622775554657 168 38 185 55
class 0.2992951571941376 181 37 198 54
class 0.32567745447158813 194 38 212 54
class 0.22410467267036438 207 38 225 53
class 0.10134227573871613 220 39 235 53
class 0.30736494064331055 233 37 246 56
class 0.3274591565132141 1 52 15 67
class 0.17951905727386475 23 52 40 67
class 0.3079518973827362 35 51 53 67
class 0.469895601272583 50 53 67 69
class 0.4282398819923401 63 53 80 69
class 0.5570406913757324 76 51 92 68
class 0.5254074931144714 89 51 105 68
class 0.4844028055667877 103 51 119 68
class 0.4498293399810791 115 50 132 67
class 0.47289782762527466 129 50 146 68
class 0.3762476444244385 142 51 159 68
class 0.3564460277557373 155 50 172 68
class 0.3388920724391937 168 50 185 68
class 0.27866795659065247 181 51 199 68
class 0.3760051429271698 195 52 212 68
class 0.21571344137191772 207 52 225 67
class 0.26957741379737854 233 49 247 67
class 0.6333494186401367 1 65 15 81
class 0.2908831834793091 37 65 54 81
class 0.5888957977294922 49 64 67 80
class 0.6533143520355225 63 65 80 81
class 0.5263285636901855 76 65 93 81
class 0.39239007234573364 88 64 106 81
class 0.3684993386268616 103 64 120 81
class 0.34276115894317627 115 64 132 81
class 0.26753610372543335 129 64 147 81
class 0.28768354654312134 142 63 159 80
class 0.36079326272010803 155 64 173 81
class 0.44278138875961304 168 64 186 82
class 0.30529192090034485 182 64 199 81
class 0.45778539776802063 195 64 212 81
class 0.21636928617954254 208 65 226 81
class 0.1912679821252823 233 63 247 81
class 0.4253603219985962 1 77 15 93
class 0.10089308768510818 23 78 40 94
class 0.15036363899707794 36 78 53 95
class 0.2911735773086548 49 78 67 94
class 0.3862939178943634 63 78 80 94
class 0.4669056236743927 76 77 93 94
class 0.4489500820636749 89 77 106 94
class 0.32833272218704224 103 77 120 94
class 0.3798067569732666 115 77 133 95
class 0.3041478097438812 129 78 147 95
class 0.3076515197753906 142 78 160 95
class 0.3978426456451416 155 77 173 94
class 0.35636937618255615 168 77 186 94
class 0.41114845871925354 181 78 199 95
class 0.4120340645313263 195 78 212 95
class 0.18815664947032928 208 77 226 93
class 0.19079822301864624 233 77 247 95
class 0.2507733404636383 1 91 14 106
class 0.13053204119205475 36 90 54 108
class 0.2625686526298523 49 91 67 108
class 0.5085403323173523 62 90 80 108
class 0.48605623841285706 77 91 94 108
class 0.3575705289840698 89 90 106 107
class 0.3627851903438568 102 90 120 108
class 0.3875485062599182 116 90 133 108
class 0.4957174062728882 129 91 147 108
class 0.46526914834976196 141 91 159 108
class 0.2886376678943634 154 90 173 108
class 0.2567548155784607 168 90 187 108
class 0.3378176987171173 181 90 199 107
class 0.4802519977092743 195 91 213 108
class 0.20894643664360046 207 92 225 108
class 0.2545258104801178 233 89 247 107
class 0.3094373643398285 1 104 16 120
class 0.23239736258983612 49 103 68 122
class 0.3575177490711212 62 103 80 121
class 0.4638661742210388 76 103 94 121
class 0.29887887835502625 89 103 107 120
class 0.40481051802635193 103 103 121 121
class 0.44017818570137024 116 103 133 120
class 0.47626569867134094 129 103 147 120
class 0.3688786029815674 142 102 159 120
class 0.29242560267448425 155 103 173 120
class 0.32199323177337646 168 103 186 121
class 0.25473737716674805 181 103 199 120
class 0.431608647108078 195 103 213 120
class 0.23043321073055267 208 103 226 119
class 0.23383831977844238 234 102 247 120
class 0.41359344124794006 48 116 67 135
class 0.2904404401779175 62 116 81 134
class 0.34649258852005005 76 116 94 134
class 0.38298776745796204 90 117 108 134
class 0.19688023626804352 103 116 120 133
class 0.24302555620670319 115 115 133 134
class 0.304991215467453 129 115 147 134
class 0.25245600938796997 142 116 160 134
class 0.22423727810382843 155 117 173 134
class 0.24215205013751984 168 117 186 134
class 0.31546229124069214 181 117 199 135
class 0.42476022243499756 195 118 213 135
class 0.2638430893421173 207 118 225 134
class 0.22837311029434204 233 115 247 134
class 0.9775618314743042 28 129 45 147
class 0.46283626556396484 49 128 68 148
class 0.2744770646095276 62 130 81 148
class 0.3121426999568939 76 130 94 148
class 0.39902278780937195 89 129 107 148
class 0.2950223684310913 103 130 121 148
class 0.1836818903684616 115 129 133 148
class 0.13625870645046234 129 129 146 148
class 0.11611674726009369 142 129 160 148
class 0.23032325506210327 155 129 173 148
class 0.2818702459335327 167 130 186 148
class 0.2306271195411682 181 129 199 147
class 0.3516804277896881 195 129 213 147
class 0.2557114064693451 207 130 226 146
class 0.12721765041351318 219 131 236 147
class 0.15768276154994965 233 129 247 148
class 0.12058281153440475 22 145 39 160
class 0.18020550906658173 49 142 68 160
class 0.3084985911846161 63 143 81 160
class 0.4260319471359253 76 143 94 160
class 0.44936102628707886 89 142 107 160
class 0.1326245665550232 102 141 121 160
class 0.21330463886260986 116 142 134 161
class 0.47291100025177 129 142 147 161
class 0.1826861947774887 154 141 172 160
class 0.3183657228946686 168 142 186 160
class 0.16341227293014526 181 143 199 161
class 0.2617477774620056 195 143 213 161
class 0.1625039130449295 207 144 225 159
class 0.26446080207824707 233 142 247 160
class 0.3477895259857178 24 154 41 171
class 0.20496302843093872 34 154 54 172
class 0.1294330358505249 50 156 68 174
class 0.24073588848114014 64 155 81 173
class 0.41977953910827637 76 156 93 173
class 0.3709961473941803 89 156 107 173
class 0.12921784818172455 103 155 122 173
class 0.137674018740654 155 155 173 174
class 0.20022575557231903 168 156 186 173
class 0.21741873025894165 181 156 200 173
class 0.3247729241847992 194 156 213 173
class 0.15693672001361847 207 156 226 172
class 0.15742912888526917 233 155 247 173
class 0.5111807584762573 1 170 16 186
class 0.21293747425079346 50 170 67 187
class 0.29940924048423767 64 170 81 186
class 0.38727471232414246 76 169 93 186
class 0.3588779866695404 89 169 107 186
class 0.17737174034118652 104 168 122 185
class 0.9953831434249878 126 164 144 185
class 0.36384835839271545 168 169 187 186
class 0.2501184940338135 181 169 200 186
class 0.24510662257671356 194 169 213 187
class 0.1282871514558792 207 170 226 186
class 0.2675195336341858 233 169 247 187
class 0.23751769959926605 1 183 15 199
class 0.2628122866153717 22 183 39 199
class 0.2551470696926117 37 182 54 199
class 0.44834619760513306 51 182 67 199
class 0.40879496932029724 64 183 80 199
class 0.4952220022678375 77 183 93 199
class 0.39851516485214233 89 182 106 199
class 0.20013383030891418 156 183 173 200
class 0.3396099805831909 168 182 186 199
class 0.33701252937316895 181 182 200 199
class 0.4208136796951294 195 182 213 200
class 0.3628586232662201 208 183 226 199
class 0.14393717050552368 220 183 236 199
class 0.4025340974330902 233 182 247 200
class 0.4558340907096863 1 196 15 212
class 0.37215089797973633 24 196 40 212
class 0.2793281078338623 37 196 54 212
class 0.4480152428150177 51 195 67 211
class 0.5778972506523132 64 195 80 212
class 0.4385031759738922 77 195 93 212
class 0.567734956741333 90 196 106 213
class 0.28809818625450134 103 196 120 212
class 0.27370500564575195 116 194 133 211
class 0.32923007011413574 128 195 146 212
class 0.35794541239738464 142 196 160 213
class 0.3467685580253601 156 196 173 213
class 0.33686932921409607 168 196 186 214
class 0.31295347213745117 181 196 199 213
class 0.4251229166984558 195 196 213 214
class 0.2127029448747635 208 196 225 213
class 0.10772183537483215 220 196 236 212
class 0.2908603847026825 233 195 247 213
class 0.4143623411655426 1 210 15 226
class 0.24696961045265198 24 209 39 225
class 0.1802842617034912 37 209 53 226
class 0.3680111765861511 51 209 67 226
class 0.3430050015449524 64 208 80 225
class 0.2555161714553833 77 209 93 226
class 0.3561370372772217 90 208 106 226
class 0.20245909690856934 103 209 119 225
class 0.16100336611270905 116 210 132 227
class 0.19759084284305573 130 210 146 226
class 0.29300352931022644 142 209 159 225
class 0.35697850584983826 156 209 173 225
class 0.2797047793865204 169 208 186 225
class 0.3963346481323242 182 209 199 226
class 0.5664399862289429 195 208 212 226
class 0.4733402729034424 207 210 224 227
class 0.3513343632221222 233 209 247 227
class 0.6527717709541321 1 223 16 238
class 0.2708320617675781 25 222 40 237
class 0.16400785744190216 37 222 53 238
class 0.10644815117120743 51 222 67 237
class 0.13705678284168243 64 222 80 238
class 0.2743958830833435 77 222 93 238
class 0.12143247574567795 91 222 106 238
class 0.1490485966205597 103 222 119 238
class 0.31514325737953186 117 221 133 238
class 0.3623884618282318 129 222 145 238
class 0.23292747139930725 143 223 159 239
class 0.17620334029197693 156 222 172 238
class 0.1651916354894638 169 223 185 239
class 0.1908072829246521 183 222 199 238
class 0.2653504014015198 195 223 211 239
class 0.3272918164730072 208 222 224 238
class 0.39335620403289795 232 223 247 240
class 0.8515565991401672 1 233 17 249
class 0.24017487466335297 9 231 26 248
class 0.405921071767807 24 231 41 248
class 0.4518715441226959 37 231 55 248
class 0.7027382254600525 50 232 68 249
class 0.2872828543186188 63 232 81 248
class 0.6423356533050537 75 231 93 249
class 0.4965941309928894 89 231 107 248
class 0.559441328048706 102 231 120 248
class 0.34831124544143677 115 231 133 248
class 0.5188213586807251 129 231 147 249
class 0.6109389662742615 142 230 160 248
class 0.4760085642337799 155 231 173 248
class 0.4458963871002197 168 231 187 248
class 0.4676356613636017 182 231 201 248
class 0.5681034326553345 194 231 212 248
class 0.4204142987728119 206 231 225 248
class 0.209702730178833 220 232 239 248
class 0.8797017931938171 232 231 249 249
