class 0.753709077835083 1 3 17 18
class 0.2996448278427124 9 4 27 18
class 0.4776599705219269 21 4 39 18
class 0.3959530293941498 35 4 54 18
class 0.43153998255729675 48 4 67 18
class 0.5078136324882507 61 3 80 18
class 0.5462083220481873 75 4 94 18
class 0.4093739986419678 88 4 107 17
class 0.5278857350349426 114 4 133 18
class 0.6600202918052673 129 3 147 18
class 0.29282012581825256 140 3 158 16
class 0.26131781935691833 155 3 174 16
class 0.9005467295646667 166 3 186 18
class 0.5426015257835388 180 3 199 17
class 0.576894223690033 193 3 212 18
class 0.5027024149894714 207 3 226 18
class 0.5345005989074707 221 4 238 18
class 0.7325506806373596 232 2 249 18
class 0.5996173024177551 1 9 16 26
class 0.10396475344896317 10 10 25 24
class 0.3953850269317627 22 10 39 25
class 0.43701285123825073 35 10 53 26
class 0.4595416188240051 49 9 66 26
class 0.4500696361064911 62 9 79 25
class 0.6084052920341492 75 10 93 25
class 0.589927077293396 89 10 106 25
class 0.597877025604248 102 9 119 25
class 0.5882144570350647 115 9 131 25
class 0.5758378505706787 130 9 146 25
class 0.5987311601638794 142 11 159 27
class 0.46004799008369446 153 11 170 27
class 0.4815031886100769 181 10 197 26
class 0.5718432664871216 194 9 211 25
class 0.46592023968696594 208 9 224 25
class 0.18126432597637177 221 8 235 24
class 0.16582369804382324 233 8 247 26
class 0.1906934231519699 1 26 15 41
class 0.15245310962200165 35 25 53 40
class 0.23668614029884338 49 26 66 41
class 0.18749234080314636 62 26 79 41
class 0.27806827425956726 75 25 92 41
class 0.24803891777992249 88 25 105 41
class 0.19985273480415344 101 25 119 41
class 0.35752764344215393 115 25 133 40
class 0.21818727254867554 128 24 145 40
class 0.18389172852039337 155 27 173 43
class 0.31653454899787903 166 26 184 42
class 0.35714155435562134 180 25 198 41
class 0.3106088936328888 194 25 212 41
class 0.15988188982009888 207 26 224 41
class 0.11279404908418655 234 24 247 42
class 0.23397406935691833 1 39 16 54
class 0.12401601672172546 22 39 39 53
class 0.20823128521442413 35 38 53 55
class 0.35870248079299927 49 38 67 54
class 0.3596760332584381 62 37 80 54
class 0.48077476024627686 77 38 93 55
class 0.34818926453590393 88 38 105 55
class 0.2499764859676361 102 39 119 55
class 0.386473149061203 116 38 133 55
class 0.3403615355491638 128 38 145 55
class 0.47236335277557373 142 38 159 55
class 0.5411421656608582 154 36 172 53
class 0.45213454961776733 167 37 185 54
class 0.3797812759876251 181 38 198 55
class 0.39171507954597473 194 38 212 55
class 0.3599992096424103 207 39 225 54
class 0.2315361201763153 219 39 235 55
class 0.18127860128879547 233 37 247 55
class 0.3110014796257019 1 52 16 67
class 0.14617446064949036 36 50 53 67
class 0.3123224675655365 50 50 67 67
class 0.2757546305656433 63 50 80 68
class 0.37571656703948975 77 51 93 67
class 0.5754067897796631 89 50 105 68
class 0.5460155606269836 103 52 119 69
class 0.4761366844177246 116 51 132 68
class 0.43571963906288147 128 50 145 68
class 0.43392863869667053 142 51 158 68
class 0.363227516412735 155 51 171 68
class 0.2313760221004486 168 51 185 68
class 0.228262260556221 182 51 199 68
class 0.45414167642593384 195 52 211 69
class 0.20842431485652924 207 52 225 68
class 0.10897722095251083 220 51 235 67
class 0.279343843460083 233 50 247 69
class 0.2592477798461914 1 65 15 80
class 0.14154554903507233 36 65 54 82
class 0.30515256524086 50 64 67 82
class 0.3125724196434021 63 64 81 81
class 0.35390418767929077 76 64 93 81
class 0.3652454614639282 89 63 106 81
class 0.3665997087955475 103 63 120 80
class 0.38174426555633545 116 64 133 81
class 0.33966413140296936 128 64 146 81
class 0.45084211230278015 142 64 159 81
class 0.45127859711647034 155 64 172 81
class 0.4856109619140625 168 64 186 81
class 0.43090125918388367 182 64 199 81
class 0.6636682152748108 195 64 213 82
class 0.35599443316459656 207 65 225 82
class 0.1065135970711708 220 64 237 80
class 0.344526082277298 232 62 247 81
class 0.2985944449901581 1 79 15 94
class 0.17546489834785461 24 77 40 94
class 0.21312035620212555 36 77 54 94
class 0.24023962020874023 50 77 67 94
class 0.2614182233810425 63 77 80 95
class 0.34807872772216797 76 77 93 95
class 0.3574282228946686 90 77 107 94
class 0.325022429227829 102 77 120 95
class 0.38019534945487976 116 77 133 95
class 0.3982510566711426 129 77 146 94
class 0.40905091166496277 142 76 159 94
class 0.3357789218425751 156 76 172 93
class 0.5744150280952454 168 77 186 94
class 0.23145611584186554 182 76 199 94
class 0.13587217032909393 219 77 236 94
class 0.19328507781028748 234 75 248 94
class 0.25528407096862793 1 91 16 106
class 0.14880701899528503 37 90 54 107
class 0.2578214704990387 50 91 68 108
class 0.3608923554420471 63 90 80 107
class 0.33484917879104614 76 90 93 107
class 0.302036851644516 89 90 106 108
class 0.26948082447052 103 90 120 108
class 0.2741512954235077 116 91 133 108
class 0.35691365599632263 129 91 146 108
class 0.38369837403297424 142 91 159 108
class 0.35446077585220337 155 92 173 109
class 0.31213414669036865 167 91 185 108
class 0.20605579018592834 183 90 200 108
class 0.9191628694534302 199 91 216 109
class 0.10657237470149994 219 89 237 105
class 0.2042096108198166 234 89 248 108
class 0.21992260217666626 1 105 16 120
class 0.14556784927845 37 104 55 121
class 0.25210708379745483 50 103 67 120
class 0.3233964443206787 62 103 80 121
class 0.25986990332603455 76 104 93 121
class 0.2781808376312256 89 103 106 121
class 0.3497839570045471 103 103 121 121
class 0.483468234539032 116 103 133 121
class 0.39151445031166077 129 103 146 120
class 0.5233216881752014 142 102 159 120
class 0.5179396867752075 155 103 173 120
class 0.3478187024593353 168 103 186 120
class 0.18145668506622314 181 103 200 120
class 0.20027846097946167 234 103 248 121
class 0.3280026614665985 2 117 16 132
class 0.12565504014492035 23 118 40 133
class 0.19545716047286987 36 117 54 134
class 0.26006096601486206 50 117 67 134
class 0.41044721007347107 62 116 80 134
class 0.3206421732902527 77 116 94 133
class 0.3654390871524811 89 116 106 134
class 0.3415882885456085 102 117 120 134
class 0.2690119445323944 116 116 134 134
class 0.20245930552482605 128 116 146 134
class 0.2340465784072876 141 116 159 134
class 0.3977760374546051 156 117 173 134
class 0.29348093271255493 167 118 185 135
class 0.20528748631477356 182 116 200 133
class 0.6965238451957703 195 116 214 133
class 0.4381052851676941 206 117 225 132
class 0.15313653647899628 218 117 235 133
class 0.21855664253234863 233 115 247 133
class 0.19950075447559357 2 131 16 146
class 0.12224449962377548 23 130 40 146
class 0.15346288681030273 36 130 54 147
class 0.2653828263282776 49 130 68 148
class 0.2931324541568756 63 129 81 147
class 0.21656763553619385 76 129 94 147
class 0.29319360852241516 90 129 107 147
class 0.38825589418411255 102 129 120 148
class 0.34280550479888916 116 129 134 147
class 0.1843082159757614 128 129 146 148
class 0.15916533768177032 142 129 160 148
class 0.29207751154899597 156 128 173 147
class 0.3136213421821594 168 129 186 147
class 0.16722075641155243 180 131 198 148
class 0.221157506108284 195 130 213 147
class 0.12962883710861206 207 129 225 145
class 0.44820085167884827 232 130 247 148
class 0.2630853056907654 1 144 16 159
class 0.14292308688163757 36 143 54 160
class 0.3852953016757965 50 143 67 160
class 0.42518851161003113 63 143 81 160
class 0.31068843603134155 75 143 94 161
class 0.2923368215560913 90 143 108 161
class 0.4045042097568512 102 142 121 160
class 0.40077680349349976 115 141 133 160
class 0.2673878073692322 129 142 147 161
class 0.29925402998924255 142 142 161 162
class 0.21813039481639862 155 142 174 162
class 0.27081453800201416 168 143 187 162
class 0.24457751214504242 181 143 199 161
class 0.3964475095272064 194 143 212 161
class 0.22718702256679535 207 145 226 160
class 0.22557592391967773 233 141 246 159
class 0.2882672846317291 2 157 16 172
class 0.1950298249721527 23 157 40 173
class 0.29564526677131653 36 157 54 173
class 0.3577989637851715 50 156 68 173
class 0.4132155179977417 63 155 81 173
class 0.3554899990558624 76 155 94 173
class 0.4284830689430237 89 155 107 173
class 0.3706514835357666 102 156 121 174
class 0.386358380317688 115 155 134 174
class 0.259512335062027 129 155 147 174
class 0.19944685697555542 142 155 160 174
class 0.20197515189647675 156 155 175 174
class 0.2846519649028778 167 154 187 175
class 0.2043488621711731 181 155 200 174
class 0.35592955350875854 195 157 213 174
class 0.2700778841972351 207 156 226 172
class 0.21599094569683075 233 155 247 173
class 0.1896480768918991 1 171 15 186
class 0.11492209881544113 23 170 40 186
class 0.1983758509159088 36 169 54 186
class 0.2870940864086151 49 170 68 186
class 0.22780372202396393 63 169 81 186
class 0.22709403932094574 76 169 94 186
class 0.3727456331253052 90 169 107 186
class 0.37194663286209106 102 169 120 186
class 0.3410317301750183 116 169 134 186
class 0.40806347131729126 130 169 148 186
class 0.9443991184234619 152 171 170 190
class 0.659389853477478 168 168 187 187
class 0.4449826180934906 181 168 201 187
class 0.6213302612304688 194 170 213 188
class 0.43455588817596436 206 171 226 188
class 0.2667936086654663 233 169 247 187
class 0.5296877026557922 1 184 16 199
class 0.23089073598384857 24 183 41 198
class 0.3652555048465729 37 182 54 200
class 0.5000127553939819 50 182 68 199
class 0.464112251996994 64 182 81 199
class 0.432474285364151 76 183 94 200
class 0.42394179105758667 90 183 107 200
class 0.5272518396377563 103 183 120 200
class 0.5242223143577576 116 183 133 199
class 0.4942725896835327 129 183 147 199
class 0.37295183539390564 144 180 162 197
class 0.6921836137771606 152 179 171 197
class 0.45497387647628784 168 181 188 199
class 0.24341748654842377 181 182 201 200
class 0.10079088062047958 194 180 213 198
class 0.17317910492420197 208 180 227 197
class 0.24977871775627136 219 183 236 199
class 0.3456687033176422 233 181 247 199
class 0.49409952759742737 1 197 15 212
class 0.11772337555885315 24 197 39 212
class 0.19028683006763458 38 196 54 213
class 0.34898483753204346 50 196 67 213
class 0.5121738314628601 64 196 81 213
class 0.5034210681915283 77 195 94 213
class 0.49293193221092224 90 195 107 213
class 0.4715023338794708 103 196 120 213
class 0.4237847924232483 115 196 133 214
class 0.2848009467124939 129 195 147 212
class 0.5751472115516663 142 197 160 214
class 0.8095790147781372 155 196 174 214
class 0.5506024360656738 167 197 186 213
class 0.615577757358551 181 194 199 213
class 0.9944235682487488 199 196 217 215
class 0.27640238404273987 220 195 237 211
class 0.4627715051174164 233 196 248 214
class 0.4672698378562927 1 210 15 225
class 0.13702963292598724 11 210 26 225
class 0.4421551525592804 25 209 40 226
class 0.46680209040641785 37 209 53 226
class 0.4033927023410797 51 209 67 226
class 0.39053481817245483 64 209 80 226
class 0.4544796347618103 77 208 93 226
class 0.27372175455093384 90 208 107 225
class 0.42839038372039795 103 209 120 226
class 0.37439098954200745 116 209 133 227
class 0.2181481570005417 129 210 147 227
class 0.33312711119651794 142 208 159 226
class 0.5381631851196289 155 208 173 226
class 0.44480034708976746 168 209 186 225
class 0.20354944467544556 181 209 200 225
class 0.19397492706775665 195 207 211 223
class 0.16228148341178894 219 210 236 226
class 0.23192158341407776 233 208 247 225
class 0.8050644397735596 1 223 16 239
class 0.10337863117456436 11 222 25 237
class 0.13261298835277557 25 222 39 237
class 0.12260536104440689 38 223 53 239
class 0.21178004145622253 52 223 67 238
class 0.18767715990543365 63 222 79 239
class 0.11696150153875351 77 222 93 238
class 0.1833522617816925 91 223 107 239
class 0.3294558823108673 102 222 118 238
class 0.17001309990882874 117 222 133 238
class 0.2379753440618515 129 223 145 239
class 0.18892966210842133 142 223 159 239
class 0.23112529516220093 155 223 172 239
class 0.2099125236272812 168 223 185 239
class 0.1444893777370453 183 222 199 238
class 0.6170738339424133 195 222 212 238
class 0.36747249960899353 207 221 224 237
class 0.33152997493743896 232 223 247 240
class 0.8098044991493225 0 232 17 249
class 0.19443993270397186 10 232 27 249
class 0.3171604871749878 24 232 41 248
class 0.5104029178619385 37 231 55 248
class 0.4559444189071655 50 231 68 248
class 0.5546637773513794 62 231 80 248
class 0.4820462763309479 76 231 95 248
class 0.36815911531448364 88 231 107 248
class 0.5425398349761963 102 231 121 249
class 0.29487818479537964 116 231 134 248
class 0.5083373785018921 129 231 147 248
class 0.5867311358451843 141 231 160 248
class 0.5281876921653748 155 231 173 248
class 0.5664888620376587 168 232 186 249
class 0.38053467869758606 181 232 199 248
class 0.3781670033931732 194 231 213 248
class 0.16757887601852417 207 232 225 249
class 0.13332690298557281 220 233 238 249
class 0.8010453581809998 231 232 249 249
