class 0.81551593542099 0 3 17 18
class 0.3485020697116852 9 4 27 17
class 0.5453668236732483 22 4 40 18
class 0.5485503077507019 34 4 54 18
class 0.5495958924293518 50 3 68 18
class 0.5658515095710754 61 3 80 18
class 0.49869999289512634 75 4 94 17
class 0.7173900604248047 88 3 106 18
class 0.47169438004493713 101 4 120 18
class 0.42228981852531433 114 4 133 17
class 0.4471511244773865 127 4 147 18
class 0.5268292427062988 154 3 173 17
class 0.5836724638938904 168 3 187 17
class 0.5382235050201416 180 3 198 18
class 0.2821875512599945 207 4 225 17
class 0.252821683883667 221 4 237 17
class 0.776724636554718 232 3 249 18
class 0.7051776051521301 1 9 16 26
class 0.3682378828525543 22 10 38 25
class 0.4254451096057892 36 9 53 25
class 0.5914739370346069 50 9 67 25
class 0.6619412302970886 62 9 79 25
class 0.34232333302497864 75 9 92 25
class 0.5092881321907043 102 10 119 25
class 0.5628615021705627 115 10 132 25
class 0.5656499266624451 128 9 146 25
class 0.655569314956665 141 8 158 25
class 0.4650324583053589 154 11 171 26
class 0.4606473445892334 168 10 184 26
class 0.4110487699508667 181 8 198 25
class 0.7059345245361328 194 9 212 25
class 0.42840060591697693 207 10 224 25
class 0.13998641073703766 221 9 234 24
class 0.15197262167930603 1 26 15 41
class 0.2088787853717804 22 26 39 40
class 0.14316962659358978 35 27 53 42
class 0.193479523062706 48 26 66 41
class 0.31582021713256836 62 25 80 41
class 0.1297563761472702 74 26 92 41
class 0.12292363494634628 88 26 106 41
class 0.3731738328933716 101 26 119 42
class 0.25406137108802795 114 26 131 41
class 0.1342412680387497 128 25 146 40
class 0.27851277589797974 141 25 159 41
class 0.4571535289287567 154 24 172 40
class 0.2728443741798401 167 25 184 41
class 0.15738040208816528 180 25 198 41
class 0.2385408580303192 194 25 212 41
class 0.18707236647605896 207 26 224 41
class 0.19749903678894043 233 24 247 42
class 0.280146986246109 1 40 16 54
class 0.3404019773006439 23 39 40 54
class 0.27134913206100464 36 37 53 54
class 0.35233256220817566 48 38 66 55
class 0.2960052788257599 62 38 80 54
class 0.3421124219894409 76 38 93 55
class 0.37266597151756287 88 39 106 56
class 0.38665953278541565 101 37 119 54
class 0.316314160823822 115 38 132 55
class 0.16037286818027496 128 38 145 55
class 0.19371312856674194 141 38 158 54
class 0.20819732546806335 154 37 171 54
class 0.17348909378051758 168 38 185 55
class 0.3337664008140564 181 39 198 55
class 0.4750247895717621 194 39 212 55
class 0.38532012701034546 208 38 225 53
class 0.1185448169708252 219 39 234 54
class 0.18040858209133148 233 36 246 55
class 0.4344371259212494 1 52 16 67
class 0.11367220431566238 23 51 39 67
class 0.14735481142997742 36 52 54 69
class 0.34579458832740784 49 51 66 69
class 0.33138197660446167 63 51 80 68
class 0.2466897815465927 76 50 93 67
class 0.3429621160030365 89 50 106 68
class 0.29988157749176025 102 51 119 68
class 0.3950141668319702 116 50 132 68
class 0.3466426134109497 129 51 145 68
class 0.3893969655036926 141 51 158 69
class 0.319151371717453 155 51 172 68
class 0.29960882663726807 168 51 185 68
class 0.2742500603199005 181 50 198 68
class 0.428714781999588 195 51 211 67
class 0.23385581374168396 207 51 225 66
class 0.1779468059539795 221 51 236 66
class 0.43440964818000793 233 50 247 68
class 0.32516834139823914 1 65 16 80
class 0.1330430954694748 24 65 40 81
class 0.1787319928407669 36 64 54 81
class 0.385737806558609 50 64 67 81
class 0.45980072021484375 63 64 79 81
class 0.3352099359035492 77 64 93 81
class 0.4608817398548126 89 63 106 81
class 0.3595738410949707 102 63 120 81
class 0.262924462556839 116 63 133 81
class 0.26446378231048584 129 64 146 81
class 0.2604978680610657 142 63 158 81
class 0.18163390457630157 155 63 172 81
class 0.17609623074531555 169 63 186 81
class 0.19864925742149353 181 64 198 81
class 0.49241870641708374 195 65 211 82
class 0.24249891936779022 208 66 225 81
class 0.1573682576417923 233 62 246 81
class 0.2833369970321655 1 78 16 94
class 0.1387079656124115 24 78 40 93
class 0.16323702037334442 36 77 53 94
class 0.21472688019275665 50 77 67 94
class 0.3546932637691498 64 77 81 94
class 0.3780604898929596 76 77 93 94
class 0.3307504653930664 89 77 106 95
class 0.27854490280151367 103 76 120 94
class 0.2252771109342575 116 76 133 94
class 0.2566356658935547 128 75 145 94
class 0.3415617346763611 142 76 159 95
class 0.33725404739379883 155 76 172 95
class 0.22575145959854126 168 77 185 94
class 0.19754309952259064 181 77 199 95
class 0.4635030925273895 195 76 212 93
class 0.44663912057876587 208 77 225 93
class 0.1318964660167694 220 78 236 93
class 0.36721283197402954 233 76 247 95
class 0.30190128087997437 1 92 15 107
class 0.10977117717266083 36 90 54 107
class 0.24167945981025696 50 91 67 108
class 0.39395055174827576 63 90 80 108
class 0.36379867792129517 76 90 94 107
class 0.306924432516098 89 89 107 107
class 0.2261107861995697 102 89 121 107
class 0.1596328467130661 116 89 134 108
class 0.237910658121109 128 90 146 109
class 0.20680074393749237 143 88 160 107
class 0.12530025839805603 154 88 173 109
class 0.12089311331510544 168 89 186 108
class 0.1637147217988968 181 90 199 108
class 0.22216728329658508 195 92 212 108
class 0.16877490282058716 208 91 225 107
class 0.125715434551239 220 91 236 107
class 0.24315670132637024 234 88 247 107
class 0.3859878182411194 1 105 16 120
class 0.11907361447811127 24 105 40 120
class 0.1603958010673523 36 104 54 121
class 0.3601897954940796 50 103 67 120
class 0.4164278507232666 63 103 80 121
class 0.2412615865468979 76 103 93 121
class 0.13332107663154602 89 103 107 121
class 0.20112469792366028 102 103 120 121
class 0.12561485171318054 115 102 135 121
class 0.1759025901556015 155 100 173 121
class 0.10335797071456909 169 102 187 121
class 0.3108021318912506 182 104 199 121
class 0.3085191547870636 194 104 212 121
class 0.23400425910949707 208 105 225 120
class 0.2116277664899826 233 103 247 121
class 0.29932013154029846 1 118 16 133
class 0.2957018315792084 36 118 54 134
class 0.42921721935272217 50 117 67 134
class 0.3956662714481354 63 117 81 134
class 0.4504416286945343 76 117 94 134
class 0.5059385299682617 89 117 107 134
class 0.3273063600063324 101 115 119 133
class 0.9523546099662781 137 111 155 131
class 0.15440991520881653 155 116 174 135
class 0.2894202768802643 182 115 199 133
class 0.4252578616142273 195 116 212 134
class 0.2290012389421463 207 117 225 133
class 0.11331689357757568 220 118 236 133
class 0.27068641781806946 233 116 247 134
class 0.34291449189186096 1 131 16 146
class 0.13797876238822937 23 131 40 146
class 0.2576512098312378 36 129 54 146
class 0.3931424021720886 50 129 68 146
class 0.31981009244918823 62 129 81 147
class 0.2497437745332718 76 129 94 146
class 0.2294984757900238 89 129 107 147
class 0.143013134598732 101 129 119 148
class 0.2579258680343628 127 130 145 147
class 0.2825320065021515 141 130 160 148
class 0.1868276298046112 154 128 173 147
class 0.2924143671989441 168 130 186 147
class 0.23921345174312592 181 131 198 148
class 0.2114497423171997 195 131 212 147
class 0.15408480167388916 208 130 225 146
class 0.4208221435546875 232 129 247 147
class 0.2004667967557907 1 145 16 160
class 0.13887977600097656 23 143 40 159
class 0.21316704154014587 36 143 54 160
class 0.38115108013153076 50 143 68 160
class 0.39230895042419434 63 142 81 160
class 0.3054129481315613 76 142 94 160
class 0.2522919476032257 89 142 107 161
class 0.16296707093715668 102 142 120 161
class 0.150425523519516 141 142 159 159
class 0.19458091259002686 155 143 173 160
class 0.2544087767601013 168 142 186 160
class 0.4656190574169159 182 142 199 160
class 0.4444451928138733 195 143 212 160
class 0.1484103500843048 207 144 225 160
class 0.25097182393074036 233 141 247 159
class 0.403683602809906 2 157 17 173
class 0.1376131772994995 23 158 41 173
class 0.22026683390140533 36 156 54 173
class 0.411113440990448 50 156 68 173
class 0.46016058325767517 63 156 81 173
class 0.5320900082588196 77 155 95 173
class 0.32947346568107605 89 156 108 174
class 0.14930814504623413 102 155 121 174
class 0.20589987933635712 115 154 134 174
class 0.21768881380558014 129 155 147 174
class 0.16956984996795654 142 157 160 173
class 0.13313303887844086 184 154 201 172
class 0.2860339879989624 195 155 212 173
class 0.2411179393529892 208 157 226 173
class 0.22003060579299927 220 157 236 173
class 0.28293970227241516 233 156 247 174
class 0.31424960494041443 1 170 16 185
class 0.35330095887184143 23 170 40 186
class 0.21060313284397125 36 169 54 186
class 0.334791898727417 50 169 68 187
class 0.4652034044265747 63 169 81 187
class 0.34778305888175964 77 169 95 187
class 0.10582073032855988 118 166 135 186
class 0.3463687300682068 130 168 148 187
class 0.2651326656341553 142 168 161 185
class 0.10478430986404419 155 169 172 186
class 0.7647848129272461 167 169 184 186
class 0.16996783018112183 183 171 201 187
class 0.24540860950946808 196 170 213 186
class 0.3293226957321167 207 170 225 186
class 0.20754016935825348 220 171 236 185
class 0.2913563549518585 233 168 247 186
class 0.47614502906799316 1 183 16 199
class 0.1961396038532257 24 183 40 198
class 0.33070865273475647 37 183 54 200
class 0.4395505487918854 51 182 68 199
class 0.6969212293624878 64 182 82 200
class 0.4311530888080597 78 182 96 198
class 0.2853623330593109 89 182 107 199
class 0.9939875602722168 101 177 119 199
class 0.430553674697876 118 183 136 201
class 0.38480377197265625 128 181 147 200
class 0.40056559443473816 142 183 160 200
class 0.33582502603530884 155 183 172 200
class 0.4772593677043915 168 183 185 200
class 0.3647613525390625 182 182 199 199
class 0.3338592052459717 195 183 212 200
class 0.2075154036283493 207 184 225 199
class 0.10104155540466309 220 184 235 199
class 0.2580837905406952 233 183 248 201
class 0.6234796047210693 1 196 16 212
class 0.34155988693237305 24 197 40 213
class 0.5979704260826111 37 195 53 213
class 0.4699919521808624 51 197 67 214
class 0.6259841918945312 64 195 81 213
class 0.3672493100166321 77 194 95 211
class 0.36110180616378784 90 195 108 212
class 0.8163949847221375 99 196 118 214
class 0.20141099393367767 116 193 134 212
class 0.5169916152954102 129 194 148 213
class 0.4848915636539459 142 195 160 212
class 0.42018046975135803 155 196 172 212
class 0.3259519040584564 168 196 185 212
class 0.39223459362983704 182 196 199 213
class 0.4947618246078491 196 196 212 213
class 0.6056807041168213 208 197 226 213
class 0.29340827465057373 219 197 236 212
class 0.40130266547203064 232 195 247 213
class 0.38697579503059387 2 210 15 225
class 0.18343088030815125 24 209 39 225
class 0.38527747988700867 38 209 54 226
class 0.47233837842941284 50 209 67 226
class 0.43059441447257996 63 209 80 226
class 0.2040640413761139 76 209 93 226
class 0.1112925335764885 91 209 108 225
class 0.9855185747146606 112 206 132 228
class 0.3795360326766968 131 206 149 225
class 0.2015233337879181 142 208 159 224
class 0.34369733929634094 156 209 172 225
class 0.34799084067344666 168 210 185 226
class 0.3179113566875458 182 210 198 226
class 0.42828842997550964 195 210 212 226
class 0.23437482118606567 207 210 224 226
class 0.2691565454006195 233 209 246 226
class 0.7999598383903503 1 223 16 238
class 0.17893485724925995 25 223 40 238
class 0.26625290513038635 38 222 53 238
class 0.2694777250289917 50 222 66 238
class 0.1988215446472168 64 222 80 238
class 0.25004222989082336 77 223 94 239
class 0.11448802053928375 90 223 107 238
class 0.17753073573112488 114 224 131 239
class 0.1196323037147522 143 223 159 239
class 0.19231313467025757 156 223 171 238
class 0.230400949716568 169 223 185 238
class 0.27230435609817505 182 223 197 239
class 0.4081754684448242 195 223 212 239
class 0.21580803394317627 208 223 224 238
class 0.1848735511302948 233 222 246 239
class 0.8053386211395264 0 232 16 249
class 0.16222280263900757 10 232 27 248
class 0.5288156270980835 24 231 41 248
class 0.5502411723136902 37 231 55 248
class 0.5723020434379578 49 231 67 248
class 0.5727967619895935 63 232 81 249
class 0.5919127464294434 77 231 95 248
class 0.18751870095729828 88 232 106 248
class 0.16395488381385803 102 231 121 248
class 0.3341006338596344 113 230 133 248
class 0.16181796789169312 128 232 148 248
class 0.3663298189640045 141 231 160 248
class 0.5078395009040833 155 231 173 248
class 0.5234996676445007 168 231 186 248
class 0.5408824682235718 182 231 200 248
class 0.6774327158927917 194 230 212 249
class 0.4078245162963867 207 231 225 249
class 0.20712794363498688 220 232 238 249
class 0.8745580911636353 232 233 249 249
