class 0.815871000289917 0 3 17 18
class 0.2913753390312195 9 4 26 17
class 0.619217038154602 22 4 41 18
class 0.40458691120147705 34 4 54 18
class 0.5604921579360962 48 4 67 18
class 0.5226834416389465 62 4 81 18
class 0.439786434173584 73 4 93 18
class 0.5021820664405823 88 3 107 18
class 0.5569700598716736 101 3 121 17
class 0.740221381187439 114 3 133 18
class 0.6535724997520447 128 3 147 18
class 0.6770535707473755 140 3 160 18
class 0.5596790313720703 154 3 173 17
class 0.6743003726005554 167 4 186 18
class 0.7143847942352295 179 3 199 18
class 0.3711477220058441 194 2 213 17
class 0.15877750515937805 209 2 227 16
class 0.8407821655273438 220 3 237 17
class 0.8167175650596619 231 3 248 18
class 0.5349807143211365 1 10 16 26
class 0.32465434074401855 23 9 40 25
class 0.3867582678794861 35 9 53 26
class 0.5006937980651855 48 9 66 26
class 0.5501188039779663 63 9 80 25
class 0.6423658728599548 75 10 92 25
class 0.5078257918357849 88 11 106 26
class 0.47212234139442444 102 11 119 26
class 0.29679301381111145 114 8 131 25
class 0.34240058064460754 128 10 145 26
class 0.7266493439674377 141 9 159 26
class 0.6897939443588257 155 10 172 26
class 0.6486195921897888 168 9 185 25
class 0.7647951245307922 179 8 198 26
class 0.8412372469902039 195 9 213 28
class 0.12662538886070251 233 8 246 26
class 0.3083919584751129 1 26 15 41
class 0.152618870139122 35 26 53 42
class 0.16208580136299133 48 26 66 41
class 0.20594213902950287 61 26 79 41
class 0.22757554054260254 76 25 93 41
class 0.37728625535964966 88 25 106 41
class 0.42179492115974426 101 26 120 41
class 0.33822789788246155 126 24 143 40
class 0.4331910014152527 142 25 159 41
class 0.44667983055114746 155 26 172 41
class 0.3648048937320709 167 25 185 41
class 0.21814051270484924 181 25 199 41
class 0.43359312415122986 193 26 211 42
class 0.10713502764701843 206 26 224 41
class 0.23837529122829437 233 24 247 41
class 0.33785468339920044 1 38 16 54
class 0.20438610017299652 23 39 40 54
class 0.2626877725124359 35 37 54 54
class 0.33319640159606934 48 38 67 55
class 0.2843792736530304 62 38 80 54
class 0.3001633882522583 75 38 93 55
class 0.3602379858493805 89 37 106 54
class 0.3924231231212616 102 37 119 54
class 0.40811142325401306 114 39 132 55
class 0.4956532418727875 128 40 145 56
class 0.4521711766719818 141 38 158 54
class 0.5310520529747009 155 38 172 54
class 0.4239424765110016 167 38 185 55
class 0.3727177381515503 181 38 199 54
class 0.4620940387248993 194 37 212 54
class 0.27149415016174316 206 38 224 53
class 0.36899086833000183 233 37 246 55
class 0.27270373702049255 2 53 16 68
class 0.263753205537796 50 50 67 67
class 0.3624563217163086 63 50 80 68
class 0.4281662404537201 76 50 93 67
class 0.4348468482494354 90 51 107 68
class 0.35115477442741394 101 51 119 68
class 0.2950823903083801 115 51 132 68
class 0.43431100249290466 129 51 145 68
class 0.3858332931995392 142 51 158 68
class 0.3907535970211029 155 51 172 68
class 0.3928676247596741 168 51 185 68
class 0.2974289357662201 181 51 198 68
class 0.37587493658065796 195 51 212 68
class 0.21114839613437653 207 52 224 67
class 0.10906297713518143 220 52 236 67
class 0.19398510456085205 233 49 246 68
class 0.36816003918647766 1 64 15 80
class 0.12452811002731323 23 66 40 81
class 0.1390152871608734 36 64 54 82
class 0.28618955612182617 50 65 68 82
class 0.4028709828853607 63 64 80 81
class 0.40617161989212036 76 65 93 82
class 0.3968963623046875 89 63 107 81
class 0.4068085551261902 102 63 120 81
class 0.3963328003883362 116 64 133 81
class 0.4786939024925232 129 64 146 81
class 0.5539597272872925 142 65 158 82
class 0.4878234565258026 156 64 172 81
class 0.5390190482139587 169 64 185 80
class 0.43716341257095337 181 64 198 81
class 0.4288327097892761 195 65 212 81
class 0.326365202665329 207 65 225 81
class 0.13197344541549683 220 65 236 80
class 0.26422497630119324 233 64 247 82
class 0.22392220795154572 1 79 15 94
class 0.23026800155639648 37 78 55 95
class 0.37669041752815247 49 77 68 94
class 0.3132726848125458 63 77 81 94
class 0.4020152986049652 76 76 94 94
class 0.32639965415000916 89 77 107 94
class 0.3896884322166443 102 77 120 95
class 0.364017128944397 115 77 133 95
class 0.337028443813324 129 78 146 95
class 0.49586257338523865 142 77 159 94
class 0.396412193775177 155 77 172 94
class 0.490712970495224 169 77 186 94
class 0.46199607849121094 181 78 198 95
class 0.4485737681388855 195 77 212 94
class 0.27943578362464905 207 77 225 93
class 0.10240514576435089 220 79 237 93
class 0.3065742254257202 233 76 247 95
class 0.3294546902179718 1 91 15 106
class 0.11990922689437866 24 91 40 107
class 0.18450671434402466 36 90 54 107
class 0.27866631746292114 50 90 68 107
class 0.3027159571647644 63 90 81 107
class 0.38876551389694214 76 91 94 108
class 0.39033135771751404 89 90 107 108
class 0.47020119428634644 103 90 120 107
class 0.440740168094635 116 90 134 107
class 0.5238622426986694 129 90 146 107
class 0.46865904331207275 143 90 160 107
class 0.36373811960220337 155 90 172 107
class 0.22877287864685059 168 90 185 107
class 0.3296087086200714 182 90 199 107
class 0.4278377592563629 195 90 212 107
class 0.30823054909706116 208 92 226 107
class 0.14730685949325562 220 91 236 106
class 0.33364880084991455 233 89 247 107
class 0.26605871319770813 1 105 16 120
class 0.14921875298023224 36 103 54 121
class 0.21677477657794952 50 103 68 120
class 0.32356593012809753 63 103 81 120
class 0.3721754252910614 77 102 94 120
class 0.5134609937667847 89 103 107 120
class 0.40175655484199524 102 103 120 121
class 0.41959571838378906 116 104 133 121
class 0.3403414785861969 128 104 146 122
class 0.42787015438079834 143 104 160 121
class 0.4477267563343048 155 103 173 120
class 0.4801211655139923 168 103 186 121
class 0.32200515270233154 182 103 199 121
class 0.3848545551300049 195 104 212 121
class 0.16103330254554749 207 104 225 120
class 0.13556933403015137 233 102 248 121
class 0.2644481956958771 1 118 16 133
class 0.24880100786685944 37 116 54 133
class 0.27245649695396423 50 116 67 133
class 0.41726985573768616 63 116 80 134
class 0.36553069949150085 76 117 93 134
class 0.2461656779050827 89 116 107 134
class 0.3592228889465332 103 116 120 134
class 0.4730530381202698 117 116 134 133
class 0.5883251428604126 129 116 147 133
class 0.44769999384880066 141 116 159 133
class 0.263823002576828 155 116 172 134
class 0.21953362226486206 168 117 186 135
class 0.30271854996681213 182 117 200 135
class 0.3703845739364624 195 117 213 135
class 0.3888564705848694 207 117 226 134
class 0.10066048055887222 219 117 237 134
class 0.22179406881332397 233 115 249 135
class 0.3626231253147125 1 131 16 147
class 0.1093849465250969 37 131 54 148
class 0.2295280396938324 51 130 67 147
class 0.4595901370048523 63 129 79 147
class 0.47607022523880005 77 129 94 146
class 0.4020870625972748 89 129 107 147
class 0.4143829345703125 103 130 120 147
class 0.34471839666366577 116 130 133 147
class 0.39344996213912964 129 129 147 147
class 0.4719170928001404 142 130 159 147
class 0.41383978724479675 155 129 173 147
class 0.3531704843044281 168 129 187 147
class 0.4596621096134186 181 130 200 148
class 0.39083895087242126 194 131 213 149
class 0.380060076713562 207 130 226 147
class 0.10774287581443787 220 129 237 146
class 0.1156947910785675 232 128 248 149
class 0.2211073487997055 2 145 16 160
class 0.21348822116851807 36 142 54 160
class 0.3324659764766693 50 143 67 160
class 0.43838298320770264 63 143 81 160
class 0.3802613914012909 76 143 93 160
class 0.2679141163825989 89 143 106 160
class 0.2347297966480255 103 143 120 160
class 0.3587905466556549 116 142 134 160
class 0.355873703956604 129 143 147 160
class 0.3480764627456665 142 143 160 161
class 0.26068735122680664 155 142 173 161
class 0.2868095934391022 168 143 186 161
class 0.37471455335617065 182 142 200 161
class 0.5787545442581177 195 143 215 161
class 0.9618772864341736 216 145 237 166
class 0.22495193779468536 232 140 248 160
class 0.3760939836502075 2 157 16 173
class 0.29494431614875793 50 155 68 173
class 0.29910558462142944 63 155 81 172
class 0.4464532732963562 76 156 94 173
class 0.5090494155883789 90 156 108 173
class 0.6427056193351746 102 156 120 174
class 0.4356684386730194 116 156 134 173
class 0.4184638261795044 129 156 147 173
class 0.46573254466056824 143 155 160 173
class 0.4855163097381592 155 156 173 174
class 0.48286667466163635 168 157 187 174
class 0.27326977252960205 181 156 200 174
class 0.5265353918075562 194 155 214 173
class 0.1075095608830452 233 156 249 174
class 0.18025900423526764 2 170 16 185
class 0.2675413191318512 23 170 41 186
class 0.13709904253482819 35 170 54 186
class 0.2953665256500244 51 169 69 186
class 0.37568071484565735 62 170 80 187
class 0.4255320429801941 76 169 94 186
class 0.29854241013526917 90 169 107 186
class 0.21618647873401642 102 169 120 186
class 0.2963845729827881 116 169 134 186
class 0.3295959234237671 130 169 147 186
class 0.5277039408683777 142 169 159 187
class 0.5254733562469482 155 169 173 187
class 0.6147099137306213 168 169 187 186
class 0.18457013368606567 182 169 201 185
class 0.11635247617959976 196 168 214 184
class 0.9970699548721313 203 170 223 190
class 0.3072137236595154 220 168 239 185
class 0.21028411388397217 1 183 16 199
class 0.23152917623519897 24 183 41 199
class 0.34962713718414307 36 183 55 200
class 0.4878661334514618 49 183 68 200
class 0.5951710939407349 63 182 81 199
class 0.49338647723197937 76 183 94 199
class 0.38371261954307556 90 183 107 199
class 0.4421541690826416 103 182 121 199
class 0.5683358907699585 116 182 133 199
class 0.493978351354599 130 183 147 199
class 0.5723073482513428 142 181 159 199
class 0.5268458127975464 156 181 172 198
class 0.6584557890892029 168 181 186 200
class 0.4999013841152191 183 182 200 199
class 0.1489618569612503 233 182 248 200
class 0.45597440004348755 1 196 16 212
class 0.22752107679843903 24 196 41 212
class 0.25930166244506836 36 195 54 212
class 0.36170682311058044 50 195 68 213
class 0.4067627787590027 63 195 81 213
class 0.4476982355117798 77 196 94 213
class 0.4713614583015442 90 196 107 213
class 0.48311129212379456 103 196 119 214
class 0.4476168155670166 117 196 133 213
class 0.5235673189163208 130 196 147 213
class 0.30338358879089355 143 196 159 213
class 0.8389538526535034 154 196 172 215
class 0.7398679256439209 168 194 185 213
class 0.3742177486419678 182 196 199 213
class 0.5264133810997009 195 196 213 213
class 0.6158284544944763 206 197 226 213
class 0.21516765654087067 219 196 236 211
class 0.2744739055633545 232 196 247 214
class 0.437660276889801 1 210 16 225
class 0.2630089521408081 25 209 40 225
class 0.2009967416524887 37 209 54 226
class 0.31360915303230286 50 209 67 226
class 0.265529602766037 64 209 81 226
class 0.313999742269516 77 209 94 225
class 0.3510977327823639 90 208 106 225
class 0.43251532316207886 104 208 120 225
class 0.4943103492259979 116 209 133 226
class 0.36296072602272034 131 208 147 225
class 0.24605941772460938 155 210 171 227
class 0.35145696997642517 168 210 185 227
class 0.5145286321640015 182 210 199 226
class 0.33657321333885193 195 208 212 225
class 0.30371415615081787 207 208 224 225
class 0.3288240432739258 232 209 247 226
class 0.766663134098053 1 223 16 239
class 0.12729781866073608 25 223 41 237
class 0.13928812742233276 37 222 53 238
class 0.1325019747018814 51 223 68 238
class 0.21871519088745117 64 222 80 238
class 0.20116330683231354 77 222 93 238
class 0.16566497087478638 89 223 106 239
class 0.20856231451034546 131 223 147 239
class 0.549251914024353 143 222 160 238
class 0.6830798387527466 155 221 172 238
class 0.4509156048297882 169 222 185 238
class 0.4370458126068115 182 223 198 239
class 0.22943910956382751 195 223 211 238
class 0.324606716632843 208 223 224 238
class 0.1191149353981018 220 222 235 237
class 0.5491717457771301 231 222 247 240
class 0.8023300766944885 0 232 17 249
class 0.17184635996818542 10 232 28 248
class 0.4279535114765167 24 231 41 248
class 0.45817306637763977 37 231 55 248
class 0.37139609456062317 50 231 69 248
class 0.48847126960754395 63 231 81 248
class 0.4453061819076538 76 231 95 248
class 0.5557264089584351 89 231 108 248
class 0.45296359062194824 102 231 121 248
class 0.5929298400878906 115 231 133 248
class 0.3275454342365265 128 231 146 248
class 0.3801247179508209 143 231 161 248
class 0.3548536002635956 154 231 172 249
class 0.38482969999313354 168 231 187 248
class 0.5901774764060974 181 230 200 248
class 0.5568948984146118 194 231 212 249
class 0.4926415979862213 207 231 225 249
class 0.16640044748783112 220 232 238 249
class 0.8763411641120911 232 232 249 249
