class 0.8009057641029358 1 3 17 18
class 0.31488481163978577 8 4 26 18
class 0.4727219343185425 22 4 41 18
class 0.5205872058868408 35 3 54 18
class 0.6452365517616272 49 3 68 17
class 0.5875165462493896 62 3 81 18
class 0.6026116013526917 75 3 94 17
class 0.5426930785179138 86 2 107 18
class 0.977365255355835 105 2 124 20
class 0.8418620824813843 126 3 147 18
class 0.5997947454452515 141 4 160 18
class 0.5494696497917175 153 3 172 18
class 0.5393998622894287 167 3 187 18
class 0.5791905522346497 180 3 199 18
class 0.4600013792514801 193 3 212 17
class 0.3560761511325836 207 4 226 18
class 0.3212736248970032 221 4 237 18
class 0.7822496891021729 232 2 249 18
class 0.33095264434814453 1 11 15 26
class 0.133230522274971 10 10 26 24
class 0.4160284698009491 23 10 39 25
class 0.5505622625350952 35 10 53 26
class 0.5508605241775513 50 10 67 26
class 0.4878551661968231 62 10 80 26
class 0.245619997382164 75 9 92 25
class 0.16455091536045074 87 9 106 25
class 0.629967451095581 127 9 144 26
class 0.42594942450523376 141 9 158 25
class 0.4318693280220032 154 10 171 26
class 0.4292624294757843 168 10 185 26
class 0.6352035999298096 180 9 198 26
class 0.5868455171585083 194 9 211 25
class 0.5730295777320862 208 10 225 25
class 0.23379133641719818 220 9 235 25
class 0.17835871875286102 233 8 246 27
class 0.43239980936050415 1 26 15 41
class 0.17770159244537354 35 26 53 41
class 0.31776943802833557 49 25 67 41
class 0.3886980712413788 62 26 80 42
class 0.2001301348209381 75 25 93 41
class 0.1481286585330963 90 26 108 41
class 0.5955708622932434 100 25 119 41
class 0.44510331749916077 113 24 132 40
class 0.1795727014541626 127 25 145 41
class 0.13850073516368866 140 26 158 41
class 0.30270901322364807 154 26 172 41
class 0.18455630540847778 167 26 185 42
class 0.13571292161941528 179 26 197 41
class 0.2959279716014862 194 26 212 42
class 0.12542623281478882 206 26 224 41
class 0.11768564581871033 234 23 247 41
class 0.35846689343452454 1 39 15 54
class 0.2379598319530487 23 39 40 53
class 0.29991745948791504 36 38 54 54
class 0.3449808359146118 49 38 67 55
class 0.504216194152832 63 37 80 54
class 0.40277451276779175 76 38 93 55
class 0.3281824290752411 89 38 107 54
class 0.44903796911239624 101 38 119 55
class 0.22166644036769867 115 38 132 54
class 0.2233126312494278 128 38 146 54
class 0.20785486698150635 141 38 158 54
class 0.2707557678222656 155 37 172 54
class 0.26774048805236816 167 38 185 54
class 0.19598960876464844 181 38 198 55
class 0.33791619539260864 194 38 212 55
class 0.18600451946258545 206 39 224 54
class 0.10101279616355896 220 39 236 54
class 0.29564547538757324 233 37 246 56
class 0.24157866835594177 1 52 15 67
class 0.17732754349708557 36 51 54 68
class 0.3268250524997711 49 51 67 68
class 0.40816566348075867 63 51 80 68
class 0.3674755096435547 76 51 93 68
class 0.38610783219337463 89 51 107 68
class 0.428803414106369 102 50 120 67
class 0.20000873506069183 115 51 133 67
class 0.26697224378585815 129 50 145 67
class 0.2856186330318451 141 51 158 68
class 0.141374409198761 155 50 171 67
class 0.19440335035324097 168 50 185 67
class 0.2396487146615982 182 51 198 68
class 0.3123893737792969 195 51 212 68
class 0.14498084783554077 206 52 224 67
class 0.22612133622169495 233 49 247 67
class 0.17324784398078918 1 66 15 81
class 0.11470729112625122 23 66 40 81
class 0.2254696935415268 36 64 54 81
class 0.36199018359184265 50 64 68 81
class 0.3549465239048004 63 64 81 81
class 0.3467366397380829 76 64 94 81
class 0.33565858006477356 89 64 107 81
class 0.3261716067790985 102 64 120 81
class 0.34383755922317505 115 64 133 81
class 0.2930144667625427 128 64 146 81
class 0.2739046514034271 142 64 159 81
class 0.2157129943370819 154 64 172 81
class 0.1799371838569641 169 64 186 82
class 0.23914411664009094 181 64 199 81
class 0.23827672004699707 194 64 212 81
class 0.17853336036205292 207 64 226 81
class 0.1652464121580124 233 63 247 81
class 0.390706866979599 2 78 16 93
class 0.17570705711841583 23 77 40 93
class 0.21527834236621857 35 77 54 95
class 0.3325466513633728 50 77 68 95
class 0.34240591526031494 63 77 81 94
class 0.3958253860473633 76 76 95 94
class 0.4735184609889984 88 77 107 95
class 0.41245055198669434 102 77 121 95
class 0.38316577672958374 114 77 133 94
class 0.443384051322937 128 78 146 95
class 0.252607524394989 142 77 160 94
class 0.2838788330554962 154 77 172 95
class 0.22293899953365326 168 77 186 95
class 0.24811968207359314 181 77 199 94
class 0.2904324531555176 194 77 212 95
class 0.10701879858970642 207 77 226 94
class 0.2131640911102295 233 77 247 95
class 0.252970814704895 2 91 16 107
class 0.10016714781522751 23 90 40 107
class 0.18029311299324036 35 90 55 108
class 0.22945310175418854 49 90 68 108
class 0.2863062918186188 63 90 82 108
class 0.20513379573822021 76 90 94 108
class 0.1923067420721054 89 89 108 108
class 0.20107558369636536 102 89 121 107
class 0.2267978936433792 115 89 133 107
class 0.3426288664340973 129 88 147 106
class 0.3885728120803833 142 90 160 108
class 0.28301942348480225 155 90 173 107
class 0.25772547721862793 167 89 186 107
class 0.22288230061531067 181 89 199 108
class 0.3068268597126007 195 90 213 108
class 0.21158665418624878 207 91 226 107
class 0.19720357656478882 233 89 247 107
class 0.31752848625183105 2 104 16 119
class 0.17154139280319214 36 103 55 121
class 0.31773433089256287 49 103 68 122
class 0.27201977372169495 63 103 82 121
class 0.4135275185108185 75 103 94 122
class 0.29578670859336853 89 103 108 122
class 0.2235930860042572 102 103 120 122
class 0.21055445075035095 114 103 133 122
class 0.16123737394809723 128 103 147 121
class 0.20279982686042786 142 102 160 120
class 0.21540072560310364 154 103 173 121
class 0.16186431050300598 168 103 186 121
class 0.16726665198802948 181 104 199 122
class 0.28096652030944824 195 103 213 121
class 0.15349481999874115 207 104 226 120
class 0.24613910913467407 233 102 247 120
class 0.28158217668533325 1 117 16 133
class 0.18451207876205444 23 117 41 134
class 0.11522196233272552 36 116 55 135
class 0.35587596893310547 50 115 69 134
class 0.18283118307590485 61 115 81 135
class 0.18609295785427094 75 114 95 134
class 0.28265276551246643 88 116 108 135
class 0.22008736431598663 101 115 121 136
class 0.15407222509384155 114 114 134 135
class 0.22307050228118896 128 116 147 135
class 0.25442224740982056 141 116 160 135
class 0.20490464568138123 155 116 173 134
class 0.18946410715579987 168 116 187 134
class 0.3420608341693878 181 116 199 134
class 0.280428946018219 195 117 212 134
class 0.1384182572364807 208 117 226 133
class 0.21842527389526367 233 116 247 134
class 0.11083005368709564 2 131 16 146
class 0.1619734764099121 49 127 69 148
class 0.24731720983982086 114 127 134 149
class 0.14843519032001495 128 127 148 148
class 0.1842028945684433 142 128 160 147
class 0.32253846526145935 155 130 173 148
class 0.23457767069339752 168 129 186 148
class 0.1752428412437439 181 129 200 147
class 0.362822562456131 194 130 213 148
class 0.1626225709915161 207 130 226 146
class 0.2270842045545578 233 129 247 147
class 0.7761845588684082 2 143 16 159
class 0.9928538799285889 32 144 51 164
class 0.18749010562896729 51 140 70 159
class 0.10061193257570267 76 143 95 162
class 0.9194331765174866 95 142 112 160
class 0.3425763249397278 115 140 134 160
class 0.1647622138261795 142 143 160 160
class 0.312092661857605 155 142 173 160
class 0.2738555371761322 168 142 187 159
class 0.2116420418024063 181 142 199 160
class 0.24148480594158173 194 142 213 160
class 0.19458702206611633 208 144 226 160
class 0.3309171497821808 233 141 247 160
class 0.21057046949863434 1 157 15 172
class 0.28579920530319214 89 156 107 173
class 0.2592288851737976 101 157 121 174
class 0.17462365329265594 113 156 133 174
class 0.14069007337093353 128 156 147 173
class 0.20880135893821716 142 156 160 173
class 0.2390427440404892 155 156 173 173
class 0.19967497885227203 168 155 186 173
class 0.17750288546085358 182 156 200 173
class 0.1460685431957245 194 156 214 173
class 0.13509489595890045 207 155 225 172
class 0.1924816071987152 233 155 247 173
class 0.4506945013999939 1 171 16 186
class 0.11610091477632523 24 171 42 186
class 0.4205378592014313 35 170 54 186
class 0.1986042559146881 49 170 67 186
class 0.21468402445316315 62 170 80 186
class 0.12781351804733276 76 169 95 186
class 0.2968733012676239 89 168 108 185
class 0.2378385215997696 101 167 121 185
class 0.2018164098262787 115 169 134 186
class 0.20388835668563843 129 170 147 186
class 0.21216435730457306 141 169 159 186
class 0.20254985988140106 155 169 174 187
class 0.2437557727098465 168 169 187 187
class 0.21130773425102234 181 169 200 187
class 0.22847755253314972 195 169 213 187
class 0.23215407133102417 208 170 226 186
class 0.22418475151062012 219 170 236 185
class 0.2760554254055023 233 168 247 186
class 0.4972551167011261 1 184 16 199
class 0.23607711493968964 36 182 54 200
class 0.2691539227962494 50 183 67 200
class 0.3019105792045593 63 183 80 200
class 0.260193407535553 76 183 94 200
class 0.23048777878284454 90 183 107 200
class 0.19796745479106903 103 183 121 200
class 0.31305286288261414 116 183 134 200
class 0.34977227449417114 129 183 146 200
class 0.3321872651576996 142 183 159 200
class 0.3145943880081177 156 183 173 200
class 0.2897839844226837 168 182 186 200
class 0.2520419955253601 182 182 200 200
class 0.289906769990921 195 183 213 200
class 0.22709418833255768 207 183 226 199
class 0.17191502451896667 233 183 247 200
class 0.4428488612174988 1 196 15 212
class 0.32256197929382324 23 197 41 213
class 0.22265218198299408 36 196 54 213
class 0.1873924881219864 49 196 67 214
class 0.24968533217906952 63 196 81 213
class 0.3336696922779083 77 196 94 213
class 0.4560341238975525 89 196 107 214
class 0.41828885674476624 103 197 121 214
class 0.36181700229644775 115 196 133 213
class 0.23117542266845703 129 196 147 214
class 0.3684055805206299 142 196 160 214
class 0.33967462182044983 154 196 173 215
class 0.17991729080677032 168 196 186 213
class 0.2332276850938797 182 195 199 213
class 0.35451650619506836 194 196 212 213
class 0.3562428057193756 208 196 226 213
class 0.2111285924911499 220 197 236 212
class 0.38177332282066345 232 195 247 213
class 0.30311819911003113 1 210 15 225
class 0.15678612887859344 53 207 70 226
class 0.25819334387779236 63 208 81 226
class 0.37074312567710876 76 209 94 227
class 0.3819943368434906 89 209 107 226
class 0.26685383915901184 102 208 120 226
class 0.14605021476745605 116 208 134 226
class 0.22510956227779388 143 207 162 226
class 0.25554102659225464 154 207 173 226
class 0.11036155372858047 168 209 186 227
class 0.2051648199558258 183 210 199 228
class 0.4144837558269501 194 210 211 227
class 0.23330917954444885 207 210 224 226
class 0.1397366225719452 220 210 235 225
class 0.2175522744655609 233 208 246 226
class 0.7411718964576721 0 223 16 239
class 0.9961949586868286 35 216 53 236
class 0.10091835260391235 51 221 71 238
class 0.126410111784935 90 223 107 239
class 0.9944008588790894 132 224 151 242
class 0.12916439771652222 154 222 174 239
class 0.11587556451559067 169 222 187 238
class 0.23997007310390472 183 221 199 238
class 0.4625250995159149 195 221 211 238
class 0.26866084337234497 208 223 224 238
class 0.16536417603492737 220 223 235 238
class 0.3346652388572693 232 223 246 241
class 0.5825400352478027 0 233 16 249
class 0.19516324996948242 63 232 84 248
class 0.4726724624633789 76 232 95 249
class 0.4742337763309479 89 232 108 248
class 0.12379320710897446 102 232 121 248
class 0.5275968909263611 153 230 175 248
class 0.1539996713399887 167 231 187 248
class 0.3853798806667328 181 231 200 249
class 0.4359975755214691 194 231 212 249
class 0.4142126739025116 207 231 226 249
class 0.22210188210010529 219 231 238 249
class 0.8787933588027954 232 232 249 249
