class 0.8236550688743591 0 3 16 18
class 0.3488848805427551 9 4 26 18
class 0.4053853154182434 22 4 41 18
class 0.4908173978328705 48 4 67 18
class 0.4401213824748993 61 4 81 17
class 0.5416746139526367 75 3 94 17
class 0.5602020621299744 89 3 109 17
class 0.16618913412094116 97 2 120 17
class 0.4808136522769928 128 2 150 18
class 0.5050720572471619 140 3 160 18
class 0.47807982563972473 153 3 173 18
class 0.3534601926803589 166 3 186 17
class 0.4626941382884979 180 3 200 17
class 0.5853378772735596 193 3 212 18
class 0.559761106967926 207 3 226 18
class 0.30868130922317505 222 4 238 17
class 0.8250460624694824 231 2 249 19
class 0.6505217552185059 1 9 15 25
class 0.425447940826416 23 10 40 25
class 0.5989740490913391 35 9 53 25
class 0.61432284116745 49 9 67 25
class 0.5860691070556641 62 10 79 26
class 0.5234029293060303 75 10 92 26
class 0.21895377337932587 90 9 107 25
class 0.996163547039032 111 7 131 25
class 0.30458179116249084 129 9 148 26
class 0.4984862506389618 143 9 161 26
class 0.7661737203598022 153 10 172 27
class 0.48983848094940186 166 10 185 27
class 0.512229859828949 180 9 198 26
class 0.6351184844970703 194 9 211 26
class 0.562610387802124 207 10 224 26
class 0.24684275686740875 1 26 15 41
class 0.11115016043186188 22 26 39 40
class 0.1450960487127304 35 26 53 41
class 0.22408324480056763 49 25 67 41
class 0.24911290407180786 63 26 80 41
class 0.25860491394996643 75 26 93 41
class 0.1632762849330902 169 23 187 41
class 0.22795960307121277 180 25 199 42
class 0.30870577692985535 193 25 212 41
class 0.23554684221744537 207 25 225 41
class 0.30174338817596436 233 25 247 43
class 0.30756160616874695 2 39 16 54
class 0.1377646028995514 22 39 39 53
class 0.25820502638816833 36 38 54 54
class 0.4281500577926636 50 38 67 54
class 0.5129328370094299 63 39 80 55
class 0.44693678617477417 76 38 93 54
class 0.23610801994800568 88 37 106 54
class 0.24134859442710876 102 37 120 54
class 0.40496814250946045 114 38 132 54
class 0.3732420802116394 129 38 149 54
class 0.11596682667732239 142 37 161 53
class 0.9964369535446167 151 34 170 53
class 0.2855348587036133 170 37 189 54
class 0.4844648540019989 181 38 199 55
class 0.4266801178455353 193 39 211 56
class 0.19938287138938904 207 39 225 54
class 0.25715139508247375 233 35 247 54
class 0.48091378808021545 1 51 16 66
class 0.1288701593875885 23 52 40 68
class 0.20187388360500336 36 52 54 68
class 0.41374534368515015 49 51 67 68
class 0.485281378030777 63 50 80 67
class 0.27341359853744507 76 50 93 68
class 0.24612586200237274 89 50 107 68
class 0.28136247396469116 102 50 120 68
class 0.38272446393966675 115 51 132 68
class 0.16077524423599243 127 50 146 67
class 0.13273383677005768 139 52 160 68
class 0.1311132162809372 153 54 173 70
class 0.2816492021083832 181 51 199 68
class 0.6130135655403137 194 51 212 68
class 0.35363447666168213 208 52 225 67
class 0.13198482990264893 219 51 235 66
class 0.4282680153846741 232 50 247 69
class 0.2795316278934479 1 65 16 80
class 0.172979474067688 24 65 40 80
class 0.17120030522346497 36 64 54 81
class 0.46250656247138977 50 64 67 81
class 0.47815024852752686 63 64 81 81
class 0.400604248046875 76 64 94 81
class 0.3151770830154419 89 64 107 81
class 0.3177986741065979 103 64 120 81
class 0.29911744594573975 115 64 133 81
class 0.15711234509944916 128 64 146 81
class 0.26367974281311035 141 64 160 81
class 0.3867109417915344 154 63 173 80
class 0.3782438039779663 167 63 186 81
class 0.2977055609226227 180 65 199 82
class 0.38836029171943665 194 65 212 82
class 0.16909286379814148 207 64 225 80
class 0.1819087266921997 233 63 247 81
class 0.25269657373428345 1 78 15 93
class 0.13269223272800446 23 79 40 94
class 0.21759895980358124 36 78 54 95
class 0.49685606360435486 50 78 67 94
class 0.49669843912124634 63 77 81 94
class 0.5467683672904968 76 77 94 95
class 0.5092763900756836 89 78 107 95
class 0.5610944032669067 103 77 120 94
class 0.48248475790023804 115 77 132 94
class 0.3949720859527588 129 77 146 95
class 0.4123547375202179 142 77 159 94
class 0.3955087959766388 154 77 172 94
class 0.2774151861667633 168 77 186 94
class 0.21597158908843994 181 76 199 93
class 0.19150623679161072 194 76 213 93
class 0.1684878021478653 208 77 226 93
class 0.2899768352508545 233 76 247 94
class 0.3288953900337219 1 91 16 107
class 0.1097177192568779 24 91 41 106
class 0.22961878776550293 36 91 54 107
class 0.4857913553714752 50 90 68 107
class 0.3336009979248047 63 90 81 107
class 0.3468901813030243 77 89 94 107
class 0.27532270550727844 89 89 107 106
class 0.30172696709632874 103 90 120 107
class 0.34958574175834656 116 90 133 107
class 0.4049154222011566 129 90 146 107
class 0.31015872955322266 142 91 160 108
class 0.4038103222846985 155 91 172 108
class 0.34865015745162964 168 91 186 108
class 0.3147946894168854 181 91 199 108
class 0.36135342717170715 194 91 213 109
class 0.10561944544315338 207 90 225 106
class 0.20924286544322968 234 88 247 107
class 0.24135605990886688 1 105 16 120
class 0.19828417897224426 36 103 54 121
class 0.3402130603790283 50 103 68 120
class 0.35450708866119385 63 103 80 121
class 0.3079463541507721 77 103 94 121
class 0.38366156816482544 90 104 107 121
class 0.48826315999031067 103 104 120 121
class 0.4352757930755615 115 103 133 121
class 0.41265979409217834 129 103 147 121
class 0.4611545503139496 142 103 160 120
class 0.4567071497440338 155 103 173 120
class 0.4554525911808014 168 103 187 121
class 0.3159357011318207 181 103 199 121
class 0.3859930634498596 194 103 213 121
class 0.181099995970726 207 105 225 120
class 0.15640173852443695 234 103 247 121
class 0.22192661464214325 1 118 16 133
class 0.11983029544353485 23 117 40 133
class 0.2190815806388855 36 117 54 135
class 0.2546742856502533 50 116 68 134
class 0.3505959212779999 63 115 80 134
class 0.3010687232017517 76 116 94 134
class 0.358612596988678 90 116 107 134
class 0.35254424810409546 103 116 120 133
class 0.3487741947174072 116 116 133 134
class 0.31231388449668884 129 117 146 134
class 0.5050327777862549 142 116 160 134
class 0.4506863057613373 155 116 173 134
class 0.40126386284828186 169 116 187 134
class 0.30907994508743286 181 116 200 134
class 0.3465596139431 194 117 213 135
class 0.1519465446472168 207 117 226 133
class 0.2347007393836975 233 116 247 134
class 0.45080989599227905 1 130 16 147
class 0.14502525329589844 23 130 41 146
class 0.2468394935131073 36 129 55 147
class 0.36094167828559875 50 129 68 148
class 0.3276878595352173 62 129 81 148
class 0.23505818843841553 77 128 95 148
class 0.2811751067638397 89 129 107 148
class 0.3318987786769867 103 130 120 147
class 0.4792008697986603 116 130 133 147
class 0.24958807229995728 128 130 146 148
class 0.25413402915000916 141 129 159 147
class 0.4457775056362152 156 129 174 147
class 0.4065054953098297 168 129 187 147
class 0.28587666153907776 181 129 200 147
class 0.44282832741737366 195 130 213 147
class 0.1976539045572281 207 130 225 146
class 0.23673327267169952 233 129 247 147
class 0.22341075539588928 1 144 16 159
class 0.135830819606781 23 144 40 160
class 0.15616875886917114 79 141 97 161
class 0.13524870574474335 89 142 107 160
class 0.2535775601863861 103 142 120 160
class 0.3945619463920593 117 142 133 160
class 0.5249566435813904 129 143 146 161
class 0.41409334540367126 141 143 159 161
class 0.4357016086578369 156 143 174 160
class 0.35895878076553345 168 143 186 160
class 0.24069206416606903 181 143 200 161
class 0.27377647161483765 194 142 213 160
class 0.1663619726896286 207 143 225 159
class 0.28175240755081177 232 142 247 160
class 0.19480571150779724 1 157 16 172
class 0.22318437695503235 23 157 41 173
class 0.2292984426021576 38 157 57 173
class 0.1093035638332367 50 156 67 173
class 0.9907020330429077 61 152 79 173
class 0.3535509407520294 79 154 97 172
class 0.1722857505083084 88 156 107 173
class 0.4394472539424896 104 156 121 174
class 0.589635968208313 117 156 133 173
class 0.33358538150787354 127 155 145 174
class 0.24110925197601318 142 156 160 174
class 0.2263982594013214 155 156 173 173
class 0.36301174759864807 168 156 186 173
class 0.2648315131664276 182 155 200 173
class 0.3289649784564972 194 156 213 173
class 0.18025241792201996 207 156 226 172
class 0.128897562623024 234 154 247 172
class 0.28272613883018494 2 170 16 186
class 0.17659559845924377 24 169 41 185
class 0.14684399962425232 37 168 55 185
class 0.26026588678359985 49 170 68 186
class 0.3060523271560669 61 172 80 188
class 0.11861184984445572 76 170 94 186
class 0.24028225243091583 89 169 107 186
class 0.1780950427055359 101 167 119 185
class 0.16342002153396606 131 168 148 186
class 0.48245376348495483 143 170 160 187
class 0.5069599747657776 155 170 173 186
class 0.4549892842769623 168 169 187 186
class 0.29280921816825867 181 169 199 186
class 0.29809752106666565 194 169 213 186
class 0.17871221899986267 207 170 226 186
class 0.37670016288757324 232 170 247 188
class 0.3774421215057373 1 183 16 199
class 0.28924933075904846 24 184 40 199
class 0.12644769251346588 37 183 54 199
class 0.1835588961839676 50 182 68 198
class 0.6350435614585876 62 181 81 198
class 0.30300039052963257 75 183 94 200
class 0.19041231274604797 90 183 107 199
class 0.25034353137016296 101 183 118 200
class 0.8730961680412292 116 181 133 200
class 0.26890864968299866 131 184 147 200
class 0.5232539176940918 143 183 160 199
class 0.49411529302597046 155 183 173 199
class 0.40656736493110657 169 182 187 199
class 0.3740461766719818 181 182 200 200
class 0.2938176095485687 194 182 213 200
class 0.16527274250984192 207 183 226 199
class 0.35154008865356445 233 181 247 199
class 0.41087591648101807 1 197 15 212
class 0.3749349117279053 24 196 41 212
class 0.3884262144565582 37 196 55 213
class 0.3193390369415283 49 196 67 213
class 0.3279228210449219 63 195 80 212
class 0.1317278891801834 77 194 94 211
class 0.2671806812286377 88 195 106 213
class 0.48018404841423035 102 195 120 213
class 0.4353419542312622 116 197 133 214
class 0.3436242640018463 129 196 146 212
class 0.6086558103561401 143 196 160 213
class 0.5599355697631836 155 196 173 213
class 0.4272674024105072 168 195 186 213
class 0.44711849093437195 182 195 200 213
class 0.49221271276474 195 196 214 214
class 0.2594119906425476 207 196 225 213
class 0.12737859785556793 220 196 236 212
class 0.4077865481376648 233 195 247 213
class 0.48273563385009766 1 210 16 226
class 0.17510949075222015 24 209 40 225
class 0.11218477040529251 37 208 54 225
class 0.12765462696552277 51 209 69 226
class 0.12814247608184814 67 209 83 225
class 0.9850775599479675 71 211 90 231
class 0.3755033016204834 89 207 108 226
class 0.27249905467033386 104 209 121 226
class 0.4548455476760864 116 210 133 226
class 0.40575671195983887 129 210 146 226
class 0.37768012285232544 142 209 159 226
class 0.35793745517730713 155 209 173 226
class 0.4809052646160126 168 210 186 227
class 0.4163293242454529 182 209 199 227
class 0.4464511275291443 195 208 212 226
class 0.22121691703796387 207 210 225 226
class 0.2070421576499939 232 209 246 226
class 0.8421590924263 1 222 16 238
class 0.1342257261276245 38 223 54 238
class 0.3004176914691925 51 221 68 237
class 0.10537701845169067 103 222 121 238
class 0.24556966125965118 116 222 133 238
class 0.22609207034111023 129 222 146 238
class 0.20183423161506653 142 222 159 238
class 0.2710192799568176 156 222 172 238
class 0.2344733625650406 169 221 186 237
class 0.365904837846756 183 222 200 238
class 0.3520909547805786 195 223 212 239
class 0.3221386969089508 208 224 225 239
class 0.4121137261390686 232 221 247 239
class 0.7489884495735168 0 233 16 249
class 0.16519103944301605 10 232 27 248
class 0.29060280323028564 24 233 41 249
class 0.16546905040740967 36 232 54 248
class 0.2413097321987152 61 234 81 249
class 0.2807556092739105 75 234 96 249
class 0.44636285305023193 89 231 108 248
class 0.4900060296058655 102 231 121 249
class 0.5845334529876709 116 231 135 248
class 0.47384655475616455 128 231 146 248
class 0.4160589575767517 141 231 160 248
class 0.5575094819068909 155 232 174 249
class 0.4836270213127136 169 232 187 249
class 0.6018251180648804 181 231 200 248
class 0.5942743420600891 195 231 213 248
class 0.5642370581626892 207 230 225 248
class 0.2415056824684143 219 232 237 249
class 0.8072267770767212 232 233 249 249
