class 0.8259407877922058 1 3 17 18
class 0.39363744854927063 9 4 26 17
class 0.46767517924308777 22 4 41 18
class 0.6256203055381775 35 4 53 18
class 0.49935656785964966 48 4 67 18
class 0.5713513493537903 62 4 82 18
class 0.5998098254203796 74 4 94 18
class 0.5854356288909912 87 2 107 17
class 0.2712927758693695 117 3 137 17
class 0.6834022402763367 126 3 147 18
class 0.5282120108604431 140 4 160 18
class 0.39693957567214966 153 3 173 18
class 0.5688672661781311 180 4 199 18
class 0.48430848121643066 193 3 212 18
class 0.4761652648448944 206 3 225 17
class 0.2692456543445587 222 4 238 17
class 0.7963748574256897 232 2 249 18
class 0.5065101385116577 1 9 16 26
class 0.16536280512809753 9 10 25 24
class 0.24573060870170593 23 10 39 24
class 0.468007355928421 35 9 53 25
class 0.5461892485618591 49 10 66 26
class 0.41400453448295593 63 9 79 25
class 0.23792918026447296 76 9 93 24
class 0.28010690212249756 88 9 105 25
class 0.9885168075561523 103 8 120 26
class 0.3391386866569519 115 9 133 25
class 0.38602215051651 128 8 145 25
class 0.5354364514350891 141 10 159 27
class 0.4909232258796692 154 10 171 26
class 0.5897817611694336 167 9 185 25
class 0.5503718852996826 194 9 211 26
class 0.3937304615974426 208 10 224 25
class 0.14455705881118774 220 10 234 25
class 0.2281298190355301 1 26 15 41
class 0.10589360445737839 22 27 39 41
class 0.11311687529087067 35 26 53 41
class 0.2827706038951874 49 26 67 41
class 0.5186157822608948 62 26 79 42
class 0.23995842039585114 75 25 93 41
class 0.10746011137962341 87 25 106 40
class 0.16460482776165009 101 27 119 42
class 0.14114563167095184 115 26 133 42
class 0.2144194096326828 127 26 145 42
class 0.29687973856925964 141 25 159 41
class 0.2956404983997345 154 26 171 41
class 0.29190874099731445 167 26 185 42
class 0.2119331657886505 181 26 198 41
class 0.3557721674442291 194 25 212 41
class 0.2826748788356781 207 25 224 40
class 0.26779037714004517 233 25 247 43
class 0.255025714635849 1 39 15 54
class 0.16567587852478027 35 38 53 55
class 0.32392850518226624 49 38 67 55
class 0.2603400945663452 62 37 79 54
class 0.15131933987140656 76 37 93 54
class 0.18650783598423004 88 38 106 55
class 0.2513248026371002 101 37 119 54
class 0.358709454536438 115 38 133 55
class 0.3330915868282318 128 38 145 55
class 0.47512832283973694 142 38 159 55
class 0.5255868434906006 155 38 172 54
class 0.5682542324066162 167 38 185 54
class 0.3692529797554016 181 38 199 54
class 0.26612699031829834 194 38 212 54
class 0.2845461666584015 206 39 224 54
class 0.3655191659927368 233 35 246 54
class 0.29450249671936035 2 52 16 67
class 0.10493634641170502 23 52 39 68
class 0.16212239861488342 36 51 53 68
class 0.31533148884773254 50 50 67 68
class 0.4025270938873291 63 51 80 68
class 0.3778204023838043 76 52 93 69
class 0.36597540974617004 89 51 106 68
class 0.35251298546791077 102 51 119 68
class 0.3741967976093292 115 51 132 68
class 0.3530513644218445 129 51 145 68
class 0.30035024881362915 141 51 158 68
class 0.31680455803871155 155 51 172 68
class 0.4043108820915222 168 50 185 68
class 0.30767762660980225 181 51 198 68
class 0.48114243149757385 195 51 212 68
class 0.36551448702812195 208 51 225 67
class 0.2199791520833969 233 50 247 69
class 0.26663002371788025 1 65 16 80
class 0.1403203308582306 24 65 40 80
class 0.16263867914676666 35 64 53 81
class 0.280740886926651 49 64 67 82
class 0.36682459712028503 63 64 80 81
class 0.42645755410194397 76 63 93 81
class 0.3610435724258423 89 64 106 81
class 0.3068477213382721 102 64 119 81
class 0.34006959199905396 115 64 132 81
class 0.440570205450058 129 64 146 81
class 0.4420942962169647 142 63 159 81
class 0.42371228337287903 156 63 173 81
class 0.3883407413959503 168 64 185 81
class 0.3664246201515198 182 64 199 81
class 0.36384332180023193 195 64 212 81
class 0.23705802857875824 208 64 225 80
class 0.19807127118110657 233 63 247 81
class 0.22483262419700623 50 77 67 94
class 0.4415932595729828 63 77 81 94
class 0.31594640016555786 76 77 93 94
class 0.31536751985549927 90 77 107 94
class 0.34562793374061584 102 77 120 94
class 0.35580819845199585 116 77 133 94
class 0.3699718117713928 129 77 146 94
class 0.3982115387916565 143 77 160 95
class 0.3514060080051422 155 77 172 95
class 0.33103516697883606 168 77 186 94
class 0.3989996016025543 182 77 199 94
class 0.5792438983917236 196 78 213 95
class 0.36687982082366943 207 78 225 94
class 0.1376010626554489 220 78 237 93
class 0.2781381905078888 233 76 247 94
class 0.49547380208969116 1 91 16 107
class 0.15942855179309845 37 91 55 108
class 0.2728796899318695 50 90 67 107
class 0.40965545177459717 63 89 81 107
class 0.28940051794052124 76 89 94 107
class 0.3360101580619812 89 90 107 108
class 0.3611343801021576 102 90 120 108
class 0.32730746269226074 115 90 133 107
class 0.3550185263156891 129 90 146 108
class 0.3844752311706543 143 89 160 107
class 0.22073866426944733 155 89 172 106
class 0.2984175980091095 169 90 186 107
class 0.2618550956249237 182 90 199 107
class 0.46319401264190674 195 90 213 107
class 0.21722842752933502 207 91 225 106
class 0.2795068919658661 233 89 247 108
class 0.3581695556640625 1 105 16 120
class 0.19431881606578827 37 103 54 120
class 0.25151970982551575 50 104 67 121
class 0.31556257605552673 63 103 81 121
class 0.2241986095905304 76 103 94 121
class 0.2962203621864319 89 103 107 121
class 0.34496814012527466 103 103 121 120
class 0.2864026725292206 115 103 133 121
class 0.32490643858909607 130 102 147 120
class 0.2950983941555023 142 102 160 121
class 0.2648242115974426 156 104 174 122
class 0.2994425594806671 168 104 185 121
class 0.28219103813171387 182 104 199 121
class 0.3241005539894104 195 104 212 120
class 0.3498203754425049 208 104 225 119
class 0.2472769021987915 233 102 247 120
class 0.3361070156097412 1 117 16 133
class 0.13396421074867249 37 117 54 134
class 0.34508490562438965 51 116 68 133
class 0.41482433676719666 63 116 80 134
class 0.3422231078147888 76 117 94 134
class 0.3305165469646454 89 117 107 134
class 0.39080506563186646 103 116 121 133
class 0.4390248656272888 116 116 134 134
class 0.3047619163990021 128 116 146 134
class 0.24360981583595276 143 116 160 134
class 0.2790498733520508 156 115 173 134
class 0.36870434880256653 169 116 186 134
class 0.43027833104133606 182 117 199 133
class 0.34666356444358826 195 117 212 133
class 0.37437915802001953 208 117 226 133
class 0.21861737966537476 233 116 247 135
class 0.31587186455726624 2 131 16 146
class 0.23622120916843414 36 130 54 148
class 0.28664103150367737 50 130 67 147
class 0.2839273512363434 63 130 80 147
class 0.3492451310157776 77 130 94 147
class 0.45673826336860657 89 129 106 147
class 0.34219691157341003 102 130 120 147
class 0.3881623446941376 117 129 134 147
class 0.37863606214523315 129 129 147 148
class 0.27801045775413513 141 129 160 148
class 0.1979283094406128 155 129 173 148
class 0.2681621015071869 168 129 186 148
class 0.158402681350708 181 129 199 147
class 0.1751912534236908 195 130 213 147
class 0.21544191241264343 208 130 225 146
class 0.4038015305995941 233 128 247 147
class 0.28373414278030396 1 144 15 160
class 0.1237025037407875 23 144 40 161
class 0.19471628963947296 35 142 54 161
class 0.22047631442546844 50 142 68 160
class 0.3221438527107239 63 143 81 160
class 0.37499240040779114 76 143 94 160
class 0.3640040457248688 89 143 107 160
class 0.39514344930648804 102 143 120 161
class 0.39704006910324097 116 142 134 160
class 0.4127156138420105 130 142 147 161
class 0.2634905278682709 142 142 160 161
class 0.16966073215007782 155 142 173 161
class 0.4036324620246887 168 142 186 161
class 0.27576613426208496 181 143 199 161
class 0.2444770187139511 195 143 213 160
class 0.31090018153190613 208 143 225 159
class 0.20363973081111908 220 144 236 159
class 0.3646763861179352 232 142 247 161
class 0.4250047504901886 1 157 15 172
class 0.13990777730941772 36 155 55 174
class 0.1489035189151764 49 156 68 174
class 0.4032346308231354 63 157 81 174
class 0.32965534925460815 76 156 94 173
class 0.31295666098594666 89 155 107 173
class 0.44822263717651367 103 156 121 173
class 0.3840917646884918 116 156 134 173
class 0.2688753008842468 129 155 147 173
class 0.17594458162784576 140 153 159 172
class 0.47798216342926025 181 155 199 174
class 0.26516497135162354 194 156 212 173
class 0.19787652790546417 208 157 225 172
class 0.11781755834817886 220 157 236 171
class 0.3936980664730072 233 154 247 173
class 0.35637030005455017 2 170 16 185
class 0.5086553692817688 23 172 40 189
class 0.43100497126579285 38 168 57 187
class 0.24924486875534058 49 169 69 187
class 0.5050569176673889 63 169 81 186
class 0.4178259074687958 76 169 94 187
class 0.3398253619670868 90 169 108 187
class 0.23694367706775665 103 169 121 186
class 0.4307368993759155 116 170 134 187
class 0.11823134869337082 128 169 146 186
class 0.993669867515564 159 165 175 184
class 0.2798423171043396 181 168 199 186
class 0.379080593585968 194 170 213 186
class 0.25081726908683777 207 170 225 185
class 0.13734586536884308 220 170 236 185
class 0.2402118593454361 233 169 247 187
class 0.6010248064994812 2 183 16 199
class 0.4423394203186035 22 182 39 199
class 0.18231099843978882 38 183 56 200
class 0.3636733293533325 51 183 69 200
class 0.5203589797019958 62 183 81 200
class 0.45752081274986267 76 183 94 200
class 0.45195960998535156 90 183 108 200
class 0.5627874135971069 103 183 120 200
class 0.563152015209198 116 182 133 199
class 0.35181620717048645 128 183 146 200
class 0.16809353232383728 141 183 160 199
class 0.16925567388534546 153 185 172 201
class 0.12856635451316833 168 184 188 201
class 0.2912849485874176 181 183 199 200
class 0.43211841583251953 195 183 212 200
class 0.27688753604888916 207 184 224 199
class 0.2419104427099228 234 182 247 199
class 0.40192240476608276 1 196 16 211
class 0.16404041647911072 11 197 26 211
class 0.773318350315094 25 196 40 212
class 0.5411731600761414 36 195 54 213
class 0.510064423084259 50 196 69 213
class 0.5406862497329712 63 195 81 213
class 0.5100833177566528 77 195 95 213
class 0.37378984689712524 89 195 107 213
class 0.45673510432243347 103 195 120 212
class 0.5246866345405579 116 195 133 212
class 0.33370688557624817 129 195 146 212
class 0.26480746269226074 142 195 158 212
class 0.40326717495918274 155 193 172 211
class 0.4304146468639374 169 195 187 213
class 0.3830653131008148 182 195 199 212
class 0.5231401920318604 195 196 212 213
class 0.4379262328147888 208 197 225 212
class 0.21555276215076447 219 197 235 213
class 0.31978440284729004 233 195 247 213
class 0.377980500459671 1 211 15 226
class 0.3193037211894989 24 210 39 225
class 0.2729070484638214 37 208 54 225
class 0.3331224322319031 50 209 68 226
class 0.4168795049190521 64 209 81 226
class 0.40423181653022766 76 209 93 227
class 0.26712656021118164 90 209 107 226
class 0.33904388546943665 103 209 120 225
class 0.41202303767204285 116 208 133 225
class 0.22744354605674744 130 208 147 225
class 0.9479537010192871 155 208 172 229
class 0.3732210397720337 171 207 187 224
class 0.21219457685947418 182 209 198 225
class 0.4441218674182892 194 209 211 226
class 0.2634216845035553 207 209 224 225
class 0.13411813974380493 233 208 247 226
class 0.7615846395492554 1 223 16 239
class 0.13778738677501678 25 222 40 237
class 0.10520827025175095 38 223 54 238
class 0.18086819350719452 51 223 68 239
class 0.2805863618850708 64 222 81 238
class 0.3330688774585724 77 222 94 238
class 0.24960169196128845 89 223 107 239
class 0.2734528183937073 103 222 119 239
class 0.25771963596343994 116 223 132 239
class 0.17825445532798767 182 224 198 239
class 0.2508612871170044 195 222 211 238
class 0.21459713578224182 208 223 224 238
class 0.4878159761428833 232 223 247 241
class 0.8330244421958923 0 232 17 249
class 0.1614254266023636 10 232 27 248
class 0.44589895009994507 24 232 41 248
class 0.46918442845344543 37 232 55 248
class 0.6124453544616699 50 231 68 248
class 0.5600866675376892 63 230 81 248
class 0.486007422208786 77 230 95 248
class 0.4643532931804657 89 230 108 248
class 0.462022066116333 102 231 120 249
class 0.6001262068748474 116 231 134 248
class 0.31463825702667236 128 231 147 249
class 0.29146334528923035 141 231 161 248
class 0.41480395197868347 154 231 173 248
class 0.3637613356113434 168 230 187 248
class 0.4219440221786499 182 230 200 248
class 0.42877447605133057 193 231 212 249
class 0.49748191237449646 207 231 226 249
class 0.2718185484409332 220 232 238 249
class 0.8935214877128601 232 231 248 249
