class 0.809475839138031 0 3 16 18
class 0.4764435291290283 9 4 27 18
class 0.43218785524368286 23 4 41 17
class 0.7068272233009338 34 3 53 18
class 0.5438200235366821 49 3 68 17
class 0.6546177864074707 61 3 80 18
class 0.7008205056190491 75 3 94 18
class 0.4603535532951355 87 3 107 18
class 0.5222509503364563 101 3 121 18
class 0.5283432006835938 114 4 133 18
class 0.44828251004219055 127 3 146 18
class 0.4272364675998688 153 4 172 18
class 0.480469673871994 167 4 185 18
class 0.6350555419921875 181 3 199 18
class 0.5713441967964172 193 3 212 17
class 0.697591245174408 207 3 225 18
class 0.5084235668182373 220 3 236 18
class 0.660190761089325 232 3 249 18
class 0.6681565642356873 1 10 16 26
class 0.11364393681287766 10 9 25 24
class 0.22736336290836334 23 11 39 26
class 0.5363270044326782 35 9 53 25
class 0.48103198409080505 49 10 66 26
class 0.5446637868881226 62 9 79 26
class 0.6824488043785095 76 9 93 25
class 0.5718466639518738 88 10 106 26
class 0.5550853610038757 101 9 119 26
class 0.5021266341209412 114 9 132 26
class 0.4190228283405304 128 10 146 27
class 0.5298332571983337 141 8 159 26
class 0.6028925776481628 154 9 172 25
class 0.5835469961166382 167 9 184 25
class 0.6139160394668579 181 9 198 26
class 0.526530921459198 194 10 211 27
class 0.4755529761314392 208 9 224 25
class 0.10204146802425385 221 10 235 25
class 0.3348941504955292 233 8 247 27
class 0.3250223398208618 1 25 15 40
class 0.22434857487678528 22 26 39 40
class 0.2374163419008255 35 25 53 41
class 0.2717318534851074 49 25 66 41
class 0.31829050183296204 62 26 79 42
class 0.3696533143520355 76 26 93 42
class 0.32289397716522217 88 25 106 41
class 0.2663666307926178 101 25 120 42
class 0.20811797678470612 115 25 132 42
class 0.2144618183374405 128 25 146 41
class 0.14321289956569672 140 25 158 42
class 0.13707756996154785 154 25 172 41
class 0.19230994582176208 168 26 185 41
class 0.24657490849494934 180 26 197 41
class 0.3135426938533783 194 25 212 41
class 0.323326975107193 207 26 224 41
class 0.24270106852054596 233 23 246 42
class 0.4306817054748535 1 39 15 54
class 0.10140680521726608 23 39 39 53
class 0.20952558517456055 49 37 66 54
class 0.36557725071907043 63 38 80 55
class 0.29680997133255005 75 37 92 55
class 0.331771582365036 89 38 106 54
class 0.41420382261276245 102 37 120 55
class 0.6011248230934143 119 37 135 54
class 0.9711716175079346 126 38 143 57
class 0.6440305113792419 141 36 158 55
class 0.24555647373199463 155 37 172 55
class 0.43012407422065735 168 39 185 55
class 0.4172827899456024 181 39 198 55
class 0.5181588530540466 194 39 211 55
class 0.26325365900993347 207 39 225 53
class 0.11520305275917053 219 38 235 53
class 0.35399532318115234 233 36 247 55
class 0.4177471995353699 1 52 15 67
class 0.23121581971645355 23 52 39 68
class 0.14156574010849 36 52 53 69
class 0.15435117483139038 49 50 67 68
class 0.20580928027629852 64 48 80 65
class 0.4996166527271271 77 50 93 67
class 0.42817842960357666 89 50 106 67
class 0.5064107775688171 102 50 120 68
class 0.9061035513877869 125 47 143 66
class 0.348783403635025 141 49 160 68
class 0.19311466813087463 156 51 172 68
class 0.38526788353919983 168 51 185 67
class 0.3187309503555298 182 51 198 67
class 0.6115343570709229 195 51 212 67
class 0.38624846935272217 208 52 225 67
class 0.1083148717880249 220 52 235 67
class 0.2724168598651886 233 50 246 69
class 0.28404855728149414 1 65 15 80
class 0.15893110632896423 23 64 40 80
class 0.15749558806419373 37 64 54 81
class 0.20701958239078522 47 63 65 82
class 0.41253092885017395 65 66 81 83
class 0.3696477711200714 88 64 105 81
class 0.24324196577072144 102 63 121 80
class 0.3408752679824829 114 66 134 82
class 0.3594331741333008 127 66 146 82
class 0.23592665791511536 140 64 159 81
class 0.30841389298439026 156 65 173 81
class 0.41092249751091003 168 65 185 81
class 0.22523431479930878 181 65 198 81
class 0.32301706075668335 195 65 212 81
class 0.22094640135765076 208 64 225 80
class 0.3774087429046631 233 63 247 81
class 0.1574956774711609 1 79 15 94
class 0.17617620527744293 36 78 53 95
class 0.19381007552146912 49 76 67 94
class 0.21171727776527405 62 78 80 95
class 0.36334988474845886 78 80 95 96
class 0.4042229950428009 88 77 106 94
class 0.20079423487186432 102 77 120 94
class 0.30774712562561035 116 76 134 93
class 0.4899028539657593 128 76 146 93
class 0.43152323365211487 141 77 159 94
class 0.26033979654312134 155 77 172 94
class 0.35271623730659485 169 77 186 94
class 0.4333243668079376 182 77 199 94
class 0.49214041233062744 195 77 212 94
class 0.17913763225078583 208 78 225 93
class 0.22368355095386505 233 75 247 94
class 0.29088613390922546 1 91 15 107
class 0.16526365280151367 23 91 39 107
class 0.24079470336437225 36 90 53 107
class 0.14744333922863007 49 89 68 107
class 0.37270763516426086 63 89 80 107
class 0.4130916893482208 76 89 93 106
class 0.3676074147224426 89 90 106 108
class 0.27456796169281006 102 91 120 108
class 0.297334760427475 115 91 133 108
class 0.22320686280727386 128 90 146 107
class 0.3586028814315796 141 91 159 108
class 0.3521372377872467 155 91 173 107
class 0.4398801624774933 168 91 185 108
class 0.29159846901893616 182 90 199 107
class 0.3150210380554199 194 91 212 108
class 0.28703007102012634 208 91 226 107
class 0.20048388838768005 233 89 247 108
class 0.10696589946746826 1 105 15 120
class 0.11989490687847137 35 103 54 121
class 0.1648659110069275 50 104 68 121
class 0.26477283239364624 63 104 80 122
class 0.21236464381217957 76 103 94 121
class 0.32655882835388184 89 104 107 121
class 0.3539711833000183 103 103 120 121
class 0.38901960849761963 116 103 133 121
class 0.25502318143844604 129 103 147 120
class 0.4476119875907898 141 103 159 120
class 0.4405084252357483 155 103 173 120
class 0.41231513023376465 168 103 186 120
class 0.27310898900032043 181 103 199 121
class 0.4083990156650543 196 103 213 120
class 0.4133286774158478 207 103 225 119
class 0.1752277910709381 220 104 236 120
class 0.3140064775943756 233 102 247 121
class 0.23053793609142303 1 118 15 133
class 0.13932058215141296 37 117 55 134
class 0.19778227806091309 50 117 68 134
class 0.37931370735168457 63 117 81 134
class 0.21980194747447968 76 117 94 134
class 0.6646426916122437 90 116 108 134
class 0.4664660394191742 102 116 120 134
class 0.4872940480709076 115 116 133 135
class 0.29564788937568665 128 117 146 135
class 0.3881654441356659 142 117 160 134
class 0.47146371006965637 155 117 172 134
class 0.34082862734794617 168 117 186 134
class 0.25226157903671265 181 116 199 134
class 0.258285254240036 195 117 212 134
class 0.1938764899969101 208 118 225 133
class 0.13160064816474915 220 118 236 133
class 0.2574336528778076 233 115 247 134
class 0.24832643568515778 1 131 15 146
class 0.21218623220920563 37 130 55 147
class 0.3450518250465393 51 129 69 147
class 0.646270215511322 63 130 81 147
class 0.4500182271003723 76 130 95 147
class 0.5076926350593567 117 126 134 146
class 0.3868182301521301 129 129 147 147
class 0.4072591960430145 142 130 160 147
class 0.4557622969150543 155 129 173 146
class 0.3450644314289093 168 129 186 146
class 0.40470367670059204 181 131 199 148
class 0.47199732065200806 195 131 212 147
class 0.19146300852298737 208 131 225 146
class 0.29283425211906433 233 130 247 148
class 0.2161116898059845 1 144 15 159
class 0.13081012666225433 24 144 40 160
class 0.19471126794815063 36 143 54 160
class 0.19740574061870575 50 143 68 160
class 0.4200664758682251 63 142 81 159
class 0.4077455699443817 78 142 96 159
class 0.9941539168357849 99 137 117 158
class 0.31705281138420105 117 141 136 160
class 0.1936209350824356 129 142 147 160
class 0.5261018872261047 142 143 160 160
class 0.4859381318092346 155 143 172 160
class 0.28278785943984985 168 143 186 160
class 0.23082442581653595 182 142 199 159
class 0.37617963552474976 196 142 213 159
class 0.3216830790042877 208 144 225 159
class 0.13096141815185547 220 143 236 158
class 0.46897637844085693 233 142 247 160
class 0.2238585203886032 1 157 16 173
class 0.11183446645736694 23 157 40 173
class 0.20131590962409973 36 156 54 173
class 0.2724073827266693 50 155 68 173
class 0.4127730429172516 63 155 82 172
class 0.18559163808822632 76 155 94 172
class 0.32078325748443604 89 157 108 173
class 0.5444945693016052 101 158 120 175
class 0.23547261953353882 114 156 133 174
class 0.19053569436073303 128 156 147 173
class 0.46972087025642395 142 156 160 173
class 0.5652168989181519 156 156 173 173
class 0.42887642979621887 168 156 186 173
class 0.32303184270858765 182 156 199 173
class 0.3198874890804291 194 156 213 173
class 0.15007545053958893 207 157 225 172
class 0.18071554601192474 233 155 247 173
class 0.24019543826580048 2 170 16 185
class 0.1677260845899582 24 170 41 185
class 0.3690207600593567 37 169 54 186
class 0.4147772789001465 49 169 67 187
class 0.29386842250823975 63 169 81 186
class 0.18094031512737274 76 170 94 186
class 0.2211262434720993 87 166 106 185
class 0.13369344174861908 118 167 136 184
class 0.38976457715034485 128 169 146 186
class 0.4514577388763428 142 170 160 186
class 0.45215117931365967 155 169 173 186
class 0.37438273429870605 168 169 186 186
class 0.36202171444892883 181 169 199 186
class 0.3612423241138458 194 169 213 186
class 0.18990318477153778 207 170 226 185
class 0.28701236844062805 233 169 247 187
class 0.2693215310573578 1 184 15 199
class 0.149673730134964 25 183 40 198
class 0.2548805773258209 37 182 54 199
class 0.45939576625823975 51 182 68 199
class 0.3762982189655304 64 183 81 200
class 0.4528405964374542 77 182 94 198
class 0.14995834231376648 88 182 105 199
class 0.9934232831001282 105 179 121 198
class 0.5289468765258789 129 182 146 199
class 0.6106441617012024 142 183 159 199
class 0.5119739770889282 155 183 172 199
class 0.4108092188835144 168 183 186 200
class 0.4156853258609772 182 182 199 199
class 0.388834148645401 195 183 212 200
class 0.36068111658096313 208 184 226 200
class 0.31569260358810425 233 182 247 200
class 0.6616339087486267 1 196 16 212
class 0.36260613799095154 25 197 40 213
class 0.3031386733055115 38 195 54 212
class 0.4793461859226227 50 196 67 213
class 0.6291337609291077 63 197 80 213
class 0.5852569937705994 76 196 93 213
class 0.15311972796916962 90 196 107 212
class 0.3765987753868103 101 198 119 215
class 0.20247246325016022 116 198 134 214
class 0.45350682735443115 129 196 146 213
class 0.5616934299468994 142 196 159 213
class 0.5854727625846863 155 196 172 213
class 0.45124366879463196 168 195 186 213
class 0.4278571605682373 182 195 199 213
class 0.5318120718002319 195 196 212 214
class 0.40653473138809204 208 196 225 212
class 0.222086563706398 220 197 236 212
class 0.37939104437828064 233 195 247 213
class 0.2733173072338104 1 210 15 226
class 0.1260477751493454 24 209 39 224
class 0.12471644580364227 38 208 54 225
class 0.3165861666202545 51 208 67 225
class 0.3477078974246979 63 208 80 225
class 0.24805928766727448 76 208 93 225
class 0.1789523959159851 90 209 107 226
class 0.44241368770599365 102 208 119 225
class 0.4242921769618988 115 209 133 225
class 0.2802450954914093 129 209 145 225
class 0.41240283846855164 143 209 160 225
class 0.4511149823665619 155 209 172 226
class 0.3350673317909241 168 209 186 226
class 0.3978547155857086 182 209 199 226
class 0.5556249022483826 195 208 212 226
class 0.26483285427093506 207 210 224 226
class 0.13686372339725494 234 208 247 225
class 0.8670664429664612 1 223 16 238
class 0.1529272496700287 11 222 26 237
class 0.2324095517396927 24 223 39 238
class 0.1359030306339264 52 223 67 238
class 0.2793026566505432 64 223 80 238
class 0.23787707090377808 77 223 93 239
class 0.18811257183551788 90 223 106 239
class 0.1396176517009735 103 223 119 238
class 0.17078448832035065 116 222 133 238
class 0.17803213000297546 129 223 145 239
class 0.19535082578659058 142 223 158 239
class 0.20374511182308197 156 222 173 238
class 0.24398426711559296 169 222 186 239
class 0.23633642494678497 182 223 198 239
class 0.1988966166973114 195 223 212 239
class 0.17190174758434296 208 223 224 238
class 0.38777315616607666 232 224 247 241
class 0.7240022420883179 0 232 16 249
class 0.2121148556470871 10 231 27 249
class 0.3462347090244293 24 231 41 248
class 0.5675196647644043 37 231 55 248
class 0.6746510863304138 51 232 68 248
class 0.626986563205719 62 231 80 248
class 0.5490626692771912 77 231 94 248
class 0.6389397382736206 89 230 107 248
class 0.6177463531494141 102 231 120 248
class 0.5484101176261902 116 231 134 248
class 0.5070875287055969 129 231 147 248
class 0.7434401512145996 141 231 159 248
class 0.5638530850410461 155 231 174 248
class 0.48276764154434204 169 231 187 248
class 0.5916524529457092 181 231 200 248
class 0.5841982960700989 195 231 213 248
class 0.504874587059021 207 232 225 249
class 0.21601827442646027 220 232 238 248
class 0.9023232460021973 232 231 248 249
