class 0.8777704238891602 0 2 17 18
class 0.28289809823036194 8 4 26 18
class 0.6217800378799438 21 4 40 18
class 0.45985203981399536 35 3 54 18
class 0.45201370120048523 48 3 67 17
class 0.5484561920166016 62 3 81 17
class 0.6268894672393799 75 3 94 18
class 0.45975732803344727 89 4 107 17
class 0.578317403793335 100 3 119 18
class 0.6156335473060608 114 3 133 18
class 0.5291688442230225 127 3 147 18
class 0.5358303189277649 141 4 160 18
class 0.4865892231464386 153 3 173 18
class 0.5834391713142395 167 3 186 17
class 0.4419630765914917 180 3 199 17
class 0.4100724756717682 193 4 212 18
class 0.384551465511322 206 4 226 17
class 0.3296225368976593 220 4 239 18
class 0.7316932678222656 232 1 249 18
class 0.36840689182281494 1 9 15 25
class 0.31403136253356934 23 9 39 24
class 0.2861092984676361 36 10 53 25
class 0.3191930055618286 49 10 66 26
class 0.4101535975933075 63 9 79 25
class 0.4803730249404907 76 9 93 25
class 0.4837343692779541 89 10 105 26
class 0.5162103772163391 102 9 118 26
class 0.44915300607681274 115 9 132 26
class 0.4188103675842285 129 9 145 25
class 0.5840386748313904 141 9 158 25
class 0.5605731010437012 154 10 171 26
class 0.5448840856552124 167 9 185 26
class 0.6330854892730713 181 10 199 27
class 0.7346994876861572 194 9 212 26
class 0.6819046139717102 206 8 225 26
class 0.26256781816482544 233 9 248 27
class 0.30505678057670593 1 26 15 41
class 0.1670091301202774 22 27 38 41
class 0.15422441065311432 35 27 53 41
class 0.26172691583633423 48 25 66 41
class 0.3992919325828552 62 26 79 41
class 0.2689478397369385 76 25 93 41
class 0.2914622724056244 88 25 105 41
class 0.24660445749759674 102 25 119 41
class 0.19398203492164612 114 26 131 41
class 0.2932969629764557 128 26 145 41
class 0.27120834589004517 141 26 158 41
class 0.24868400394916534 154 26 171 41
class 0.19721947610378265 167 25 184 41
class 0.40574178099632263 181 25 199 41
class 0.4872640073299408 194 25 214 42
class 0.9888352155685425 217 27 237 46
class 0.23030920326709747 234 23 248 41
class 0.22447748482227325 1 39 15 53
class 0.19278456270694733 35 37 53 54
class 0.19522520899772644 49 37 66 54
class 0.25425848364830017 62 37 79 54
class 0.19621877372264862 75 38 92 55
class 0.21240052580833435 89 39 106 55
class 0.28813591599464417 103 38 119 54
class 0.5036444664001465 115 38 131 55
class 0.37130919098854065 129 37 145 54
class 0.40973803400993347 142 37 159 54
class 0.5294501781463623 154 38 171 55
class 0.49644023180007935 168 39 185 55
class 0.49053704738616943 181 39 198 55
class 0.6255093216896057 195 37 213 54
class 0.10104519128799438 234 39 249 56
class 0.24912871420383453 1 52 15 67
class 0.12672016024589539 36 50 53 68
class 0.2450474351644516 49 51 67 68
class 0.5166189074516296 63 51 80 68
class 0.42106911540031433 76 51 93 68
class 0.37338986992836 89 50 106 68
class 0.3350529074668884 102 51 119 68
class 0.2114349901676178 115 50 132 68
class 0.34433212876319885 128 50 145 69
class 0.26022738218307495 142 51 159 69
class 0.3395078778266907 155 50 172 68
class 0.512013852596283 168 51 185 68
class 0.409110426902771 181 51 198 68
class 0.36990222334861755 194 51 212 68
class 0.436282217502594 208 52 227 67
class 0.5286164879798889 219 52 237 67
class 0.4407162368297577 232 49 248 67
class 0.26144248247146606 2 65 16 80
class 0.11945226043462753 23 66 40 82
class 0.1869385540485382 36 65 54 82
class 0.2739296555519104 49 64 67 81
class 0.3704953193664551 63 63 80 82
class 0.36878708004951477 77 63 94 81
class 0.15666648745536804 89 63 107 81
class 0.1440032571554184 100 60 119 80
class 0.3131839632987976 143 62 160 81
class 0.23887714743614197 155 64 173 81
class 0.3587229251861572 169 64 185 82
class 0.43444716930389404 181 64 199 81
class 0.3184390068054199 194 64 212 81
class 0.16881659626960754 207 64 225 80
class 0.14176833629608154 220 64 236 80
class 0.2829698324203491 233 63 247 82
class 0.18266737461090088 1 78 15 93
class 0.2022024691104889 23 77 40 93
class 0.17515285313129425 35 77 54 94
class 0.2787511348724365 49 76 67 95
class 0.3309004306793213 63 77 81 95
class 0.3827904760837555 76 78 93 95
class 0.996735155582428 118 74 135 93
class 0.44598034024238586 142 77 160 96
class 0.6364140510559082 155 78 173 96
class 0.4621403217315674 168 77 185 95
class 0.32740887999534607 180 77 199 95
class 0.35240989923477173 195 77 213 94
class 0.31880825757980347 207 79 226 95
class 0.2166391909122467 220 79 236 94
class 0.35587018728256226 233 76 247 94
class 0.26720646023750305 1 92 15 107
class 0.10738876461982727 24 90 41 106
class 0.1372338980436325 36 90 54 108
class 0.27854567766189575 49 90 67 108
class 0.2931038439273834 63 89 81 109
class 0.35009902715682983 76 88 94 108
class 0.11288120597600937 88 88 107 108
class 0.2677094042301178 142 90 159 108
class 0.3937475383281708 155 90 172 107
class 0.278797447681427 168 89 186 108
class 0.2105497419834137 181 90 200 108
class 0.3213316798210144 194 90 213 108
class 0.3027215003967285 208 91 226 107
class 0.147272989153862 220 91 236 106
class 0.2707490622997284 233 89 247 108
class 0.17220045626163483 1 105 15 120
class 0.10558055341243744 24 104 41 120
class 0.21097393333911896 36 103 55 121
class 0.42867153882980347 49 103 68 122
class 0.2471184879541397 62 101 80 122
class 0.17223599553108215 75 102 95 123
class 0.2517271041870117 128 102 148 120
class 0.29412251710891724 142 104 160 121
class 0.4596503674983978 155 104 173 121
class 0.3923659026622772 167 103 186 122
class 0.19728828966617584 180 103 200 122
class 0.2112068086862564 195 104 213 122
class 0.31479015946388245 208 105 226 120
class 0.10828188061714172 220 105 236 120
class 0.27741527557373047 232 102 247 121
class 0.6002931594848633 1 118 16 134
class 0.1348547637462616 22 117 39 133
class 0.1009560227394104 127 116 146 134
class 0.119273841381073 141 115 160 133
class 0.4836476445198059 181 116 199 135
class 0.3674982786178589 194 116 213 135
class 0.38223665952682495 208 117 226 133
class 0.32730984687805176 232 116 247 134
class 0.43667641282081604 1 130 15 146
class 0.9961328506469727 54 127 71 146
class 0.9922302961349487 86 125 105 147
class 0.1307668685913086 105 128 123 147
class 0.11713100224733353 128 129 146 146
class 0.18857607245445251 143 129 161 147
class 0.9890442490577698 160 127 177 145
class 0.24258363246917725 181 128 200 147
class 0.13575077056884766 194 129 212 147
class 0.20567375421524048 207 130 225 146
class 0.23484216630458832 233 128 247 147
class 0.28843826055526733 1 144 15 159
class 0.1118156909942627 47 145 66 160
class 0.11365200579166412 74 144 94 161
class 0.33739668130874634 115 143 133 160
class 0.20894528925418854 127 144 146 160
class 0.17151042819023132 153 145 172 160
class 0.26203349232673645 194 144 212 161
class 0.2467583566904068 207 144 225 159
class 0.291098415851593 233 143 247 161
class 0.36332303285598755 1 157 15 173
class 0.2606677711009979 49 155 67 172
class 0.14518195390701294 62 156 81 172
class 0.18383939564228058 76 155 94 172
class 0.19969059526920319 88 155 107 172
class 0.1574259102344513 101 155 120 172
class 0.1777976006269455 116 156 133 173
class 0.10684099793434143 128 156 147 172
class 0.18182261288166046 154 155 173 172
class 0.16238124668598175 167 155 187 172
class 0.16625705361366272 181 157 200 173
class 0.37431901693344116 194 156 212 173
class 0.3531111478805542 206 157 225 173
class 0.12034723162651062 220 157 237 172
class 0.2949683666229248 233 155 247 173
class 0.4443346858024597 1 170 16 186
class 0.13456834852695465 24 171 40 185
class 0.2579325735569 37 170 54 186
class 0.34565412998199463 50 170 67 186
class 0.30467280745506287 63 170 81 186
class 0.22561457753181458 76 169 94 186
class 0.3323681056499481 89 169 106 186
class 0.3603362739086151 103 170 120 187
class 0.32113516330718994 116 170 133 187
class 0.3475947380065918 129 170 147 187
class 0.16403020918369293 141 170 159 187
class 0.2409563809633255 155 170 172 187
class 0.2663806080818176 167 171 186 187
class 0.16149935126304626 181 169 199 186
class 0.19610194861888885 195 169 213 186
class 0.25719571113586426 207 169 226 185
class 0.13853192329406738 220 171 236 185
class 0.4132109582424164 233 169 247 187
class 0.3732322156429291 2 184 16 199
class 0.26650023460388184 23 184 40 199
class 0.3193265199661255 37 183 54 200
class 0.40990379452705383 50 183 67 200
class 0.5737901329994202 63 183 80 199
class 0.5244037508964539 77 183 94 199
class 0.5027740001678467 90 182 106 199
class 0.35539475083351135 104 182 120 198
class 0.4084349572658539 117 182 133 199
class 0.4599558711051941 129 182 146 199
class 0.44829314947128296 142 184 159 200
class 0.4353928864002228 156 183 173 199
class 0.3737371563911438 168 183 186 200
class 0.26899009943008423 181 183 199 200
class 0.3439512252807617 195 183 212 200
class 0.3003291189670563 207 184 226 199
class 0.1384391486644745 220 184 236 199
class 0.2413981556892395 233 181 246 199
class 0.5136011838912964 1 196 16 212
class 0.3757781684398651 24 196 40 212
class 0.24283891916275024 37 195 53 212
class 0.6067278981208801 51 195 68 212
class 0.7074498534202576 63 196 80 213
class 0.5622876286506653 77 195 94 212
class 0.6069695353507996 90 196 107 213
class 0.5857142210006714 103 196 120 213
class 0.42615649104118347 116 196 133 214
class 0.43039268255233765 129 195 146 213
class 0.4972168803215027 142 195 160 212
class 0.42483261227607727 155 196 172 213
class 0.38524776697158813 169 195 186 213
class 0.4369475841522217 183 196 200 213
class 0.6927600502967834 194 196 212 214
class 0.45997512340545654 207 197 225 213
class 0.16802388429641724 220 197 236 212
class 0.22382298111915588 233 195 247 213
class 0.33087292313575745 1 210 15 225
class 0.35680049657821655 25 209 39 224
class 0.45725855231285095 38 210 54 226
class 0.4528879225254059 49 209 66 226
class 0.3991900086402893 65 208 81 225
class 0.43293657898902893 77 209 93 226
class 0.49470198154449463 90 209 107 226
class 0.35370180010795593 103 209 120 226
class 0.39827463030815125 116 209 133 226
class 0.4274612069129944 129 209 146 227
class 0.4128875136375427 142 209 159 226
class 0.2986207902431488 155 209 172 226
class 0.2865627706050873 169 209 185 227
class 0.3185552656650543 183 208 199 226
class 0.5428101420402527 195 208 211 225
class 0.44047480821609497 207 208 224 225
class 0.1124754473567009 220 209 235 224
class 0.1968057006597519 233 209 247 226
class 0.8325266242027283 1 223 16 239
class 0.11646537482738495 38 222 53 238
class 0.30903559923171997 51 222 67 238
class 0.271214097738266 64 223 79 239
class 0.2397489845752716 77 222 93 238
class 0.2803841233253479 91 222 107 238
class 0.28490811586380005 103 222 119 238
class 0.18868784606456757 116 222 133 238
class 0.1933591365814209 130 222 146 238
class 0.22604066133499146 143 222 159 238
class 0.22846370935440063 156 222 172 238
class 0.2850281596183777 169 222 186 238
class 0.1513271927833557 182 222 198 238
class 0.2881201505661011 196 223 212 239
class 0.18638454377651215 208 224 224 239
class 0.319417268037796 232 222 246 240
class 0.7761470079421997 0 232 17 249
class 0.26425492763519287 10 231 27 248
class 0.45220521092414856 24 231 41 248
class 0.4857574701309204 36 231 54 248
class 0.4494187831878662 50 232 68 248
class 0.6586033701896667 64 231 82 248
class 0.604356050491333 75 231 94 248
class 0.4432946443557739 89 231 107 248
class 0.5304843187332153 102 231 120 249
class 0.4954918622970581 116 231 134 248
class 0.5995587110519409 128 231 147 248
class 0.5342658162117004 142 231 160 248
class 0.41328179836273193 155 231 173 249
class 0.40583470463752747 168 232 187 249
class 0.33733463287353516 181 232 200 249
class 0.5674175024032593 194 231 213 249
class 0.4084444046020508 207 231 225 248
class 0.2104867845773697 220 232 238 248
class 0.8348612785339355 232 232 249 249
