class 0.785171389579773 0 3 17 18
class 0.2988957464694977 9 4 26 18
class 0.3888882100582123 22 4 41 18
class 0.584867537021637 34 3 54 18
class 0.5498096346855164 48 3 68 18
class 0.4534521996974945 61 3 81 18
class 0.39735522866249084 74 4 94 18
class 0.5876221060752869 88 4 107 18
class 0.5170181393623352 102 4 121 18
class 0.6554455757141113 113 3 133 18
class 0.41874757409095764 127 4 147 17
class 0.6408138871192932 140 3 161 18
class 0.3257675766944885 168 3 189 17
class 0.6353489756584167 179 3 200 18
class 0.5004123449325562 193 3 213 18
class 0.5087518692016602 207 3 226 18
class 0.3369682729244232 221 4 237 17
class 0.800800621509552 232 2 248 18
class 0.633350670337677 1 9 16 26
class 0.24444879591464996 22 10 39 25
class 0.5631306171417236 49 10 67 26
class 0.5122508406639099 62 10 80 26
class 0.5119064450263977 75 9 92 25
class 0.605578601360321 89 9 106 25
class 0.4095546305179596 102 10 118 25
class 0.5154010653495789 115 10 132 25
class 0.3068571388721466 128 10 145 25
class 0.9956290125846863 158 12 177 30
class 0.6629599332809448 180 9 199 27
class 0.5767799615859985 194 10 212 26
class 0.3186348080635071 207 9 224 25
class 0.23879341781139374 233 8 246 26
class 0.2591026723384857 1 26 15 41
class 0.18067188560962677 22 27 39 41
class 0.19449208676815033 34 26 53 42
class 0.28906768560409546 49 25 67 41
class 0.3688088059425354 62 25 79 41
class 0.35756993293762207 74 26 92 41
class 0.19572895765304565 88 25 106 41
class 0.21364259719848633 102 26 119 41
class 0.4364541471004486 115 26 133 41
class 0.34012094140052795 127 25 145 41
class 0.355410099029541 180 25 199 42
class 0.3064477741718292 194 25 212 41
class 0.2263212651014328 234 23 247 42
class 0.33131250739097595 1 39 15 54
class 0.18070891499519348 23 39 39 54
class 0.3094538450241089 35 38 53 55
class 0.3444565534591675 49 38 67 55
class 0.5085048675537109 62 38 80 55
class 0.4985894560813904 75 37 93 55
class 0.3833804428577423 88 38 106 55
class 0.31734415888786316 102 38 119 55
class 0.39240264892578125 115 38 132 55
class 0.3408498764038086 128 38 145 55
class 0.20927846431732178 141 37 160 54
class 0.5390031337738037 154 38 173 55
class 0.5975297689437866 166 38 185 55
class 0.28321409225463867 180 38 199 55
class 0.27278009057044983 194 39 212 55
class 0.21932178735733032 206 40 224 55
class 0.11861207336187363 219 39 235 54
class 0.29696518182754517 233 36 247 55
class 0.38391628861427307 1 52 16 67
class 0.14820176362991333 23 51 40 66
class 0.22582195699214935 36 50 54 68
class 0.4207605719566345 49 51 67 68
class 0.40115123987197876 63 50 80 67
class 0.3962303102016449 76 50 93 67
class 0.45965737104415894 90 50 106 67
class 0.5075758099555969 102 51 119 68
class 0.602276086807251 116 51 132 68
class 0.45562684535980225 128 50 145 68
class 0.23378843069076538 141 51 159 68
class 0.23942527174949646 155 50 172 68
class 0.24687662720680237 167 50 185 67
class 0.18394897878170013 181 51 199 68
class 0.27089157700538635 194 51 212 68
class 0.19582918286323547 207 50 224 66
class 0.16310420632362366 233 49 247 68
class 0.5328399538993835 1 65 16 81
class 0.17939011752605438 23 66 39 81
class 0.12982235848903656 37 64 54 81
class 0.37374162673950195 50 64 67 81
class 0.4877072870731354 63 65 81 82
class 0.33264246582984924 76 66 94 83
class 0.2731689214706421 89 64 107 81
class 0.3656350076198578 102 63 120 81
class 0.42572787404060364 116 64 133 81
class 0.4473555088043213 129 64 146 81
class 0.310065358877182 142 64 160 81
class 0.30667176842689514 154 64 172 82
class 0.15527400374412537 167 64 186 81
class 0.10931981354951859 181 64 200 82
class 0.14005398750305176 194 64 212 81
class 0.13590839505195618 206 65 225 81
class 0.2637891173362732 232 64 247 82
class 0.2344549149274826 1 78 15 94
class 0.24302902817726135 23 78 40 94
class 0.2935540974140167 36 79 54 95
class 0.38356953859329224 50 78 68 95
class 0.44842591881752014 64 76 82 94
class 0.5651418566703796 76 76 95 94
class 0.32264086604118347 88 77 107 94
class 0.29359546303749084 103 77 121 94
class 0.42391055822372437 116 76 134 93
class 0.43240389227867126 128 77 146 94
class 0.3025050461292267 142 77 160 95
class 0.19643458724021912 154 76 173 94
class 0.16493898630142212 168 76 186 95
class 0.24585554003715515 181 77 199 95
class 0.18858803808689117 194 77 213 95
class 0.187239408493042 233 75 247 93
class 0.509395182132721 1 91 16 107
class 0.19225186109542847 36 90 54 107
class 0.3525124490261078 50 90 68 107
class 0.2858639061450958 63 90 81 107
class 0.30441996455192566 77 89 94 107
class 0.34785720705986023 90 89 107 107
class 0.42430058121681213 102 91 120 108
class 0.30669113993644714 116 90 134 108
class 0.3308008909225464 129 89 147 108
class 0.39796555042266846 142 89 160 108
class 0.1585347056388855 154 89 173 108
class 0.1051110103726387 167 89 187 109
class 0.1103895977139473 181 89 200 109
class 0.1976802498102188 233 90 247 108
class 0.3457581698894501 1 103 16 120
class 0.1647505909204483 36 104 54 121
class 0.3201269209384918 50 103 68 121
class 0.5255440473556519 63 104 81 121
class 0.40976032614707947 76 104 94 121
class 0.4257032871246338 90 103 107 121
class 0.4826394021511078 103 102 120 120
class 0.34419387578964233 116 103 134 121
class 0.26238223910331726 129 103 147 121
class 0.29918843507766724 142 103 160 122
class 0.20963460206985474 156 102 175 121
class 0.16214293241500854 233 102 247 120
class 0.11275020241737366 2 118 16 134
class 0.19868899881839752 24 119 40 134
class 0.2975032925605774 36 117 53 134
class 0.33001261949539185 50 117 67 134
class 0.4967641532421112 64 116 81 133
class 0.4583654999732971 76 116 94 133
class 0.5145671367645264 90 116 107 134
class 0.5652854442596436 102 116 120 135
class 0.47026583552360535 116 117 133 135
class 0.4183906614780426 130 117 147 135
class 0.4981839656829834 141 115 159 134
class 0.14762261509895325 156 115 175 134
class 0.9914636015892029 176 113 195 136
class 0.12501023709774017 196 114 216 134
class 0.17224928736686707 233 117 247 135
class 0.12611548602581024 1 132 15 147
class 0.1553092747926712 23 130 40 146
class 0.17392881214618683 36 130 53 147
class 0.44764357805252075 50 130 67 147
class 0.3639984130859375 64 130 80 147
class 0.4165208041667938 77 130 94 147
class 0.3446275591850281 89 129 107 147
class 0.17492277920246124 101 127 119 146
class 0.5531915426254272 118 128 135 147
class 0.5770474672317505 129 129 146 147
class 0.23397257924079895 142 129 159 147
class 0.11437509208917618 180 130 198 147
class 0.294778048992157 233 127 246 146
class 0.48440462350845337 1 144 15 160
class 0.12910589575767517 35 144 53 160
class 0.3242350220680237 50 142 67 160
class 0.4465860426425934 65 144 81 160
class 0.5682705640792847 76 144 92 161
class 0.30124297738075256 88 143 105 161
class 0.7395547032356262 105 144 122 162
class 0.1312272548675537 117 143 134 160
class 0.6829980611801147 130 143 146 160
class 0.45820823311805725 142 143 159 160
class 0.14914467930793762 155 143 173 160
class 0.15705549716949463 168 142 187 160
class 0.2155078798532486 180 142 199 159
class 0.14962005615234375 193 142 212 160
class 0.11583451181650162 207 144 225 160
class 0.1494985818862915 233 142 247 161
class 0.2674124538898468 1 157 15 172
class 0.1788196861743927 23 157 40 173
class 0.2425910085439682 36 157 54 174
class 0.447160929441452 50 157 67 173
class 0.5596910119056702 64 157 80 173
class 0.42420074343681335 76 155 93 172
class 0.2442886382341385 89 156 106 173
class 0.1882922500371933 103 157 120 174
class 0.22306841611862183 117 159 134 175
class 0.4769878387451172 129 156 146 173
class 0.3159022331237793 143 156 159 173
class 0.19575445353984833 155 156 173 173
class 0.16666442155838013 168 156 186 173
class 0.13879160583019257 181 155 199 172
class 0.17292052507400513 194 157 212 174
class 0.16659581661224365 207 157 225 173
class 0.1124686598777771 221 158 237 172
class 0.3530118763446808 233 156 247 174
class 0.385492742061615 2 170 16 186
class 0.12486853450536728 24 170 40 185
class 0.21508508920669556 37 169 54 186
class 0.3816986382007599 51 169 68 185
class 0.4649205803871155 63 169 80 185
class 0.3535543382167816 76 170 93 187
class 0.281924307346344 90 170 107 187
class 0.6515387892723083 103 169 120 186
class 0.687079906463623 115 169 132 185
class 0.42491623759269714 129 170 146 186
class 0.39169955253601074 143 170 160 186
class 0.4745158851146698 155 170 172 186
class 0.26241737604141235 168 170 186 186
class 0.14277327060699463 181 170 199 187
class 0.3542429804801941 195 170 213 186
class 0.1832900494337082 207 170 225 186
class 0.1340264528989792 220 170 237 184
class 0.26214540004730225 233 167 247 186
class 0.2982844114303589 2 184 16 199
class 0.1712208390235901 24 183 40 198
class 0.3569008708000183 37 183 54 199
class 0.592759370803833 50 183 66 200
class 0.5166804194450378 63 183 79 200
class 0.4485202729701996 77 182 94 200
class 0.4376092851161957 89 183 106 200
class 0.4609045684337616 102 184 119 200
class 0.4039512276649475 116 183 133 199
class 0.3854580521583557 129 183 146 199
class 0.38340458273887634 143 183 159 199
class 0.5089623928070068 155 183 172 200
class 0.41662460565567017 169 182 186 199
class 0.38058528304100037 182 183 199 200
class 0.3731074631214142 195 183 213 200
class 0.1919589638710022 207 183 225 199
class 0.1687130182981491 234 182 247 200
class 0.5969275236129761 2 197 16 213
class 0.1252475082874298 11 196 26 211
class 0.14838336408138275 24 197 40 212
class 0.14543749392032623 37 196 54 212
class 0.3979606330394745 51 195 67 212
class 0.4484046995639801 63 195 80 212
class 0.45242637395858765 77 196 94 213
class 0.5998104810714722 90 196 107 213
class 0.6034031510353088 102 196 119 213
class 0.5579352378845215 116 197 133 214
class 0.5953568816184998 129 196 146 214
class 0.5264252424240112 142 196 160 213
class 0.5519696474075317 155 196 173 213
class 0.5179824233055115 169 196 186 213
class 0.4274083375930786 182 195 199 213
class 0.5304751992225647 195 196 213 213
class 0.35188695788383484 207 197 225 213
class 0.20633967220783234 220 197 236 213
class 0.42000842094421387 233 195 247 213
class 0.4165535569190979 2 209 16 225
class 0.1857592910528183 24 209 39 225
class 0.3262588679790497 37 210 54 226
class 0.25189459323883057 49 209 66 226
class 0.3494437038898468 63 209 80 226
class 0.4055289626121521 76 209 93 226
class 0.44021686911582947 90 209 106 227
class 0.5095115303993225 102 209 120 227
class 0.38809868693351746 116 208 133 226
class 0.39188700914382935 129 209 147 226
class 0.3925457298755646 142 209 159 227
class 0.35482367873191833 155 209 173 226
class 0.37075623869895935 169 209 186 227
class 0.36588209867477417 182 209 199 227
class 0.4289577603340149 194 209 212 226
class 0.22176124155521393 207 209 224 225
class 0.14213357865810394 220 209 235 225
class 0.17830905318260193 233 208 246 226
class 0.7424830794334412 1 223 16 239
class 0.13749729096889496 25 223 39 238
class 0.1352064162492752 38 221 54 237
class 0.19412989914417267 51 222 67 238
class 0.20442882180213928 64 221 80 237
class 0.2716812193393707 77 223 93 238
class 0.2000211775302887 90 222 107 238
class 0.2227311134338379 103 222 120 238
class 0.2161361575126648 116 223 133 239
class 0.3164259195327759 129 222 147 239
class 0.36396586894989014 143 222 160 239
class 0.30515748262405396 155 223 173 239
class 0.1667184680700302 169 222 186 238
class 0.16683603823184967 182 222 199 238
class 0.2612636089324951 195 223 212 239
class 0.14640554785728455 207 224 223 240
class 0.47862422466278076 232 223 247 241
class 0.8479143381118774 0 232 17 249
class 0.25654974579811096 11 231 28 248
class 0.4709230065345764 24 231 40 248
class 0.5166435241699219 36 232 54 249
class 0.5936214327812195 51 232 69 248
class 0.3446962833404541 63 231 81 248
class 0.6033079624176025 76 231 95 248
class 0.4800293445587158 89 231 108 248
class 0.49922850728034973 102 231 121 248
class 0.5748933553695679 115 231 134 248
class 0.5385323762893677 129 231 148 248
class 0.5356130003929138 142 230 160 248
class 0.5629276633262634 155 230 174 248
class 0.42460474371910095 168 231 187 249
class 0.3984149694442749 181 231 200 248
class 0.4881642758846283 195 231 213 248
class 0.5757915377616882 207 231 225 248
class 0.15762297809123993 220 233 237 249
class 0.8404626846313477 232 232 249 249
