class 0.7054065465927124 1 3 17 18
class 0.3207246661186218 8 4 26 18
class 0.3627703785896301 22 4 41 18
class 0.6554596424102783 34 3 53 18
class 0.6845561265945435 48 3 68 18
class 0.20395763218402863 62 2 81 16
class 0.2878774404525757 76 3 96 16
class 0.7452011704444885 86 3 107 19
class 0.5500736832618713 101 3 120 18
class 0.5018499493598938 114 3 134 18
class 0.6024100184440613 127 3 147 18
class 0.6229596138000488 140 3 160 18
class 0.5023132562637329 155 4 174 18
class 0.5512380003929138 166 4 186 18
class 0.4471117854118347 180 4 199 18
class 0.47621238231658936 193 4 213 18
class 0.456741601228714 207 4 226 18
class 0.38970497250556946 220 4 237 17
class 0.7097781300544739 232 2 249 18
class 0.5831038355827332 2 10 16 26
class 0.34178850054740906 22 11 39 25
class 0.42240405082702637 36 10 53 26
class 0.5683121681213379 47 8 65 26
class 0.9895041584968567 65 11 83 29
class 0.5717146396636963 101 10 119 26
class 0.5247989296913147 115 10 132 26
class 0.48066920042037964 127 9 145 26
class 0.5329806208610535 141 9 159 25
class 0.5153546333312988 155 10 172 25
class 0.5621812343597412 167 9 185 25
class 0.4621240794658661 180 9 198 25
class 0.5938883423805237 194 9 212 25
class 0.4919384717941284 207 9 224 25
class 0.20070917904376984 220 9 235 25
class 0.2560865879058838 233 8 247 26
class 0.22909760475158691 1 25 15 41
class 0.138221874833107 22 26 39 40
class 0.13544262945652008 34 25 53 40
class 0.1679472029209137 62 25 79 40
class 0.312828928232193 89 25 106 41
class 0.3893967866897583 101 26 118 41
class 0.4479726254940033 115 26 132 42
class 0.37460941076278687 127 26 145 42
class 0.31777945160865784 141 26 159 42
class 0.2666717767715454 154 26 172 41
class 0.23881791532039642 167 26 185 41
class 0.243455171585083 180 25 198 41
class 0.2608211934566498 194 26 212 42
class 0.1549127846956253 207 25 225 40
class 0.1370771825313568 234 24 247 42
class 0.3664340376853943 1 39 16 54
class 0.16826768219470978 23 39 40 53
class 0.11218047142028809 35 38 54 55
class 0.1493237167596817 49 38 68 54
class 0.6464600563049316 62 37 80 54
class 0.6178449988365173 75 37 93 53
class 0.40226975083351135 89 38 106 55
class 0.34670543670654297 101 38 119 55
class 0.25880688428878784 115 38 132 54
class 0.3949831426143646 128 38 146 55
class 0.49105384945869446 141 37 158 54
class 0.39742493629455566 154 38 172 55
class 0.2617509365081787 168 38 186 55
class 0.23486687242984772 181 38 199 55
class 0.38158175349235535 194 38 211 55
class 0.2902508080005646 207 39 225 54
class 0.1050509437918663 220 38 236 54
class 0.17826034128665924 233 36 247 54
class 0.1630387157201767 1 52 15 67
class 0.18663641810417175 23 52 39 67
class 0.147103950381279 35 51 53 69
class 0.1664925068616867 49 51 67 68
class 0.24517454206943512 62 51 79 68
class 0.14908795058727264 75 51 93 68
class 0.20231659710407257 89 51 107 68
class 0.25684744119644165 102 51 119 68
class 0.398101806640625 116 51 133 68
class 0.3076169192790985 128 50 145 68
class 0.29969924688339233 141 51 159 69
class 0.2667579650878906 155 50 172 69
class 0.2396947294473648 168 50 186 69
class 0.27838096022605896 182 49 199 67
class 0.5274173021316528 194 51 212 68
class 0.21050189435482025 207 52 224 67
class 0.1487920731306076 233 50 247 68
class 0.4935254454612732 1 66 15 81
class 0.15624813735485077 36 64 54 81
class 0.260116845369339 49 64 67 82
class 0.36991655826568604 63 63 81 81
class 0.36855921149253845 76 63 93 82
class 0.26342830061912537 89 63 107 82
class 0.3090707063674927 103 64 120 82
class 0.4073852002620697 115 63 132 82
class 0.41824111342430115 130 63 147 81
class 0.2676246464252472 140 62 158 81
class 0.37231358885765076 156 63 174 82
class 0.29399338364601135 167 63 185 82
class 0.19234147667884827 180 64 199 83
class 0.33406296372413635 195 64 213 81
class 0.2885616719722748 207 64 225 81
class 0.21324346959590912 233 63 247 81
class 0.33031031489372253 1 78 15 93
class 0.19808021187782288 23 78 40 94
class 0.20472803711891174 36 78 54 95
class 0.41272568702697754 50 77 68 95
class 0.6499601006507874 62 77 79 96
class 0.4858996272087097 77 77 95 95
class 0.2298118621110916 88 76 107 96
class 0.3276999294757843 102 76 121 95
class 0.14033038914203644 114 76 133 94
class 0.11713270097970963 128 76 146 94
class 0.9117842316627502 144 76 161 95
class 0.7153775095939636 168 76 185 96
class 0.3907022774219513 181 76 199 95
class 0.26843440532684326 194 77 212 95
class 0.27709704637527466 208 78 226 94
class 0.2085498571395874 233 76 247 94
class 0.16302596032619476 1 91 15 106
class 0.11320284754037857 24 91 40 107
class 0.19580546021461487 36 90 54 108
class 0.21186727285385132 50 90 69 108
class 0.2777392268180847 90 88 108 108
class 0.20739474892616272 103 89 121 108
class 0.13972842693328857 115 90 133 108
class 0.5605512261390686 130 91 148 109
class 0.2690005302429199 142 88 159 108
class 0.12061912566423416 153 91 172 110
class 0.6550378799438477 168 88 186 108
class 0.4309270679950714 182 90 199 108
class 0.31643640995025635 194 91 212 108
class 0.27324870228767395 208 90 226 107
class 0.2859577536582947 233 89 247 107
class 0.353309690952301 2 106 16 121
class 0.11292032152414322 24 105 41 120
class 0.21933789551258087 36 103 54 121
class 0.28433871269226074 51 103 69 120
class 0.9897916913032532 71 98 89 119
class 0.1317991465330124 90 102 109 121
class 0.1024012416601181 103 103 121 121
class 0.40566712617874146 115 104 133 121
class 0.301926851272583 130 103 148 120
class 0.23398160934448242 168 104 186 121
class 0.2955099642276764 182 104 199 121
class 0.4591831862926483 195 104 212 121
class 0.1849471628665924 208 104 225 120
class 0.2267482727766037 233 102 247 121
class 0.31734010577201843 1 117 16 132
class 0.1517094522714615 24 118 40 133
class 0.1387234628200531 36 116 53 133
class 0.3514835834503174 76 118 94 135
class 0.17025084793567657 101 117 119 134
class 0.2767811119556427 116 116 134 133
class 0.30458223819732666 129 116 147 133
class 0.4979405105113983 141 117 159 134
class 0.6443067193031311 153 117 172 134
class 0.2949405014514923 167 116 186 134
class 0.1548052579164505 182 116 199 133
class 0.40234553813934326 195 116 212 133
class 0.21290481090545654 208 117 225 133
class 0.12452773749828339 220 116 237 132
class 0.305381178855896 232 116 247 134
class 0.10782215744256973 1 131 15 146
class 0.15633337199687958 23 130 40 146
class 0.12365061789751053 36 130 53 147
class 0.11707386374473572 49 130 68 148
class 0.1730557531118393 63 130 81 148
class 0.21629896759986877 75 129 93 147
class 0.18348659574985504 89 130 107 147
class 0.32920414209365845 102 131 119 148
class 0.2831503748893738 115 131 133 147
class 0.2610941529273987 128 130 146 147
class 0.25837793946266174 141 129 159 147
class 0.2227545827627182 154 130 172 147
class 0.1831902414560318 168 130 186 148
class 0.2068844586610794 181 131 199 148
class 0.3651999235153198 194 131 212 148
class 0.18024006485939026 207 131 225 147
class 0.2420901507139206 233 129 247 148
class 0.20289725065231323 1 145 15 160
class 0.20457415282726288 37 143 54 160
class 0.2532899081707001 50 143 68 161
class 0.2446543574333191 63 142 81 160
class 0.25334715843200684 75 143 93 161
class 0.20249155163764954 89 143 107 160
class 0.3887594938278198 102 143 120 160
class 0.3230365514755249 115 143 132 160
class 0.21677617728710175 129 143 146 160
class 0.2339230328798294 142 143 159 160
class 0.2441122829914093 155 143 173 160
class 0.23704461753368378 168 143 186 161
class 0.25673478841781616 181 143 199 160
class 0.2295721024274826 194 143 212 160
class 0.2034412920475006 208 143 226 159
class 0.13742223381996155 220 143 237 159
class 0.24120929837226868 233 141 247 159
class 0.45737841725349426 1 157 16 173
class 0.15748801827430725 22 158 39 174
class 0.19692985713481903 37 157 54 173
class 0.3121725618839264 51 156 68 173
class 0.3470058739185333 63 156 81 174
class 0.2530810832977295 76 156 93 174
class 0.18771541118621826 89 156 107 173
class 0.2440556287765503 102 155 119 172
class 0.3876231610774994 116 156 134 173
class 0.37666064500808716 129 156 147 173
class 0.363044798374176 142 155 160 173
class 0.5133973956108093 155 156 173 174
class 0.3045094311237335 168 155 186 173
class 0.2572561204433441 182 155 200 173
class 0.3407040536403656 194 157 212 174
class 0.2752823531627655 207 157 226 173
class 0.319583922624588 233 156 247 174
class 0.5390383005142212 1 170 16 186
class 0.24042795598506927 23 169 40 185
class 0.25585103034973145 36 169 54 186
class 0.2865835130214691 50 169 68 186
class 0.3169361352920532 63 169 81 186
class 0.3492526710033417 76 168 94 186
class 0.2412775754928589 89 168 107 186
class 0.2527313530445099 103 169 120 186
class 0.3239818215370178 115 169 133 186
class 0.20671597123146057 129 169 147 186
class 0.20614683628082275 142 170 160 186
class 0.3258749544620514 155 168 173 185
class 0.21663041412830353 169 169 186 186
class 0.1477365493774414 181 169 199 186
class 0.29275500774383545 195 169 213 186
class 0.16468173265457153 207 170 225 185
class 0.23214153945446014 233 168 247 186
class 0.3483720123767853 1 183 15 199
class 0.14726117253303528 25 183 40 199
class 0.2825620174407959 37 182 54 200
class 0.3412744104862213 50 182 68 199
class 0.2829987108707428 64 182 81 199
class 0.2946070432662964 76 182 94 200
class 0.2604869306087494 90 183 107 200
class 0.36777886748313904 103 183 120 200
class 0.45720118284225464 116 182 133 199
class 0.42429813742637634 129 183 147 200
class 0.4784386456012726 142 182 160 199
class 0.45179885625839233 155 182 172 199
class 0.4176328480243683 169 182 186 200
class 0.424049973487854 182 183 199 200
class 0.4842695891857147 195 183 212 200
class 0.3147621750831604 207 183 225 199
class 0.31740203499794006 233 182 247 200
class 0.5701788663864136 1 197 15 212
class 0.1301403045654297 12 198 27 212
class 0.3310714662075043 24 197 39 213
class 0.520592451095581 38 196 54 213
class 0.42550498247146606 50 196 67 213
class 0.4479202628135681 64 196 81 214
class 0.4355894923210144 78 195 95 213
class 0.48871946334838867 90 196 107 213
class 0.48905831575393677 103 195 120 213
class 0.3894645571708679 116 195 133 213
class 0.35601237416267395 129 195 146 213
class 0.42084625363349915 143 195 160 213
class 0.3985098898410797 155 196 172 213
class 0.4298897385597229 169 195 186 212
class 0.4235365390777588 182 195 198 213
class 0.44847291707992554 196 196 213 213
class 0.2999085485935211 207 196 224 213
class 0.31918004155158997 233 195 247 213
class 0.4533485770225525 1 209 15 225
class 0.13654394447803497 25 209 40 225
class 0.3251180648803711 37 209 53 226
class 0.452066034078598 51 209 68 226
class 0.399503618478775 64 208 80 226
class 0.22306297719478607 77 209 94 226
class 0.21390679478645325 90 208 107 226
class 0.2671131491661072 102 209 120 226
class 0.29784059524536133 117 208 134 225
class 0.3441612124443054 129 208 146 225
class 0.45545873045921326 143 208 160 226
class 0.37254008650779724 156 208 173 225
class 0.3086949586868286 168 208 184 225
class 0.19568169116973877 182 208 199 225
class 0.3274572789669037 195 208 212 226
class 0.3032051920890808 208 210 225 226
class 0.1292671412229538 219 210 234 226
class 0.18957290053367615 233 209 246 227
class 0.6141178607940674 1 224 16 239
class 0.1552845984697342 25 223 39 238
class 0.1440924108028412 38 222 53 238
class 0.2278997302055359 51 222 67 238
class 0.24803733825683594 64 222 81 238
class 0.17891553044319153 76 222 93 238
class 0.13296698033809662 89 223 106 239
class 0.2282092571258545 104 222 120 238
class 0.40123194456100464 117 223 133 239
class 0.19857224822044373 129 223 145 239
class 0.11989045888185501 142 222 158 238
class 0.1526343822479248 156 223 173 238
class 0.18213185667991638 180 223 197 239
class 0.2526262700557709 197 222 213 238
class 0.2427050620317459 208 223 224 238
class 0.27052417397499084 232 222 247 240
class 0.8389687538146973 0 232 16 249
class 0.11561588197946548 10 232 26 248
class 0.31885093450546265 24 232 41 249
class 0.4906274378299713 38 232 56 248
class 0.47739726305007935 49 231 67 248
class 0.41133883595466614 63 231 82 248
class 0.394983172416687 76 231 94 248
class 0.5156154632568359 89 231 107 248
class 0.2892058193683624 102 231 120 248
class 0.31901779770851135 116 231 134 248
class 0.5591420531272888 129 231 148 248
class 0.4704483151435852 140 231 159 248
class 0.5133624076843262 154 231 173 249
class 0.11051145941019058 168 233 186 249
class 0.3412662446498871 181 234 199 249
class 0.5217753052711487 195 232 213 248
class 0.4361138641834259 206 231 225 248
class 0.2775222957134247 219 233 238 249
class 0.8459962010383606 232 232 249 249
