class 0.8582958579063416 0 3 16 18
class 0.23246872425079346 9 4 26 18
class 0.3038666844367981 22 4 40 18
class 0.5159331560134888 36 3 54 18
class 0.43116295337677 49 3 67 18
class 0.7659754157066345 62 3 80 18
class 0.480707585811615 76 4 94 18
class 0.36082160472869873 88 4 107 17
class 0.8100525736808777 102 3 121 18
class 0.2992613911628723 114 3 134 17
class 0.6711263656616211 124 3 145 19
class 0.7849286198616028 140 2 160 17
class 0.7878915071487427 155 3 174 18
class 0.5230849981307983 166 4 186 18
class 0.6891539096832275 180 3 199 18
class 0.34432679414749146 194 4 213 17
class 0.4885389506816864 206 3 225 18
class 0.4063204228878021 221 4 237 18
class 0.7170396447181702 232 3 249 18
class 0.5843476057052612 1 9 15 25
class 0.16338412463665009 10 9 25 24
class 0.3918372094631195 22 10 38 24
class 0.5216702818870544 49 10 66 26
class 0.5481379628181458 76 9 93 25
class 0.6543340086936951 88 10 106 25
class 0.34373658895492554 142 11 159 26
class 0.5096749663352966 155 10 171 26
class 0.384134441614151 168 10 184 25
class 0.4252932071685791 181 9 198 26
class 0.37607890367507935 195 10 211 25
class 0.4835307002067566 206 9 223 26
class 0.179782897233963 233 8 247 26
class 0.2609407305717468 1 26 15 41
class 0.17266631126403809 36 26 53 41
class 0.20696349442005157 49 25 66 40
class 0.3278398811817169 62 26 79 41
class 0.3366802930831909 75 26 93 42
class 0.25947102904319763 88 25 106 41
class 0.2125062197446823 101 25 119 40
class 0.2398780882358551 114 26 132 41
class 0.438816100358963 128 27 146 42
class 0.4778538942337036 140 25 158 41
class 0.44961684942245483 154 25 171 41
class 0.3039659261703491 167 26 185 41
class 0.29729264974594116 180 25 198 41
class 0.3560503125190735 194 25 212 41
class 0.21439822018146515 206 25 224 40
class 0.15797892212867737 233 23 247 41
class 0.2516257166862488 1 39 15 54
class 0.18857234716415405 36 37 54 54
class 0.4098545014858246 49 39 67 55
class 0.41991549730300903 63 38 79 55
class 0.5356854796409607 76 38 93 54
class 0.5129430890083313 89 38 106 55
class 0.22997134923934937 101 38 119 55
class 0.22027342021465302 115 37 133 54
class 0.37900781631469727 128 37 146 54
class 0.36243051290512085 141 38 158 55
class 0.20924131572246552 154 38 171 54
class 0.3483958840370178 167 38 185 54
class 0.2527768313884735 181 38 198 54
class 0.2826668620109558 194 37 212 54
class 0.23626823723316193 207 39 225 54
class 0.16185550391674042 220 39 235 54
class 0.3940611779689789 233 36 247 55
class 0.41398757696151733 1 52 15 67
class 0.14092308282852173 36 51 53 68
class 0.31364139914512634 49 50 66 68
class 0.36086371541023254 64 50 80 67
class 0.520560085773468 76 50 93 68
class 0.4615628719329834 89 51 106 68
class 0.3639757037162781 102 51 119 68
class 0.22368808090686798 114 52 132 69
class 0.1937894970178604 128 52 146 69
class 0.2890445291996002 142 52 159 68
class 0.25556260347366333 154 51 172 68
class 0.38342535495758057 168 51 185 68
class 0.3363024890422821 181 51 198 68
class 0.3197508156299591 195 52 212 68
class 0.44800442457199097 207 51 225 67
class 0.10316801071166992 219 51 235 67
class 0.16522295773029327 233 49 247 68
class 0.3312872350215912 1 65 15 80
class 0.15330109000205994 24 65 40 81
class 0.17803232371807098 36 64 53 81
class 0.308148592710495 50 64 67 81
class 0.39339572191238403 63 64 80 82
class 0.45008814334869385 76 64 94 81
class 0.40308651328086853 89 63 107 81
class 0.45842671394348145 102 63 120 81
class 0.4299747347831726 116 64 133 81
class 0.44063296914100647 128 64 146 81
class 0.39162352681159973 142 64 159 81
class 0.434083491563797 155 64 173 82
class 0.21081161499023438 168 63 185 81
class 0.3740878999233246 182 63 199 81
class 0.44801732897758484 196 64 212 81
class 0.22476805746555328 207 65 224 80
class 0.13075481355190277 220 65 236 80
class 0.41289767622947693 233 64 247 82
class 0.33742406964302063 2 78 16 93
class 0.11432100832462311 23 77 40 93
class 0.16515859961509705 36 77 54 94
class 0.24985362589359283 50 77 67 95
class 0.5903807878494263 63 76 81 94
class 0.359721839427948 76 77 94 95
class 0.3063112497329712 89 78 107 95
class 0.29279887676239014 102 76 120 95
class 0.28457528352737427 116 77 133 95
class 0.34725886583328247 128 77 146 96
class 0.2836418151855469 142 76 160 95
class 0.30971166491508484 155 76 173 95
class 0.26416870951652527 168 77 186 96
class 0.1975737363100052 181 77 199 95
class 0.3076174557209015 196 76 213 94
class 0.19266070425510406 206 77 224 93
class 0.2589060068130493 233 75 247 94
class 0.25436583161354065 1 91 16 106
class 0.11993332952260971 23 91 41 107
class 0.15731973946094513 36 90 54 107
class 0.21933409571647644 50 90 67 108
class 0.3648461401462555 64 91 81 108
class 0.4380965530872345 77 91 94 108
class 0.49392813444137573 89 90 108 108
class 0.16127148270606995 102 89 121 108
class 0.4559778869152069 115 89 134 109
class 0.32793399691581726 129 89 148 109
class 0.2511543035507202 141 88 161 109
class 0.3157159090042114 155 89 174 109
class 0.5434960126876831 169 89 187 109
class 0.24322892725467682 181 90 199 109
class 0.11201251298189163 194 90 212 109
class 0.12154363840818405 208 91 225 107
class 0.14383743703365326 220 92 236 107
class 0.41912391781806946 233 90 247 108
class 0.3456859290599823 1 105 15 120
class 0.1260666847229004 36 103 54 120
class 0.34533995389938354 51 103 68 120
class 0.564098596572876 64 102 81 120
class 0.452483206987381 77 102 94 120
class 0.2810097634792328 89 102 107 121
class 0.24331939220428467 103 102 123 121
class 0.22551780939102173 142 100 162 121
class 0.27126166224479675 156 101 176 121
class 0.21258366107940674 196 102 213 121
class 0.20002853870391846 208 104 226 120
class 0.13030873239040375 219 105 236 120
class 0.2518417537212372 232 103 247 122
class 0.2724643647670746 1 117 15 133
class 0.1399952918291092 36 117 54 134
class 0.2752454876899719 50 116 68 134
class 0.3711756467819214 63 116 81 134
class 0.31281206011772156 76 116 94 134
class 0.3246980905532837 89 116 107 135
class 0.6355733871459961 103 116 122 136
class 0.9967892169952393 123 110 143 133
class 0.3211309015750885 142 114 163 134
class 0.11093048751354218 156 115 175 134
class 0.9931581616401672 178 112 196 133
class 0.1912303864955902 196 116 215 134
class 0.10917721688747406 208 117 225 133
class 0.1932964026927948 220 118 236 133
class 0.459400475025177 232 115 247 134
class 0.28913411498069763 2 132 16 147
class 0.16550475358963013 36 129 54 147
class 0.31217464804649353 50 129 68 147
class 0.416745662689209 63 129 81 147
class 0.30185186862945557 76 128 94 147
class 0.44908326864242554 87 128 107 148
class 0.1500207930803299 126 131 147 149
class 0.18675720691680908 165 130 187 148
class 0.16766811907291412 179 132 199 149
class 0.22096003592014313 207 131 225 147
class 0.2357368767261505 233 129 247 147
class 0.3820455074310303 2 143 16 159
class 0.1770601123571396 23 143 40 160
class 0.1777547001838684 36 143 54 160
class 0.335845023393631 50 143 68 160
class 0.5226203799247742 63 143 82 161
class 0.18386529386043549 76 143 94 160
class 0.2072870135307312 86 142 105 160
class 0.9848361015319824 105 142 123 161
class 0.31898748874664307 127 143 147 160
class 0.3710954785346985 141 143 160 160
class 0.174635648727417 154 143 172 160
class 0.2502923905849457 167 143 187 160
class 0.2203914374113083 180 142 200 160
class 0.3552294373512268 194 144 213 161
class 0.31596240401268005 207 144 225 160
class 0.14321142435073853 219 144 237 160
class 0.31777137517929077 233 142 247 160
class 0.3120550811290741 1 157 16 172
class 0.12749335169792175 36 157 54 174
class 0.33990564942359924 50 156 67 173
class 0.43988314270973206 63 156 81 173
class 0.12868709862232208 75 155 94 173
class 0.13069136440753937 89 156 108 173
class 0.5045795440673828 102 157 119 173
class 0.1873299926519394 115 159 134 175
class 0.31731897592544556 127 156 146 173
class 0.21484412252902985 142 156 160 173
class 0.2717519998550415 154 157 173 174
class 0.2535984218120575 167 156 186 173
class 0.3559347689151764 181 157 199 173
class 0.5065499544143677 195 157 213 173
class 0.2547272741794586 207 157 225 172
class 0.1659429520368576 233 156 248 174
class 0.3333982527256012 1 170 16 185
class 0.2197093665599823 24 169 41 185
class 0.24401749670505524 36 169 54 185
class 0.319466233253479 50 169 68 185
class 0.5203774571418762 63 169 81 186
class 0.3379577696323395 75 170 94 186
class 0.1675841361284256 89 169 108 186
class 0.2969342768192291 102 168 121 185
class 0.24136857688426971 114 168 133 185
class 0.13907983899116516 128 169 146 186
class 0.24955163896083832 142 170 160 186
class 0.29936039447784424 154 169 173 186
class 0.4081748425960541 168 170 186 187
class 0.4579758644104004 181 170 199 186
class 0.4363649785518646 194 170 213 186
class 0.18855690956115723 207 170 225 185
class 0.13216125965118408 220 170 237 185
class 0.42572084069252014 232 168 247 187
class 0.34126320481300354 1 183 15 199
class 0.19610732793807983 25 184 41 199
class 0.19511669874191284 37 182 54 199
class 0.3125942051410675 50 182 67 200
class 0.4148466885089874 64 182 81 200
class 0.4045080244541168 76 182 94 199
class 0.274383544921875 89 183 108 199
class 0.17329537868499756 102 183 121 200
class 0.2381715476512909 116 184 134 201
class 0.17517708241939545 128 184 147 201
class 0.3015299439430237 141 182 159 201
class 0.31231385469436646 155 182 173 200
class 0.4534858763217926 168 182 186 200
class 0.4244663715362549 182 182 199 199
class 0.515373945236206 195 183 213 200
class 0.3081340193748474 207 184 225 199
class 0.16692739725112915 220 183 236 199
class 0.42262616753578186 233 182 247 200
class 0.6085810661315918 1 197 16 213
class 0.16707515716552734 11 196 26 211
class 0.32716473937034607 25 196 40 212
class 0.3529545068740845 37 196 54 213
class 0.5000014901161194 50 195 67 213
class 0.5583740472793579 63 196 81 213
class 0.5007694363594055 76 196 94 214
class 0.5126724243164062 90 195 108 214
class 0.30580613017082214 103 196 122 213
class 0.18392401933670044 114 192 132 211
class 0.345205157995224 143 193 161 214
class 0.23331089317798615 155 195 174 213
class 0.4656919538974762 169 196 186 214
class 0.5051441192626953 182 196 199 213
class 0.5110748410224915 195 195 213 213
class 0.47359374165534973 207 196 225 213
class 0.17310920357704163 221 197 236 212
class 0.43599987030029297 232 196 247 214
class 0.3229455351829529 1 210 16 226
class 0.2251081019639969 24 210 39 225
class 0.3147912621498108 37 210 53 227
class 0.4216896593570709 50 210 67 227
class 0.41252514719963074 63 209 80 226
class 0.360411137342453 76 209 94 227
class 0.3237800598144531 89 209 107 228
class 0.13806642591953278 104 209 122 225
class 0.9951547384262085 126 204 144 226
class 0.2727885842323303 144 206 163 226
class 0.21825364232063293 169 209 187 225
class 0.3844168186187744 181 209 198 226
class 0.42714524269104004 194 210 212 227
class 0.4036423861980438 208 210 225 227
class 0.19569166004657745 220 211 235 225
class 0.3791857361793518 232 208 247 226
class 0.8839958906173706 1 222 17 239
class 0.10697419196367264 11 221 26 237
class 0.21657568216323853 24 222 39 237
class 0.1993250846862793 38 221 54 237
class 0.29334285855293274 50 222 67 238
class 0.1626155823469162 63 222 80 238
class 0.2132720798254013 78 222 95 238
class 0.3486435115337372 90 222 107 238
class 0.1483590453863144 169 223 185 238
class 0.18246133625507355 182 221 199 237
class 0.36053523421287537 195 222 212 238
class 0.2363651990890503 208 222 224 238
class 0.37003475427627563 232 223 247 240
class 0.755556583404541 0 233 17 249
class 0.18001669645309448 11 232 28 249
class 0.4907764196395874 23 232 40 249
class 0.42228248715400696 37 232 55 249
class 0.6206680536270142 50 231 68 248
class 0.5735467076301575 63 232 81 249
class 0.4055238962173462 76 231 94 249
class 0.24747994542121887 90 231 108 248
class 0.14566592872142792 101 231 120 248
class 0.22168558835983276 127 231 149 248
class 0.1340940296649933 141 232 161 248
class 0.22059884667396545 155 232 174 248
class 0.45185258984565735 168 231 187 249
class 0.32207098603248596 181 232 199 248
class 0.49396607279777527 194 231 212 248
class 0.3205587863922119 207 231 225 249
class 0.1745585799217224 220 232 237 249
class 0.8433452248573303 232 232 249 249
