class 0.8408750891685486 0 2 17 18
class 0.3336586356163025 8 4 26 18
class 0.5211573243141174 23 4 42 18
class 0.4412940740585327 34 3 54 18
class 0.6595453023910522 48 3 68 18
class 0.5871553421020508 61 3 82 18
class 0.6263589859008789 74 3 95 18
class 0.5398156642913818 87 3 108 18
class 0.5086914896965027 101 3 121 18
class 0.4776148498058319 114 4 133 18
class 0.6739909648895264 127 3 146 18
class 0.39262890815734863 141 4 160 17
class 0.5341309309005737 153 3 172 18
class 0.4077511429786682 168 4 186 17
class 0.5637520551681519 180 3 199 18
class 0.8252891302108765 194 3 213 18
class 0.9800521731376648 217 2 236 20
class 0.5833159685134888 234 2 249 17
class 0.6522315740585327 1 9 16 26
class 0.16417796909809113 9 10 25 25
class 0.5139483213424683 23 10 40 25
class 0.4639928340911865 34 9 53 26
class 0.4902036190032959 48 8 67 27
class 0.7204110622406006 87 9 106 27
class 0.6314846277236938 102 9 120 26
class 0.5430346727371216 114 9 132 26
class 0.5859973430633545 128 9 145 25
class 0.46782657504081726 141 10 158 26
class 0.556643009185791 155 9 172 26
class 0.673576295375824 168 10 185 26
class 0.6138992309570312 180 9 198 26
class 0.14392678439617157 1 26 15 41
class 0.18863415718078613 22 27 39 41
class 0.15903250873088837 35 26 53 41
class 0.128108948469162 49 24 68 40
class 0.9929402470588684 66 26 84 44
class 0.45335522294044495 87 24 106 42
class 0.27876922488212585 101 25 119 41
class 0.29727667570114136 114 25 132 42
class 0.33873528242111206 128 25 146 41
class 0.29478463530540466 141 25 159 41
class 0.33479833602905273 154 25 172 41
class 0.38571280241012573 167 24 185 42
class 0.166621595621109 180 24 199 41
class 0.2058912068605423 207 24 226 41
class 0.2610188126564026 220 25 237 41
class 0.39327993988990784 232 23 247 41
class 0.18293938040733337 1 39 15 54
class 0.10744579881429672 22 38 39 53
class 0.24063269793987274 36 38 54 54
class 0.6102414131164551 88 38 106 56
class 0.47442349791526794 102 39 119 56
class 0.47857677936553955 115 38 132 55
class 0.44790637493133545 129 38 146 54
class 0.5121806859970093 142 38 159 55
class 0.48243167996406555 155 36 173 54
class 0.31017211079597473 195 36 213 55
class 0.1362888514995575 220 37 236 52
class 0.34815335273742676 233 36 247 54
class 0.4613523781299591 1 52 16 67
class 0.18360435962677002 51 50 68 68
class 0.4791058897972107 61 50 80 68
class 0.6119321584701538 74 50 93 67
class 0.3753366768360138 89 51 106 68
class 0.4830614924430847 103 51 120 68
class 0.6978337168693542 115 52 132 69
class 0.6126977801322937 128 52 145 69
class 0.567794144153595 142 51 159 68
class 0.41386833786964417 156 50 174 67
class 0.11981482803821564 169 51 187 67
class 0.9893624186515808 177 45 195 65
class 0.35750812292099 196 51 214 69
class 0.13072317838668823 207 52 225 68
class 0.2231229990720749 233 50 247 68
class 0.15941233932971954 1 64 15 79
class 0.11856475472450256 24 64 40 80
class 0.133339986205101 36 64 54 82
class 0.21842682361602783 50 64 68 81
class 0.3037402629852295 62 64 79 81
class 0.24716602265834808 76 64 94 81
class 0.48300427198410034 89 64 107 81
class 0.2958267331123352 102 64 119 81
class 0.4524920582771301 116 63 133 80
class 0.4743579030036926 129 64 146 81
class 0.42520636320114136 141 64 159 81
class 0.11504651606082916 155 62 174 80
class 0.16619937121868134 165 63 186 81
class 0.32852500677108765 180 65 200 83
class 0.16472040116786957 194 63 213 81
class 0.2975201904773712 206 64 225 81
class 0.14405088126659393 219 65 237 80
class 0.28832921385765076 233 63 247 82
class 0.2120523452758789 1 79 16 94
class 0.2300756722688675 36 78 54 95
class 0.2724807858467102 49 77 67 94
class 0.3767496943473816 63 77 81 94
class 0.3195316195487976 75 78 93 95
class 0.3117968738079071 90 77 107 94
class 0.4592050313949585 102 78 120 95
class 0.5258209705352783 116 78 133 94
class 0.649837076663971 129 77 146 94
class 0.5670530796051025 142 77 159 94
class 0.16929304599761963 155 78 173 95
class 0.2020021677017212 168 77 187 95
class 0.25245943665504456 180 77 199 95
class 0.31567415595054626 194 77 213 95
class 0.1988697201013565 207 78 226 94
class 0.2622838020324707 233 75 247 94
class 0.1759883165359497 2 92 16 107
class 0.15952783823013306 22 91 40 107
class 0.22676731646060944 35 90 54 107
class 0.2939210832118988 49 90 68 107
class 0.30364730954170227 63 89 81 107
class 0.5053725242614746 76 90 94 107
class 0.41072019934654236 90 91 107 108
class 0.4658982753753662 103 90 121 107
class 0.5181699395179749 115 90 132 108
class 0.44936615228652954 129 90 146 107
class 0.5060902237892151 143 90 160 107
class 0.5346236228942871 154 90 173 108
class 0.3823906183242798 168 91 186 109
class 0.3728000223636627 180 91 199 108
class 0.282009482383728 194 91 213 108
class 0.16624411940574646 207 91 226 107
class 0.1713673621416092 233 90 247 108
class 0.20252537727355957 1 104 16 119
class 0.1009993776679039 23 105 41 121
class 0.17576704919338226 36 104 54 121
class 0.30632930994033813 49 103 67 121
class 0.2616930305957794 63 104 81 121
class 0.3241693079471588 76 103 93 120
class 0.3420493006706238 89 103 107 120
class 0.3677671253681183 103 103 120 120
class 0.33916133642196655 115 103 133 120
class 0.34392014145851135 129 103 146 120
class 0.37663084268569946 142 103 160 121
class 0.33800429105758667 155 103 173 120
class 0.3685777187347412 168 102 186 120
class 0.3928767144680023 182 103 200 120
class 0.4789195954799652 195 103 213 121
class 0.1996327042579651 207 104 226 120
class 0.1431417465209961 220 105 237 120
class 0.3617405295372009 233 103 247 121
class 0.29441994428634644 1 118 16 133
class 0.12545213103294373 23 117 41 133
class 0.18253308534622192 36 117 54 134
class 0.3710017800331116 50 116 68 134
class 0.33815208077430725 63 117 81 134
class 0.395272821187973 76 117 94 134
class 0.37846454977989197 89 117 106 134
class 0.2929929792881012 102 116 120 133
class 0.44160404801368713 116 117 133 134
class 0.36689892411231995 129 117 146 134
class 0.5039382576942444 143 117 160 134
class 0.4294655919075012 155 117 173 134
class 0.47473397850990295 168 117 186 135
class 0.35618698596954346 181 117 199 134
class 0.3866650462150574 195 117 214 134
class 0.15427713096141815 207 116 226 133
class 0.10394154489040375 220 117 237 133
class 0.2164311558008194 233 115 247 133
class 0.33110204339027405 1 131 16 146
class 0.12044408172369003 23 131 40 147
class 0.1350651979446411 36 130 54 147
class 0.34085944294929504 51 129 69 147
class 0.38552194833755493 63 129 81 147
class 0.2637067437171936 75 128 94 147
class 0.27569976449012756 89 128 107 147
class 0.3113216459751129 103 130 120 147
class 0.42889654636383057 116 130 133 147
class 0.39100414514541626 129 130 147 147
class 0.38816526532173157 142 129 159 147
class 0.3122037351131439 155 129 173 147
class 0.3458046615123749 168 129 187 146
class 0.42454251646995544 182 129 200 147
class 0.4387863576412201 194 130 212 147
class 0.21212998032569885 207 130 226 146
class 0.2598426043987274 233 128 247 147
class 0.25460854172706604 1 144 15 160
class 0.10307879745960236 23 143 40 159
class 0.18672491610050201 35 143 54 161
class 0.16894035041332245 50 142 68 160
class 0.20965905487537384 63 142 81 161
class 0.21448422968387604 77 142 94 161
class 0.22518719732761383 89 142 108 161
class 0.23446503281593323 102 142 121 160
class 0.26510727405548096 116 142 134 160
class 0.29193881154060364 129 142 146 160
class 0.35147416591644287 142 143 160 161
class 0.3194916546344757 155 143 172 161
class 0.295890212059021 168 143 186 160
class 0.258693128824234 182 142 200 160
class 0.3929944634437561 194 143 212 161
class 0.1973615288734436 207 144 226 160
class 0.24252283573150635 233 141 247 160
class 0.3496077358722687 1 157 16 173
class 0.1319158524274826 50 156 69 174
class 0.41739001870155334 64 155 81 174
class 0.4875658452510834 76 156 94 175
class 0.30462849140167236 89 154 108 174
class 0.1976480334997177 102 155 121 174
class 0.18037275969982147 116 156 135 174
class 0.35403943061828613 128 155 146 174
class 0.22230087220668793 141 156 161 174
class 0.3826507329940796 155 156 173 175
class 0.32892292737960815 168 155 187 174
class 0.2750139832496643 181 156 200 173
class 0.44881919026374817 195 155 213 173
class 0.3961685299873352 207 156 226 172
class 0.2577937841415405 233 155 247 173
class 0.2279505878686905 1 170 15 185
class 0.12065066397190094 23 170 41 186
class 0.13607938587665558 37 170 56 187
class 0.24190980195999146 50 169 69 186
class 0.22561295330524445 61 167 80 185
class 0.1905314028263092 91 167 110 187
class 0.2915128171443939 102 168 121 187
class 0.343477338552475 116 169 135 187
class 0.1915784776210785 128 168 147 186
class 0.2021363079547882 157 167 175 186
class 0.3922479748725891 168 168 187 187
class 0.21336479485034943 181 169 200 187
class 0.29506903886795044 194 170 213 187
class 0.3582824468612671 208 170 227 186
class 0.46236395835876465 232 168 247 186
class 0.23043741285800934 2 184 16 199
class 0.3308459520339966 25 183 41 200
class 0.36635977029800415 37 182 55 199
class 0.21742655336856842 51 182 70 198
class 0.2253750115633011 63 182 79 199
class 0.982049286365509 76 180 94 201
class 0.3443049192428589 92 181 110 199
class 0.3750080168247223 103 182 121 200
class 0.20737285912036896 115 182 133 199
class 0.12993961572647095 129 181 146 199
class 0.9980738162994385 146 182 164 202
class 0.5893808007240295 167 182 186 201
class 0.44432854652404785 182 182 200 200
class 0.5256412625312805 195 183 213 200
class 0.3311412036418915 207 183 225 199
class 0.2797282636165619 233 182 247 200
class 0.28514954447746277 2 196 16 212
class 0.32255491614341736 24 196 40 212
class 0.3568313717842102 37 196 54 213
class 0.2039947658777237 51 195 69 212
class 0.3812897801399231 63 195 81 213
class 0.5000401735305786 76 196 93 213
class 0.51951003074646 90 197 108 214
class 0.6416454315185547 102 195 121 214
class 0.39068928360939026 115 196 133 213
class 0.5147020816802979 167 195 185 213
class 0.5373124480247498 181 196 199 214
class 0.612996518611908 195 196 213 213
class 0.49251261353492737 207 196 225 212
class 0.17673304677009583 220 196 236 212
class 0.34655511379241943 233 195 247 213
class 0.26551151275634766 1 210 15 226
class 0.27838823199272156 25 209 40 225
class 0.31965377926826477 37 209 54 226
class 0.22109673917293549 50 210 68 226
class 0.3047389090061188 63 208 81 226
class 0.5104531049728394 76 208 94 225
class 0.4791867136955261 89 207 107 225
class 0.31174883246421814 103 208 121 226
class 0.2776195704936981 116 208 133 225
class 0.1386629045009613 129 208 147 225
class 0.37352508306503296 140 209 159 226
class 0.39858725666999817 155 209 173 226
class 0.2779707908630371 168 209 186 226
class 0.296472430229187 181 209 199 226
class 0.4466252028942108 194 209 212 226
class 0.216189906001091 207 209 224 225
class 0.24214327335357666 233 209 247 226
class 0.7463427186012268 1 223 17 239
class 0.14510805904865265 25 223 40 238
class 0.16364099085330963 37 223 54 239
class 0.15989457070827484 51 223 68 239
class 0.2501928210258484 64 222 80 238
class 0.22354267537593842 76 222 93 239
class 0.16166114807128906 90 224 106 239
class 0.16258679330348969 103 223 119 239
class 0.15930742025375366 143 222 159 238
class 0.1148676648736 156 222 172 238
class 0.12124048918485641 168 222 185 238
class 0.20533287525177002 183 223 199 238
class 0.5161676406860352 195 224 212 240
class 0.37742939591407776 207 224 224 239
class 0.4913228154182434 232 223 247 240
class 0.7773451805114746 0 232 17 249
class 0.1822906881570816 10 231 27 248
class 0.41393521428108215 24 231 41 248
class 0.5572571158409119 37 231 55 248
class 0.5465699434280396 49 231 67 249
class 0.5357735753059387 63 231 82 248
class 0.45243558287620544 75 231 94 248
class 0.5955995321273804 89 231 108 248
class 0.5446321964263916 102 231 120 248
class 0.5155606269836426 116 231 133 248
class 0.5727894902229309 128 231 146 248
class 0.5320238471031189 142 231 160 248
class 0.41330263018608093 155 232 174 248
class 0.5524851679801941 167 232 186 249
class 0.4455825090408325 181 231 200 248
class 0.5353043079376221 195 230 213 248
class 0.4175947606563568 206 230 225 248
class 0.14749538898468018 220 232 238 248
class 0.8647248148918152 232 231 249 249
