class 0.7920547723770142 0 3 17 18
class 0.3707873523235321 9 4 26 18
class 0.45766595005989075 22 4 41 18
class 0.6242638230323792 34 3 54 19
class 0.4669760763645172 48 3 67 18
class 0.43909546732902527 61 4 81 18
class 0.4195708632469177 75 4 94 18
class 0.4643183946609497 88 4 107 18
class 0.4291890263557434 101 4 120 18
class 0.34887468814849854 114 4 133 17
class 0.4076169729232788 127 4 147 18
class 0.4243345260620117 140 4 160 17
class 0.6315886974334717 154 4 173 18
class 0.387714684009552 167 4 185 17
class 0.4611784517765045 180 3 199 18
class 0.6332147717475891 194 3 213 18
class 0.583470344543457 207 4 225 18
class 0.2694225013256073 221 4 237 18
class 0.8932877779006958 231 2 249 18
class 0.4020272195339203 1 10 15 25
class 0.17382997274398804 10 10 25 24
class 0.33704403042793274 23 11 39 25
class 0.5376821756362915 48 9 65 26
class 0.5063358545303345 63 9 80 25
class 0.7188464403152466 75 9 93 26
class 0.55221027135849 88 10 106 26
class 0.42917904257774353 101 9 118 26
class 0.4715152382850647 115 10 132 26
class 0.47320055961608887 128 9 145 25
class 0.45766496658325195 141 10 158 25
class 0.5345850586891174 167 10 184 26
class 0.643882691860199 180 10 198 26
class 0.5182372331619263 195 9 211 26
class 0.42085227370262146 207 9 224 25
class 0.17597711086273193 233 7 246 26
class 0.38811126351356506 1 26 15 41
class 0.13571320474147797 22 26 39 40
class 0.24493607878684998 35 26 52 42
class 0.21684691309928894 49 26 66 41
class 0.21462294459342957 62 27 79 42
class 0.22597452998161316 75 25 92 41
class 0.19416843354701996 89 25 106 40
class 0.27999716997146606 101 26 119 42
class 0.2570410966873169 114 26 131 41
class 0.14956341683864594 128 26 145 41
class 0.18886598944664001 141 26 158 41
class 0.10545939952135086 154 26 171 41
class 0.1447935551404953 167 25 184 41
class 0.13552747666835785 194 25 212 41
class 0.14541563391685486 207 25 225 40
class 0.4522281587123871 233 23 247 41
class 0.36960896849632263 1 38 15 53
class 0.13326309621334076 36 37 53 54
class 0.345004677772522 50 37 67 54
class 0.450576514005661 63 37 79 54
class 0.4625418186187744 76 38 93 55
class 0.4069686830043793 89 39 106 56
class 0.31081709265708923 101 37 119 55
class 0.26709648966789246 115 37 132 54
class 0.3078795373439789 128 38 145 55
class 0.28407418727874756 141 38 158 55
class 0.3267536759376526 154 38 172 55
class 0.31098610162734985 168 39 185 56
class 0.3072986304759979 181 39 199 55
class 0.38879749178886414 194 39 212 55
class 0.23829543590545654 207 39 224 54
class 0.16085392236709595 233 36 246 54
class 0.24993686378002167 1 53 15 68
class 0.17675548791885376 23 52 39 67
class 0.27517303824424744 37 52 54 68
class 0.44800087809562683 49 51 66 68
class 0.4333243668079376 64 51 79 68
class 0.36776334047317505 77 51 93 68
class 0.37726762890815735 90 50 106 67
class 0.2926981747150421 103 50 119 67
class 0.29629167914390564 116 51 133 68
class 0.26735377311706543 129 50 145 68
class 0.3645404875278473 142 51 158 68
class 0.20170004665851593 155 50 171 68
class 0.24746617674827576 169 49 185 67
class 0.25413256883621216 182 50 198 67
class 0.36099743843078613 195 51 212 68
class 0.184827521443367 207 51 224 67
class 0.19181178510189056 233 50 247 68
class 0.5269057750701904 1 65 16 80
class 0.13749973475933075 23 65 39 80
class 0.19354994595050812 37 64 53 80
class 0.36030539870262146 50 64 67 80
class 0.4993114471435547 64 64 80 81
class 0.5708532333374023 77 64 94 81
class 0.4812014102935791 89 64 106 82
class 0.3461495041847229 102 63 119 81
class 0.4106948971748352 116 63 133 81
class 0.48234522342681885 130 63 146 81
class 0.394600510597229 142 63 159 81
class 0.22960545122623444 155 63 172 81
class 0.2271319180727005 169 64 186 82
class 0.22840626537799835 181 64 199 81
class 0.39172840118408203 195 64 212 81
class 0.21882376074790955 207 65 225 80
class 0.23935244977474213 233 63 247 82
class 0.4704626798629761 1 78 16 93
class 0.133106991648674 24 78 40 93
class 0.27739521861076355 37 77 54 94
class 0.3879327178001404 50 77 67 94
class 0.371113121509552 64 76 80 93
class 0.33361929655075073 77 76 94 93
class 0.4440440237522125 90 77 107 94
class 0.39605388045310974 103 77 120 94
class 0.49669238924980164 116 77 133 95
class 0.2312023937702179 129 75 146 94
class 0.1847139298915863 143 75 160 93
class 0.36621981859207153 155 75 172 95
class 0.35917702317237854 169 76 187 95
class 0.1788937896490097 181 77 199 95
class 0.28107950091362 195 77 213 95
class 0.17254184186458588 207 77 225 93
class 0.10861567407846451 220 78 236 94
class 0.4359225630760193 232 75 247 94
class 0.2728925049304962 1 92 15 107
class 0.12438861280679703 24 92 40 107
class 0.23720993101596832 36 91 54 108
class 0.30343034863471985 50 91 68 107
class 0.3530547320842743 64 90 81 107
class 0.41368260979652405 76 92 94 108
class 0.5077050924301147 90 90 106 107
class 0.5711958408355713 103 90 119 107
class 0.5205593109130859 117 90 134 108
class 0.10939660668373108 131 90 147 106
class 0.9250454306602478 138 91 156 109
class 0.2618851065635681 157 89 174 107
class 0.2789556384086609 169 90 186 108
class 0.3435549736022949 182 91 199 108
class 0.41046369075775146 195 91 213 108
class 0.21291738748550415 207 91 225 107
class 0.16834206879138947 234 89 247 107
class 0.6284525394439697 1 104 16 120
class 0.16232016682624817 24 105 40 120
class 0.33739736676216125 37 103 54 120
class 0.491704523563385 50 103 67 120
class 0.46578243374824524 64 103 81 120
class 0.5903502702713013 77 102 94 120
class 0.34727799892425537 90 103 107 120
class 0.5013278126716614 102 103 119 120
class 0.3742508292198181 116 102 133 119
class 0.1369573473930359 128 105 147 122
class 0.27678290009498596 141 104 158 121
class 0.19370383024215698 155 104 173 121
class 0.36101844906806946 168 104 185 121
class 0.38839513063430786 181 104 199 121
class 0.21953289210796356 195 104 213 121
class 0.14350540935993195 207 104 225 120
class 0.10078876465559006 219 104 236 120
class 0.27303647994995117 234 103 248 121
class 0.3088744580745697 1 117 15 133
class 0.10517880320549011 23 117 40 133
class 0.2206512987613678 36 117 53 134
class 0.4856010675430298 51 117 68 134
class 0.4063672721385956 64 117 81 134
class 0.5929535627365112 77 117 94 135
class 0.5181816220283508 90 118 107 135
class 0.40191760659217834 102 117 119 135
class 0.29112672805786133 115 118 133 135
class 0.4892939031124115 129 117 147 134
class 0.7326927781105042 141 116 158 133
class 0.5237717032432556 154 117 173 133
class 0.32637178897857666 167 117 186 134
class 0.323395699262619 181 117 199 134
class 0.5257179141044617 195 117 214 134
class 0.1742967665195465 206 117 225 134
class 0.21242518723011017 233 115 247 134
class 0.35143613815307617 1 131 16 147
class 0.12916821241378784 23 131 40 147
class 0.2742815315723419 36 130 54 147
class 0.4495810270309448 51 130 68 146
class 0.6714878678321838 63 130 80 147
class 0.556977391242981 77 129 93 146
class 0.5470684766769409 90 129 107 146
class 0.6081101298332214 103 129 120 147
class 0.4985390901565552 115 130 133 147
class 0.4413684010505676 128 130 146 147
class 0.42649734020233154 142 131 159 147
class 0.34607571363449097 154 130 173 147
class 0.35885611176490784 167 130 186 147
class 0.3521379232406616 181 130 199 147
class 0.3391287326812744 194 129 213 147
class 0.16585616767406464 207 130 226 147
class 0.24075843393802643 233 128 247 147
class 0.297053724527359 1 144 16 160
class 0.29483407735824585 23 144 39 160
class 0.3754672110080719 37 143 55 160
class 0.33274996280670166 50 142 68 159
class 0.4553813338279724 63 141 80 159
class 0.6298161745071411 77 143 93 160
class 0.5084152817726135 90 143 106 160
class 0.530673086643219 103 143 120 160
class 0.41208428144454956 116 143 133 160
class 0.3763522505760193 129 143 146 160
class 0.4471154808998108 142 143 160 160
class 0.40929070115089417 155 144 173 160
class 0.44231194257736206 168 143 186 161
class 0.28843414783477783 181 143 200 160
class 0.2737988829612732 194 144 213 161
class 0.18729402124881744 207 143 226 160
class 0.1402299404144287 234 142 247 160
class 0.3214443325996399 2 157 16 172
class 0.21911752223968506 22 157 39 172
class 0.21988041698932648 36 156 55 173
class 0.1126723513007164 50 156 68 173
class 0.16185583174228668 65 157 81 172
class 0.5704579949378967 77 156 94 173
class 0.657223641872406 91 156 107 173
class 0.7283341288566589 103 157 119 174
class 0.5321018099784851 116 156 133 174
class 0.34451550245285034 129 157 147 174
class 0.4446743130683899 141 156 159 174
class 0.45648813247680664 155 156 174 173
class 0.3996122181415558 168 156 187 173
class 0.32627832889556885 181 156 200 173
class 0.3366433382034302 195 156 214 173
class 0.3267369568347931 207 157 226 173
class 0.11394118517637253 219 158 235 173
class 0.19387471675872803 1 171 15 186
class 0.22027568519115448 24 170 40 185
class 0.2316637635231018 36 169 54 185
class 0.4694889783859253 50 172 67 188
class 0.41315412521362305 64 171 80 186
class 0.5520369410514832 76 169 92 186
class 0.39022600650787354 91 169 108 185
class 0.15304481983184814 103 168 119 185
class 0.2496064156293869 118 169 135 186
class 0.6989341378211975 129 169 145 187
class 0.49327903985977173 142 169 160 187
class 0.36968663334846497 155 170 173 187
class 0.3024827837944031 168 169 187 186
class 0.2907252311706543 181 169 200 186
class 0.26180869340896606 194 169 213 187
class 0.235000342130661 207 170 226 186
class 0.41114288568496704 1 184 15 199
class 0.30310145020484924 24 183 40 198
class 0.34112364053726196 37 183 54 199
class 0.4877030849456787 50 181 66 198
class 0.3610857427120209 63 182 79 198
class 0.7158473134040833 78 183 93 199
class 0.522387683391571 91 183 107 199
class 0.6944334506988525 107 183 122 200
class 0.6798098683357239 114 182 131 198
class 0.6929943561553955 129 181 145 199
class 0.4694942533969879 143 182 160 199
class 0.45770561695098877 156 182 173 199
class 0.5243785381317139 168 183 186 200
class 0.37648311257362366 182 182 200 200
class 0.3257441222667694 194 183 213 200
class 0.20248568058013916 207 183 225 199
class 0.12432903051376343 234 182 247 199
class 0.4543694257736206 2 196 16 212
class 0.18713606894016266 24 197 40 212
class 0.3075871169567108 37 195 54 212
class 0.37857747077941895 50 196 67 214
class 0.29431501030921936 63 198 80 214
class 0.5602947473526001 76 197 92 213
class 0.5045637488365173 90 196 107 212
class 0.46390998363494873 103 197 119 214
class 0.5187005400657654 115 198 132 214
class 0.554278552532196 129 197 146 213
class 0.6262544989585876 143 196 159 213
class 0.49870309233665466 156 196 173 213
class 0.5014660954475403 168 196 186 213
class 0.3346441984176636 182 195 200 213
class 0.41596728563308716 195 196 213 213
class 0.41887155175209045 206 197 225 214
class 0.19507578015327454 233 195 247 213
class 0.4137069582939148 2 210 16 226
class 0.18263627588748932 24 210 39 225
class 0.2334037721157074 37 209 53 225
class 0.4603915810585022 51 208 68 225
class 0.4114454984664917 64 209 80 226
class 0.40392059087753296 76 209 93 226
class 0.369224488735199 90 209 107 225
class 0.37436947226524353 103 208 120 225
class 0.4151134490966797 115 208 133 225
class 0.3651184141635895 129 209 145 226
class 0.3830025792121887 142 209 159 226
class 0.37090393900871277 156 209 173 226
class 0.48527881503105164 168 209 186 227
class 0.2486521154642105 182 210 201 227
class 0.6999853253364563 194 208 213 228
class 0.65621417760849 208 209 227 227
class 0.15116506814956665 219 210 235 226
class 0.19223414361476898 232 209 247 227
class 0.7823792099952698 1 223 16 238
class 0.10402707010507584 25 223 39 238
class 0.13890689611434937 37 223 53 239
class 0.1741262525320053 51 222 67 238
class 0.22193333506584167 64 223 80 238
class 0.4076594412326813 77 223 93 239
class 0.2429584562778473 89 223 106 238
class 0.22340868413448334 103 222 119 238
class 0.30651387572288513 117 223 133 239
class 0.2975975275039673 129 222 146 238
class 0.2468627691268921 142 222 159 238
class 0.22209741175174713 156 222 172 239
class 0.27750611305236816 169 222 186 239
class 0.2502836287021637 182 223 201 239
class 0.2615828812122345 233 221 248 238
class 0.7741015553474426 0 232 17 249
class 0.20903486013412476 10 232 27 248
class 0.4064841866493225 24 231 41 248
class 0.5813500285148621 37 231 55 248
class 0.5532932281494141 50 231 68 248
class 0.5000556111335754 63 231 81 248
class 0.5238316655158997 76 230 94 248
class 0.582085132598877 89 231 107 248
class 0.5529742240905762 102 232 120 249
class 0.5495262145996094 116 231 134 248
class 0.4249001741409302 128 231 146 249
class 0.5237604379653931 142 231 161 249
class 0.4902235269546509 154 231 173 248
class 0.5585969686508179 168 232 187 249
class 0.3861716687679291 181 231 202 248
class 0.9988762736320496 204 229 222 248
class 0.20190994441509247 221 232 241 249
class 0.8013403415679932 232 232 249 249
