class 0.7022306323051453 1 3 17 17
class 0.5146951675415039 8 4 26 18
class 0.35985177755355835 22 4 40 18
class 0.39886584877967834 35 3 55 18
class 0.30624616146087646 49 3 67 17
class 0.42018407583236694 62 3 81 18
class 0.4665678143501282 74 3 94 18
class 0.6683845520019531 88 3 108 18
class 0.676685631275177 101 3 121 18
class 0.5826370120048523 113 4 133 17
class 0.49893614649772644 127 3 147 18
class 0.1266411691904068 140 2 161 16
class 0.5498499870300293 152 3 175 18
class 0.6000180244445801 167 3 188 18
class 0.4220346212387085 179 4 200 18
class 0.42594799399375916 206 4 225 18
class 0.27985769510269165 221 4 237 17
class 0.7073083519935608 232 3 249 18
class 0.649709939956665 1 10 16 26
class 0.21260972321033478 9 9 25 25
class 0.3629699647426605 23 10 40 25
class 0.43184778094291687 35 10 53 26
class 0.3338385224342346 49 10 67 26
class 0.7332819104194641 62 9 80 27
class 0.8420142531394958 75 10 94 27
class 0.5568367838859558 102 9 119 25
class 0.6698892712593079 116 9 134 26
class 0.3151394724845886 127 8 144 25
class 0.9931540489196777 138 12 159 33
class 0.4907390773296356 155 9 173 26
class 0.45808014273643494 168 10 186 27
class 0.4974783658981323 180 9 199 26
class 0.6591241955757141 193 9 211 26
class 0.46940329670906067 207 9 224 26
class 0.150857612490654 220 9 235 25
class 0.15462031960487366 233 8 247 26
class 0.3527911305427551 0 25 15 41
class 0.11385821551084518 23 26 40 40
class 0.12860795855522156 35 26 53 41
class 0.29095977544784546 50 25 69 41
class 0.15956929326057434 89 24 108 42
class 0.27233704924583435 101 25 120 42
class 0.17191514372825623 115 24 133 40
class 0.10459598898887634 156 26 174 43
class 0.26554569602012634 166 25 185 42
class 0.14454255998134613 181 26 199 41
class 0.19534344971179962 193 25 211 42
class 0.16537082195281982 206 26 225 41
class 0.14030617475509644 233 23 247 41
class 0.28973588347435 1 39 15 54
class 0.22655633091926575 23 40 40 55
class 0.3137094974517822 36 38 54 54
class 0.29398345947265625 50 38 68 55
class 0.9971861243247986 71 33 90 53
class 0.21331553161144257 91 37 110 54
class 0.21237361431121826 102 37 120 55
class 0.22913071513175964 114 38 133 55
class 0.6055793762207031 130 37 148 55
class 0.8575704097747803 140 38 159 56
class 0.30892547965049744 153 37 172 55
class 0.31183192133903503 168 37 186 55
class 0.26512330770492554 180 38 199 55
class 0.5022894740104675 195 39 213 55
class 0.39505770802497864 206 39 224 54
class 0.1486695110797882 233 37 247 55
class 0.4140970706939697 1 52 15 67
class 0.18140533566474915 24 51 40 67
class 0.26175984740257263 36 51 53 68
class 0.14591285586357117 50 49 68 66
class 0.11082570999860764 60 52 80 69
class 0.12395042181015015 89 51 107 68
class 0.6346883773803711 102 51 119 69
class 0.1536497324705124 113 49 132 67
class 0.12930603325366974 144 47 162 66
class 0.4329734444618225 154 49 172 68
class 0.36351513862609863 167 51 185 69
class 0.3952639698982239 181 52 199 69
class 0.445031076669693 195 51 212 68
class 0.20560376346111298 207 51 225 67
class 0.20366178452968597 232 50 247 68
class 0.396487295627594 1 65 16 80
class 0.1648457944393158 23 66 39 81
class 0.16887065768241882 37 64 54 81
class 0.15115725994110107 49 64 67 82
class 0.18602058291435242 63 62 81 80
class 0.3263448476791382 76 63 94 80
class 0.3275878131389618 88 64 107 81
class 0.15219485759735107 103 63 120 80
class 0.997462809085846 132 62 149 81
class 0.38721683621406555 154 64 172 83
class 0.330715537071228 167 63 185 81
class 0.30884644389152527 182 63 200 81
class 0.3645501136779785 195 63 213 81
class 0.11607957631349564 207 64 226 81
class 0.24577303230762482 219 64 237 81
class 0.24734747409820557 232 62 247 81
class 0.22911618649959564 1 78 15 93
class 0.25583717226982117 23 78 39 94
class 0.12342220544815063 36 78 54 95
class 0.20331327617168427 49 77 67 94
class 0.19184976816177368 62 77 80 95
class 0.22566477954387665 77 77 94 94
class 0.25948354601860046 89 77 107 94
class 0.13545139133930206 102 77 120 94
class 0.5650684237480164 154 77 171 95
class 0.3810805678367615 168 78 186 95
class 0.309023916721344 181 78 199 95
class 0.19320447742938995 194 76 213 94
class 0.25256913900375366 232 75 248 94
class 0.25429868698120117 1 92 15 107
class 0.12009931355714798 24 91 40 107
class 0.2056688368320465 36 90 54 107
class 0.2701464891433716 50 90 67 108
class 0.38952696323394775 63 90 81 107
class 0.4452601373195648 76 90 94 108
class 0.36936092376708984 90 90 107 107
class 0.17679965496063232 102 90 120 108
class 0.22223074734210968 127 89 146 107
class 0.20014871656894684 141 91 159 107
class 0.23325785994529724 154 90 171 107
class 0.4416981041431427 168 91 186 108
class 0.18489190936088562 180 89 198 106
class 0.994907796382904 213 87 230 105
class 0.1490848809480667 232 88 248 107
class 0.24942082166671753 2 104 16 119
class 0.11012385785579681 23 104 40 119
class 0.1842097043991089 35 103 53 120
class 0.21207627654075623 50 103 68 121
class 0.27512437105178833 63 103 81 121
class 0.3846741318702698 76 103 94 121
class 0.31341978907585144 90 104 108 122
class 0.3707912862300873 101 103 120 122
class 0.10263563692569733 114 102 134 122
class 0.2005019634962082 129 103 147 121
class 0.25022876262664795 141 103 159 121
class 0.23982124030590057 155 104 173 121
class 0.46182966232299805 167 103 185 121
class 0.11522380262613297 180 104 199 121
class 0.11428502202033997 232 103 247 121
class 0.24812382459640503 1 118 16 133
class 0.11707482486963272 36 117 54 134
class 0.22170177102088928 50 116 68 134
class 0.3137476444244385 64 116 81 133
class 0.45788633823394775 76 117 94 135
class 0.5218438506126404 91 116 109 134
class 0.1635681688785553 100 114 119 133
class 0.13712410628795624 129 116 147 135
class 0.3474547863006592 143 116 160 134
class 0.371693879365921 155 117 173 134
class 0.25510042905807495 167 117 185 134
class 0.13909120857715607 181 118 199 135
class 0.17123112082481384 194 117 212 134
class 0.22623956203460693 207 116 226 132
class 0.14138054847717285 219 116 236 132
class 0.2272130697965622 233 115 247 134
class 0.28945639729499817 1 131 16 147
class 0.10990097373723984 23 130 40 146
class 0.15091191232204437 36 129 54 146
class 0.3384503126144409 50 129 68 147
class 0.3167405128479004 64 130 81 148
class 0.5883480310440063 76 129 94 147
class 0.33865076303482056 90 128 108 146
class 0.9960077404975891 111 130 129 150
class 0.5577431321144104 130 128 149 147
class 0.27669355273246765 142 129 159 147
class 0.49426335096359253 155 130 173 147
class 0.46943962574005127 168 131 186 147
class 0.3483753502368927 181 130 199 147
class 0.25182411074638367 194 130 212 148
class 0.12052712589502335 207 132 225 147
class 0.24105438590049744 233 128 247 147
class 0.2751927077770233 1 144 16 159
class 0.15640376508235931 23 144 40 160
class 0.14260295033454895 35 144 54 161
class 0.1511199027299881 50 143 68 160
class 0.2976885437965393 64 143 81 161
class 0.5266793370246887 76 143 94 161
class 0.2520287334918976 90 142 108 159
class 0.4013870656490326 143 144 160 160
class 0.5302688479423523 154 143 172 160
class 0.32960107922554016 167 143 186 160
class 0.2961341142654419 181 143 199 160
class 0.413763165473938 196 143 213 160
class 0.380978524684906 207 143 225 159
class 0.24470417201519012 233 143 247 161
class 0.2939000427722931 1 158 16 173
class 0.21748976409435272 37 155 55 173
class 0.411271870136261 50 156 68 173
class 0.48269954323768616 63 156 81 173
class 0.47698554396629333 76 155 94 173
class 0.20229722559452057 89 156 107 173
class 0.44318369030952454 103 156 121 173
class 0.5973669290542603 114 157 132 174
class 0.32700446248054504 128 157 147 173
class 0.4720202684402466 142 157 159 173
class 0.4476148188114166 154 156 173 173
class 0.3365560472011566 168 157 187 174
class 0.32446977496147156 181 156 200 173
class 0.3734697997570038 194 156 213 173
class 0.22027160227298737 207 157 226 172
class 0.24110768735408783 219 156 236 172
class 0.37304386496543884 232 154 247 172
class 0.19242440164089203 1 170 15 185
class 0.12727020680904388 23 171 40 186
class 0.10412391275167465 36 170 54 186
class 0.25614845752716064 50 169 68 186
class 0.4497256278991699 64 169 81 186
class 0.48088204860687256 76 170 94 187
class 0.3169111907482147 89 169 107 186
class 0.19299571216106415 103 169 120 186
class 0.3436315655708313 116 169 134 186
class 0.3988174498081207 129 169 147 185
class 0.5766646862030029 141 169 159 186
class 0.43863511085510254 155 169 174 186
class 0.5310174226760864 169 169 187 186
class 0.5127890110015869 181 169 200 186
class 0.4600227177143097 193 170 213 187
class 0.2109987437725067 207 170 226 186
class 0.17735500633716583 233 169 247 187
class 0.3598761260509491 1 184 16 200
class 0.19223883748054504 24 183 41 199
class 0.285033643245697 36 183 54 200
class 0.44121310114860535 51 183 68 200
class 0.446117639541626 64 183 80 199
class 0.49609431624412537 76 182 93 199
class 0.44908982515335083 90 182 107 199
class 0.46704521775245667 103 184 120 200
class 0.41886866092681885 115 183 133 200
class 0.33691710233688354 129 183 146 200
class 0.38926175236701965 142 183 159 200
class 0.43227699398994446 155 182 173 200
class 0.5400480031967163 169 182 187 200
class 0.45354312658309937 181 182 200 199
class 0.5064317584037781 194 182 213 200
class 0.30125075578689575 207 183 225 199
class 0.2873285114765167 233 182 247 200
class 0.37418967485427856 1 196 16 212
class 0.24751918017864227 24 196 40 212
class 0.3830253481864929 37 195 54 213
class 0.5107623338699341 51 196 68 213
class 0.49545297026634216 63 195 80 213
class 0.6048734188079834 77 195 94 213
class 0.4789567291736603 90 196 107 213
class 0.4272443950176239 103 195 120 213
class 0.4800489544868469 116 195 133 213
class 0.5032175779342651 129 196 146 213
class 0.525059700012207 142 195 160 213
class 0.572411298751831 156 196 173 215
class 0.45305320620536804 168 196 186 214
class 0.4720682203769684 182 195 200 213
class 0.5597419738769531 195 196 213 214
class 0.4004709720611572 207 196 225 213
class 0.24729149043560028 220 196 236 212
class 0.3780648708343506 233 196 247 213
class 0.3861958086490631 1 210 15 225
class 0.3541099727153778 24 209 39 225
class 0.26043370366096497 38 209 54 225
class 0.27990084886550903 50 209 67 226
class 0.2102293074131012 63 210 80 227
class 0.3340800404548645 77 209 93 227
class 0.41384801268577576 90 209 107 226
class 0.41020187735557556 103 210 120 227
class 0.6143946051597595 116 209 132 227
class 0.3621678352355957 130 208 146 226
class 0.28439104557037354 142 209 159 226
class 0.5460357069969177 157 208 174 226
class 0.5713759064674377 169 209 186 226
class 0.4849334955215454 182 209 199 227
class 0.5207945704460144 194 209 212 227
class 0.2932596206665039 207 210 224 226
class 0.14186696708202362 220 209 236 225
class 0.3480398952960968 232 208 247 226
class 0.7365886569023132 1 224 16 239
class 0.17217852175235748 39 223 55 238
class 0.34373822808265686 51 222 66 239
class 0.31492477655410767 64 222 80 239
class 0.2162594497203827 77 222 93 238
class 0.29015395045280457 90 222 106 239
class 0.23665030300617218 103 221 120 238
class 0.23293085396289825 116 221 133 238
class 0.131219744682312 130 222 146 238
class 0.26754286885261536 142 223 159 239
class 0.2245943248271942 156 223 173 239
class 0.21497175097465515 169 222 186 238
class 0.11297368258237839 182 222 199 238
class 0.3141687512397766 196 222 213 238
class 0.3092968165874481 208 223 224 238
class 0.29600802063941956 232 223 246 240
class 0.8311514258384705 0 233 17 249
class 0.23178717494010925 10 232 27 248
class 0.6763501763343811 24 232 41 248
class 0.45978954434394836 37 231 54 248
class 0.48764076828956604 50 231 68 248
class 0.5476697683334351 63 231 81 249
class 0.592671275138855 77 231 95 248
class 0.6322344541549683 88 231 107 248
class 0.5071013569831848 102 232 121 248
class 0.5448798537254333 116 231 135 248
class 0.40285947918891907 127 231 146 249
class 0.5211933851242065 143 231 161 248
class 0.43498891592025757 155 231 174 248
class 0.5096741318702698 168 231 186 248
class 0.4302346706390381 181 232 200 248
class 0.5151427388191223 194 231 213 249
class 0.4187389612197876 207 231 225 249
class 0.27202609181404114 219 232 238 248
class 0.9278162717819214 232 232 249 249
