class 0.8966256380081177 1 2 17 18
class 0.22760245203971863 8 4 25 18
class 0.33833715319633484 22 4 40 18
class 0.37277084589004517 36 3 54 18
class 0.5327810049057007 49 4 68 18
class 0.5549519658088684 61 3 80 18
class 0.5748569965362549 74 3 94 18
class 0.49746543169021606 88 3 108 17
class 0.7451180219650269 100 2 122 18
class 0.7625376582145691 114 2 136 17
class 0.6649429798126221 126 3 148 18
class 0.6396833062171936 140 3 161 18
class 0.46399080753326416 153 4 173 18
class 0.47021129727363586 167 4 186 18
class 0.5620130896568298 179 3 198 18
class 0.4925297498703003 194 3 213 18
class 0.437285840511322 207 4 226 18
class 0.43144309520721436 221 4 237 17
class 0.9085630178451538 232 2 249 18
class 0.518944263458252 1 9 16 25
class 0.103593610227108 10 10 25 24
class 0.31955233216285706 23 10 39 25
class 0.5613734126091003 36 10 53 26
class 0.47329118847846985 49 9 67 25
class 0.6612332463264465 62 9 80 26
class 0.8594161868095398 74 10 94 28
class 0.6934365034103394 87 11 109 28
class 0.2160322070121765 99 8 121 26
class 0.5806044340133667 130 8 148 26
class 0.6787639260292053 141 9 160 27
class 0.4912802577018738 153 10 172 26
class 0.48048341274261475 167 10 185 26
class 0.6152206063270569 181 10 198 26
class 0.5704345107078552 194 10 212 26
class 0.4407985508441925 208 9 225 25
class 0.1520824134349823 233 7 247 26
class 0.2627447545528412 1 26 15 41
class 0.1621701866388321 22 26 39 41
class 0.11993128806352615 35 25 53 41
class 0.19653089344501495 48 26 67 42
class 0.3452044725418091 61 25 82 42
class 0.2465597242116928 73 22 93 41
class 0.23556922376155853 89 22 110 40
class 0.27188053727149963 100 24 122 43
class 0.9874184131622314 112 19 133 41
class 0.6374377608299255 130 26 149 42
class 0.5262161493301392 141 25 158 42
class 0.3370600640773773 154 25 172 41
class 0.22853951156139374 167 25 185 41
class 0.35965636372566223 181 25 199 41
class 0.31437167525291443 194 25 212 41
class 0.31288063526153564 233 24 247 42
class 0.44417187571525574 1 38 15 54
class 0.12800109386444092 23 38 39 54
class 0.2592311203479767 36 39 54 56
class 0.5895124673843384 49 39 67 56
class 0.746575653553009 63 38 82 55
class 0.9973093867301941 82 38 104 58
class 0.5815669894218445 101 36 122 56
class 0.5473817586898804 115 39 134 57
class 0.580562949180603 126 37 146 55
class 0.49305281043052673 141 38 159 54
class 0.3473378121852875 154 38 172 55
class 0.29237475991249084 168 38 185 55
class 0.2908414900302887 181 37 199 54
class 0.5669309496879578 195 38 212 55
class 0.27610960602760315 206 39 225 54
class 0.12882758677005768 219 39 235 54
class 0.3061838448047638 233 36 247 55
class 0.22517794370651245 1 52 15 67
class 0.21349897980690002 36 50 54 68
class 0.42787545919418335 50 50 68 68
class 0.5136979222297668 63 50 82 68
class 0.41847217082977295 73 51 94 68
class 0.3544766902923584 86 49 105 67
class 0.29397088289260864 103 50 122 68
class 0.6330815553665161 113 50 133 69
class 0.48263588547706604 128 51 146 68
class 0.2984825074672699 142 52 159 68
class 0.5287212133407593 155 51 172 68
class 0.38887861371040344 168 51 185 68
class 0.1823536902666092 181 50 199 67
class 0.3499143123626709 195 50 212 67
class 0.21304729580879211 207 51 225 66
class 0.3037436902523041 233 50 247 68
class 0.32481351494789124 1 65 16 80
class 0.2768248915672302 37 65 54 82
class 0.47472837567329407 49 64 68 82
class 0.3352467119693756 62 63 81 81
class 0.7644311785697937 75 63 96 82
class 0.7693096995353699 90 64 110 80
class 0.9611477851867676 97 65 118 84
class 0.5886523723602295 116 62 134 80
class 0.40111371874809265 128 65 146 81
class 0.4585092067718506 142 65 159 81
class 0.43248721957206726 155 64 172 81
class 0.4342774748802185 168 64 185 81
class 0.28173360228538513 181 65 199 82
class 0.29649844765663147 195 64 212 81
class 0.21934914588928223 208 65 226 81
class 0.13612599670886993 220 65 236 80
class 0.21254730224609375 233 62 247 81
class 0.1648280918598175 1 78 16 93
class 0.18835511803627014 23 78 39 94
class 0.2517455518245697 37 78 55 95
class 0.3559609055519104 49 77 68 95
class 0.26793134212493896 62 77 81 95
class 0.32406094670295715 75 75 95 94
class 0.11798123270273209 116 78 135 96
class 0.32932963967323303 129 78 146 95
class 0.36911553144454956 141 77 159 95
class 0.34137895703315735 155 77 173 94
class 0.4381531774997711 169 77 186 94
class 0.3038164973258972 181 77 199 94
class 0.2897411286830902 195 77 213 94
class 0.17132680118083954 208 78 226 94
class 0.2603142559528351 233 76 247 95
class 0.3251374065876007 1 92 16 107
class 0.1537817418575287 23 90 40 106
class 0.2436843365430832 36 90 54 108
class 0.35908693075180054 50 90 68 108
class 0.42365384101867676 62 90 81 108
class 0.13846805691719055 75 90 94 108
class 0.8632761240005493 88 90 108 108
class 0.6512343883514404 101 91 121 108
class 0.5854149460792542 114 90 133 109
class 0.4685063064098358 129 90 147 108
class 0.45723894238471985 141 91 159 108
class 0.4787023663520813 154 91 172 108
class 0.32431232929229736 168 90 187 107
class 0.32510894536972046 181 90 200 108
class 0.33468931913375854 195 90 213 108
class 0.26514720916748047 208 91 226 106
class 0.3171282708644867 232 89 247 108
class 0.20646829903125763 1 104 15 119
class 0.14823393523693085 37 103 55 121
class 0.2944995164871216 49 103 67 121
class 0.3790295422077179 62 103 80 121
class 0.1500064730644226 117 101 135 120
class 0.2582096457481384 129 103 147 121
class 0.41188400983810425 141 104 160 121
class 0.4609403908252716 155 104 173 121
class 0.3963836133480072 167 104 186 121
class 0.37546414136886597 181 103 200 121
class 0.31463903188705444 194 103 213 121
class 0.2300761342048645 207 104 226 120
class 0.2224954515695572 233 102 248 120
class 0.31838858127593994 1 118 15 133
class 0.13887737691402435 23 118 40 133
class 0.19612473249435425 36 117 54 134
class 0.32738423347473145 50 117 67 134
class 0.4737902283668518 63 117 81 134
class 0.21655844151973724 76 115 95 132
class 0.994291365146637 99 112 117 131
class 0.22450663149356842 117 116 135 133
class 0.16135083138942719 128 116 146 134
class 0.3521059453487396 141 117 160 134
class 0.3909972608089447 155 117 173 134
class 0.36720332503318787 168 116 187 134
class 0.355968177318573 181 116 200 134
class 0.3168283700942993 194 117 213 134
class 0.21977446973323822 206 117 225 133
class 0.2458338588476181 233 115 247 134
class 0.20296470820903778 1 131 15 146
class 0.10894747823476791 23 131 40 146
class 0.1273278295993805 36 130 54 147
class 0.31011608242988586 50 130 68 147
class 0.3755636215209961 62 130 80 147
class 0.14221994578838348 101 132 120 148
class 0.12253478914499283 113 130 132 147
class 0.26886680722236633 128 131 147 148
class 0.4981245696544647 142 130 160 147
class 0.5771255493164062 154 129 173 147
class 0.44005087018013 167 129 187 148
class 0.3051144778728485 181 130 200 147
class 0.34663859009742737 194 130 213 148
class 0.16407674551010132 207 131 226 147
class 0.24430665373802185 233 129 248 147
class 0.38884589076042175 1 145 16 160
class 0.22200018167495728 37 144 55 161
class 0.44827303290367126 50 143 67 160
class 0.47511807084083557 63 142 81 160
class 0.15840189158916473 75 142 94 160
class 0.1265840232372284 89 141 108 159
class 0.2004600614309311 102 142 120 159
class 0.3702945411205292 115 143 134 160
class 0.3686419427394867 128 143 146 160
class 0.4278624653816223 141 143 160 160
class 0.4416019022464752 155 142 173 160
class 0.4842741787433624 168 142 187 161
class 0.3841833472251892 181 142 200 160
class 0.3314216136932373 194 143 213 160
class 0.15943731367588043 207 143 226 159
class 0.20642341673374176 233 142 247 160
class 0.4730137288570404 1 157 15 173
class 0.2617018222808838 35 156 54 173
class 0.37916135787963867 50 156 68 173
class 0.3281068503856659 63 156 81 173
class 0.18828165531158447 76 156 94 173
class 0.18919824063777924 89 156 107 174
class 0.26262086629867554 102 155 120 173
class 0.20118515193462372 116 156 133 173
class 0.19232657551765442 129 156 147 173
class 0.2766699194908142 142 156 160 173
class 0.2920852303504944 155 156 174 174
class 0.280085027217865 167 155 187 174
class 0.26973530650138855 181 155 200 173
class 0.2851853370666504 194 155 214 174
class 0.17054370045661926 207 157 226 173
class 0.19754202663898468 233 155 247 173
class 0.299577534198761 1 171 15 186
class 0.22314344346523285 36 170 54 187
class 0.34016767144203186 50 169 68 186
class 0.40865644812583923 64 169 82 187
class 0.3578106462955475 76 170 94 187
class 0.45119988918304443 90 170 107 187
class 0.44416725635528564 102 170 120 187
class 0.49417269229888916 116 169 133 186
class 0.50356525182724 128 169 146 187
class 0.4193271994590759 141 169 160 187
class 0.36349087953567505 155 169 174 187
class 0.38431689143180847 168 169 187 187
class 0.18178752064704895 181 169 200 187
class 0.15562370419502258 195 169 214 187
class 0.1326061338186264 207 169 227 186
class 0.23005764186382294 233 169 247 187
class 0.6291366815567017 1 183 16 199
class 0.13521124422550201 11 183 26 198
class 0.2487521469593048 23 183 40 199
class 0.3719747066497803 38 182 55 199
class 0.4473450779914856 50 182 67 199
class 0.4936911463737488 64 182 81 199
class 0.4397543966770172 77 183 94 199
class 0.5314781069755554 89 182 107 199
class 0.393963485956192 102 182 120 199
class 0.31254515051841736 116 183 133 199
class 0.35262855887413025 129 182 146 200
class 0.30432385206222534 142 183 160 200
class 0.3233533799648285 156 182 174 200
class 0.35370343923568726 169 181 187 200
class 0.24048462510108948 181 182 199 201
class 0.236719012260437 195 183 214 201
class 0.18636514246463776 207 183 226 200
class 0.2573077976703644 232 182 247 200
class 0.3068768382072449 1 197 15 212
class 0.27835988998413086 24 197 40 213
class 0.3829970061779022 37 196 54 213
class 0.5291281938552856 50 196 67 213
class 0.42311960458755493 63 196 81 213
class 0.3979104459285736 76 196 94 213
class 0.35228726267814636 90 195 107 212
class 0.513659656047821 103 196 120 213
class 0.5039812922477722 116 196 133 213
class 0.4640250504016876 129 195 147 213
class 0.4468890130519867 143 196 160 214
class 0.21040597558021545 154 195 172 213
class 0.19112834334373474 170 195 188 214
class 0.22463521361351013 182 193 200 213
class 0.20952977240085602 194 195 213 214
class 0.10887542366981506 207 195 226 213
class 0.35335564613342285 233 194 247 212
class 0.38613617420196533 1 210 16 226
class 0.3139459788799286 24 209 39 225
class 0.31544408202171326 37 209 54 226
class 0.29889240860939026 51 208 68 226
class 0.32481348514556885 63 209 81 227
class 0.38786962628364563 77 209 94 226
class 0.3882924020290375 90 209 107 227
class 0.38415804505348206 103 209 120 226
class 0.38143712282180786 116 209 133 226
class 0.29685747623443604 129 208 146 226
class 0.3597472310066223 143 207 160 225
class 0.20477727055549622 156 209 174 226
class 0.4190661311149597 197 206 215 226
class 0.13663053512573242 206 209 224 225
class 0.2870195508003235 232 209 246 227
class 0.7923538684844971 1 223 16 239
class 0.15610027313232422 25 223 40 238
class 0.25189292430877686 38 222 53 238
class 0.16777609288692474 50 222 67 238
class 0.21090304851531982 64 222 82 238
class 0.2012932151556015 77 222 93 239
class 0.18072077631950378 90 222 107 238
class 0.1643129289150238 104 222 120 238
class 0.14825594425201416 116 222 132 238
class 0.9920104742050171 180 215 199 236
class 0.12862546741962433 195 222 214 238
class 0.13042347133159637 232 223 246 239
class 0.812397837638855 0 232 17 249
class 0.16652747988700867 10 232 27 248
class 0.4768814444541931 24 231 41 248
class 0.4232606291770935 37 231 55 248
class 0.5891615152359009 50 231 68 248
class 0.5125575661659241 63 231 82 248
class 0.5405850410461426 76 230 94 248
class 0.6184440851211548 90 231 108 248
class 0.4641452431678772 102 231 121 248
class 0.4244575798511505 115 231 134 248
class 0.4064137637615204 128 232 147 249
class 0.5185611248016357 142 232 161 248
class 0.10062310844659805 153 232 172 248
class 0.11025092750787735 167 232 188 247
class 0.1360655277967453 193 231 214 248
class 0.23644480109214783 206 231 226 249
class 0.1506224423646927 221 233 239 248
class 0.8960323929786682 232 232 249 249
