class 0.9355186223983765 0 2 17 18
class 0.390394926071167 9 4 26 18
class 0.3969278037548065 21 4 40 18
class 0.49716171622276306 35 3 54 18
class 0.5413024425506592 48 3 68 17
class 0.5282530784606934 61 3 80 18
class 0.39693760871887207 75 4 94 17
class 0.49438419938087463 88 4 107 18
class 0.5833336114883423 101 4 120 18
class 0.49775612354278564 115 4 134 18
class 0.5193288326263428 127 4 146 18
class 0.6219500303268433 140 3 159 18
class 0.46928009390830994 154 3 173 18
class 0.45267125964164734 167 3 186 18
class 0.6655244827270508 179 3 199 18
class 0.47442835569381714 194 4 213 18
class 0.39897629618644714 206 4 225 18
class 0.27419859170913696 221 4 238 17
class 0.6606307029724121 232 2 249 18
class 0.3517344892024994 1 8 16 25
class 0.11020645499229431 10 9 26 24
class 0.3996162712574005 22 10 39 25
class 0.4030653238296509 35 9 53 26
class 0.4379286766052246 49 9 66 25
class 0.44040077924728394 62 9 80 25
class 0.4293881356716156 76 10 93 25
class 0.5886582732200623 89 9 106 25
class 0.4780583381652832 101 9 118 25
class 0.5266352891921997 114 9 132 26
class 0.354518324136734 128 10 145 26
class 0.4774691164493561 141 9 158 26
class 0.4931676387786865 154 10 171 26
class 0.4251978397369385 167 9 185 26
class 0.6562858819961548 195 9 212 26
class 0.650017261505127 208 9 226 25
class 0.4359026849269867 219 9 237 26
class 0.38441282510757446 233 8 248 27
class 0.30039533972740173 1 26 15 41
class 0.10098455101251602 23 26 39 40
class 0.2006673961877823 35 26 53 41
class 0.22608882188796997 48 26 66 41
class 0.24630869925022125 62 26 79 41
class 0.1716054528951645 75 26 92 42
class 0.20108932256698608 88 25 105 41
class 0.21821141242980957 101 26 119 41
class 0.16097335517406464 114 25 132 41
class 0.2472340613603592 127 26 146 42
class 0.2250722199678421 140 25 159 42
class 0.21816682815551758 153 25 173 42
class 0.19591882824897766 166 25 185 42
class 0.2357601821422577 180 26 199 42
class 0.3128388822078705 194 25 213 42
class 0.26318952441215515 204 23 224 41
class 0.25104594230651855 1 39 15 54
class 0.1310458928346634 23 39 40 54
class 0.22579270601272583 36 37 54 54
class 0.30373674631118774 49 37 67 55
class 0.2611773610115051 62 37 80 55
class 0.2081090658903122 75 37 93 55
class 0.16378772258758545 87 37 106 56
class 0.1955890953540802 102 37 120 55
class 0.2349512279033661 115 38 133 55
class 0.24317419528961182 127 37 146 55
class 0.34685003757476807 140 37 159 56
class 0.2119722068309784 153 36 172 56
class 0.3290024399757385 168 37 186 55
class 0.513860821723938 181 38 199 55
class 0.39041194319725037 194 37 212 54
class 0.1596485674381256 205 37 225 53
class 0.9987350106239319 223 35 241 53
class 0.3823784291744232 1 52 15 67
class 0.13951240479946136 23 51 40 67
class 0.10973765701055527 36 51 54 69
class 0.16042755544185638 50 49 68 68
class 0.42862069606781006 62 50 80 70
class 0.37479469180107117 75 50 93 70
class 0.1589122861623764 89 49 107 69
class 0.15070167183876038 101 49 119 69
class 0.21258936822414398 115 48 133 68
class 0.9140225648880005 133 52 149 70
class 0.5388219952583313 154 49 172 70
class 0.26640158891677856 168 51 186 69
class 0.38156357407569885 181 51 199 69
class 0.3577904999256134 194 51 212 68
class 0.10559903830289841 206 52 226 67
class 0.21339301764965057 232 52 248 69
class 0.2757780849933624 1 65 15 81
class 0.10343446582555771 24 64 41 80
class 0.10096762329339981 49 63 68 81
class 0.11064568161964417 78 61 96 82
class 0.3154294192790985 87 63 106 84
class 0.4807173013687134 130 62 148 79
class 0.1170576959848404 138 62 157 80
class 0.1493726521730423 154 63 173 82
class 0.22807252407073975 169 64 187 82
class 0.45860809087753296 181 64 199 82
class 0.25771957635879517 193 64 212 81
class 0.13068072497844696 208 64 226 80
class 0.136604905128479 220 63 237 79
class 0.2989625334739685 232 62 248 80
class 0.5673752427101135 1 78 16 94
class 0.3535390794277191 46 75 65 95
class 0.9934816956520081 66 73 83 94
class 0.10251913964748383 75 75 94 95
class 0.5002584457397461 87 75 106 96
class 0.1059490293264389 101 77 120 95
class 0.4832092821598053 127 77 146 94
class 0.3752858340740204 140 77 160 94
class 0.25356942415237427 153 77 173 95
class 0.4061128497123718 169 78 187 95
class 0.4273570477962494 180 77 199 95
class 0.3284039795398712 194 78 213 95
class 0.13963580131530762 207 78 226 94
class 0.2855917811393738 233 76 247 94
class 0.39921146631240845 2 91 16 106
class 0.22526641190052032 23 91 40 107
class 0.6381612420082092 62 90 79 110
class 0.3817629814147949 87 89 107 108
class 0.3535500764846802 101 91 120 108
class 0.18146538734436035 114 90 133 108
class 0.24868714809417725 127 89 146 108
class 0.23635658621788025 141 90 160 108
class 0.2017967700958252 155 91 173 108
class 0.35850393772125244 169 91 187 108
class 0.35363009572029114 180 90 199 107
class 0.5073367357254028 195 90 213 108
class 0.24528564512729645 207 91 225 107
class 0.10912807285785675 220 92 236 107
class 0.2376602441072464 233 89 247 107
class 0.23381181061267853 1 105 15 120
class 0.19554740190505981 22 104 39 120
class 0.1100761815905571 49 104 69 122
class 0.1678316593170166 61 105 79 122
class 0.20360517501831055 76 106 94 122
class 0.29384157061576843 89 104 107 121
class 0.21370722353458405 101 103 120 120
class 0.17489181458950043 115 104 133 121
class 0.27566128969192505 128 104 147 121
class 0.27293074131011963 141 104 159 121
class 0.3712443709373474 155 103 174 120
class 0.3659665584564209 167 103 186 121
class 0.26538485288619995 180 104 199 121
class 0.3968183994293213 195 103 213 121
class 0.38137364387512207 207 104 226 120
class 0.18250879645347595 220 104 236 119
class 0.252523809671402 233 103 247 121
class 0.32971876859664917 1 119 15 134
class 0.19189530611038208 50 115 68 133
class 0.5706929564476013 61 114 80 132
class 0.3729850947856903 75 115 94 133
class 0.23017415404319763 89 116 107 133
class 0.2599204480648041 102 117 120 134
class 0.37808722257614136 116 117 134 133
class 0.5138458013534546 128 117 146 134
class 0.38118061423301697 141 117 159 134
class 0.35477012395858765 154 117 173 134
class 0.34931591153144836 168 116 186 134
class 0.24032239615917206 180 117 199 134
class 0.2504422962665558 194 117 213 134
class 0.19605793058872223 208 117 226 133
class 0.12008986622095108 220 118 236 133
class 0.2532083988189697 233 115 247 134
class 0.45920178294181824 1 131 16 146
class 0.1475481241941452 23 131 40 146
class 0.17542479932308197 35 130 53 147
class 0.18525518476963043 49 131 67 148
class 0.16151660680770874 63 129 80 147
class 0.15160329639911652 76 130 94 147
class 0.18342353403568268 89 130 106 147
class 0.301081120967865 103 130 120 147
class 0.27900031208992004 115 130 133 146
class 0.273952454328537 128 129 146 146
class 0.349417120218277 142 129 160 147
class 0.36455509066581726 155 130 173 147
class 0.46725791692733765 168 130 186 147
class 0.4257194995880127 181 130 199 147
class 0.42596134543418884 194 131 213 148
class 0.18837928771972656 207 130 226 146
class 0.1022803857922554 220 130 237 145
class 0.33580318093299866 233 128 247 147
class 0.45476242899894714 1 144 16 160
class 0.16100020706653595 36 144 54 161
class 0.2930421531200409 50 143 67 160
class 0.27968093752861023 63 143 81 160
class 0.2548024356365204 76 143 93 160
class 0.5211817622184753 90 143 107 160
class 0.3549022078514099 103 142 120 160
class 0.3895447850227356 116 142 134 160
class 0.3186526298522949 128 142 146 160
class 0.3566204607486725 142 142 160 160
class 0.4427253305912018 155 143 173 160
class 0.2835189700126648 168 142 186 160
class 0.4498111605644226 181 143 199 161
class 0.4120079576969147 194 143 213 160
class 0.21274785697460175 206 144 225 160
class 0.13565278053283691 220 144 236 159
class 0.2704775035381317 233 143 247 161
class 0.3995291292667389 2 157 16 173
class 0.1418151706457138 23 157 40 172
class 0.21969911456108093 36 156 54 173
class 0.3028664290904999 50 157 67 173
class 0.38622215390205383 64 156 81 173
class 0.31271418929100037 76 157 93 174
class 0.3715752959251404 90 156 107 173
class 0.29688242077827454 103 156 120 173
class 0.36423537135124207 116 156 133 173
class 0.36927589774131775 129 155 147 173
class 0.305647075176239 141 156 160 173
class 0.23183757066726685 155 155 173 173
class 0.20764964818954468 169 155 187 173
class 0.5028848648071289 181 155 199 172
class 0.3848034143447876 194 156 213 173
class 0.19803845882415771 206 157 226 172
class 0.12497036904096603 220 157 237 172
class 0.308362752199173 233 156 248 173
class 0.4210391342639923 2 170 16 186
class 0.17158348858356476 23 170 41 185
class 0.21688412129878998 36 170 54 186
class 0.4001370668411255 50 169 67 186
class 0.4334110617637634 64 169 81 186
class 0.4648195207118988 77 169 94 186
class 0.46167799830436707 89 170 107 186
class 0.4398643672466278 103 169 120 186
class 0.4400091767311096 116 169 133 186
class 0.2730637192726135 129 169 147 186
class 0.20791113376617432 143 170 160 186
class 0.41730526089668274 156 170 173 187
class 0.41851377487182617 168 170 186 187
class 0.33336564898490906 182 169 200 186
class 0.28614816069602966 194 170 213 187
class 0.1342284232378006 206 170 226 186
class 0.4529187083244324 232 168 247 186
class 0.36640089750289917 1 183 15 199
class 0.16628117859363556 25 184 40 199
class 0.31171274185180664 37 183 54 199
class 0.5148341059684753 50 183 67 200
class 0.4422427713871002 63 183 80 200
class 0.4496856927871704 77 182 94 199
class 0.4840705394744873 90 182 107 199
class 0.49138906598091125 103 182 120 199
class 0.44263166189193726 116 182 133 199
class 0.47128650546073914 130 183 147 200
class 0.5905474424362183 142 183 159 200
class 0.4607600271701813 155 183 173 199
class 0.38269978761672974 169 182 186 199
class 0.33404800295829773 182 182 199 199
class 0.5151275992393494 195 182 213 199
class 0.4923368990421295 207 183 226 200
class 0.16944503784179688 219 184 236 199
class 0.21473288536071777 233 183 247 200
class 0.5361429452896118 1 197 16 213
class 0.16694681346416473 11 196 26 211
class 0.3957357406616211 25 197 40 212
class 0.41012927889823914 37 196 54 213
class 0.5225973725318909 51 195 67 212
class 0.5535800457000732 63 195 80 213
class 0.6117097735404968 77 196 94 213
class 0.5136198997497559 90 196 107 213
class 0.5390603542327881 103 196 120 213
class 0.4854859709739685 116 196 133 213
class 0.37667906284332275 129 195 146 212
class 0.44213297963142395 143 195 160 213
class 0.5139689445495605 155 195 173 213
class 0.5933826565742493 169 195 187 213
class 0.4600886404514313 181 196 199 213
class 0.4772181808948517 195 196 213 213
class 0.4631474018096924 207 196 225 213
class 0.2750042676925659 220 197 237 212
class 0.4173593819141388 232 195 247 213
class 0.5479223132133484 1 209 16 226
class 0.28722214698791504 25 209 39 225
class 0.30234599113464355 38 209 53 225
class 0.32390928268432617 51 209 67 226
class 0.4303813576698303 64 209 80 226
class 0.4219761788845062 77 209 93 226
class 0.35468244552612305 90 209 107 226
class 0.308466374874115 103 208 120 226
class 0.33548054099082947 116 209 134 226
class 0.3170073628425598 129 209 146 226
class 0.36689502000808716 142 208 159 225
class 0.3221744894981384 155 209 173 226
class 0.26482364535331726 169 209 186 226
class 0.2768484354019165 182 209 199 226
class 0.509644627571106 195 209 212 227
class 0.34089669585227966 208 210 225 226
class 0.20166239142417908 220 209 235 225
class 0.26473528146743774 233 209 247 227
class 0.7585311532020569 1 223 16 238
class 0.1405683308839798 25 223 39 237
class 0.22787265479564667 39 222 53 238
class 0.30436956882476807 51 222 66 238
class 0.24918246269226074 64 222 81 238
class 0.335414320230484 77 223 93 239
class 0.19498756527900696 90 223 106 238
class 0.1934916228055954 103 222 119 238
class 0.18769094347953796 117 222 134 238
class 0.26874595880508423 130 222 146 238
class 0.15124772489070892 142 222 159 238
class 0.12149553745985031 156 222 173 238
class 0.15973997116088867 169 223 186 238
class 0.1856861412525177 183 223 199 239
class 0.28555044531822205 195 222 212 238
class 0.23908215761184692 207 223 224 238
class 0.4624432623386383 232 222 247 240
class 0.8371947407722473 0 233 17 249
class 0.17838166654109955 9 232 26 248
class 0.46032583713531494 24 232 41 249
class 0.43487995862960815 37 231 54 248
class 0.4281167685985565 50 232 68 249
class 0.5230557918548584 64 231 82 248
class 0.6414884328842163 76 230 94 248
class 0.5521180033683777 90 231 108 248
class 0.5200232267379761 102 231 120 249
class 0.5614054799079895 116 231 134 248
class 0.4719403088092804 129 230 147 248
class 0.41180866956710815 142 232 161 248
class 0.5834906101226807 155 231 174 249
class 0.49656760692596436 168 231 186 248
class 0.5546587705612183 182 231 200 248
class 0.45591604709625244 194 231 212 249
class 0.45845508575439453 207 231 225 248
class 0.19028623402118683 219 232 237 249
class 0.8189716339111328 232 232 249 249
