class 0.8205322623252869 1 3 17 18
class 0.2755615711212158 9 4 26 18
class 0.30056440830230713 22 4 40 18
class 0.4043094515800476 35 4 54 18
class 0.6997740864753723 48 3 67 18
class 0.5241339802742004 62 4 80 18
class 0.5649234056472778 74 3 93 18
class 0.4659530222415924 88 3 107 18
class 0.5890802145004272 102 3 120 18
class 0.5873241424560547 115 4 133 18
class 0.596417248249054 127 3 146 18
class 0.40158286690711975 141 4 159 18
class 0.5539084672927856 153 4 172 18
class 0.46403393149375916 167 3 186 18
class 0.42711687088012695 181 3 199 18
class 0.4963808059692383 193 3 212 18
class 0.45536085963249207 207 4 225 18
class 0.21508629620075226 221 4 237 17
class 0.7614701986312866 232 3 249 18
class 0.728725254535675 2 10 16 26
class 0.10500061511993408 10 9 25 24
class 0.2477731555700302 23 10 39 25
class 0.4187985956668854 35 10 52 26
class 0.6153756976127625 63 9 80 25
class 0.6557114124298096 75 9 92 25
class 0.6085981130599976 89 10 106 26
class 0.6330515146255493 103 9 119 26
class 0.550134003162384 115 9 132 26
class 0.5107119083404541 129 9 145 25
class 0.5064929127693176 141 10 157 26
class 0.4841456413269043 168 9 185 25
class 0.5023435354232788 181 9 198 26
class 0.6484610438346863 194 10 212 26
class 0.5000556111335754 208 10 224 26
class 0.10793493688106537 221 9 235 25
class 0.25876814126968384 1 25 15 40
class 0.1468716263771057 23 27 40 41
class 0.2432047575712204 35 26 53 41
class 0.37148040533065796 48 26 66 42
class 0.32528480887413025 62 25 80 42
class 0.25371286273002625 75 26 93 42
class 0.3844475746154785 88 25 106 41
class 0.21106144785881042 100 26 119 43
class 0.21840620040893555 115 24 133 42
class 0.19387637078762054 127 25 146 41
class 0.2189297378063202 140 24 158 41
class 0.17280296981334686 154 26 171 41
class 0.30288001894950867 168 26 185 41
class 0.24886876344680786 180 25 198 41
class 0.3120822310447693 194 25 212 41
class 0.20372942090034485 206 24 224 40
class 0.22786498069763184 233 22 247 41
class 0.3528255224227905 1 39 15 54
class 0.17780718207359314 23 39 40 53
class 0.2796199321746826 35 38 54 55
class 0.3901245892047882 48 37 67 54
class 0.47146376967430115 63 38 80 55
class 0.42168352007865906 76 38 94 55
class 0.2935927212238312 89 38 107 55
class 0.2099771499633789 100 35 120 54
class 0.2338292896747589 127 36 145 56
class 0.17932814359664917 142 37 159 55
class 0.29208990931510925 155 39 172 55
class 0.387372761964798 167 38 184 55
class 0.3400156795978546 181 38 198 55
class 0.4232885539531708 194 38 212 55
class 0.19953732192516327 206 38 224 54
class 0.23075804114341736 233 38 247 56
class 0.3461168110370636 1 52 15 67
class 0.3165290951728821 23 52 39 68
class 0.38473960757255554 36 51 53 68
class 0.4709235727787018 50 51 67 68
class 0.6109418869018555 63 51 80 68
class 0.40142324566841125 76 51 93 67
class 0.35334691405296326 89 50 108 68
class 0.9906249642372131 107 51 125 69
class 0.4273274838924408 128 49 147 68
class 0.44988834857940674 142 51 160 69
class 0.6798946857452393 154 51 171 68
class 0.3304320275783539 168 50 184 67
class 0.41980859637260437 182 51 199 68
class 0.3801777958869934 194 51 211 67
class 0.28898394107818604 208 52 225 67
class 0.41321229934692383 220 52 236 67
class 0.3796054720878601 232 49 247 68
class 0.2749243378639221 1 65 15 80
class 0.23752011358737946 23 65 39 81
class 0.24526114761829376 36 65 54 81
class 0.41739943623542786 50 64 68 81
class 0.46877196431159973 63 64 81 81
class 0.36131247878074646 75 64 93 81
class 0.140056312084198 89 63 109 81
class 0.16199573874473572 128 64 147 82
class 0.3016006648540497 141 64 159 81
class 0.4300311207771301 155 63 172 81
class 0.3054724335670471 168 64 185 81
class 0.26814505457878113 182 63 198 80
class 0.4571888744831085 195 65 212 81
class 0.2435029298067093 207 65 225 80
class 0.11798902601003647 220 64 236 80
class 0.23973768949508667 233 62 247 81
class 0.333340585231781 1 79 16 94
class 0.21615472435951233 24 79 41 94
class 0.260826051235199 36 78 54 94
class 0.34877943992614746 50 77 68 94
class 0.34928804636001587 63 77 81 94
class 0.385812908411026 76 76 94 94
class 0.13176505267620087 89 77 108 94
class 0.4789079427719116 101 76 121 94
class 0.5586603283882141 114 76 134 93
class 0.47337237000465393 129 77 147 94
class 0.6237424612045288 142 78 160 95
class 0.5580422878265381 155 78 172 95
class 0.3426686227321625 168 76 186 95
class 0.25365930795669556 181 78 198 95
class 0.3143627345561981 195 77 212 94
class 0.26306450366973877 207 78 225 93
class 0.2405119240283966 233 76 247 95
class 0.26641249656677246 1 91 16 106
class 0.26127156615257263 23 91 40 107
class 0.29128074645996094 36 90 54 107
class 0.3962090313434601 50 90 68 107
class 0.3974987864494324 63 90 81 108
class 0.3392339050769806 77 91 94 109
class 0.23496079444885254 89 91 107 108
class 0.22991928458213806 102 90 120 108
class 0.1956167370080948 116 90 134 107
class 0.12559008598327637 142 89 159 107
class 0.22598640620708466 158 88 175 106
class 0.32209262251853943 168 89 186 108
class 0.2881515920162201 181 90 199 108
class 0.37698182463645935 195 91 212 108
class 0.40770143270492554 208 91 225 107
class 0.1640942543745041 220 91 236 107
class 0.218370720744133 233 89 247 108
class 0.2817177474498749 1 105 15 120
class 0.12263218313455582 24 104 41 120
class 0.2505602240562439 36 104 54 121
class 0.36711642146110535 49 103 67 121
class 0.4156898856163025 63 102 82 121
class 0.5485904216766357 76 102 94 121
class 0.26144546270370483 89 103 107 122
class 0.3103460371494293 102 103 121 123
class 0.23833604156970978 115 103 134 121
class 0.14910542964935303 128 104 145 122
class 0.9678472280502319 141 101 158 120
class 0.304738849401474 157 104 174 121
class 0.2546035349369049 168 104 185 122
class 0.26926952600479126 181 104 199 121
class 0.39202895760536194 194 104 212 121
class 0.24741853773593903 208 104 226 120
class 0.33400046825408936 233 102 248 121
class 0.3133576810359955 1 118 16 133
class 0.16637423634529114 23 118 40 134
class 0.27060413360595703 36 116 54 134
class 0.3705916106700897 49 116 68 134
class 0.2612438201904297 62 116 81 134
class 0.22274623811244965 76 116 95 135
class 0.11394204944372177 89 114 107 133
class 0.23666082322597504 104 114 122 133
class 0.315351277589798 114 114 133 135
class 0.25912415981292725 128 116 147 134
class 0.2982698380947113 141 119 159 136
class 0.3235710561275482 155 117 173 134
class 0.4955838620662689 168 116 185 133
class 0.4105192720890045 181 117 199 134
class 0.40926381945610046 195 117 212 134
class 0.16197998821735382 207 117 226 133
class 0.23720332980155945 233 115 248 134
class 0.25248247385025024 2 131 16 146
class 0.1295335441827774 23 130 40 147
class 0.19478274881839752 36 130 54 148
class 0.33586883544921875 50 130 67 148
class 0.27991223335266113 63 130 81 147
class 0.19492824375629425 76 129 94 147
class 0.9920216202735901 94 131 111 149
class 0.20994016528129578 115 129 134 147
class 0.3385249674320221 129 130 147 148
class 0.5309089422225952 142 130 159 147
class 0.4499329924583435 155 130 173 147
class 0.26847028732299805 167 130 185 147
class 0.20682941377162933 182 130 199 146
class 0.44407474994659424 194 131 212 147
class 0.27139797806739807 208 131 226 147
class 0.16819939017295837 220 131 237 147
class 0.37802547216415405 232 129 247 147
class 0.3516957759857178 1 144 16 160
class 0.10020069777965546 23 144 41 161
class 0.2403320074081421 37 142 55 161
class 0.3770254850387573 50 142 68 161
class 0.42291682958602905 62 143 80 161
class 0.2561609148979187 76 143 95 160
class 0.14521317183971405 89 141 107 158
class 0.4063566029071808 114 143 132 161
class 0.4988400340080261 129 143 146 160
class 0.6146502494812012 141 143 159 160
class 0.4589011073112488 155 143 172 160
class 0.38004758954048157 168 143 186 160
class 0.24056796729564667 181 143 199 160
class 0.4389536380767822 196 143 213 160
class 0.36588191986083984 207 144 225 160
class 0.10103969275951385 220 144 236 159
class 0.2050112634897232 233 142 247 160
class 0.4124770164489746 1 156 16 173
class 0.15613949298858643 35 155 54 175
class 0.21645885705947876 51 155 68 174
class 0.43503302335739136 63 156 80 174
class 0.29902970790863037 76 156 95 173
class 0.6174384355545044 89 156 107 172
class 0.5975004434585571 101 156 120 172
class 0.35406824946403503 115 156 133 173
class 0.36051976680755615 129 156 146 172
class 0.42715394496917725 143 156 160 172
class 0.4105994403362274 155 155 172 172
class 0.28444892168045044 168 156 186 173
class 0.2976722717285156 182 157 200 174
class 0.40064916014671326 195 156 213 174
class 0.190492644906044 208 157 226 172
class 0.35509422421455383 233 155 248 173
class 0.12227693945169449 2 169 16 184
class 0.983607292175293 20 169 38 188
class 0.19520629942417145 38 168 57 186
class 0.26590636372566223 50 169 68 187
class 0.44807595014572144 63 169 80 186
class 0.28966304659843445 76 169 94 186
class 0.3535703122615814 89 169 107 186
class 0.3507213592529297 102 169 120 186
class 0.4252629280090332 116 170 133 187
class 0.499535471200943 128 171 146 187
class 0.4286985397338867 142 170 159 186
class 0.33169057965278625 155 169 173 186
class 0.3600127696990967 169 170 187 187
class 0.23792293667793274 182 169 199 186
class 0.3168050944805145 196 168 214 185
class 0.15062938630580902 207 170 226 185
class 0.1354149729013443 233 168 247 186
class 0.31891006231307983 1 183 15 199
class 0.32774680852890015 51 183 68 200
class 0.37177661061286926 63 183 80 200
class 0.35662898421287537 76 183 93 200
class 0.26440298557281494 89 183 106 199
class 0.32701143622398376 104 184 120 200
class 0.4639996588230133 116 183 133 199
class 0.5037931203842163 129 182 146 199
class 0.46934881806373596 142 183 159 200
class 0.37358900904655457 156 183 173 199
class 0.47124335169792175 169 181 187 199
class 0.3280056118965149 182 183 199 200
class 0.4065459966659546 195 184 213 201
class 0.2888716459274292 207 184 226 200
class 0.25344157218933105 233 183 247 200
class 0.37052977085113525 0 196 15 212
class 0.1604953110218048 11 197 27 212
class 0.8035925626754761 22 196 40 213
class 0.36098694801330566 36 196 54 214
class 0.3250383138656616 50 196 68 214
class 0.398223876953125 63 196 81 213
class 0.4508974850177765 76 196 94 213
class 0.5677516460418701 90 197 107 214
class 0.7170898914337158 102 196 119 213
class 0.5546868443489075 116 196 133 213
class 0.5714197158813477 129 195 146 213
class 0.5665189027786255 142 195 159 212
class 0.4575774073600769 156 195 173 213
class 0.42531055212020874 169 196 186 213
class 0.33113425970077515 183 195 200 212
class 0.5242055058479309 194 195 212 213
class 0.4563637673854828 209 196 226 212
class 0.11257949471473694 220 197 235 212
class 0.3051743507385254 232 195 247 213
class 0.3691921532154083 1 210 16 226
class 0.37089282274246216 24 208 41 226
class 0.39156657457351685 36 209 54 227
class 0.22412431240081787 50 210 68 227
class 0.21516649425029755 62 209 80 227
class 0.3514671325683594 77 209 94 226
class 0.46353742480278015 90 209 107 226
class 0.39365091919898987 103 209 120 226
class 0.29863953590393066 115 209 133 226
class 0.215192511677742 129 209 146 226
class 0.2641769349575043 143 209 159 226
class 0.3779997229576111 156 209 173 226
class 0.428282231092453 168 209 186 227
class 0.29948073625564575 181 210 199 227
class 0.30123382806777954 195 209 212 227
class 0.23119597136974335 208 210 224 226
class 0.11560545116662979 220 210 235 225
class 0.21960802376270294 233 209 247 226
class 0.4843038022518158 1 223 17 238
class 0.1118263229727745 50 220 70 238
class 0.19844642281532288 77 223 94 239
class 0.21108528971672058 90 222 107 238
class 0.1665761023759842 103 222 120 238
class 0.17812319099903107 116 222 133 238
class 0.2075234055519104 130 223 147 239
class 0.26515907049179077 142 222 159 239
class 0.30891868472099304 156 223 173 239
class 0.25114813446998596 169 222 186 238
class 0.14396092295646667 182 221 199 238
class 0.3465549051761627 195 222 212 238
class 0.29545629024505615 207 223 224 239
class 0.37235939502716064 232 223 247 240
class 0.6997901797294617 0 234 17 249
class 0.503447949886322 11 232 31 248
class 0.9982316493988037 33 229 51 247
class 0.369075208902359 50 230 71 249
class 0.21074381470680237 63 231 83 248
class 0.6603476405143738 75 231 94 249
class 0.6168773174285889 89 230 108 248
class 0.5067359805107117 102 231 121 248
class 0.3834504187107086 116 231 134 248
class 0.5485205054283142 129 231 148 248
class 0.5567981600761414 142 231 160 248
class 0.6010138988494873 155 231 174 248
class 0.5394419431686401 168 231 187 248
class 0.5236574411392212 182 231 201 249
class 0.4513668119907379 194 231 212 249
class 0.262533038854599 208 231 226 248
class 0.2254103273153305 220 232 238 248
class 0.8778419494628906 232 231 249 249
