class 0.8186625242233276 1 3 16 18
class 0.35924479365348816 9 4 25 17
class 0.4443643391132355 23 4 41 18
class 0.47754353284835815 37 3 55 18
class 0.5719216465950012 48 4 66 18
class 0.4918023347854614 63 4 80 18
class 0.43656888604164124 75 3 93 18
class 0.39754316210746765 88 4 107 17
class 0.4653463661670685 101 4 120 17
class 0.5710106492042542 114 4 133 18
class 0.5742947459220886 128 4 146 18
class 0.6159152984619141 141 3 160 18
class 0.5387268662452698 153 3 173 18
class 0.6893680691719055 166 3 186 18
class 0.5724226236343384 180 3 199 18
class 0.511292040348053 193 3 213 18
class 0.4296160340309143 207 3 226 17
class 0.4870966672897339 220 3 237 17
class 0.8434893488883972 232 3 249 18
class 0.5975815057754517 1 10 15 26
class 0.12079355120658875 10 10 25 24
class 0.3543998599052429 24 10 39 25
class 0.3744575083255768 36 9 52 25
class 0.49234509468078613 62 10 79 25
class 0.48870721459388733 75 10 92 25
class 0.4794311821460724 88 9 105 25
class 0.48560020327568054 102 9 119 25
class 0.5519475936889648 115 10 132 25
class 0.6466452479362488 128 10 145 25
class 0.5404679775238037 141 9 158 25
class 0.45672500133514404 154 9 172 25
class 0.5509893894195557 167 9 185 26
class 0.5118753910064697 181 10 198 26
class 0.5354184508323669 194 10 212 26
class 0.3219052255153656 207 10 224 26
class 0.17194968461990356 233 8 247 26
class 0.39368751645088196 1 26 15 41
class 0.1389123797416687 22 27 38 41
class 0.14278259873390198 36 26 53 41
class 0.15186052024364471 48 25 65 40
class 0.1976873278617859 62 25 79 40
class 0.24450698494911194 75 25 92 40
class 0.23252888023853302 88 25 105 41
class 0.16245217621326447 101 26 119 41
class 0.17549557983875275 115 26 133 41
class 0.4039316475391388 128 25 145 41
class 0.30203789472579956 141 25 158 41
class 0.3094291090965271 154 26 172 41
class 0.2374868243932724 167 25 185 41
class 0.29522839188575745 181 25 199 41
class 0.5412322878837585 194 26 213 42
class 0.24916771054267883 206 25 224 41
class 0.25467103719711304 233 23 247 41
class 0.3145606815814972 1 39 15 54
class 0.2039543092250824 23 39 40 54
class 0.2175600528717041 36 38 53 55
class 0.14291352033615112 49 39 66 55
class 0.22099632024765015 62 39 79 55
class 0.33049967885017395 76 39 93 56
class 0.3132537603378296 89 38 106 55
class 0.4177102744579315 102 38 119 55
class 0.47049587965011597 115 38 133 55
class 0.4373689293861389 128 37 146 55
class 0.3368071913719177 142 38 159 55
class 0.48047739267349243 154 38 172 55
class 0.462825208902359 168 38 186 55
class 0.3143409490585327 180 38 198 56
class 0.43119576573371887 195 37 212 54
class 0.29218563437461853 207 38 225 54
class 0.12686432898044586 219 39 235 54
class 0.16527122259140015 234 37 247 56
class 0.6553142666816711 1 50 15 67
class 0.1192464753985405 25 51 41 67
class 0.3432799279689789 37 52 53 68
class 0.5844067931175232 50 51 66 68
class 0.5755904316902161 63 52 79 68
class 0.4201347827911377 76 50 92 67
class 0.4095124304294586 90 51 106 68
class 0.5182772278785706 103 51 119 68
class 0.5671974420547485 115 50 132 68
class 0.4366944134235382 129 50 146 68
class 0.6245715022087097 143 50 160 68
class 0.518642008304596 154 50 172 68
class 0.4839981496334076 168 49 186 68
class 0.43031421303749084 181 49 199 69
class 0.35936683416366577 194 51 212 70
class 0.24068060517311096 206 52 225 68
class 0.10591728240251541 220 51 236 67
class 0.2769765257835388 233 49 247 68
class 0.23154938220977783 0 66 13 80
class 0.44348570704460144 11 65 27 80
class 0.24312862753868103 36 64 53 80
class 0.3413323760032654 50 64 67 81
class 0.38943716883659363 63 63 80 80
class 0.3317562937736511 76 64 94 81
class 0.3868357837200165 90 63 107 81
class 0.5167493224143982 102 63 120 81
class 0.4367443323135376 116 63 134 81
class 0.426451176404953 128 63 146 82
class 0.4221811294555664 142 63 160 82
class 0.3049387037754059 155 63 174 82
class 0.13317345082759857 167 62 186 82
class 0.10543497651815414 182 61 201 81
class 0.1572195291519165 193 61 213 83
class 0.38010522723197937 207 64 227 82
class 0.18839341402053833 220 64 238 81
class 0.44193869829177856 231 63 248 83
class 0.8040339946746826 1 79 16 95
class 0.2045721411705017 36 77 54 94
class 0.22830606997013092 50 77 67 94
class 0.3406291902065277 63 79 80 95
class 0.3056531548500061 77 77 94 94
class 0.3926742672920227 89 77 107 95
class 0.5487864017486572 103 77 121 95
class 0.547918975353241 116 77 134 95
class 0.3371122479438782 128 75 146 94
class 0.21372130513191223 142 75 160 93
class 0.2914426028728485 156 74 175 94
class 0.9461181163787842 173 77 191 97
class 0.38200142979621887 194 74 213 94
class 0.40451911091804504 1 90 16 106
class 0.24023501574993134 22 91 39 106
class 0.18453246355056763 35 91 53 108
class 0.41346749663352966 50 91 68 108
class 0.6640262603759766 63 90 80 107
class 0.4163529872894287 76 91 94 107
class 0.4391711950302124 89 91 107 108
class 0.48005327582359314 102 90 120 108
class 0.714177131652832 117 91 135 108
class 0.9824269413948059 137 92 157 112
class 0.31735002994537354 156 88 176 108
class 0.19192805886268616 169 88 189 107
class 0.9969520568847656 223 85 241 104
class 0.22589237987995148 1 105 15 120
class 0.16460447013378143 36 104 54 121
class 0.24268768727779388 49 103 67 120
class 0.3698398172855377 64 103 81 120
class 0.32289063930511475 77 103 94 120
class 0.542857825756073 89 103 107 121
class 0.4916803538799286 103 103 120 120
class 0.4140389859676361 116 101 134 119
class 0.28895217180252075 139 100 157 119
class 0.698585569858551 168 104 186 121
class 0.638078510761261 180 104 199 120
class 0.2058856040239334 193 103 212 120
class 0.37902694940567017 1 117 15 133
class 0.1513807475566864 23 118 40 133
class 0.3354296088218689 36 117 54 134
class 0.3705027103424072 50 117 67 134
class 0.42581379413604736 63 117 80 134
class 0.3015575110912323 76 117 93 134
class 0.3651963770389557 89 116 107 134
class 0.40558114647865295 102 117 120 134
class 0.30765101313591003 116 117 134 134
class 0.6696236729621887 128 116 146 134
class 0.7816559672355652 141 118 159 134
class 0.3148294985294342 153 117 173 134
class 0.36625176668167114 168 117 186 134
class 0.2656574249267578 180 117 199 134
class 0.12124703079462051 194 118 213 134
class 0.13414020836353302 233 115 247 134
class 0.126422718167305 1 131 15 146
class 0.10446331650018692 23 130 40 146
class 0.2600034177303314 36 129 54 146
class 0.35043883323669434 50 129 68 146
class 0.4214838445186615 64 129 81 147
class 0.5114705562591553 76 129 93 147
class 0.34536314010620117 89 130 107 147
class 0.47936004400253296 102 129 119 147
class 0.29999908804893494 116 130 133 147
class 0.19450831413269043 128 129 146 147
class 0.3205045163631439 141 129 159 147
class 0.2839207053184509 155 129 173 146
class 0.3266160488128662 168 130 186 147
class 0.29675260186195374 181 130 199 146
class 0.20423421263694763 194 130 212 147
class 0.15583612024784088 233 128 247 147
class 0.5426250100135803 1 144 16 160
class 0.10084658116102219 10 144 26 158
class 0.11593608558177948 23 144 40 159
class 0.152464359998703 36 143 54 160
class 0.2554948627948761 50 143 68 160
class 0.34884414076805115 64 142 81 159
class 0.4325030744075775 76 142 93 160
class 0.38838639855384827 90 143 107 160
class 0.36146384477615356 102 143 119 161
class 0.33705949783325195 116 142 133 160
class 0.21559187769889832 128 143 146 161
class 0.41925048828125 141 142 159 160
class 0.28368568420410156 155 144 173 161
class 0.3088982105255127 168 143 186 160
class 0.377999871969223 181 143 199 160
class 0.3841462731361389 194 143 212 161
class 0.21213048696517944 207 144 226 160
class 0.35363760590553284 232 143 247 161
class 0.2286427915096283 1 157 15 172
class 0.12369930744171143 23 157 40 172
class 0.1784699708223343 36 157 54 173
class 0.33404749631881714 50 156 68 173
class 0.3506368398666382 63 156 81 173
class 0.24479804933071136 76 156 93 174
class 0.26404690742492676 90 156 107 173
class 0.2950328290462494 102 156 120 173
class 0.32524004578590393 115 156 134 174
class 0.33247339725494385 128 156 146 174
class 0.3992951214313507 141 156 160 174
class 0.3856923580169678 155 156 173 173
class 0.2862788736820221 168 156 187 173
class 0.22292731702327728 181 156 199 173
class 0.3395180106163025 195 156 213 173
class 0.23698195815086365 207 156 226 172
class 0.350608229637146 232 154 247 172
class 0.2264779955148697 1 171 15 186
class 0.1622585505247116 24 170 41 186
class 0.18132956326007843 36 169 54 186
class 0.3559757173061371 50 169 67 186
class 0.3935791552066803 63 168 81 186
class 0.3728092610836029 76 169 94 186
class 0.34132373332977295 89 169 107 186
class 0.32085520029067993 102 169 120 186
class 0.3577074110507965 115 169 134 186
class 0.3730047047138214 129 169 147 186
class 0.392912358045578 141 169 160 186
class 0.3921376168727875 156 169 174 186
class 0.41227298974990845 168 169 187 186
class 0.40318283438682556 181 169 200 186
class 0.3718090057373047 194 169 213 187
class 0.21164369583129883 207 170 226 186
class 0.3065958023071289 232 169 247 187
class 0.44864681363105774 1 184 16 200
class 0.26771220564842224 23 183 41 200
class 0.2381884753704071 36 183 55 201
class 0.5424258708953857 50 183 67 200
class 0.6145794987678528 63 183 81 200
class 0.3939644992351532 76 183 94 200
class 0.395900160074234 90 182 107 200
class 0.4599957764148712 103 183 120 200
class 0.4609980881214142 115 183 134 200
class 0.42182457447052 129 182 147 200
class 0.42265933752059937 142 182 160 199
class 0.40217098593711853 156 182 173 200
class 0.4411001205444336 168 182 186 200
class 0.2632347643375397 182 181 199 199
class 0.2790924310684204 194 182 212 200
class 0.22837242484092712 208 183 226 199
class 0.40504539012908936 233 182 247 200
class 0.46284568309783936 1 196 16 213
class 0.3297135531902313 23 195 41 214
class 0.3031984269618988 36 195 55 214
class 0.42279812693595886 50 195 68 214
class 0.4389638900756836 63 195 81 213
class 0.4325897991657257 76 195 94 213
class 0.404488742351532 90 196 107 213
class 0.3991783559322357 103 195 120 213
class 0.44094470143318176 116 195 134 213
class 0.44452375173568726 129 196 147 214
class 0.4821197986602783 143 196 160 214
class 0.4771202802658081 155 195 173 214
class 0.3725747764110565 168 194 186 213
class 0.2621881067752838 183 196 200 214
class 0.5494391918182373 194 196 212 214
class 0.3630676567554474 208 196 225 213
class 0.1932520717382431 220 197 236 213
class 0.29830336570739746 233 195 247 213
class 0.8559086322784424 13 212 30 230
class 0.11901073157787323 25 208 42 225
class 0.46392765641212463 36 208 54 227
class 0.32560181617736816 49 209 67 226
class 0.26928335428237915 64 209 81 226
class 0.29496920108795166 76 209 93 226
class 0.36456018686294556 89 209 107 226
class 0.35457727313041687 103 209 120 227
class 0.39952024817466736 116 209 134 227
class 0.4489920437335968 129 209 147 226
class 0.4089021682739258 142 208 160 226
class 0.3612162470817566 155 208 173 226
class 0.3815944492816925 168 210 186 227
class 0.35270488262176514 181 209 199 227
class 0.4279578924179077 195 208 212 226
class 0.2437255084514618 208 210 225 226
class 0.10649903118610382 220 210 235 225
class 0.36923158168792725 232 209 247 227
class 0.16345836222171783 36 221 54 237
class 0.1343621164560318 50 222 68 238
class 0.13105273246765137 64 222 81 237
class 0.1521276831626892 77 222 94 238
class 0.24832148849964142 89 222 107 239
class 0.1366511732339859 103 222 121 239
class 0.21831057965755463 116 222 134 238
class 0.2424752414226532 129 222 147 239
class 0.2595391869544983 142 223 159 239
class 0.15052348375320435 156 222 173 238
class 0.12460198998451233 169 221 185 237
class 0.2730097472667694 183 221 199 238
class 0.4634699523448944 196 223 212 239
class 0.3969772458076477 208 223 225 239
class 0.32794398069381714 232 223 247 240
class 0.5151177644729614 0 234 17 249
class 0.4172961115837097 21 232 40 249
class 0.22435839474201202 36 232 56 249
class 0.33986639976501465 50 232 69 248
class 0.3962027132511139 63 232 81 249
class 0.35901015996932983 77 231 95 248
class 0.5074291825294495 89 230 108 248
class 0.5183148980140686 103 230 122 248
class 0.5105988383293152 115 231 134 248
class 0.5114969611167908 129 231 148 248
class 0.5809029936790466 142 230 161 248
class 0.3999725580215454 154 231 173 248
class 0.522753119468689 168 232 187 249
class 0.4247550666332245 182 231 200 248
class 0.5406924486160278 195 231 213 248
class 0.45116734504699707 207 230 225 248
class 0.31104445457458496 220 231 238 249
class 0.8762353658676147 232 231 249 249
