class 0.8776679635047913 0 2 17 18
class 0.3382481336593628 9 4 26 17
class 0.4171263575553894 21 4 39 18
class 0.5306552648544312 36 3 54 18
class 0.4469504952430725 48 3 67 17
class 0.5056723952293396 62 4 81 17
class 0.6338642239570618 74 4 93 18
class 0.7328910231590271 88 3 108 18
class 0.3837607502937317 102 3 121 18
class 0.5528185963630676 113 3 133 18
class 0.8026434183120728 126 3 145 18
class 0.49963700771331787 142 4 160 18
class 0.3555273115634918 154 4 172 18
class 0.5725205540657043 166 3 185 18
class 0.553585410118103 181 3 199 18
class 0.5155398845672607 194 3 213 18
class 0.5362205505371094 206 3 225 18
class 0.352678120136261 221 4 237 17
class 0.8117190599441528 232 2 248 18
class 0.5351359248161316 1 9 15 25
class 0.27464911341667175 23 10 38 25
class 0.607151210308075 36 10 53 26
class 0.43782228231430054 49 10 66 26
class 0.4656015932559967 63 10 80 25
class 0.5481839776039124 75 9 92 25
class 0.4929223954677582 89 9 106 25
class 0.27911293506622314 102 9 120 25
class 0.44329023361206055 113 9 131 25
class 0.40247178077697754 155 9 172 25
class 0.4917711615562439 166 9 184 26
class 0.42672887444496155 181 9 198 25
class 0.6004336476325989 194 9 212 25
class 0.12340489774942398 233 8 246 26
class 0.4045632779598236 1 26 15 41
class 0.1601659059524536 36 25 53 40
class 0.28171026706695557 49 26 66 41
class 0.3972484767436981 62 26 79 41
class 0.3165228068828583 75 26 92 41
class 0.17325633764266968 89 26 107 40
class 0.26998674869537354 101 26 119 41
class 0.2658260464668274 114 26 133 41
class 0.24196146428585052 127 25 145 41
class 0.10619386285543442 167 26 185 41
class 0.2350998967885971 180 26 199 42
class 0.35313880443573 193 25 212 41
class 0.12347579002380371 206 25 224 41
class 0.2603612244129181 233 23 247 41
class 0.3319917917251587 1 38 15 53
class 0.10256567597389221 23 39 40 54
class 0.2185741364955902 35 38 53 55
class 0.35175034403800964 49 37 66 54
class 0.3380805253982544 62 38 80 54
class 0.2491443157196045 75 38 93 54
class 0.19461753964424133 89 38 107 54
class 0.28082650899887085 101 38 119 55
class 0.20509137213230133 114 38 132 55
class 0.2501669228076935 128 38 146 55
class 0.20913998782634735 141 38 159 55
class 0.38895270228385925 154 39 172 56
class 0.4740642309188843 168 38 185 55
class 0.42660459876060486 181 38 198 55
class 0.29161688685417175 194 38 212 55
class 0.17045454680919647 207 39 225 54
class 0.11663371324539185 219 39 235 54
class 0.13540644943714142 233 36 246 55
class 0.5313822031021118 1 51 15 67
class 0.14764195680618286 22 52 39 67
class 0.19903793931007385 36 51 53 68
class 0.22266359627246857 49 50 67 68
class 0.4200582802295685 63 50 81 68
class 0.34009554982185364 75 51 93 68
class 0.3020148277282715 88 51 106 69
class 0.2845248878002167 102 51 119 68
class 0.2531864643096924 115 51 132 68
class 0.27598708868026733 128 51 145 68
class 0.3037109076976776 142 51 159 68
class 0.3832303583621979 155 50 171 68
class 0.31357988715171814 168 50 185 67
class 0.2950592339038849 181 50 198 67
class 0.33553892374038696 194 51 212 68
class 0.20085561275482178 207 51 225 66
class 0.1734168529510498 220 51 236 66
class 0.3239463269710541 233 51 247 69
class 0.2799006402492523 1 65 15 80
class 0.10712182521820068 24 65 40 81
class 0.19191047549247742 35 64 53 82
class 0.20933455228805542 49 64 68 82
class 0.2242872416973114 63 63 81 81
class 0.21150794625282288 76 63 95 82
class 0.2583555579185486 89 62 107 82
class 0.21319876611232758 102 63 121 82
class 0.22399255633354187 115 63 133 82
class 0.29763785004615784 129 64 146 82
class 0.3483183979988098 142 64 159 81
class 0.5427477955818176 155 64 172 81
class 0.3767687678337097 168 64 185 81
class 0.15006473660469055 181 64 199 81
class 0.22048696875572205 195 64 212 81
class 0.21513210237026215 207 65 225 81
class 0.1599268615245819 221 65 237 80
class 0.3094545602798462 232 62 247 80
class 0.3334214389324188 1 78 16 93
class 0.13000506162643433 23 77 39 93
class 0.21857160329818726 36 77 54 95
class 0.3168817162513733 50 77 68 94
class 0.34678083658218384 63 77 82 95
class 0.40140500664711 76 76 95 95
class 0.6024792790412903 89 77 108 96
class 0.24500474333763123 101 76 120 96
class 0.2050507515668869 115 76 134 96
class 0.29389771819114685 128 76 147 95
class 0.40535300970077515 142 77 159 94
class 0.4323657751083374 155 76 173 94
class 0.3132723271846771 168 77 186 95
class 0.3328644931316376 181 78 199 95
class 0.44275861978530884 195 78 212 95
class 0.25862738490104675 207 78 225 94
class 0.10872416198253632 220 77 236 93
class 0.18934553861618042 233 76 247 95
class 0.2773470878601074 1 92 15 107
class 0.1309220939874649 36 90 54 108
class 0.45173922181129456 50 90 68 108
class 0.2024536430835724 62 88 82 107
class 0.2304050475358963 115 88 134 109
class 0.3578907549381256 128 90 147 109
class 0.4136650562286377 142 90 159 107
class 0.4074935019016266 155 90 173 107
class 0.36195868253707886 168 90 185 107
class 0.39343538880348206 182 91 199 108
class 0.3606925308704376 195 90 212 107
class 0.253603458404541 208 91 226 107
class 0.23666876554489136 233 89 248 108
class 0.2719697952270508 1 106 15 120
class 0.10354079306125641 23 105 40 120
class 0.13688474893569946 36 103 54 121
class 0.29077768325805664 49 102 67 120
class 0.9939712882041931 88 98 107 120
class 0.3203531503677368 130 102 148 121
class 0.49039798974990845 142 104 159 121
class 0.2956553101539612 155 103 172 120
class 0.35794326663017273 168 104 185 121
class 0.505259096622467 183 103 200 120
class 0.45217663049697876 194 104 212 120
class 0.49939167499542236 208 104 226 120
class 0.39452263712882996 220 105 236 120
class 0.3698139488697052 232 102 247 122
class 0.4408053457736969 1 117 16 133
class 0.34375059604644775 50 117 67 134
class 0.1334414780139923 62 117 81 134
class 0.10143205523490906 86 117 106 135
class 0.9929090142250061 105 118 124 137
class 0.33993566036224365 129 117 147 135
class 0.45427241921424866 142 116 159 133
class 0.3884296119213104 155 118 172 134
class 0.3747027814388275 168 117 185 134
class 0.47711339592933655 182 116 199 133
class 0.3780253827571869 195 116 213 133
class 0.11197329312562943 206 116 224 132
class 0.5858643651008606 234 114 248 133
class 0.16590972244739532 1 131 15 146
class 0.23479919135570526 37 130 54 148
class 0.35347381234169006 50 129 67 147
class 0.23514045774936676 62 129 81 146
class 0.5445541143417358 128 130 145 148
class 0.4760114550590515 142 131 159 147
class 0.4263678789138794 155 130 172 147
class 0.36054152250289917 168 130 185 147
class 0.44117212295532227 181 130 198 147
class 0.2272212654352188 195 130 213 147
class 0.10943898558616638 207 132 225 148
class 0.5217061638832092 233 130 248 149
class 0.2263241708278656 1 144 16 160
class 0.1703350991010666 36 142 54 160
class 0.23743657767772675 50 143 68 160
class 0.34850865602493286 62 143 81 161
class 0.27803561091423035 101 145 120 161
class 0.3850787580013275 115 144 133 160
class 0.4452225863933563 129 143 146 159
class 0.4852595627307892 142 143 159 159
class 0.42380377650260925 156 143 172 159
class 0.4651964008808136 168 144 185 160
class 0.3835126459598541 181 143 198 160
class 0.3996099829673767 195 144 212 161
class 0.4831928312778473 208 144 226 160
class 0.36331915855407715 219 145 236 160
class 0.3412121534347534 232 141 247 159
class 0.27211421728134155 1 157 16 172
class 0.19938452541828156 36 156 54 173
class 0.18354664742946625 50 156 68 173
class 0.29631394147872925 63 156 81 174
class 0.26368576288223267 76 156 94 174
class 0.279624879360199 88 156 107 173
class 0.37755876779556274 102 155 120 173
class 0.37891077995300293 115 156 133 173
class 0.42341646552085876 129 157 146 173
class 0.40969130396842957 142 157 159 173
class 0.3614884912967682 155 156 172 173
class 0.3904874622821808 169 155 186 172
class 0.2710671126842499 181 156 199 173
class 0.3050249516963959 195 156 212 173
class 0.2453000843524933 207 156 225 172
class 0.2686437666416168 221 157 237 171
class 0.29464030265808105 233 156 247 174
class 0.14690569043159485 1 170 15 185
class 0.19792942702770233 37 169 55 186
class 0.33242955803871155 50 169 69 186
class 0.4416276812553406 63 168 81 186
class 0.36146900057792664 76 169 94 186
class 0.22822768986225128 89 169 107 186
class 0.23273760080337524 102 170 120 187
class 0.25719642639160156 116 170 133 186
class 0.35755789279937744 129 169 146 186
class 0.36701783537864685 142 169 159 185
class 0.39966103434562683 156 170 173 186
class 0.35620757937431335 168 170 186 186
class 0.23889003694057465 182 169 199 186
class 0.2036697119474411 195 170 213 186
class 0.26856860518455505 207 171 225 186
class 0.10036220401525497 220 171 236 185
class 0.24793460965156555 233 169 247 186
class 0.3309701383113861 2 184 16 200
class 0.18596582114696503 23 183 41 199
class 0.21015776693820953 37 183 55 199
class 0.32339510321617126 51 182 69 199
class 0.39431560039520264 63 182 81 200
class 0.3958308696746826 77 182 95 200
class 0.4828640818595886 90 183 108 200
class 0.5615096092224121 102 183 119 200
class 0.34241876006126404 116 183 133 200
class 0.3272453248500824 129 183 146 199
class 0.3708725869655609 142 183 159 200
class 0.46789324283599854 156 182 173 199
class 0.4657061994075775 168 182 186 200
class 0.26833203434944153 182 183 199 200
class 0.3051146864891052 195 183 212 200
class 0.3334227204322815 207 183 225 199
class 0.1066155657172203 220 183 236 198
class 0.26429805159568787 232 182 247 200
class 0.35180702805519104 1 197 16 212
class 0.2144799828529358 24 196 41 212
class 0.29939478635787964 37 196 55 213
class 0.5323644876480103 50 195 68 213
class 0.5770038962364197 64 195 82 213
class 0.41006946563720703 76 195 95 213
class 0.4022493064403534 89 196 108 214
class 0.4988451600074768 102 196 120 214
class 0.23691117763519287 116 196 133 214
class 0.36831164360046387 129 196 146 214
class 0.43556204438209534 143 195 159 213
class 0.4200708866119385 156 195 172 213
class 0.43937721848487854 169 195 186 212
class 0.36073705554008484 182 195 199 212
class 0.46506866812705994 195 195 212 213
class 0.4190087914466858 207 196 225 212
class 0.15532179176807404 220 197 236 212
class 0.25300636887550354 233 195 247 213
class 0.31654512882232666 1 209 16 225
class 0.2194119095802307 24 209 40 225
class 0.24013561010360718 37 209 55 226
class 0.30257919430732727 50 208 68 226
class 0.4516126811504364 63 208 82 226
class 0.3537220358848572 77 208 97 226
class 0.22247199714183807 116 207 134 227
class 0.33153077960014343 130 208 148 227
class 0.23570679128170013 142 209 159 226
class 0.3535916805267334 155 210 172 227
class 0.32833683490753174 168 209 185 227
class 0.24517984688282013 182 209 199 226
class 0.35179731249809265 195 209 212 227
class 0.22458459436893463 207 210 224 226
class 0.1095196008682251 221 210 235 225
class 0.293952077627182 232 209 247 227
class 0.8146706819534302 1 223 17 239
class 0.1550132781267166 26 223 41 238
class 0.2648819386959076 37 223 54 239
class 0.2173464000225067 50 224 68 239
class 0.25438645482063293 63 224 80 239
class 0.993648886680603 97 219 117 239
class 0.12607894837856293 143 223 160 238
class 0.3759629726409912 156 222 172 238
class 0.24149936437606812 169 222 186 238
class 0.1608419418334961 182 223 199 239
class 0.2775704264640808 195 222 212 238
class 0.27342236042022705 208 222 224 238
class 0.3760473430156708 232 222 247 240
class 0.7824927568435669 0 232 17 249
class 0.22392743825912476 10 232 27 248
class 0.40533700585365295 24 231 41 248
class 0.5656040906906128 37 231 55 248
class 0.5212540030479431 50 231 68 248
class 0.428956001996994 62 231 82 248
class 0.2614774703979492 76 231 96 248
class 0.23873113095760345 99 232 121 249
class 0.34048449993133545 129 232 149 248
class 0.40480318665504456 141 231 161 248
class 0.5626187324523926 155 231 173 248
class 0.47301697731018066 169 231 187 249
class 0.5768628120422363 181 231 200 248
class 0.5318214297294617 194 232 212 249
class 0.3641313910484314 207 232 225 249
class 0.16999603807926178 220 232 238 249
class 0.8990724086761475 232 232 249 249
