class 0.7294329404830933 1 3 17 17
class 0.4522273540496826 9 4 26 18
class 0.3881889581680298 22 4 40 18
class 0.4672638773918152 35 4 54 18
class 0.48804253339767456 49 4 68 18
class 0.4757847785949707 62 4 80 18
class 0.62547367811203 75 4 94 18
class 0.3170603811740875 88 4 107 18
class 0.5070227980613708 101 4 120 18
class 0.49961432814598083 113 3 133 18
class 0.5577747225761414 129 4 148 18
class 0.6217242479324341 139 3 159 18
class 0.5233586430549622 154 3 173 18
class 0.5011498928070068 167 3 186 18
class 0.4793633818626404 180 3 199 18
class 0.47223004698753357 194 3 213 18
class 0.42912161350250244 207 4 225 18
class 0.316535085439682 220 4 237 18
class 0.6662155985832214 232 3 248 18
class 0.48410144448280334 1 11 16 26
class 0.1205025389790535 10 10 25 24
class 0.40020740032196045 22 10 38 25
class 0.4591391682624817 36 9 53 25
class 0.534544825553894 49 9 66 25
class 0.4541562795639038 63 9 80 25
class 0.48082271218299866 75 9 92 25
class 0.48596450686454773 89 9 106 25
class 0.5469292402267456 100 9 118 25
class 0.5255584120750427 114 10 132 26
class 0.4788946211338043 128 10 145 26
class 0.5008641481399536 141 9 158 26
class 0.5284168720245361 154 11 172 27
class 0.49162042140960693 167 9 185 26
class 0.5805621147155762 180 9 198 25
class 0.5354677438735962 195 9 212 25
class 0.37188947200775146 207 9 224 25
class 0.2950805425643921 0 25 15 41
class 0.16200849413871765 35 26 53 41
class 0.15542073547840118 49 26 66 41
class 0.1750362068414688 62 26 80 41
class 0.18391790986061096 75 25 92 41
class 0.14441503584384918 88 26 106 41
class 0.19637031853199005 101 26 118 41
class 0.17135153710842133 115 26 132 41
class 0.18736860156059265 127 25 145 41
class 0.37168794870376587 141 26 159 41
class 0.3323279321193695 153 25 171 41
class 0.2031826227903366 167 26 186 42
class 0.13083447515964508 180 25 198 42
class 0.2690673768520355 194 25 212 41
class 0.10485705733299255 233 23 247 42
class 0.2133190780878067 1 40 15 54
class 0.10675853490829468 22 39 40 54
class 0.20589447021484375 35 38 54 54
class 0.34764978289604187 48 38 67 55
class 0.41653773188591003 62 38 80 55
class 0.2975316047668457 75 38 93 54
class 0.2711348533630371 88 37 106 54
class 0.31676334142684937 102 37 120 54
class 0.28570324182510376 115 38 132 55
class 0.3070853054523468 128 39 146 56
class 0.2111561894416809 140 37 159 55
class 0.3507630527019501 154 38 172 55
class 0.29330477118492126 168 37 186 55
class 0.21989408135414124 180 38 198 55
class 0.10653594881296158 193 37 213 55
class 0.17468291521072388 220 36 237 52
class 0.2997945547103882 233 35 248 55
class 0.3313170075416565 1 52 16 67
class 0.2020013928413391 36 51 54 68
class 0.3289201557636261 49 50 67 68
class 0.36327481269836426 63 50 80 68
class 0.24564702808856964 76 50 93 68
class 0.22367127239704132 89 51 106 68
class 0.17020559310913086 102 50 120 68
class 0.1761975884437561 115 50 133 68
class 0.22291216254234314 128 49 146 67
class 0.25169602036476135 141 50 159 68
class 0.2023126482963562 155 50 172 68
class 0.38684478402137756 169 51 186 68
class 0.9980783462524414 210 53 229 71
class 0.1644718497991562 231 49 247 68
class 0.2133760154247284 2 65 16 80
class 0.16044391691684723 24 66 40 81
class 0.1388920545578003 36 65 54 81
class 0.2943432033061981 51 63 68 81
class 0.40399619936943054 64 64 81 81
class 0.3550112545490265 76 65 93 82
class 0.34328335523605347 89 63 107 82
class 0.2391119748353958 103 63 121 82
class 0.23287661373615265 115 63 133 82
class 0.21598373353481293 128 64 147 82
class 0.22460180521011353 142 63 160 82
class 0.30679163336753845 155 64 174 82
class 0.4586445987224579 168 64 186 82
class 0.1848694235086441 232 64 247 82
class 0.2185690999031067 1 78 16 93
class 0.1751212328672409 24 77 40 92
class 0.2857339084148407 36 77 54 94
class 0.24305559694766998 50 77 68 94
class 0.2906831204891205 63 76 81 94
class 0.5257469415664673 76 75 94 94
class 0.3268682062625885 89 76 107 95
class 0.2601749002933502 102 76 121 97
class 0.2635922133922577 116 75 134 95
class 0.23729872703552246 128 75 147 95
class 0.22255700826644897 142 76 160 95
class 0.17537832260131836 154 76 173 95
class 0.2297246903181076 168 76 187 94
class 0.1254429966211319 180 76 200 95
class 0.13242210447788239 194 76 214 94
class 0.41669756174087524 207 78 226 94
class 0.13344715535640717 233 76 247 94
class 0.2848750054836273 1 91 15 107
class 0.1015612930059433 37 89 55 107
class 0.19983434677124023 49 90 67 108
class 0.1252128779888153 63 89 81 107
class 0.12461685389280319 75 88 94 107
class 0.2745438516139984 103 87 122 108
class 0.16233347356319427 115 87 135 108
class 0.11144006997346878 128 88 148 109
class 0.19529715180397034 142 88 160 109
class 0.2167041301727295 155 89 174 109
class 0.16324584186077118 167 88 186 108
class 0.13425308465957642 181 89 200 108
class 0.10982733964920044 208 89 226 107
class 0.17312993109226227 233 89 247 107
class 0.34315070509910583 1 104 16 120
class 0.5071227550506592 50 103 68 121
class 0.33839166164398193 64 103 82 121
class 0.24049770832061768 74 104 91 121
class 0.9897025227546692 91 104 109 124
class 0.146009624004364 102 102 122 121
class 0.17538133263587952 116 102 135 121
class 0.34262117743492126 129 102 147 122
class 0.31702908873558044 142 101 161 122
class 0.1836530715227127 155 102 174 123
class 0.18533822894096375 182 103 200 122
class 0.7043002843856812 195 103 213 122
class 0.18289034068584442 207 104 225 121
class 0.15681709349155426 233 102 247 121
class 0.19211718440055847 1 118 15 133
class 0.10555005073547363 24 118 41 134
class 0.2024996131658554 36 117 54 134
class 0.4175923466682434 49 117 67 134
class 0.1256009191274643 62 116 81 134
class 0.20463649928569794 75 116 94 134
class 0.1636492908000946 88 114 106 132
class 0.14097976684570312 104 118 123 135
class 0.2363976538181305 116 116 135 135
class 0.1520915925502777 157 112 176 134
class 0.1879747211933136 233 115 247 133
class 0.14507436752319336 1 131 15 146
class 0.15455716848373413 24 130 40 146
class 0.26073622703552246 36 130 54 147
class 0.43684595823287964 49 130 68 147
class 0.2689301371574402 62 131 81 147
class 0.2521267533302307 76 129 95 147
class 0.5819002389907837 88 129 107 146
class 0.3724897801876068 102 128 120 145
class 0.2028558850288391 117 128 135 145
class 0.12894099950790405 128 129 147 146
class 0.9964608550071716 140 124 158 145
class 0.1691717654466629 156 128 175 146
class 0.11658614128828049 181 129 198 148
class 0.9952839612960815 196 127 213 147
class 0.2405245155096054 1 145 16 160
class 0.11686331033706665 35 144 54 161
class 0.1888391673564911 49 142 68 160
class 0.2093910127878189 63 142 81 160
class 0.29657256603240967 76 143 94 160
class 0.3077771067619324 89 143 107 160
class 0.387431800365448 102 144 120 160
class 0.1440810114145279 127 143 147 160
class 0.1540551483631134 140 145 159 161
class 0.2128596007823944 179 142 199 160
class 0.29271063208580017 194 144 211 161
class 0.4935689866542816 233 143 247 161
class 0.15434236824512482 2 157 16 172
class 0.11205330491065979 23 157 40 173
class 0.16856426000595093 36 156 55 173
class 0.24179866909980774 49 157 68 174
class 0.2852967083454132 62 156 80 174
class 0.3563268482685089 77 155 95 173
class 0.3923930823802948 89 156 107 173
class 0.3736230134963989 102 156 120 173
class 0.1439317911863327 115 156 134 173
class 0.13625061511993408 128 155 147 173
class 0.18976639211177826 141 156 160 173
class 0.2766145169734955 154 156 173 173
class 0.1773134469985962 167 156 185 173
class 0.19977912306785583 181 156 200 173
class 0.3175871968269348 193 156 213 173
class 0.2950531244277954 207 156 227 172
class 0.2086735963821411 233 154 246 172
class 0.2494306117296219 1 171 16 186
class 0.11410941928625107 23 170 40 186
class 0.13658200204372406 36 169 55 186
class 0.33696693181991577 50 169 68 186
class 0.4531049132347107 63 169 81 186
class 0.38879674673080444 76 169 94 186
class 0.4755181670188904 90 169 108 186
class 0.3735524117946625 102 169 120 186
class 0.2973906099796295 115 169 133 186
class 0.275410532951355 129 170 147 187
class 0.3776039779186249 142 170 159 186
class 0.41085442900657654 154 170 173 186
class 0.4089455008506775 168 170 186 187
class 0.4099143147468567 181 170 199 187
class 0.5336071848869324 195 169 213 186
class 0.22244277596473694 206 170 225 185
class 0.26991385221481323 233 168 247 187
class 0.2504390776157379 1 184 15 198
class 0.10864245146512985 24 183 41 199
class 0.20747090876102448 37 183 54 200
class 0.39707353711128235 51 183 68 200
class 0.4364241361618042 63 183 81 200
class 0.4663291871547699 76 183 94 200
class 0.46483084559440613 90 182 107 200
class 0.521284282207489 103 183 120 200
class 0.5125501155853271 116 183 134 200
class 0.5503473877906799 129 182 146 199
class 0.42132678627967834 142 183 159 199
class 0.31822898983955383 155 182 172 199
class 0.3823455274105072 169 182 186 199
class 0.36628031730651855 182 182 199 199
class 0.5950728058815002 196 183 213 200
class 0.4456316828727722 207 184 225 199
class 0.30321168899536133 234 181 248 199
class 0.5703690648078918 1 197 16 213
class 0.19998736679553986 24 196 40 212
class 0.3960932791233063 37 196 54 213
class 0.4669699966907501 50 195 68 213
class 0.4945523738861084 63 195 81 213
class 0.48473185300827026 76 195 94 213
class 0.47208479046821594 90 196 107 214
class 0.4748848080635071 103 195 121 213
class 0.4299614429473877 116 196 133 213
class 0.4737824499607086 129 196 146 213
class 0.5468131899833679 143 196 160 213
class 0.5140601992607117 155 196 172 213
class 0.4704302251338959 168 196 186 213
class 0.3482381999492645 182 196 199 213
class 0.5566240549087524 195 196 213 213
class 0.5482782125473022 206 197 225 214
class 0.17078080773353577 220 198 237 213
class 0.5432319045066833 231 197 248 215
class 0.31673485040664673 2 210 16 225
class 0.1667424887418747 25 210 40 225
class 0.27460113167762756 37 209 53 226
class 0.2931378483772278 50 208 67 226
class 0.29291999340057373 64 208 80 226
class 0.3697618246078491 77 209 94 226
class 0.42563527822494507 90 209 107 227
class 0.42932578921318054 103 209 120 227
class 0.48241081833839417 116 209 133 226
class 0.3272124230861664 129 209 146 226
class 0.28049543499946594 143 208 159 226
class 0.19848714768886566 155 209 172 226
class 0.230793759226799 169 209 186 226
class 0.38450348377227783 182 210 200 227
class 0.6283612847328186 195 209 213 227
class 0.7504542469978333 206 207 225 225
class 0.5498106479644775 232 206 249 224
class 0.8110215663909912 1 223 17 238
class 0.14720715582370758 25 223 39 238
class 0.19470228254795074 37 222 53 238
class 0.26663118600845337 51 222 68 238
class 0.2728166878223419 64 222 80 239
class 0.2541811764240265 77 222 94 238
class 0.19253036379814148 91 221 107 237
class 0.24020244181156158 103 222 119 238
class 0.1767103224992752 117 222 133 238
class 0.18417081236839294 130 221 146 238
class 0.36788424849510193 143 221 160 238
class 0.34784531593322754 156 222 171 239
class 0.24942751228809357 169 223 186 239
class 0.3709891140460968 182 223 199 239
class 0.4024907350540161 196 223 213 238
class 0.2630351483821869 206 223 223 238
class 0.9620253443717957 218 221 237 239
class 0.19471745193004608 233 223 249 240
class 0.7002944350242615 0 232 17 249
class 0.14702187478542328 10 232 28 248
class 0.4268568754196167 24 232 41 248
class 0.573922872543335 36 232 55 249
class 0.43646878004074097 50 231 68 248
class 0.40547695755958557 62 230 81 248
class 0.42425256967544556 77 231 95 248
class 0.32077521085739136 89 231 107 248
class 0.47438761591911316 103 231 121 248
class 0.43470636010169983 115 231 134 248
class 0.2631177008152008 129 232 147 248
class 0.276324987411499 142 232 160 249
class 0.2603853940963745 155 231 173 248
class 0.4787786304950714 168 231 187 248
class 0.3615422546863556 181 231 200 248
class 0.2874799072742462 194 231 214 248
class 0.3192369043827057 205 232 226 248
class 0.2837231755256653 218 234 238 249
class 0.9095797538757324 232 233 249 249
