class 0.8684687614440918 0 2 17 18
class 0.5106694102287292 8 4 26 18
class 0.6184078454971313 23 4 42 18
class 0.5839476585388184 34 3 54 18
class 0.6926584243774414 49 3 69 17
class 0.6431183815002441 59 2 81 17
class 0.6202934384346008 75 3 97 17
class 0.6684855818748474 86 3 108 19
class 0.42087551951408386 100 3 120 18
class 0.4253791868686676 114 3 134 17
class 0.46053948998451233 128 3 147 17
class 0.45177850127220154 140 4 159 18
class 0.5499555468559265 154 3 173 18
class 0.5150076150894165 167 3 185 18
class 0.4969298541545868 180 3 199 18
class 0.5258129835128784 194 3 212 18
class 0.4635356664657593 207 3 225 18
class 0.285200297832489 221 4 237 17
class 0.8862484097480774 232 2 249 18
class 0.39065465331077576 1 10 15 26
class 0.20653527975082397 23 10 38 25
class 0.325527161359787 35 9 53 26
class 0.3439585268497467 49 9 67 26
class 0.8374873399734497 71 12 92 30
class 0.5002161264419556 102 9 119 26
class 0.561769962310791 114 10 132 26
class 0.621573269367218 128 9 145 25
class 0.5689301490783691 141 9 158 25
class 0.6568917632102966 154 9 171 25
class 0.6564521789550781 167 9 185 25
class 0.7479659914970398 181 10 198 26
class 0.6554152369499207 194 9 212 26
class 0.4779491126537323 208 10 224 25
class 0.11827841401100159 220 9 235 25
class 0.46209046244621277 1 25 15 41
class 0.15381181240081787 22 27 39 41
class 0.18487225472927094 35 25 53 41
class 0.24217209219932556 49 26 68 41
class 0.2578362226486206 65 25 83 41
class 0.6645355820655823 72 23 90 40
class 0.3342677652835846 88 25 107 42
class 0.15629106760025024 102 25 120 41
class 0.19073331356048584 114 25 132 41
class 0.1887039840221405 128 25 145 41
class 0.2523796558380127 141 25 158 41
class 0.23975132405757904 154 25 172 41
class 0.17871351540088654 166 25 184 41
class 0.23382002115249634 181 25 200 41
class 0.5223861336708069 194 24 212 42
class 0.3695962727069855 207 25 225 41
class 0.20036561787128448 233 24 247 42
class 0.22973863780498505 1 39 15 54
class 0.13738955557346344 23 38 39 53
class 0.1631990522146225 35 39 53 55
class 0.1458124965429306 50 37 68 54
class 0.6827404499053955 62 38 80 55
class 0.7337449789047241 75 38 93 55
class 0.31785398721694946 87 37 106 55
class 0.29993724822998047 103 37 120 54
class 0.549992024898529 116 38 132 55
class 0.37554067373275757 128 38 145 55
class 0.2159944772720337 142 38 159 55
class 0.3778741657733917 155 38 172 55
class 0.380071759223938 167 37 185 55
class 0.21741974353790283 181 36 198 53
class 0.26642632484436035 195 36 213 54
class 0.5404853820800781 207 37 225 53
class 0.3421473503112793 233 37 247 55
class 0.3726164698600769 1 52 15 67
class 0.12579300999641418 23 52 39 67
class 0.2036687582731247 36 51 53 68
class 0.1538388729095459 50 51 67 68
class 0.36458855867385864 63 50 80 68
class 0.519294261932373 76 49 94 67
class 0.459728866815567 88 50 106 68
class 0.4838797450065613 102 51 119 69
class 0.5710583925247192 116 50 132 69
class 0.3982919752597809 129 50 145 68
class 0.3637865483760834 142 51 159 69
class 0.18491046130657196 154 50 171 68
class 0.20585842430591583 168 49 185 67
class 0.9849041104316711 186 51 202 68
class 0.25948387384414673 192 50 210 67
class 0.5647416114807129 206 49 225 66
class 0.3404436707496643 232 49 247 68
class 0.4545387625694275 1 65 15 81
class 0.1689233034849167 22 65 39 81
class 0.24965126812458038 36 64 53 82
class 0.37732386589050293 50 64 67 81
class 0.3702221214771271 63 64 81 81
class 0.12541110813617706 76 65 94 82
class 0.39904916286468506 87 65 106 82
class 0.4167226254940033 103 62 120 80
class 0.5979734659194946 116 62 134 81
class 0.17250359058380127 130 63 147 81
class 0.349043071269989 142 63 159 82
class 0.2727593779563904 154 63 172 81
class 0.13044020533561707 168 64 186 81
class 0.16647732257843018 181 65 198 81
class 0.1378314197063446 194 66 213 83
class 0.3613829016685486 206 65 224 81
class 0.39391347765922546 233 63 247 81
class 0.20358701050281525 1 78 15 93
class 0.14265532791614532 36 77 53 94
class 0.2985537350177765 50 77 67 94
class 0.26992523670196533 63 77 81 94
class 0.2247527837753296 76 78 94 95
class 0.5103259086608887 87 77 105 95
class 0.47725892066955566 104 78 121 95
class 0.4197819232940674 142 74 160 94
class 0.19093646109104156 155 76 173 94
class 0.16734856367111206 168 76 186 94
class 0.33239638805389404 181 76 199 93
class 0.4711419939994812 194 77 212 93
class 0.4678201377391815 208 78 225 93
class 0.1714596152305603 219 78 236 93
class 0.44317883253097534 233 76 247 95
class 0.6698137521743774 1 91 16 107
class 0.17031002044677734 23 92 39 107
class 0.14910422265529633 36 90 54 108
class 0.2597165107727051 50 91 67 108
class 0.30823057889938354 64 91 81 107
class 0.4740031063556671 76 92 93 108
class 0.6806357502937317 89 92 106 108
class 0.5589441657066345 103 91 120 107
class 0.9888684749603271 124 85 142 105
class 0.2508328855037689 143 89 162 108
class 0.1008143499493599 155 89 173 108
class 0.17800074815750122 168 90 186 108
class 0.22921694815158844 182 90 199 107
class 0.36178621649742126 195 90 212 107
class 0.32293936610221863 207 91 225 106
class 0.1322786808013916 219 91 236 106
class 0.3851688504219055 233 89 247 108
class 0.2223706841468811 1 104 15 120
class 0.16294731199741364 23 104 39 120
class 0.1805460900068283 37 103 54 121
class 0.3225298821926117 50 103 68 121
class 0.3528718650341034 63 104 80 121
class 0.4535418748855591 76 104 93 121
class 0.5299900770187378 88 104 106 121
class 0.2589220702648163 102 103 120 119
class 0.14425979554653168 113 105 134 121
class 0.26207849383354187 128 105 147 121
class 0.10130736976861954 140 102 159 121
class 0.4427357614040375 155 105 173 122
class 0.41402703523635864 168 104 186 122
class 0.3080306947231293 181 104 198 121
class 0.32289960980415344 194 103 212 121
class 0.18533377349376678 208 103 225 119
class 0.12557674944400787 220 104 237 120
class 0.39052096009254456 233 102 247 121
class 0.5499133467674255 1 118 16 134
class 0.14445164799690247 23 118 39 133
class 0.19116592407226562 37 117 54 134
class 0.3619493842124939 50 117 68 134
class 0.38903048634529114 63 116 80 134
class 0.29878607392311096 76 117 94 134
class 0.44576510787010193 87 117 105 134
class 0.16419731080532074 102 118 120 134
class 0.15661786496639252 114 117 133 134
class 0.14630071818828583 128 117 146 134
class 0.1886250525712967 141 116 159 134
class 0.25576093792915344 155 116 173 133
class 0.22616247832775116 169 116 186 133
class 0.23622256517410278 181 116 198 134
class 0.36002877354621887 195 117 213 134
class 0.1747182011604309 208 118 225 134
class 0.18640859425067902 233 116 247 134
class 0.2990292012691498 1 131 15 146
class 0.12885649502277374 23 131 40 146
class 0.22980816662311554 36 130 54 147
class 0.44169965386390686 50 130 67 147
class 0.36846479773521423 63 130 81 146
class 0.2503392994403839 75 129 93 147
class 0.24510738253593445 89 130 107 147
class 0.20793378353118896 102 130 120 147
class 0.333660751581192 116 129 134 147
class 0.42228493094444275 128 129 146 147
class 0.24038244783878326 141 129 159 147
class 0.2567511200904846 156 129 174 147
class 0.26076436042785645 168 129 186 148
class 0.3046495318412781 181 129 199 148
class 0.32217368483543396 195 131 214 149
class 0.19146275520324707 207 130 225 148
class 0.35784971714019775 232 129 247 147
class 0.6373164057731628 1 144 16 159
class 0.14196397364139557 23 145 40 160
class 0.17840032279491425 36 144 53 160
class 0.3487406075000763 50 143 68 160
class 0.32242342829704285 63 143 80 160
class 0.40193724632263184 76 143 93 160
class 0.46319979429244995 90 142 107 160
class 0.4338466227054596 102 143 120 161
class 0.2847144305706024 115 143 133 161
class 0.24240930378437042 128 142 146 161
class 0.24619928002357483 142 143 160 161
class 0.17619287967681885 155 143 173 161
class 0.10865654051303864 168 141 186 160
class 0.14506767690181732 233 140 247 159
class 0.24340125918388367 1 157 15 172
class 0.12294317781925201 24 156 40 171
class 0.21699833869934082 36 156 54 173
class 0.3758755624294281 50 156 67 173
class 0.48922213912010193 63 157 81 174
class 0.2765158414840698 75 156 93 173
class 0.17380380630493164 89 156 107 173
class 0.2752492427825928 102 155 120 173
class 0.28882333636283875 115 156 134 173
class 0.1836518943309784 128 156 147 173
class 0.2957075536251068 142 156 160 173
class 0.437438428401947 155 156 173 174
class 0.11350587010383606 168 156 186 173
class 0.9977707266807556 198 157 216 175
class 0.22396396100521088 233 156 247 173
class 0.4699060320854187 1 170 16 186
class 0.15258288383483887 24 172 40 186
class 0.1860830932855606 36 169 54 186
class 0.2840263247489929 49 169 67 186
class 0.5234421491622925 64 168 81 186
class 0.40611013770103455 76 169 94 187
class 0.3807319402694702 89 169 107 186
class 0.36897680163383484 102 169 121 186
class 0.37698280811309814 115 169 134 187
class 0.25216731429100037 129 169 147 187
class 0.30201297998428345 142 169 160 187
class 0.36521363258361816 155 169 173 186
class 0.12445630133152008 167 168 186 186
class 0.19026412069797516 233 169 247 186
class 0.377934068441391 1 183 16 199
class 0.2655329704284668 23 183 39 199
class 0.2068111002445221 37 183 54 199
class 0.300385981798172 50 183 67 200
class 0.3087124228477478 63 182 81 199
class 0.36811643838882446 77 182 95 199
class 0.4661058485507965 89 183 107 201
class 0.34299522638320923 102 182 121 199
class 0.34011417627334595 116 182 134 199
class 0.3946676254272461 129 182 147 200
class 0.5423030257225037 143 183 160 200
class 0.3822266459465027 156 182 173 199
class 0.2354484349489212 168 182 185 199
class 0.14207133650779724 183 182 200 198
class 0.628164529800415 194 182 212 199
class 0.43751436471939087 206 182 225 198
class 0.11510820686817169 220 184 235 199
class 0.2263573855161667 233 182 246 199
class 0.42180049419403076 2 196 16 212
class 0.1025337502360344 11 196 26 211
class 0.3648090362548828 24 196 40 213
class 0.3837085962295532 37 196 54 213
class 0.5033919215202332 51 195 67 213
class 0.4439166784286499 63 197 80 214
class 0.4542804956436157 76 197 93 214
class 0.4258054792881012 90 195 108 213
class 0.44185853004455566 103 196 120 214
class 0.3488155007362366 116 196 133 214
class 0.35904619097709656 129 195 147 213
class 0.44780898094177246 143 195 159 213
class 0.39881640672683716 156 196 173 213
class 0.23019610345363617 168 196 185 213
class 0.13575904071331024 183 196 199 212
class 0.3130378723144531 195 196 212 213
class 0.27502793073654175 207 197 225 213
class 0.20401978492736816 233 195 247 213
class 0.3782781958580017 2 209 16 225
class 0.13981527090072632 24 209 40 225
class 0.16572804749011993 37 210 54 226
class 0.26372629404067993 51 209 67 226
class 0.39567112922668457 64 208 80 226
class 0.40307193994522095 77 208 94 226
class 0.33276593685150146 90 209 107 227
class 0.3984938859939575 103 208 121 226
class 0.4628046154975891 116 208 133 226
class 0.3671755790710449 129 208 146 226
class 0.3753434419631958 143 208 160 225
class 0.3209368884563446 156 208 173 225
class 0.4954206645488739 168 209 186 227
class 0.22406621277332306 181 208 198 226
class 0.4121565818786621 195 209 212 226
class 0.29559046030044556 207 209 224 226
class 0.12886568903923035 233 208 246 226
class 0.7497296929359436 1 223 17 238
class 0.2013816386461258 25 224 40 238
class 0.11899460852146149 37 223 53 238
class 0.1312021166086197 50 222 66 238
class 0.18869124352931976 65 223 81 239
class 0.3144334554672241 77 222 93 239
class 0.23171664774417877 90 222 106 238
class 0.15125229954719543 104 222 120 238
class 0.20881657302379608 117 223 133 239
class 0.20032517611980438 129 222 145 239
class 0.21390210092067719 143 223 159 239
class 0.10867484658956528 156 222 171 238
class 0.2297120988368988 169 220 185 237
class 0.1574680656194687 182 222 198 238
class 0.40414661169052124 196 222 212 238
class 0.3941064774990082 208 223 224 239
class 0.10042434930801392 220 223 234 239
class 0.3469354212284088 232 223 247 241
class 0.7413678765296936 0 233 17 249
class 0.19360485672950745 10 231 28 248
class 0.46187201142311096 24 231 41 248
class 0.34002187848091125 37 231 55 248
class 0.4984288513660431 49 232 67 249
class 0.566736102104187 64 231 83 248
class 0.40387171506881714 75 231 94 248
class 0.5303772687911987 89 232 108 249
class 0.3803980350494385 102 231 121 249
class 0.5456573367118835 116 231 135 248
class 0.44484275579452515 129 231 147 248
class 0.5503896474838257 141 231 160 248
class 0.5124086737632751 155 232 173 249
class 0.4051598012447357 168 233 186 249
class 0.38962283730506897 181 232 200 249
class 0.6349552869796753 194 231 212 249
class 0.4418169856071472 207 231 225 248
class 0.2283029854297638 220 232 238 249
class 0.8743895292282104 232 231 249 249
