class 0.7504670023918152 0 3 17 18
class 0.40858784317970276 9 4 27 18
class 0.42812246084213257 22 4 40 18
class 0.36340847611427307 35 4 54 18
class 0.43060940504074097 49 4 68 18
class 0.40728405117988586 62 4 81 18
class 0.3543277382850647 74 4 93 18
class 0.4623244106769562 88 4 107 18
class 0.46708944439888 101 4 120 17
class 0.5188698768615723 114 4 134 18
class 0.5447161197662354 127 4 146 18
class 0.6634806990623474 140 3 159 18
class 0.5052881240844727 154 4 173 17
class 0.49717244505882263 167 4 186 18
class 0.5116205215454102 193 3 212 18
class 0.7524577379226685 208 3 226 17
class 0.44546955823898315 220 2 237 17
class 0.9597556591033936 233 1 249 17
class 0.4198496341705322 1 10 15 25
class 0.24862432479858398 10 9 26 24
class 0.557063102722168 35 9 53 25
class 0.44704121351242065 49 9 66 25
class 0.4163947105407715 62 9 79 25
class 0.4229797124862671 75 10 93 26
class 0.44939032196998596 88 10 105 26
class 0.45336446166038513 101 10 119 26
class 0.3709835410118103 114 10 132 26
class 0.3846636414527893 127 9 145 25
class 0.5028207898139954 141 9 158 25
class 0.4632350504398346 154 10 172 26
class 0.4698159098625183 167 9 184 25
class 0.6296959519386292 181 9 198 25
class 0.5988226532936096 193 9 210 25
class 0.5841013193130493 208 9 225 25
class 0.1870494931936264 222 11 238 27
class 0.1550745815038681 231 8 247 26
class 0.31519490480422974 1 27 15 42
class 0.1421511173248291 35 26 53 41
class 0.17120544612407684 48 26 67 41
class 0.16767260432243347 61 26 80 41
class 0.21875128149986267 74 26 93 42
class 0.2067326456308365 88 26 106 42
class 0.21290114521980286 101 25 119 41
class 0.3243776559829712 114 25 133 42
class 0.23532555997371674 127 26 145 41
class 0.2923620045185089 142 26 159 41
class 0.29564356803894043 154 25 172 41
class 0.20141540467739105 167 26 185 41
class 0.26292234659194946 181 26 199 41
class 0.35060787200927734 193 25 211 41
class 0.39498114585876465 207 25 225 40
class 0.24589893221855164 222 23 239 38
class 0.25698575377464294 1 38 16 53
class 0.1952241063117981 22 39 40 54
class 0.25191763043403625 35 38 54 54
class 0.30806753039360046 49 38 67 55
class 0.24142993986606598 62 38 80 55
class 0.22414161264896393 75 37 93 55
class 0.1714964509010315 88 37 106 55
class 0.21533723175525665 101 37 120 55
class 0.3579130470752716 115 36 133 55
class 0.3725551962852478 128 37 146 54
class 0.413267582654953 141 37 159 54
class 0.5589805841445923 155 38 172 55
class 0.48245730996131897 167 38 185 55
class 0.3811996579170227 180 38 198 54
class 0.4546760022640228 194 39 212 55
class 0.22317171096801758 208 39 226 54
class 0.36140957474708557 219 40 236 54
class 0.5539119839668274 233 38 248 55
class 0.25688788294792175 1 53 15 67
class 0.17326347529888153 36 51 54 68
class 0.3117418885231018 49 50 67 67
class 0.2260691076517105 63 50 81 68
class 0.7189339399337769 77 50 94 69
class 0.4225115478038788 89 50 107 69
class 0.37310725450515747 101 50 119 70
class 0.2609770596027374 115 50 133 69
class 0.4399981200695038 129 51 146 69
class 0.5332881808280945 142 51 159 68
class 0.5080868005752563 155 50 172 67
class 0.39751961827278137 168 50 185 68
class 0.3727698028087616 181 50 198 67
class 0.49598342180252075 195 50 212 67
class 0.3217661380767822 207 51 225 66
class 0.16375836730003357 220 51 235 66
class 0.3119937479496002 233 49 246 68
class 0.44470569491386414 1 65 16 81
class 0.26939332485198975 36 64 54 81
class 0.3834204375743866 50 63 68 81
class 0.2404690384864807 63 62 83 81
class 0.30924779176712036 102 60 120 81
class 0.3110129237174988 116 62 134 82
class 0.44293108582496643 128 63 146 81
class 0.6004404425621033 142 64 160 81
class 0.5571487545967102 155 64 173 81
class 0.5286991000175476 168 64 186 81
class 0.2759334146976471 181 64 199 81
class 0.28893497586250305 194 65 212 81
class 0.22621509432792664 208 64 225 81
class 0.32274702191352844 233 63 247 81
class 0.21912211179733276 2 78 16 93
class 0.19127917289733887 23 78 40 94
class 0.3104725778102875 36 77 54 95
class 0.24417245388031006 49 76 67 94
class 0.9935221672058105 85 72 103 93
class 0.2011643499135971 104 76 123 95
class 0.16854028403759003 116 77 134 95
class 0.42182204127311707 128 77 146 95
class 0.5304825305938721 142 77 160 94
class 0.6076787710189819 155 76 173 94
class 0.5552327036857605 168 77 186 94
class 0.4323323667049408 182 77 200 94
class 0.3514986038208008 194 77 212 94
class 0.28455016016960144 208 77 225 93
class 0.10903944075107574 220 79 236 94
class 0.2249758392572403 233 76 247 95
class 0.3461478054523468 2 91 15 107
class 0.14275383949279785 24 91 40 106
class 0.3375595211982727 36 90 54 108
class 0.3329673409461975 50 90 68 108
class 0.12795807421207428 63 89 82 107
class 0.14766985177993774 102 91 120 108
class 0.3291519284248352 116 90 133 108
class 0.40147146582603455 129 90 146 107
class 0.5912041068077087 142 90 159 107
class 0.4770941138267517 155 90 173 107
class 0.40363940596580505 168 90 186 107
class 0.3155999183654785 182 90 200 107
class 0.3804886043071747 194 91 212 108
class 0.33223462104797363 208 91 226 107
class 0.13160844147205353 220 90 236 106
class 0.21136769652366638 233 89 247 107
class 0.3949500620365143 2 104 16 120
class 0.1797271966934204 24 104 41 120
class 0.38838109374046326 36 103 54 120
class 0.487775981426239 50 103 68 122
class 0.17234712839126587 62 104 80 123
class 0.1893083155155182 76 103 94 122
class 0.3492330014705658 89 102 107 120
class 0.4252258241176605 102 103 120 120
class 0.3393215835094452 116 104 133 121
class 0.46698981523513794 129 104 146 120
class 0.5561168789863586 142 103 159 120
class 0.4080568552017212 155 103 173 120
class 0.5240169763565063 168 103 186 120
class 0.577201247215271 182 104 199 121
class 0.47720128297805786 195 104 212 120
class 0.21878105401992798 208 104 226 120
class 0.25122326612472534 233 103 247 121
class 0.655448853969574 2 116 17 133
class 0.1354174017906189 37 117 55 134
class 0.40470466017723083 64 115 81 134
class 0.32159343361854553 76 116 94 135
class 0.2665410041809082 90 117 106 134
class 0.3157519996166229 103 117 120 133
class 0.3826878070831299 116 117 133 133
class 0.49827876687049866 129 117 146 134
class 0.580960750579834 142 118 159 134
class 0.5461348295211792 155 117 172 134
class 0.47912952303886414 168 117 185 134
class 0.4036756157875061 182 117 199 134
class 0.565398633480072 196 117 213 134
class 0.23014651238918304 207 116 225 133
class 0.36098769307136536 232 116 247 134
class 0.2496568262577057 22 129 41 146
class 0.12494733929634094 35 128 53 146
class 0.9827743172645569 52 132 69 151
class 0.11214400827884674 63 128 81 147
class 0.3832990825176239 76 129 93 148
class 0.4293152689933777 90 129 106 147
class 0.48052671551704407 103 130 119 147
class 0.5091487765312195 116 130 132 146
class 0.4455966055393219 130 130 146 146
class 0.47760677337646484 142 129 159 146
class 0.4921794831752777 155 130 172 147
class 0.46791690587997437 169 130 186 147
class 0.38402992486953735 182 130 199 147
class 0.22491763532161713 195 130 212 147
class 0.14751049876213074 208 130 226 146
class 0.27786943316459656 233 128 247 146
class 0.9933726787567139 2 140 20 158
class 0.25698626041412354 76 143 93 161
class 0.2901495099067688 90 143 107 160
class 0.3432444632053375 102 144 119 160
class 0.2810034155845642 116 143 133 160
class 0.4103374183177948 129 143 146 160
class 0.5047971606254578 142 144 159 160
class 0.4630983769893646 155 143 172 159
class 0.5502361059188843 169 143 185 160
class 0.4713774621486664 181 144 199 160
class 0.3235865533351898 195 144 212 161
class 0.30031222105026245 208 144 226 160
class 0.10844080150127411 220 144 236 159
class 0.277933806180954 232 143 247 161
class 0.18199560046195984 21 158 39 173
class 0.21876055002212524 36 156 55 173
class 0.5968952178955078 49 157 66 173
class 0.4260707199573517 62 156 80 172
class 0.34496209025382996 76 157 93 174
class 0.4883652329444885 89 158 107 174
class 0.5769628286361694 102 157 120 173
class 0.3373297154903412 115 157 132 173
class 0.3370209336280823 129 156 146 173
class 0.24320733547210693 142 156 159 172
class 0.38199761509895325 156 157 173 173
class 0.3527422249317169 169 155 186 172
class 0.4334760904312134 182 156 199 173
class 0.3206497132778168 195 156 213 173
class 0.25722068548202515 207 156 225 172
class 0.3472379446029663 232 155 247 173
class 0.8023315072059631 0 168 16 185
class 0.10860053449869156 9 168 27 184
class 0.19323515892028809 35 170 54 186
class 0.4166511297225952 49 169 67 186
class 0.2649066746234894 63 170 81 186
class 0.4318336546421051 76 170 94 186
class 0.5728199481964111 89 168 107 185
class 0.44731026887893677 103 168 120 185
class 0.40752217173576355 115 169 133 186
class 0.3664049804210663 130 170 147 186
class 0.44000327587127686 142 171 159 187
class 0.5218093395233154 156 169 173 186
class 0.3326781392097473 168 170 186 186
class 0.290818989276886 182 169 199 186
class 0.3238851726055145 196 170 213 186
class 0.20901797711849213 207 170 225 185
class 0.312621533870697 233 168 247 186
class 0.46878162026405334 1 184 15 200
class 0.2620498239994049 22 184 40 200
class 0.3290761113166809 37 184 55 200
class 0.4330236315727234 50 183 67 200
class 0.44892215728759766 63 184 80 199
class 0.46222612261772156 76 183 94 199
class 0.43376263976097107 90 183 107 199
class 0.38045743107795715 102 183 120 200
class 0.3313368856906891 117 183 134 199
class 0.4663487672805786 129 183 146 200
class 0.5129364728927612 142 182 159 199
class 0.46835654973983765 155 183 173 200
class 0.4307575225830078 169 183 186 200
class 0.451993465423584 182 183 199 200
class 0.5291070938110352 195 183 212 199
class 0.2773669958114624 207 183 225 199
class 0.3016093671321869 233 182 247 200
class 0.3247429430484772 0 195 14 210
class 0.4381304085254669 8 198 26 214
class 0.5621195435523987 26 195 42 212
class 0.5942899584770203 37 195 54 213
class 0.5408846735954285 49 196 68 213
class 0.5070080161094666 63 196 81 213
class 0.517314076423645 76 195 94 213
class 0.5374993681907654 90 195 107 213
class 0.5331839323043823 103 195 121 213
class 0.4217550456523895 116 196 134 213
class 0.5173715949058533 129 195 146 213
class 0.5402594804763794 142 195 159 213
class 0.6279835104942322 156 195 173 213
class 0.46036452054977417 169 195 186 213
class 0.44793587923049927 182 195 199 212
class 0.6053298711776733 195 195 213 213
class 0.43398773670196533 207 196 225 213
class 0.14985696971416473 220 197 236 212
class 0.32784634828567505 233 195 247 213
class 0.8959254026412964 8 205 25 223
class 0.2880120575428009 26 209 42 225
class 0.27032071352005005 37 209 54 225
class 0.3457532525062561 50 209 67 226
class 0.49028199911117554 64 209 81 226
class 0.44939592480659485 76 209 94 226
class 0.2939707338809967 89 209 107 226
class 0.30883917212486267 103 208 121 225
class 0.350502073764801 116 208 133 225
class 0.46637704968452454 129 209 146 226
class 0.37466830015182495 142 209 159 226
class 0.41096970438957214 156 209 173 226
class 0.38071155548095703 168 210 185 227
class 0.3849467635154724 182 210 199 227
class 0.4940534830093384 195 209 212 226
class 0.4014488756656647 207 210 225 226
class 0.25224873423576355 220 210 236 225
class 0.30232805013656616 232 208 246 226
class 0.8310956358909607 0 223 16 239
class 0.10361772030591965 38 223 54 238
class 0.20063085854053497 51 223 67 239
class 0.3169736862182617 64 222 81 239
class 0.2127770036458969 77 222 94 238
class 0.1734994351863861 90 222 107 238
class 0.16945067048072815 103 222 120 238
class 0.15750955045223236 117 222 133 237
class 0.3325195014476776 130 222 146 238
class 0.3561876714229584 142 222 158 239
class 0.1989511400461197 156 222 172 238
class 0.2514532804489136 169 222 185 238
class 0.20807453989982605 182 222 199 238
class 0.3207891583442688 196 223 212 238
class 0.3771916925907135 208 224 225 239
class 0.24657617509365082 232 223 246 240
class 0.7110131978988647 0 232 16 249
class 0.10930182784795761 10 232 28 248
class 0.29803863167762756 24 232 42 248
class 0.5326169729232788 37 232 55 248
class 0.4909237325191498 50 231 68 248
class 0.5649527311325073 63 231 81 248
class 0.4515113830566406 76 231 94 248
class 0.4274377226829529 89 231 108 248
class 0.30050626397132874 102 231 121 248
class 0.34036365151405334 115 232 133 248
class 0.4005323648452759 129 231 148 248
class 0.5243754982948303 141 230 159 248
class 0.43193772435188293 155 232 173 249
class 0.5258045196533203 168 232 186 249
class 0.5156695246696472 182 232 200 249
class 0.6101105213165283 195 231 213 249
class 0.5677898526191711 207 231 226 248
class 0.275222510099411 220 231 238 249
class 0.8827996253967285 232 232 249 249
