class 142 -4 148 4
class 102 0 108 8
class 193 0 199 8
class 136 1 142 9
class 35 4 41 12
class 58 4 64 12
class 185 6 191 14
class 21 7 27 15
class 20 9 26 17
class 81 11 87 19
class 111 11 117 19
class 156 11 162 19
class 0 12 6 20
class 184 15 190 23
class 66 17 72 25
class 70 18 76 26
class 84 18 90 26
class 106 21 112 29
class 40 22 46 30
class 119 22 125 30
class 70 27 76 35
class 185 27 191 35
class 54 30 60 38
class 110 30 116 38
class 131 32 137 40
class 11 35 17 43
class 120 36 126 44
class 194 36 200 44
class 112 37 118 45
class 91 39 97 47
class 61 40 67 48
class 10 42 16 50
class 67 42 73 50
class 157 42 163 50
class 152 43 158 51
class 168 44 174 52
class 68 47 74 55
class 77 47 83 55
class 7 48 13 56
class 173 48 179 56
class 109 49 115 57
class 97 51 103 59
class 77 53 83 61
class 124 53 130 61
class 114 54 120 62
class 126 55 132 63
class 183 59 189 67
class 153 62 159 70
class 104 65 110 73
class 13 66 19 74
class 150 66 156 74
class 177 66 183 74
class 11 69 17 77
class 113 70 119 78
class 146 79 152 87
class 73 82 79 90
class 1 84 7 92
class 97 84 103 92
class 95 85 101 93
class 166 85 172 93
class 99 89 105 97
class 118 90 124 98
class 8 93 14 101
class 133 94 139 102
class 160 94 166 102
class 97 95 103 103
class 172 95 178 103
class 86 96 92 104
class -1 101 5 109
class 108 101 114 109
class 136 104 142 112
class 65 105 71 113
class 112 105 118 113
class 32 109 38 117
class 90 110 96 118
class 179 110 185 118
class 18 111 24 119
class 57 112 63 120
class 79 113 85 121
class 109 113 115 121
class 116 115 122 123
class 111 116 117 124
class 157 116 163 124
class 21 118 27 126
class 67 118 73 126
class 44 119 50 127
class 111 119 117 127
class 136 119 142 127
class 171 119 177 127
class 113 121 119 129
class 164 121 170 129
class 51 124 57 132
class 46 126 52 134
class 149 127 155 135
class 84 128 90 136
class 13 129 19 137
class 110 130 116 138
class 15 132 21 140
class 111 135 117 143
class 137 137 143 145
class 97 138 103 146
class 114 138 120 146
class 122 139 128 147
class 184 142 190 150
class 72 145 78 153
class 188 146 194 154
class 106 147 112 155
class 50 148 56 156
class 129 148 135 156
class 196 148 202 156
class 42 150 48 158
class 127 151 133 159
class 172 152 178 160
class 192 157 198 165
class 89 161 95 169
class 96 161 102 169
class 30 162 36 170
class 105 164 111 172
class 154 164 160 172
class 176 165 182 173
class 1 166 7 174
class 72 166 78 174
class 37 167 43 175
class 59 170 65 178
class 79 176 85 184
class 196 177 202 185
class 94 179 100 187
class 75 182 81 190
class 85 182 91 190
class 192 182 198 190
class 92 183 98 191
class 132 183 138 191
class 143 184 149 192
class 34 185 40 193
class 136 185 142 193
class 140 186 146 194
class 24 188 30 196
class 32 189 38 197
class 77 189 83 197
class 189 189 195 197
class 187 192 193 200
class 119 193 125 201
class 138 193 144 201
class 183 194 189 202
