class 142 -4 148 4
class 2 -2 8 6
class 8 -1 14 7
class 146 -1 152 7
class 162 -1 168 7
class 102 0 108 8
class 136 1 142 9
class 35 4 41 12
class 58 4 64 12
class 21 6 27 14
class 144 6 150 14
class 185 6 191 14
class 66 8 72 16
class 134 8 140 16
class 162 8 168 16
class 167 10 173 18
class 81 11 87 19
class 111 11 117 19
class 156 11 162 19
class 0 12 6 20
class 20 12 26 20
class 29 15 35 23
class 140 15 146 23
class 65 17 71 25
class 129 17 135 25
class 71 18 77 26
class 84 18 90 26
class 128 20 134 28
class 50 21 56 29
class 22 22 28 30
class 119 22 125 30
class 130 22 136 30
class 54 24 60 32
class 88 27 94 35
class 185 27 191 35
class 63 29 69 37
class 99 29 105 37
class 54 30 60 38
class 110 30 116 38
class 30 31 36 39
class 133 32 139 40
class 24 33 30 41
class 164 34 170 42
class 11 35 17 43
class 50 35 56 43
class 120 36 126 44
class 194 36 200 44
class 61 38 67 46
class 91 39 97 47
class 112 39 118 47
class 30 40 36 48
class 47 40 53 48
class 10 42 16 50
class 157 42 163 50
class 168 43 174 51
class 182 46 188 54
class 68 47 74 55
class 77 47 83 55
class 186 47 192 55
class 7 48 13 56
class 109 48 115 56
class 55 49 61 57
class 123 50 129 58
class 97 51 103 59
class -3 53 3 61
class 60 53 66 61
class 77 53 83 61
class 135 54 141 62
class 154 54 160 62
class 114 55 120 63
class 126 55 132 63
class 157 56 163 64
class 133 58 139 66
class -3 59 3 67
class 126 59 132 67
class 183 59 189 67
class 10 60 16 68
class 153 60 159 68
class 69 61 75 69
class 135 61 141 69
class 145 61 151 69
class 125 62 131 70
class 138 63 144 71
class 142 63 148 71
class 39 65 45 73
class 81 65 87 73
class 104 65 110 73
class 13 66 19 74
class 150 66 156 74
class 177 66 183 74
class 132 69 138 77
class 113 70 119 78
class 80 72 86 80
class 6 76 12 84
class 152 78 158 86
class 6 79 12 87
class 146 79 152 87
class 151 79 157 87
class 88 81 94 89
class 131 82 137 90
class 86 83 92 91
class 99 83 105 91
class 1 84 7 92
class 24 84 30 92
class 31 84 37 92
class 15 85 21 93
class 94 85 100 93
class 153 85 159 93
class 166 85 172 93
class 75 86 81 94
class 137 86 143 94
class 43 87 49 95
class 64 88 70 96
class 42 89 48 97
class 99 89 105 97
class 65 90 71 98
class 118 90 124 98
class 8 93 14 101
class 124 94 130 102
class 133 94 139 102
class 160 94 166 102
class 97 95 103 103
class 111 95 117 103
class 173 95 179 103
class 86 96 92 104
class 118 96 124 104
class -1 101 5 109
class 4 101 10 109
class 43 102 49 110
class 61 103 67 111
class 5 104 11 112
class 65 104 71 112
class 136 104 142 112
class 41 105 47 113
class 59 105 65 113
class 112 105 118 113
class 68 108 74 116
class 83 108 89 116
class 80 109 86 117
class 91 110 97 118
class 179 110 185 118
class 18 111 24 119
class 125 111 131 119
class 57 112 63 120
class 79 113 85 121
class 109 113 115 121
class 116 115 122 123
class 49 116 55 124
class 111 116 117 124
class 193 116 199 124
class 21 118 27 126
class 44 119 50 127
class 136 119 142 127
class 196 119 202 127
class 164 121 170 129
class 113 122 119 130
class 146 123 152 131
class 52 124 58 132
class 151 127 157 135
class 13 129 19 137
class 4 130 10 138
class 123 131 129 139
class 15 132 21 140
class 77 133 83 141
class 89 135 95 143
class 111 135 117 143
class 161 136 167 144
class 137 137 143 145
class 114 138 120 146
class 122 139 128 147
class 171 142 177 150
class 182 142 188 150
class -1 143 5 151
class 135 143 141 151
class 141 143 147 151
class 151 143 157 151
class 72 144 78 152
class 10 145 16 153
class 152 145 158 153
class 50 147 56 155
class 106 147 112 155
class 196 148 202 156
class 42 151 48 159
class 127 151 133 159
class 172 152 178 160
class 139 154 145 162
class 110 155 116 163
class 192 157 198 165
class 80 158 86 166
class 17 161 23 169
class 89 161 95 169
class 96 161 102 169
class 30 162 36 170
class 80 162 86 170
class 116 162 122 170
class 15 164 21 172
class 106 164 112 172
class 154 164 160 172
class 176 165 182 173
class 1 166 7 174
class 72 166 78 174
class 38 167 44 175
class 21 168 27 176
class 59 170 65 178
class 116 170 122 178
class 101 173 107 181
class 118 173 124 181
class 123 173 129 181
class 79 174 85 182
class 127 174 133 182
class 144 175 150 183
class 180 176 186 184
class 196 177 202 185
class 142 178 148 186
class 94 179 100 187
class 60 181 66 189
class 85 182 91 190
class 192 182 198 190
class 34 183 40 191
class 131 183 137 191
class 92 184 98 192
class 143 184 149 192
class 136 185 142 193
class 52 186 58 194
class 140 186 146 194
class 24 187 30 195
class 32 189 38 197
class 77 189 83 197
class 189 189 195 197
class 138 191 144 199
class 54 192 60 200
class 119 193 125 201
class 183 194 189 202
