class 64 -4 70 4
class 142 -4 148 4
class 2 -2 8 6
class 62 -2 68 6
class 7 -1 13 7
class 146 -1 152 7
class 162 -1 168 7
class 102 0 108 8
class 193 0 199 8
class 136 1 142 9
class 35 4 41 12
class 58 4 64 12
class 147 4 153 12
class 21 6 27 14
class 144 6 150 14
class 185 6 191 14
class 66 8 72 16
class 134 8 140 16
class 162 9 168 17
class 167 9 173 17
class 20 11 26 19
class 81 11 87 19
class 111 11 117 19
class 156 11 162 19
class 0 12 6 20
class 141 15 147 23
class 184 15 190 23
class 65 17 71 25
class 143 17 149 25
class 71 18 77 26
class 50 21 56 29
class 40 22 46 30
class 119 22 125 30
class 53 24 59 32
class 97 25 103 33
class 70 27 76 35
class 88 27 94 35
class 185 27 191 35
class 99 28 105 36
class 54 30 60 38
class 110 30 116 38
class 132 32 138 40
class 115 34 121 42
class 50 35 56 43
class 120 36 126 44
class 194 36 200 44
class 47 39 53 47
class 61 39 67 47
class 91 39 97 47
class 112 39 118 47
class 29 40 35 48
class 67 42 73 50
class 157 42 163 50
class 150 43 156 51
class 168 43 174 51
class 68 47 74 55
class 77 47 83 55
class 7 48 13 56
class 109 48 115 56
class 54 49 60 57
class 173 49 179 57
class 97 51 103 59
class 123 51 129 59
class 60 53 66 61
class 77 53 83 61
class -3 54 3 62
class 126 55 132 63
class 157 56 163 64
class 133 58 139 66
class -3 59 3 67
class 10 60 16 68
class 153 60 159 68
class 69 61 75 69
class 135 61 141 69
class 144 61 150 69
class 142 63 148 71
class 104 65 110 73
class 13 66 19 74
class 81 66 87 74
class 177 66 183 74
class 11 69 17 77
class 113 70 119 78
class 80 71 86 79
class 146 79 152 87
class 73 81 79 89
class 132 82 138 90
class 1 84 7 92
class 25 84 31 92
class 99 84 105 92
class 15 85 21 93
class 94 85 100 93
class 75 86 81 94
class 137 86 143 94
class 150 87 156 95
class 99 89 105 97
class 118 90 124 98
class 8 93 14 101
class 123 94 129 102
class 133 94 139 102
class 160 94 166 102
class 97 95 103 103
class 111 95 117 103
class 173 95 179 103
class 86 96 92 104
class 131 98 137 106
class -1 101 5 109
class 108 101 114 109
class 4 102 10 110
class 61 103 67 111
class 5 104 11 112
class 136 104 142 112
class 59 105 65 113
class 112 105 118 113
class 68 108 74 116
class 32 109 38 117
class 127 109 133 117
class 91 110 97 118
class 179 110 185 118
class 18 111 24 119
class 57 112 63 120
class 79 113 85 121
class 109 113 115 121
class 49 116 55 124
class 111 116 117 124
class 157 116 163 124
class 193 117 199 125
class 21 118 27 126
class 67 118 73 126
class 195 118 201 126
class 44 119 50 127
class 110 119 116 127
class 171 120 177 128
class 164 121 170 129
class 113 122 119 130
class 146 123 152 131
class 52 124 58 132
class 45 126 51 134
class 2 127 8 135
class 151 127 157 135
class 83 128 89 136
class 4 129 10 137
class 13 129 19 137
class 110 129 116 137
class 15 132 21 140
class 89 135 95 143
class 111 135 117 143
class 137 137 143 145
class 97 138 103 146
class 114 138 120 146
class 171 142 177 150
class 183 142 189 150
class -1 143 5 151
class 136 143 142 151
class 72 144 78 152
class 106 147 112 155
class 130 147 136 155
class 188 147 194 155
class 196 148 202 156
class 42 151 48 159
class 127 151 133 159
class 172 152 178 160
class 110 155 116 163
class 192 157 198 165
class 80 158 86 166
class 17 161 23 169
class 89 161 95 169
class 30 162 36 170
class 116 162 122 170
class 105 164 111 172
class 154 164 160 172
class 176 165 182 173
class 1 166 7 174
class 72 166 78 174
class 37 167 43 175
class 21 168 27 176
class 59 170 65 178
class 116 170 122 178
class 24 172 30 180
class 101 173 107 181
class 123 173 129 181
class 126 174 132 182
class 178 174 184 182
class 179 175 185 183
class 196 177 202 185
class 94 179 100 187
class 75 182 81 190
class 192 182 198 190
class 34 183 40 191
class 132 183 138 191
class 92 184 98 192
class 143 184 149 192
class 136 185 142 193
class 140 186 146 194
class 24 187 30 195
class 32 189 38 197
class 77 189 83 197
class 189 189 195 197
class 54 191 60 199
class 22 192 28 200
class 187 192 193 200
class 119 193 125 201
class 183 194 189 202
