class 65 -4 71 4
class 142 -4 148 4
class 2 -2 8 6
class 146 -1 152 7
class 162 -1 168 7
class 102 0 108 8
class 35 4 41 12
class 58 4 64 12
class 148 4 154 12
class 132 5 138 13
class 21 6 27 14
class 66 8 72 16
class 134 8 140 16
class 162 8 168 16
class 167 9 173 17
class 81 11 87 19
class 111 11 117 19
class 156 11 162 19
class 0 12 6 20
class 20 12 26 20
class 27 13 33 21
class 29 15 35 23
class 140 15 146 23
class 184 15 190 23
class 65 17 71 25
class 129 17 135 25
class 84 18 90 26
class 132 18 138 26
class 50 21 56 29
class 106 21 112 29
class 130 21 136 29
class 40 22 46 30
class 119 22 125 30
class 54 24 60 32
class 70 27 76 35
class 88 27 94 35
class 185 27 191 35
class 99 28 105 36
class 28 30 34 38
class 54 30 60 38
class 110 30 116 38
class 30 31 36 39
class 162 31 168 39
class 132 32 138 40
class 164 33 170 41
class 11 35 17 43
class 50 35 56 43
class 194 36 200 44
class 61 39 67 47
class 91 39 97 47
class 112 39 118 47
class 30 40 36 48
class 47 40 53 48
class 10 42 16 50
class 67 42 73 50
class 157 42 163 50
class 168 43 174 51
class 183 46 189 54
class 68 47 74 55
class 77 47 83 55
class 185 47 191 55
class 7 48 13 56
class 109 48 115 56
class 55 49 61 57
class 173 49 179 57
class 123 50 129 58
class 97 51 103 59
class 60 53 66 61
class 77 53 83 61
class 52 54 58 62
class 135 54 141 62
class 154 54 160 62
class 114 55 120 63
class 126 55 132 63
class 157 56 163 64
class 133 58 139 66
class -3 59 3 67
class 126 59 132 67
class 183 59 189 67
class 10 60 16 68
class 153 60 159 68
class 135 61 141 69
class 145 61 151 69
class 126 62 132 70
class 138 63 144 71
class 142 63 148 71
class 104 65 110 73
class 13 66 19 74
class 81 66 87 74
class 150 66 156 74
class 177 66 183 74
class 11 69 17 77
class 40 69 46 77
class 132 69 138 77
class 80 72 86 80
class 6 76 12 84
class 6 78 12 86
class 146 79 152 87
class 73 81 79 89
class 88 81 94 89
class 131 82 137 90
class 87 83 93 91
class 1 84 7 92
class 31 84 37 92
class 99 84 105 92
class 135 84 141 92
class 15 85 21 93
class 94 85 100 93
class 153 85 159 93
class 166 85 172 93
class 75 86 81 94
class 137 86 143 94
class 150 87 156 95
class 64 89 70 97
class 99 89 105 97
class 65 90 71 98
class 8 93 14 101
class 133 94 139 102
class 160 94 166 102
class 97 95 103 103
class 173 95 179 103
class 86 96 92 104
class 118 96 124 104
class -1 101 5 109
class 4 101 10 109
class 61 103 67 111
class 5 104 11 112
class 65 104 71 112
class 136 104 142 112
class 41 105 47 113
class 59 105 65 113
class 112 105 118 113
class 68 108 74 116
class 82 108 88 116
class 127 108 133 116
class 32 109 38 117
class 81 109 87 117
class 91 110 97 118
class 125 110 131 118
class 179 110 185 118
class 18 111 24 119
class 57 112 63 120
class 79 113 85 121
class 109 113 115 121
class 116 115 122 123
class 193 116 199 124
class 21 118 27 126
class 67 118 73 126
class 196 118 202 126
class 44 119 50 127
class 110 119 116 127
class 136 119 142 127
class 171 120 177 128
class 164 121 170 129
class 113 122 119 130
class 146 123 152 131
class 52 124 58 132
class 45 126 51 134
class 151 127 157 135
class 83 128 89 136
class 4 129 10 137
class 13 129 19 137
class 110 129 116 137
class 123 131 129 139
class 15 132 21 140
class 126 132 132 140
class 77 133 83 141
class 80 134 86 142
class 89 135 95 143
class 111 135 117 143
class 137 137 143 145
class 161 137 167 145
class 97 138 103 146
class 114 138 120 146
class 163 138 169 146
class 122 139 128 147
class 171 142 177 150
class 183 142 189 150
class 135 143 141 151
class 141 143 147 151
class 151 143 157 151
class 72 144 78 152
class 10 145 16 153
class 152 145 158 153
class 106 147 112 155
class 130 147 136 155
class 188 147 194 155
class 50 148 56 156
class 196 148 202 156
class 42 151 48 159
class 127 151 133 159
class 172 152 178 160
class 110 155 116 163
class 138 157 144 165
class 80 158 86 166
class 17 161 23 169
class 89 161 95 169
class 116 162 122 170
class 15 164 21 172
class 154 164 160 172
class 176 165 182 173
class 1 166 7 174
class 72 166 78 174
class 37 167 43 175
class 21 168 27 176
class 59 170 65 178
class 116 170 122 178
class 101 173 107 181
class 118 173 124 181
class 123 173 129 181
class 178 173 184 181
class 79 174 85 182
class 127 174 133 182
class 144 176 150 184
class 180 176 186 184
class 196 177 202 185
class 142 178 148 186
class 94 179 100 187
class 60 181 66 189
class 75 182 81 190
class 85 182 91 190
class 192 182 198 190
class 34 183 40 191
class 132 183 138 191
class 92 184 98 192
class 143 184 149 192
class 136 185 142 193
class 52 186 58 194
class 140 186 146 194
class 24 187 30 195
class 32 189 38 197
class 77 189 83 197
class 189 189 195 197
class 138 191 144 199
class 54 192 60 200
class 187 192 193 200
class 22 193 28 201
