class 65 -4 71 4
class 78 -4 84 4
class 142 -4 148 4
class 133 -3 139 5
class 2 -2 8 6
class 61 -2 67 6
class 86 -2 92 6
class 8 -1 14 7
class 146 -1 152 7
class 162 -1 168 7
class 185 -1 191 7
class 85 0 91 8
class 102 0 108 8
class 186 0 192 8
class 193 0 199 8
class 136 1 142 9
class 3 2 9 10
class 6 3 12 11
class 35 4 41 12
class 58 4 64 12
class 149 4 155 12
class 21 6 27 14
class 47 6 53 14
class 185 6 191 14
class 144 7 150 15
class 66 8 72 16
class 134 8 140 16
class 162 8 168 16
class 191 8 197 16
class 167 10 173 18
class 192 10 198 18
class 110 11 116 19
class 156 11 162 19
class 0 12 6 20
class 20 12 26 20
class 26 13 32 21
class 140 14 146 22
class 29 15 35 23
class 184 15 190 23
class 36 16 42 24
class 129 16 135 24
class 37 17 43 25
class 64 17 70 25
class 71 18 77 26
class 84 18 90 26
class 133 18 139 26
class 144 18 150 26
class 128 20 134 28
class 50 21 56 29
class 106 21 112 29
class 22 22 28 30
class 119 22 125 30
class 26 23 32 31
class 96 23 102 31
class 130 23 136 31
class 39 24 45 32
class 54 24 60 32
class 70 27 76 35
class 185 27 191 35
class 39 28 45 36
class 99 29 105 37
class 28 30 34 38
class 54 30 60 38
class 110 30 116 38
class 25 31 31 39
class 31 31 37 39
class 161 31 167 39
class 115 32 121 40
class 133 32 139 40
class 165 34 171 42
class 50 35 56 43
class 145 35 151 43
class 57 36 63 44
class 194 36 200 44
class 27 37 33 45
class 55 38 61 46
class 61 38 67 46
class 91 39 97 47
class 47 40 53 48
class 112 40 118 48
class 145 40 151 48
class 186 40 192 48
class 30 41 36 49
class 183 41 189 49
class 10 42 16 50
class 157 42 163 50
class 168 42 174 50
class 150 43 156 51
class 84 46 90 54
class 181 46 187 54
class 68 47 74 55
class 77 47 83 55
class 187 47 193 55
class 7 48 13 56
class 109 48 115 56
class 55 49 61 57
class 173 49 179 57
class 122 50 128 58
class 97 51 103 59
class -3 53 3 61
class 60 53 66 61
class 77 53 83 61
class 135 54 141 62
class 153 54 159 62
class 114 55 120 63
class 126 55 132 63
class 144 56 150 64
class 157 56 163 64
class 133 58 139 66
class 146 58 152 66
class -3 59 3 67
class 126 59 132 67
class 183 59 189 67
class 10 60 16 68
class 153 60 159 68
class 69 61 75 69
class 159 61 165 69
class 171 61 177 69
class 160 62 166 70
class 170 62 176 70
class 125 63 131 71
class 138 63 144 71
class 142 63 148 71
class 39 65 45 73
class 82 65 88 73
class 104 65 110 73
class 14 66 20 74
class 76 66 82 74
class 177 66 183 74
class 47 67 53 75
class 116 68 122 76
class 45 69 51 77
class 118 69 124 77
class 133 69 139 77
class 148 69 154 77
class 73 70 79 78
class 113 70 119 78
class 20 71 26 79
class 81 72 87 80
class 149 72 155 80
class 22 73 28 81
class 75 73 81 81
class 99 73 105 81
class 100 74 106 82
class 6 75 12 83
class 153 78 159 86
class 146 79 152 87
class 6 80 12 88
class 88 80 94 88
class 151 80 157 88
class 24 84 30 92
class 31 84 37 92
class 85 84 91 92
class 153 84 159 92
class 94 85 100 93
class 165 85 171 93
class 75 86 81 94
class 137 86 143 94
class 64 87 70 95
class 150 88 156 96
class 41 89 47 97
class 99 89 105 97
class 118 90 124 98
class 65 92 71 100
class 73 94 79 102
class 125 94 131 102
class 160 94 166 102
class 96 95 102 103
class 111 95 117 103
class 173 95 179 103
class 86 96 92 104
class 118 96 124 104
class 72 98 78 106
class 131 98 137 106
class 4 100 10 108
class -1 101 5 109
class 61 101 67 109
class 43 102 49 110
class 5 104 11 112
class 65 104 71 112
class 136 104 142 112
class 41 105 47 113
class 59 105 65 113
class 112 105 118 113
class 127 106 133 114
class 68 108 74 116
class 83 108 89 116
class 32 109 38 117
class 80 109 86 117
class 92 110 98 118
class 179 110 185 118
class 131 111 137 119
class 57 112 63 120
class 125 112 131 120
class 79 113 85 121
class 109 113 115 121
class 116 115 122 123
class 49 116 55 124
class 111 116 117 124
class 157 116 163 124
class 21 118 27 126
class 67 118 73 126
class -3 119 3 127
class 44 119 50 127
class 110 119 116 127
class 136 119 142 127
class 164 121 170 129
class 171 121 177 129
class 113 122 119 130
class 146 123 152 131
class 52 124 58 132
class 45 126 51 134
class 152 127 158 135
class 83 128 89 136
class 110 128 116 136
class 13 129 19 137
class 4 130 10 138
class 122 131 128 139
class 15 132 21 140
class 127 132 133 140
class 26 133 32 141
class 76 133 82 141
class 81 134 87 142
class 89 135 95 143
class 111 135 117 143
class 27 136 33 144
class 161 136 167 144
class 137 137 143 145
class 96 138 102 146
class 114 138 120 146
class 164 138 170 146
class 122 139 128 147
class 78 140 84 148
class 151 142 157 150
class 171 142 177 150
class 182 142 188 150
class -1 143 5 151
class 79 143 85 151
class 141 143 147 151
class 60 144 66 152
class 72 144 78 152
class 135 144 141 152
class 50 146 56 154
class 106 147 112 155
class 188 147 194 155
class 196 148 202 156
class 48 149 54 157
class 61 149 67 157
class 42 151 48 159
class 47 151 53 159
class 80 151 86 159
class 127 151 133 159
class 172 152 178 160
class 28 154 34 162
class 78 154 84 162
class 110 155 116 163
class 26 157 32 165
class 192 157 198 165
class 80 158 86 166
class 62 159 68 167
class 17 161 23 169
class 61 161 67 169
class 89 161 95 169
class 96 161 102 169
class 103 162 109 170
class 104 162 110 170
class 116 162 122 170
class 80 163 86 171
class 107 164 113 172
class 154 164 160 172
class 176 165 182 173
class 1 166 7 174
class 72 166 78 174
class 38 167 44 175
class 116 170 122 178
class 25 172 31 180
class 101 173 107 181
class 118 173 124 181
class 123 173 129 181
class 178 173 184 181
class 78 174 84 182
class 144 174 150 182
class 180 177 186 185
class 196 177 202 185
class 142 178 148 186
class 4 181 10 189
class 60 181 66 189
class 76 182 82 190
class 85 182 91 190
class 192 182 198 190
class 131 183 137 191
class 2 184 8 192
class 92 184 98 192
class 143 184 149 192
class 52 185 58 193
class 136 185 142 193
class 140 186 146 194
class 72 188 78 196
class 32 189 38 197
class 77 189 83 197
class 189 189 195 197
class 138 191 144 199
class 55 192 61 200
class 187 192 193 200
class 22 193 28 201
class 119 193 125 201
class 182 194 188 202
class 132 195 138 203
