class 142 -4 148 4
class 144 -2 150 6
class 162 -1 168 7
class 102 0 108 8
class 193 0 199 8
class 136 1 142 9
class 35 4 41 12
class 58 4 64 12
class 185 6 191 14
class 66 8 72 16
class 111 11 117 19
class 156 11 162 19
class 0 12 6 20
class 184 15 190 23
class 84 18 90 26
class 106 21 112 29
class 40 22 46 30
class 119 22 125 30
class 70 27 76 35
class 185 27 191 35
class 54 30 60 38
class 110 30 116 38
class 130 32 136 40
class 120 36 126 44
class 194 36 200 44
class 11 37 17 45
class 61 41 67 49
class 10 42 16 50
class 67 42 73 50
class 168 44 174 52
class 68 47 74 55
class 77 47 83 55
class 7 48 13 56
class 109 49 115 57
class 97 51 103 59
class 60 52 66 60
class 77 53 83 61
class 114 54 120 62
class 10 60 16 68
class 69 61 75 69
class 153 63 159 71
class 104 65 110 73
class 150 66 156 74
class 131 69 137 77
class 113 70 119 78
class 146 79 152 87
class 133 82 139 90
class 1 84 7 92
class 15 85 21 93
class 166 85 172 93
class 99 90 105 98
class 117 90 123 98
class 8 93 14 101
class 133 94 139 102
class 111 95 117 103
class 160 95 166 103
class 172 95 178 103
class 86 96 92 104
class 132 98 138 106
class -1 101 5 109
class 108 101 114 109
class 112 105 118 113
class 32 109 38 117
class 179 110 185 118
class 18 111 24 119
class 57 112 63 120
class 109 113 115 121
class 116 115 122 123
class 49 116 55 124
class 157 116 163 124
class 21 118 27 126
class 67 118 73 126
class 113 118 119 126
class 44 119 50 127
class 136 119 142 127
class 171 119 177 127
class 164 121 170 129
class 146 123 152 131
class 51 124 57 132
class 46 126 52 134
class 149 127 155 135
class 84 129 90 137
class 87 134 93 142
class 137 137 143 145
class 97 138 103 146
class 114 138 120 146
class 122 139 128 147
class 171 142 177 150
class 185 143 191 151
class -1 144 5 152
class 10 144 16 152
class 72 145 78 153
class 106 147 112 155
class 50 148 56 156
class 196 148 202 156
class 42 150 48 158
class 172 152 178 160
class 110 155 116 163
class 192 157 198 165
class 89 161 95 169
class 96 161 102 169
class 116 162 122 170
class 30 163 36 171
class 105 164 111 172
class 154 164 160 172
class 176 165 182 173
class 1 166 7 174
class 72 166 78 174
class 36 167 42 175
class 59 170 65 178
class 101 173 107 181
class 79 177 85 185
class 196 177 202 185
class 60 181 66 189
class 75 182 81 190
class 85 182 91 190
class 192 182 198 190
class 133 183 139 191
class 143 184 149 192
class 136 185 142 193
class 140 186 146 194
class 189 189 195 197
class 187 192 193 200
class 119 193 125 201
class 138 194 144 202
