class 3 -2 9 6
class 6 -1 12 7
class 146 -1 152 7
class 162 -1 168 7
class 102 0 108 8
class 193 0 199 8
class 136 1 142 9
class 35 4 41 12
class 58 4 64 12
class 21 6 27 14
class 133 6 139 14
class 144 6 150 14
class 185 6 191 14
class 134 8 140 16
class 162 9 168 17
class 20 11 26 19
class 111 11 117 19
class 156 11 162 19
class 0 12 6 20
class 184 15 190 23
class 65 17 71 25
class 71 18 77 26
class 84 18 90 26
class 106 21 112 29
class 40 22 46 30
class 51 22 57 30
class 119 22 125 30
class 53 24 59 32
class 97 25 103 33
class 70 27 76 35
class 88 27 94 35
class 185 27 191 35
class 99 28 105 36
class 54 30 60 38
class 110 30 116 38
class 132 32 138 40
class 11 35 17 43
class 50 35 56 43
class 120 36 126 44
class 194 36 200 44
class 28 38 34 46
class 29 39 35 47
class 91 39 97 47
class 61 40 67 48
class 67 42 73 50
class 157 42 163 50
class 151 43 157 51
class 168 43 174 51
class 68 47 74 55
class 77 47 83 55
class 7 48 13 56
class 109 48 115 56
class 173 48 179 56
class 124 51 130 59
class 53 53 59 61
class 60 53 66 61
class 77 53 83 61
class 114 54 120 62
class 126 55 132 63
class 135 55 141 63
class 183 59 189 67
class 10 60 16 68
class 153 60 159 68
class 69 61 75 69
class 135 61 141 69
class 138 63 144 71
class 104 65 110 73
class 13 66 19 74
class 150 66 156 74
class 177 66 183 74
class 81 68 87 76
class 11 69 17 77
class 80 69 86 77
class 131 69 137 77
class 113 70 119 78
class 146 79 152 87
class 73 81 79 89
class 29 84 35 92
class 98 84 104 92
class 15 85 21 93
class 166 85 172 93
class 75 86 81 94
class 137 86 143 94
class 99 89 105 97
class 118 90 124 98
class 8 93 14 101
class 133 94 139 102
class 160 94 166 102
class 111 95 117 103
class 172 95 178 103
class 118 96 124 104
class 132 98 138 106
class -1 101 5 109
class 61 103 67 111
class 65 104 71 112
class 136 104 142 112
class 59 105 65 113
class 112 105 118 113
class 68 107 74 115
class 32 109 38 117
class 179 110 185 118
class 18 111 24 119
class 57 112 63 120
class 79 113 85 121
class 109 113 115 121
class 49 116 55 124
class 111 116 117 124
class 157 116 163 124
class 21 118 27 126
class 67 118 73 126
class 44 119 50 127
class 110 119 116 127
class 136 119 142 127
class 164 121 170 129
class 113 122 119 130
class 146 123 152 131
class 46 126 52 134
class 84 128 90 136
class 13 129 19 137
class 110 129 116 137
class 15 132 21 140
class 88 135 94 143
class 111 135 117 143
class 137 137 143 145
class 97 138 103 146
class 114 138 120 146
class 122 139 128 147
class 171 142 177 150
class 183 142 189 150
class -1 143 5 151
class 141 143 147 151
class 72 144 78 152
class 10 145 16 153
class 188 146 194 154
class 106 147 112 155
class 130 147 136 155
class 50 148 56 156
class 196 148 202 156
class 42 150 48 158
class 172 152 178 160
class 110 155 116 163
class 192 157 198 165
class 89 161 95 169
class 96 161 102 169
class 30 162 36 170
class 116 162 122 170
class 105 164 111 172
class 154 164 160 172
class 176 165 182 173
class 1 166 7 174
class 72 166 78 174
class 37 167 43 175
class 21 168 27 176
class 59 170 65 178
class 79 175 85 183
class 196 177 202 185
class 94 179 100 187
class 60 181 66 189
class 75 182 81 190
class 85 182 91 190
class 92 183 98 191
class 132 183 138 191
class 34 184 40 192
class 143 184 149 192
class 136 185 142 193
class 140 186 146 194
class 24 187 30 195
class 52 187 58 195
class 32 189 38 197
class 77 189 83 197
class 189 189 195 197
class 54 191 60 199
class 22 192 28 200
class 138 192 144 200
class 187 192 193 200
class 119 193 125 201
class 183 194 189 202
