class 150 -3 156 5
class 44 -1 50 7
class 147 4 153 12
class 43 5 49 13
class 39 8 45 16
class 157 8 163 16
class 123 13 129 21
class 156 14 162 22
class 125 15 131 23
class 83 17 89 25
class 35 18 41 26
class 144 18 150 26
class 96 20 102 28
class 175 21 181 29
class 163 22 169 30
class 19 23 25 31
class 41 24 47 32
class 81 24 87 32
class 165 24 171 32
class 17 25 23 33
class 158 25 164 33
class 180 25 186 33
class 107 26 113 34
class 35 30 41 38
class 104 30 110 38
class 194 30 200 38
class 179 31 185 39
class 130 32 136 40
class 175 34 181 42
class 71 35 77 43
class 7 37 13 45
class 134 37 140 45
class 77 38 83 46
class 121 38 127 46
class 83 41 89 49
class 185 43 191 51
class 110 44 116 52
class 50 45 56 53
class 82 46 88 54
class 135 50 141 58
class 166 51 172 59
class 63 53 69 61
class 171 53 177 61
class 121 56 127 64
class 144 56 150 64
class 51 57 57 65
class 105 57 111 65
class 172 60 178 68
class 194 61 200 69
class 19 63 25 71
class 110 63 116 71
class 139 63 145 71
class 180 63 186 71
class 130 64 136 72
class 162 65 168 73
class 156 67 162 75
class 29 68 35 76
class 115 68 121 76
class 16 69 22 77
class 122 69 128 77
class 125 71 131 79
class 92 73 98 81
class 151 73 157 81
class 1 75 7 83
class 126 75 132 83
class 7 76 13 84
class 52 76 58 84
class 132 76 138 84
class 137 78 143 86
class 154 79 160 87
class 189 79 195 87
class 6 80 12 88
class 39 80 45 88
class 1 82 7 90
class 17 82 23 90
class 70 83 76 91
class 90 85 96 93
class 49 86 55 94
class 19 87 25 95
class 195 87 201 95
class 21 92 27 100
class 46 95 52 103
class 63 95 69 103
class 75 95 81 103
class 143 95 149 103
class 98 96 104 104
class 19 98 25 106
class 72 99 78 107
class 26 102 32 110
class 139 102 145 110
class 10 105 16 113
class 163 105 169 113
class 3 109 9 117
class 54 109 60 117
class 190 109 196 117
class 47 110 53 118
class 41 111 47 119
class 164 111 170 119
class 85 112 91 120
class 56 114 62 122
class 9 117 15 125
class 53 117 59 125
class 4 118 10 126
class 116 118 122 126
class 130 118 136 126
class 135 122 141 130
class 139 124 145 132
class 104 125 110 133
class 176 126 182 134
class 194 128 200 136
class 94 130 100 138
class 114 131 120 139
class 175 131 181 139
class 181 134 187 142
class 32 135 38 143
class 193 135 199 143
class 33 136 39 144
class 126 136 132 144
class 75 138 81 146
class 71 142 77 150
class 130 142 136 150
class 153 142 159 150
class 103 143 109 151
class 113 145 119 153
class 11 149 17 157
class 108 149 114 157
class 132 149 138 157
class 165 149 171 157
class -2 151 4 159
class 38 154 44 162
class 84 156 90 164
class 117 157 123 165
class 174 160 180 168
class 114 161 120 169
class 182 161 188 169
class 194 161 200 169
class 32 164 38 172
class 187 166 193 174
class 167 168 173 176
class 9 170 15 178
class 133 171 139 179
class 186 171 192 179
class 5 173 11 181
class 149 175 155 183
class 161 175 167 183
class 43 176 49 184
class 65 176 71 184
class 182 176 188 184
class 40 177 46 185
class 12 178 18 186
class 103 178 109 186
class 126 179 132 187
class 39 180 45 188
class 96 180 102 188
class 167 180 173 188
class 108 181 114 189
class 43 183 49 191
class 194 183 200 191
class 193 184 199 192
class 167 187 173 195
class 161 189 167 197
class 175 191 181 199
class 117 192 123 200
