class 114 -4 120 4
class 135 -4 141 4
class 162 -3 168 5
class 44 -1 50 7
class 86 0 92 8
class 114 0 120 8
class 82 2 88 10
class 103 2 109 10
class 104 4 110 12
class 147 4 153 12
class 43 5 49 13
class 39 9 45 17
class 6 13 12 21
class 123 13 129 21
class 156 15 162 23
class 83 16 89 24
class 35 18 41 26
class 44 18 50 26
class 144 18 150 26
class 96 20 102 28
class 162 20 168 28
class 105 21 111 29
class 175 21 181 29
class 41 24 47 32
class 166 24 172 32
class 195 24 201 32
class 16 25 22 33
class 81 25 87 33
class 180 25 186 33
class 107 26 113 34
class 120 26 126 34
class 124 26 130 34
class 138 26 144 34
class 14 27 20 35
class 139 27 145 35
class 14 28 20 36
class 179 31 185 39
class 194 31 200 39
class 104 32 110 40
class 130 32 136 40
class 174 34 180 42
class 71 35 77 43
class 48 36 54 44
class 55 36 61 44
class 163 36 169 44
class 77 38 83 46
class 83 41 89 49
class 185 43 191 51
class 110 44 116 52
class 28 45 34 53
class 50 45 56 53
class 7 47 13 55
class 82 47 88 55
class 1 49 7 57
class 126 49 132 57
class 52 50 58 58
class 135 50 141 58
class 29 53 35 61
class 64 53 70 61
class 171 53 177 61
class 121 56 127 64
class 144 56 150 64
class 105 57 111 65
class 51 59 57 67
class 194 61 200 69
class 19 63 25 71
class 110 63 116 71
class 139 63 145 71
class 180 63 186 71
class 130 64 136 72
class 162 65 168 73
class 156 67 162 75
class 29 68 35 76
class 115 68 121 76
class 16 69 22 77
class 122 69 128 77
class 125 71 131 79
class 92 73 98 81
class 104 73 110 81
class 1 75 7 83
class 8 75 14 83
class 126 75 132 83
class 52 76 58 84
class 132 76 138 84
class 16 77 22 85
class 59 78 65 86
class 138 78 144 86
class 63 79 69 87
class 189 79 195 87
class 6 80 12 88
class 39 80 45 88
class 1 82 7 90
class 17 82 23 90
class 81 82 87 90
class 70 83 76 91
class 49 84 55 92
class 82 84 88 92
class 134 84 140 92
class 91 85 97 93
class 19 87 25 95
class 83 87 89 95
class 195 87 201 95
class 135 88 141 96
class 158 88 164 96
class 50 89 56 97
class 82 90 88 98
class 155 90 161 98
class -2 91 4 99
class 21 92 27 100
class 3 93 9 101
class 135 93 141 101
class 155 94 161 102
class 46 95 52 103
class 55 95 61 103
class 63 95 69 103
class 75 95 81 103
class 98 95 104 103
class 136 95 142 103
class 143 95 149 103
class 19 98 25 106
class 86 98 92 106
class 72 99 78 107
class 26 102 32 110
class 139 102 145 110
class 148 102 154 110
class 11 105 17 113
class 162 105 168 113
class 106 106 112 114
class 169 108 175 116
class 3 109 9 117
class 54 109 60 117
class 190 109 196 117
class 47 110 53 118
class 102 110 108 118
class 41 111 47 119
class 118 111 124 119
class 146 111 152 119
class 85 112 91 120
class 141 112 147 120
class 164 112 170 120
class 140 115 146 123
class -3 116 3 124
class 9 117 15 125
class 30 117 36 125
class 53 117 59 125
class 69 117 75 125
class 4 118 10 126
class 130 118 136 126
class 69 119 75 127
class 33 120 39 128
class 116 120 122 128
class 135 122 141 130
class 185 123 191 131
class 176 126 182 134
class 194 128 200 136
class 151 129 157 137
class 49 130 55 138
class 94 130 100 138
class 114 131 120 139
class 175 131 181 139
class 181 134 187 142
class 6 135 12 143
class 193 135 199 143
class 36 136 42 144
class 124 136 130 144
class 20 137 26 145
class 80 137 86 145
class 75 138 81 146
class 44 141 50 149
class 19 142 25 150
class 71 142 77 150
class 131 142 137 150
class 34 143 40 151
class 103 143 109 151
class 153 143 159 151
class 161 143 167 151
class 113 145 119 153
class 33 146 39 154
class 85 147 91 155
class 118 147 124 155
class 131 148 137 156
class 179 148 185 156
class 11 149 17 157
class 108 149 114 157
class 165 149 171 157
class 134 150 140 158
class 115 151 121 159
class 157 151 163 159
class 164 152 170 160
class 189 152 195 160
class 38 154 44 162
class 182 154 188 162
class 188 155 194 163
class 84 156 90 164
class 194 156 200 164
class 117 157 123 165
class 174 160 180 168
class 182 161 188 169
class 114 162 120 170
class 150 162 156 170
class 76 163 82 171
class 77 163 83 171
class 194 163 200 171
class 32 164 38 172
class 44 165 50 173
class 150 166 156 174
class 187 166 193 174
class 9 168 15 176
class 167 168 173 176
class 13 170 19 178
class 46 170 52 178
class 133 171 139 179
class 186 171 192 179
class 114 172 120 180
class 12 173 18 181
class 149 175 155 183
class 161 175 167 183
class 44 176 50 184
class 65 176 71 184
class 182 176 188 184
class 40 177 46 185
class 12 178 18 186
class 103 178 109 186
class 126 179 132 187
class 167 179 173 187
class 39 180 45 188
class 96 180 102 188
class 108 181 114 189
class 156 182 162 190
class 196 183 202 191
class 190 184 196 192
class 43 185 49 193
class 27 186 33 194
class 167 187 173 195
class 5 188 11 196
class 162 189 168 197
class 142 190 148 198
class 175 191 181 199
class 117 192 123 200
class 48 193 54 201
class 6 195 12 203
