class 114 -4 120 4
class 136 -4 142 4
class 94 -3 100 5
class 150 -3 156 5
class 162 -3 168 5
class 178 -2 184 6
class 44 -1 50 7
class 182 -1 188 7
class 86 0 92 8
class 113 0 119 8
class 102 1 108 9
class 178 1 184 9
class 179 2 185 10
class 140 3 146 11
class 64 4 70 12
class 147 4 153 12
class 43 5 49 13
class 104 5 110 13
class 157 8 163 16
class 39 9 45 17
class 104 10 110 18
class 73 11 79 19
class 102 11 108 19
class 6 12 12 20
class 123 13 129 21
class 72 15 78 23
class 83 15 89 23
class 126 15 132 23
class 156 15 162 23
class 3 16 9 24
class 35 18 41 26
class 45 18 51 26
class 144 18 150 26
class 162 19 168 27
class 96 20 102 28
class 105 21 111 29
class 128 21 134 29
class 175 21 181 29
class 126 23 132 31
class 41 24 47 32
class 166 24 172 32
class 195 24 201 32
class 16 25 22 33
class 81 25 87 33
class 158 25 164 33
class 180 25 186 33
class 107 26 113 34
class 120 26 126 34
class 124 26 130 34
class 137 26 143 34
class 15 27 21 35
class 89 27 95 35
class 90 27 96 35
class 141 27 147 35
class 12 28 18 36
class 34 30 40 38
class 179 31 185 39
class 195 31 201 39
class 130 32 136 40
class 148 32 154 40
class 104 33 110 41
class 120 33 126 41
class 149 33 155 41
class 173 34 179 42
class 71 35 77 43
class 47 36 53 44
class 56 36 62 44
class 163 36 169 44
class 7 37 13 45
class 134 37 140 45
class 121 38 127 46
class 83 41 89 49
class 58 42 64 50
class 185 43 191 51
class 60 44 66 52
class 110 44 116 52
class 28 45 34 53
class 49 45 55 53
class 82 47 88 55
class 1 49 7 57
class 126 49 132 57
class 52 50 58 58
class 166 51 172 59
class 14 53 20 61
class 64 53 70 61
class 171 53 177 61
class 121 56 127 64
class 144 56 150 64
class 105 57 111 65
class 16 58 22 66
class 51 60 57 68
class 172 61 178 69
class 194 61 200 69
class 19 63 25 71
class 110 63 116 71
class 180 63 186 71
class 130 64 136 72
class 156 67 162 75
class 29 68 35 76
class 115 68 121 76
class 16 69 22 77
class 122 69 128 77
class 125 71 131 79
class 91 73 97 81
class 104 73 110 81
class 1 75 7 83
class 126 75 132 83
class 132 76 138 84
class 16 77 22 85
class 59 78 65 86
class 138 78 144 86
class 63 79 69 87
class 154 79 160 87
class 189 79 195 87
class 6 80 12 88
class 39 80 45 88
class 80 81 86 89
class 166 81 172 89
class 1 82 7 90
class 18 82 24 90
class 49 84 55 92
class 134 84 140 92
class 91 85 97 93
class 19 87 25 95
class 58 87 64 95
class 83 87 89 95
class 195 87 201 95
class 11 88 17 96
class 135 88 141 96
class 158 88 164 96
class 50 89 56 97
class 56 90 62 98
class 82 90 88 98
class 155 90 161 98
class -2 91 4 99
class 21 92 27 100
class 3 93 9 101
class 134 93 140 101
class 98 94 104 102
class 118 94 124 102
class 151 94 157 102
class 41 95 47 103
class 46 95 52 103
class 54 95 60 103
class 63 95 69 103
class 136 95 142 103
class 143 95 149 103
class 43 96 49 104
class 120 96 126 104
class 175 96 181 104
class 178 97 184 105
class 19 98 25 106
class 86 98 92 106
class 72 99 78 107
class 82 99 88 107
class 97 99 103 107
class 187 99 193 107
class 188 99 194 107
class 84 100 90 108
class 26 102 32 110
class 96 102 102 110
class 139 102 145 110
class 148 102 154 110
class 11 105 17 113
class 121 105 127 113
class 161 105 167 113
class 106 106 112 114
class 119 107 125 115
class 170 107 176 115
class 3 109 9 117
class 54 109 60 117
class 190 109 196 117
class 47 110 53 118
class 102 110 108 118
class 168 110 174 118
class 118 111 124 119
class 141 111 147 119
class 146 111 152 119
class 41 112 47 120
class 85 112 91 120
class 164 112 170 120
class 58 114 64 122
class 140 115 146 123
class -3 116 3 124
class 9 117 15 125
class 30 117 36 125
class 53 117 59 125
class 33 120 39 128
class 50 121 56 129
class 69 121 75 129
class 135 122 141 130
class 185 123 191 131
class 104 124 110 132
class 14 125 20 133
class 63 126 69 134
class 176 126 182 134
class 62 128 68 136
class 84 128 90 136
class 49 130 55 138
class 94 130 100 138
class 83 131 89 139
class 114 131 120 139
class 175 131 181 139
class 6 134 12 142
class 30 135 36 143
class 193 135 199 143
class 36 136 42 144
class 124 136 130 144
class 20 137 26 145
class 66 137 72 145
class 80 137 86 145
class 9 138 15 146
class 75 138 81 146
class 44 141 50 149
class 19 142 25 150
class 34 142 40 150
class 71 142 77 150
class 131 142 137 150
class 103 143 109 151
class 161 143 167 151
class 153 144 159 152
class 113 145 119 153
class 85 147 91 155
class 119 147 125 155
class 33 148 39 156
class 11 149 17 157
class 107 149 113 157
class 165 149 171 157
class -2 150 4 158
class 134 150 140 158
class 189 151 195 159
class 164 152 170 160
class 174 152 180 160
class 175 153 181 161
class 133 154 139 162
class 182 154 188 162
class 4 155 10 163
class 165 155 171 163
class 188 155 194 163
class 84 156 90 164
class 117 156 123 164
class 194 156 200 164
class 174 160 180 168
class 150 161 156 169
class 182 161 188 169
class 74 163 80 171
class 79 163 85 171
class 194 163 200 171
class 32 164 38 172
class 44 165 50 173
class 150 166 156 174
class 9 167 15 175
class 167 168 173 176
class 13 170 19 178
class 46 170 52 178
class 133 170 139 178
class 119 171 125 179
class 186 171 192 179
class 32 172 38 180
class 113 172 119 180
class 5 173 11 181
class 12 173 18 181
class 31 174 37 182
class 161 175 167 183
class 44 176 50 184
class 65 176 71 184
class 182 176 188 184
class 12 178 18 186
class 103 178 109 186
class 126 179 132 187
class 167 179 173 187
class 96 180 102 188
class 108 181 114 189
class 156 182 162 190
class 196 183 202 191
class 190 184 196 192
class 5 187 11 195
class 14 187 20 195
class 27 187 33 195
class 167 187 173 195
class 15 188 21 196
class 149 188 155 196
class 153 189 159 197
class 162 189 168 197
class 116 190 122 198
class 143 190 149 198
class 113 191 119 199
class 175 191 181 199
class 48 193 54 201
class 118 193 124 201
class 133 194 139 202
class 6 195 12 203
class 97 195 103 203
