class 150 -3 156 5
class 147 4 153 12
class 43 5 49 13
class 39 8 45 16
class 156 14 162 22
class 125 15 131 23
class 83 17 89 25
class 35 18 41 26
class 44 18 50 26
class 144 18 150 26
class 96 20 102 28
class 105 21 111 29
class 175 21 181 29
class 41 24 47 32
class 81 24 87 32
class 165 24 171 32
class 16 25 22 33
class 158 25 164 33
class 195 25 201 33
class 107 26 113 34
class 35 30 41 38
class 194 30 200 38
class 179 31 185 39
class 130 32 136 40
class 121 33 127 41
class 175 34 181 42
class 71 35 77 43
class 163 36 169 44
class 7 37 13 45
class 134 37 140 45
class 121 38 127 46
class 83 41 89 49
class 185 43 191 51
class 110 44 116 52
class 50 45 56 53
class 82 46 88 54
class 28 48 34 56
class 126 49 132 57
class 51 50 57 58
class 135 50 141 58
class 29 51 35 59
class 166 51 172 59
class 63 53 69 61
class 171 53 177 61
class 121 56 127 64
class 105 57 111 65
class 51 58 57 66
class 172 60 178 68
class 19 63 25 71
class 110 63 116 71
class 180 63 186 71
class 130 64 136 72
class 156 67 162 75
class 29 68 35 76
class 122 69 128 77
class 125 71 131 79
class 92 73 98 81
class 104 73 110 81
class 151 73 157 81
class 1 75 7 83
class 126 75 132 83
class 52 76 58 84
class 16 77 22 85
class 137 78 143 86
class 154 79 160 87
class 189 79 195 87
class 6 80 12 88
class 39 80 45 88
class 1 82 7 90
class 70 83 76 91
class 49 85 55 93
class 90 85 96 93
class 19 87 25 95
class 195 87 201 95
class 21 92 27 100
class 46 95 52 103
class 75 95 81 103
class 98 96 104 104
class 19 98 25 106
class 86 98 92 106
class 72 99 78 107
class 26 102 32 110
class 147 102 153 110
class 10 105 16 113
class 163 105 169 113
class 106 106 112 114
class 3 109 9 117
class 54 109 60 117
class 190 109 196 117
class 47 110 53 118
class 102 110 108 118
class 118 111 124 119
class 146 111 152 119
class 164 111 170 119
class 85 112 91 120
class -3 116 3 124
class 9 117 15 125
class 53 117 59 125
class 4 118 10 126
class 135 122 141 130
class 139 124 145 132
class 104 125 110 133
class 151 129 157 137
class 49 130 55 138
class 94 130 100 138
class 114 131 120 139
class 193 135 199 143
class 34 136 40 144
class 80 137 86 145
class 20 138 26 146
class 19 141 25 149
class 44 141 50 149
class 130 142 136 150
class 153 142 159 150
class 103 143 109 151
class 113 145 119 153
class 161 145 167 153
class 85 147 91 155
class 11 149 17 157
class 108 149 114 157
class 132 149 138 157
class 165 149 171 157
class 179 150 185 158
class -2 151 4 159
class 157 151 163 159
class 181 151 187 159
class 4 154 10 162
class 38 154 44 162
class 84 156 90 164
class 194 156 200 164
class 117 157 123 165
class 114 161 120 169
class 182 161 188 169
class 194 162 200 170
class 187 166 193 174
class 167 168 173 176
class 9 170 15 178
class 133 171 139 179
class 186 171 192 179
class 5 173 11 181
class 149 175 155 183
class 161 175 167 183
class 43 176 49 184
class 65 176 71 184
class 182 176 188 184
class 40 177 46 185
class 12 178 18 186
class 103 178 109 186
class 126 179 132 187
class 39 180 45 188
class 167 180 173 188
class 108 181 114 189
class 156 182 162 190
class 43 183 49 191
class 195 183 201 191
class 192 184 198 192
class 161 189 167 197
class 175 191 181 199
class 6 192 12 200
class 117 192 123 200
class 48 193 54 201
