class 150 -3 156 5
class 162 -3 168 5
class 44 -1 50 7
class 147 4 153 12
class 43 5 49 13
class 39 8 45 16
class 157 10 163 18
class 156 13 162 21
class 83 17 89 25
class 35 18 41 26
class 44 18 50 26
class 144 18 150 26
class 96 20 102 28
class 105 21 111 29
class 81 23 87 31
class 41 24 47 32
class 106 26 112 34
class 104 29 110 37
class 35 30 41 38
class 179 31 185 39
class 130 32 136 40
class 121 34 127 42
class 175 34 181 42
class 72 35 78 43
class 163 36 169 44
class 7 37 13 45
class 121 37 127 45
class 134 37 140 45
class 77 38 83 46
class 83 43 89 51
class 82 44 88 52
class 110 44 116 52
class 50 46 56 54
class 126 49 132 57
class 51 50 57 58
class 135 50 141 58
class 166 51 172 59
class 14 53 20 61
class 63 53 69 61
class 171 53 177 61
class 121 56 127 64
class 144 56 150 64
class 51 57 57 65
class 105 57 111 65
class 16 58 22 66
class 172 60 178 68
class 194 61 200 69
class 19 63 25 71
class 110 63 116 71
class 139 63 145 71
class 180 63 186 71
class 130 64 136 72
class 162 65 168 73
class 156 67 162 75
class 29 68 35 76
class 115 68 121 76
class 16 69 22 77
class 125 71 131 79
class 93 73 99 81
class 151 73 157 81
class 1 75 7 83
class 126 75 132 83
class 52 76 58 84
class 132 76 138 84
class 16 77 22 85
class 137 78 143 86
class 189 79 195 87
class 39 80 45 88
class 1 82 7 90
class 17 82 23 90
class 70 83 76 91
class 90 85 96 93
class 19 87 25 95
class 195 87 201 95
class -2 91 4 99
class 20 92 26 100
class 3 93 9 101
class 46 95 52 103
class 63 95 69 103
class 75 95 81 103
class 143 95 149 103
class 87 97 93 105
class 19 98 25 106
class 72 99 78 107
class 26 102 32 110
class 139 102 145 110
class 146 102 152 110
class 10 105 16 113
class 106 106 112 114
class 163 106 169 114
class 3 109 9 117
class 54 109 60 117
class 190 109 196 117
class 47 110 53 118
class 164 110 170 118
class 41 111 47 119
class 146 111 152 119
class 118 112 124 120
class -3 116 3 124
class 4 117 10 125
class 9 117 15 125
class 130 118 136 126
class 135 122 141 130
class 185 123 191 131
class 104 125 110 133
class 176 126 182 134
class 194 128 200 136
class 151 129 157 137
class 49 130 55 138
class 94 130 100 138
class 176 131 182 139
class 181 134 187 142
class 193 135 199 143
class 126 137 132 145
class 75 138 81 146
class 44 141 50 149
class 71 142 77 150
class 153 142 159 150
class 103 143 109 151
class 113 145 119 153
class 85 147 91 155
class 108 148 114 156
class 11 149 17 157
class 132 149 138 157
class 165 149 171 157
class -2 151 4 159
class 157 151 163 159
class 4 154 10 162
class 38 154 44 162
class 117 157 123 165
class 114 160 120 168
class 174 160 180 168
class 32 164 38 172
class 187 166 193 174
class 8 171 14 179
class 133 171 139 179
class 186 171 192 179
class 6 172 12 180
class 149 175 155 183
class 161 175 167 183
class 182 176 188 184
class 13 178 19 186
class 103 178 109 186
class 126 179 132 187
class 41 180 47 188
class 96 180 102 188
class 108 181 114 189
class 167 181 173 189
class 42 182 48 190
class 156 182 162 190
class 27 185 33 193
class 167 187 173 195
class 161 189 167 197
class 175 191 181 199
class 117 192 123 200
class 48 193 54 201
