class 66 0 72 8
class 8 3 14 11
class 46 4 52 12
class 168 4 174 12
class 22 5 28 13
class 178 6 184 14
class 51 7 57 15
class 112 7 118 15
class 53 8 59 16
class 72 11 78 19
class 107 12 113 20
class 54 14 60 22
class 87 16 93 24
class 124 16 130 24
class 137 19 143 27
class 16 20 22 28
class 138 20 144 28
class 94 22 100 30
class 133 24 139 32
class 152 25 158 33
class 175 26 181 34
class 188 29 194 37
class 143 30 149 38
class 71 31 77 39
class 90 31 96 39
class 122 32 128 40
class 32 35 38 43
class 142 37 148 45
class 11 44 17 52
class 185 44 191 52
class 157 45 163 53
class 49 46 55 54
class 165 47 171 55
class 7 50 13 58
class 87 50 93 58
class 110 50 116 58
class 98 51 104 59
class 114 54 120 62
class 75 56 81 64
class 86 56 92 64
class 74 57 80 65
class 94 57 100 65
class 65 60 71 68
class 118 61 124 69
class 186 65 192 73
class 170 66 176 74
class 181 70 187 78
class 30 71 36 79
class 167 73 173 81
class 36 76 42 84
class 105 77 111 85
class 112 78 118 86
class 102 80 108 88
class 137 81 143 89
class 112 86 118 94
class 170 86 176 94
class 22 89 28 97
class 4 90 10 98
class 118 94 124 102
class 12 97 18 105
class 103 97 109 105
class 89 98 95 106
class 194 99 200 107
class 11 100 17 108
class 115 102 121 110
class 35 103 41 111
class 108 103 114 111
class 147 103 153 111
class 134 104 140 112
class 130 108 136 116
class 37 110 43 118
class 149 113 155 121
class -2 116 4 124
class 35 116 41 124
class 8 117 14 125
class 128 117 134 125
class 24 121 30 129
class 124 124 130 132
class 77 126 83 134
class 117 126 123 134
class 36 128 42 136
class 86 128 92 136
class 156 130 162 138
class 133 131 139 139
class 145 131 151 139
class 28 133 34 141
class 186 135 192 143
class 78 138 84 146
class 35 140 41 148
class 110 140 116 148
class 130 142 136 150
class 20 143 26 151
class 176 143 182 151
class 50 144 56 152
class 112 145 118 153
class 65 146 71 154
class 17 150 23 158
class 116 150 122 158
class 67 151 73 159
class 167 152 173 160
class 115 155 121 163
class 69 157 75 165
class -1 161 5 169
class 76 161 82 169
class 87 161 93 169
class 25 162 31 170
class 45 162 51 170
class 129 163 135 171
class 78 165 84 173
class 195 166 201 174
class 182 169 188 177
class 19 171 25 179
class 177 172 183 180
class 184 174 190 182
class 8 175 14 183
class 103 175 109 183
class 137 177 143 185
class 156 177 162 185
class 168 180 174 188
class 172 180 178 188
class 190 180 196 188
class -1 184 5 192
class 154 186 160 194
class 52 187 58 195
class 195 187 201 195
class 170 188 176 196
class 64 189 70 197
class 189 190 195 198
class 32 191 38 199
class 69 191 75 199
class 175 191 181 199
class 184 191 190 199
class 47 195 53 203
