class 128 -4 134 4
class 9 -3 15 5
class 127 1 133 9
class 8 3 14 11
class 39 4 45 12
class 46 4 52 12
class 178 6 184 14
class 32 7 38 15
class 56 7 62 15
class 112 7 118 15
class -2 8 4 16
class 51 8 57 16
class 39 10 45 18
class 194 10 200 18
class 73 11 79 19
class 30 12 36 20
class 107 12 113 20
class 54 14 60 22
class 181 15 187 23
class 61 16 67 24
class 87 16 93 24
class 124 16 130 24
class 58 18 64 26
class 137 18 143 26
class 179 18 185 26
class 16 20 22 28
class 149 21 155 29
class 94 22 100 30
class 145 22 151 30
class 139 23 145 31
class 133 24 139 32
class 152 25 158 33
class 121 26 127 34
class 175 26 181 34
class 196 26 202 34
class 126 27 132 35
class 18 28 24 36
class 143 30 149 38
class 71 31 77 39
class 167 31 173 39
class 122 32 128 40
class 24 35 30 43
class 32 35 38 43
class 67 35 73 43
class 28 37 34 45
class 142 37 148 45
class 36 38 42 46
class 101 38 107 46
class 59 39 65 47
class 96 39 102 47
class 151 39 157 47
class 68 41 74 49
class 79 41 85 49
class 185 42 191 50
class 37 43 43 51
class 61 43 67 51
class 11 44 17 52
class 81 44 87 52
class 157 45 163 53
class 49 46 55 54
class 188 48 194 56
class 87 49 93 57
class 120 49 126 57
class 7 50 13 58
class 110 50 116 58
class 114 54 120 62
class 75 55 81 63
class 94 57 100 65
class 15 58 21 66
class 86 58 92 66
class 74 59 80 67
class 105 61 111 69
class 158 61 164 69
class 21 62 27 70
class 77 62 83 70
class 118 62 124 70
class 102 63 108 71
class 156 63 162 71
class 14 69 20 77
class 18 69 24 77
class 78 70 84 78
class 30 71 36 79
class 58 73 64 81
class 63 73 69 81
class 36 74 42 82
class 74 75 80 83
class 112 78 118 86
class 164 78 170 86
class 100 80 106 88
class 160 81 166 89
class 170 85 176 93
class 112 87 118 95
class 22 89 28 97
class 4 90 10 98
class 10 90 16 98
class 108 90 114 98
class 11 91 17 99
class 104 91 110 99
class 138 92 144 100
class 177 93 183 101
class 118 94 124 102
class 13 96 19 104
class 33 96 39 104
class 103 97 109 105
class 186 97 192 105
class 31 99 37 107
class 194 99 200 107
class 183 100 189 108
class 11 101 17 109
class 115 102 121 110
class 35 103 41 111
class 83 103 89 111
class 108 103 114 111
class 147 103 153 111
class 134 104 140 112
class 28 105 34 113
class 130 108 136 116
class 185 108 191 116
class 67 109 73 117
class 165 109 171 117
class 30 110 36 118
class 187 111 193 119
class 64 112 70 120
class 108 112 114 120
class 149 113 155 121
class 183 113 189 121
class 184 114 190 122
class 114 115 120 123
class -2 116 4 124
class 60 116 66 124
class 61 116 67 124
class 8 117 14 125
class 128 117 134 125
class 88 119 94 127
class 84 122 90 130
class 124 124 130 132
class 164 125 170 133
class 76 126 82 134
class 117 126 123 134
class 53 127 59 135
class 36 128 42 136
class 86 128 92 136
class 166 128 172 136
class 133 129 139 137
class 66 130 72 138
class 91 130 97 138
class 156 130 162 138
class 58 131 64 139
class 145 131 151 139
class 64 132 70 140
class 25 133 31 141
class 90 133 96 141
class 131 134 137 142
class 186 135 192 143
class 27 136 33 144
class 30 136 36 144
class 78 138 84 146
class 37 140 43 148
class 61 140 67 148
class 110 140 116 148
class 130 142 136 150
class 20 143 26 151
class 50 144 56 152
class 84 144 90 152
class 65 145 71 153
class 82 145 88 153
class 112 145 118 153
class 176 145 182 153
class 47 147 53 155
class 139 147 145 155
class 185 147 191 155
class 142 148 148 156
class 36 149 42 157
class 186 149 192 157
class 17 150 23 158
class 23 150 29 158
class 46 150 52 158
class 116 150 122 158
class 162 150 168 158
class 67 151 73 159
class 136 151 142 159
class 25 152 31 160
class 104 152 110 160
class 134 153 140 161
class 160 153 166 161
class 169 153 175 161
class 39 155 45 163
class 75 155 81 163
class 86 155 92 163
class 161 155 167 163
class 101 156 107 164
class 69 157 75 165
class 134 157 140 165
class 144 157 150 165
class 77 158 83 166
class 85 158 91 166
class -1 161 5 169
class 63 161 69 169
class 76 161 82 169
class 86 161 92 169
class 136 161 142 169
class 25 162 31 170
class 45 162 51 170
class 143 162 149 170
class 157 162 163 170
class 20 163 26 171
class 19 164 25 172
class 78 167 84 175
class 138 168 144 176
class 182 168 188 176
class 19 171 25 179
class 135 171 141 179
class 111 172 117 180
class 177 172 183 180
class 141 173 147 181
class 184 174 190 182
class 8 175 14 183
class 103 175 109 183
class 140 175 146 183
class 138 177 144 185
class 39 178 45 186
class 42 179 48 187
class 166 180 172 188
class 190 180 196 188
class 105 181 111 189
class 91 182 97 190
class 129 182 135 190
class 172 182 178 190
class 0 184 6 192
class 154 186 160 194
class 52 187 58 195
class 170 187 176 195
class 195 187 201 195
class 62 188 68 196
class 102 189 108 197
class 189 190 195 198
class 4 191 10 199
class 32 191 38 199
class 175 191 181 199
class 184 191 190 199
class 76 192 82 200
class 93 193 99 201
class 100 193 106 201
class 76 194 82 202
class 47 195 53 203
