class 8 -3 14 5
class 66 0 72 8
class 8 3 14 11
class 46 4 52 12
class 168 4 174 12
class 22 5 28 13
class 39 5 45 13
class 178 6 184 14
class 32 7 38 15
class 112 7 118 15
class 55 8 61 16
class 39 10 45 18
class 31 11 37 19
class 72 11 78 19
class 107 12 113 20
class 54 14 60 22
class 87 16 93 24
class 124 16 130 24
class 181 16 187 24
class 137 18 143 26
class 179 18 185 26
class 16 20 22 28
class 94 22 100 30
class 139 22 145 30
class 133 24 139 32
class 152 25 158 33
class 121 26 127 34
class 175 26 181 34
class 196 26 202 34
class 124 27 130 35
class 17 28 23 36
class 187 29 193 37
class 143 30 149 38
class 71 31 77 39
class 90 31 96 39
class 168 31 174 39
class 122 32 128 40
class 32 35 38 43
class 67 35 73 43
class 28 36 34 44
class 142 37 148 45
class 151 39 157 47
class 59 40 65 48
class 68 40 74 48
class 61 42 67 50
class 185 43 191 51
class 11 44 17 52
class 157 45 163 53
class 49 46 55 54
class 78 47 84 55
class 165 47 171 55
class 188 48 194 56
class 87 49 93 57
class 7 50 13 58
class 110 50 116 58
class 99 51 105 59
class 114 54 120 62
class 75 55 81 63
class 86 57 92 65
class 94 57 100 65
class 16 59 22 67
class 74 59 80 67
class 65 60 71 68
class 118 61 124 69
class 20 62 26 70
class 186 64 192 72
class 170 66 176 74
class 181 70 187 78
class 30 71 36 79
class 167 73 173 81
class 36 74 42 82
class 112 78 118 86
class 37 80 43 88
class 101 80 107 88
class 137 81 143 89
class 170 86 176 94
class 112 87 118 95
class 22 89 28 97
class 4 90 10 98
class 137 92 143 100
class 177 92 183 100
class 118 94 124 102
class 12 96 18 104
class 103 97 109 105
class 89 98 95 106
class 183 99 189 107
class 194 99 200 107
class 56 100 62 108
class 11 101 17 109
class 60 102 66 110
class 115 102 121 110
class 35 103 41 111
class 108 103 114 111
class 147 103 153 111
class 134 104 140 112
class 28 108 34 116
class 130 108 136 116
class 37 110 43 118
class 109 112 115 120
class 149 113 155 121
class 113 115 119 123
class 8 117 14 125
class 128 117 134 125
class 24 121 30 129
class 77 126 83 134
class 117 126 123 134
class 36 128 42 136
class 55 128 61 136
class 86 128 92 136
class 156 130 162 138
class 58 131 64 139
class 145 131 151 139
class 27 133 33 141
class 84 135 90 143
class 78 138 84 146
class 35 140 41 148
class 110 140 116 148
class 20 143 26 151
class 50 144 56 152
class 176 144 182 152
class 112 145 118 153
class 129 147 135 155
class 36 149 42 157
class 17 150 23 158
class 116 150 122 158
class 67 151 73 159
class 162 151 168 159
class 103 153 109 161
class 168 153 174 161
class 115 155 121 163
class 69 157 75 165
class 135 157 141 165
class -1 161 5 169
class 76 161 82 169
class 86 161 92 169
class 136 161 142 169
class 157 162 163 170
class 129 163 135 171
class 78 166 84 174
class 92 166 98 174
class 194 166 200 174
class 19 171 25 179
class 177 172 183 180
class 184 174 190 182
class 103 175 109 183
class 138 177 144 185
class 156 177 162 185
class 166 180 172 188
class 190 180 196 188
class 129 181 135 189
class 172 181 178 189
class 0 184 6 192
class 154 186 160 194
class 52 187 58 195
class 195 187 201 195
class 63 189 69 197
class 189 190 195 198
class 69 191 75 199
class 175 191 181 199
class 184 191 190 199
class 95 193 101 201
class 99 193 105 201
class 47 195 53 203
