class 9 -3 15 5
class 128 -3 134 5
class 66 0 72 8
class 8 3 14 11
class 39 4 45 12
class 46 4 52 12
class 168 4 174 12
class 22 5 28 13
class 178 6 184 14
class 32 7 38 15
class 51 7 57 15
class 112 7 118 15
class -3 8 3 16
class 56 8 62 16
class 39 10 45 18
class 194 10 200 18
class 72 11 78 19
class 31 12 37 20
class 107 12 113 20
class 54 14 60 22
class 181 15 187 23
class 61 16 67 24
class 87 16 93 24
class 124 16 130 24
class 58 18 64 26
class 179 18 185 26
class 16 20 22 28
class 149 21 155 29
class 94 22 100 30
class 145 22 151 30
class 139 23 145 31
class 133 24 139 32
class 121 26 127 34
class 175 26 181 34
class 196 26 202 34
class 126 27 132 35
class 186 29 192 37
class 143 30 149 38
class 71 31 77 39
class 90 31 96 39
class 167 31 173 39
class 122 32 128 40
class 24 35 30 43
class 32 35 38 43
class 67 35 73 43
class 28 37 34 45
class 100 38 106 46
class 36 39 42 47
class 59 39 65 47
class 97 39 103 47
class 151 39 157 47
class 68 40 74 48
class 79 41 85 49
class 185 42 191 50
class 37 43 43 51
class 11 44 17 52
class 81 44 87 52
class 157 45 163 53
class 49 46 55 54
class 165 47 171 55
class 188 48 194 56
class 87 49 93 57
class 7 50 13 58
class 110 50 116 58
class 99 51 105 59
class 114 54 120 62
class 15 58 21 66
class 86 58 92 66
class 74 59 80 67
class 65 60 71 68
class 104 61 110 69
class 102 63 108 71
class 186 64 192 72
class 170 66 176 74
class 180 70 186 78
class 30 71 36 79
class 167 73 173 81
class 75 74 81 82
class 105 77 111 85
class 112 78 118 86
class 164 78 170 86
class 37 80 43 88
class 100 80 106 88
class 137 81 143 89
class 160 81 166 89
class 170 86 176 94
class 112 87 118 95
class 22 89 28 97
class 4 90 10 98
class 108 90 114 98
class 105 91 111 99
class 137 92 143 100
class 177 92 183 100
class 118 94 124 102
class 12 96 18 104
class 33 96 39 104
class 103 97 109 105
class 186 97 192 105
class 31 98 37 106
class 89 98 95 106
class 183 99 189 107
class 194 99 200 107
class 55 100 61 108
class 61 102 67 110
class 115 102 121 110
class 108 103 114 111
class 28 106 34 114
class 130 108 136 116
class 66 109 72 117
class 30 110 36 118
class 37 110 43 118
class 65 112 71 120
class 109 112 115 120
class 149 113 155 121
class 114 115 120 123
class -2 116 4 124
class 35 116 41 124
class 8 117 14 125
class 128 117 134 125
class 87 119 93 127
class 84 121 90 129
class 124 124 130 132
class 117 126 123 134
class 164 126 170 134
class 54 127 60 135
class 36 128 42 136
class 166 128 172 136
class 133 129 139 137
class 156 130 162 138
class 58 131 64 139
class 145 131 151 139
class 26 133 32 141
class 131 134 137 142
class 84 135 90 143
class 186 135 192 143
class 36 140 42 148
class 110 140 116 148
class 130 142 136 150
class 20 143 26 151
class 50 144 56 152
class 176 144 182 152
class 65 145 71 153
class 112 145 118 153
class 129 147 135 155
class 36 149 42 157
class 17 150 23 158
class 116 150 122 158
class 162 150 168 158
class 67 151 73 159
class 104 152 110 160
class 169 153 175 161
class 39 154 45 162
class 101 155 107 163
class 115 155 121 163
class 144 157 150 165
class 59 161 65 169
class 76 161 82 169
class 86 161 92 169
class 136 161 142 169
class 143 161 149 169
class 25 162 31 170
class 45 162 51 170
class 157 162 163 170
class 129 163 135 171
class 92 166 98 174
class 194 166 200 174
class 78 167 84 175
class 138 168 144 176
class 182 168 188 176
class 107 170 113 178
class 135 170 141 178
class 19 171 25 179
class 110 172 116 180
class 184 174 190 182
class 8 175 14 183
class 138 177 144 185
class 190 180 196 188
class 105 181 111 189
class 129 181 135 189
class 172 182 178 190
class 0 184 6 192
class 154 186 160 194
class 52 187 58 195
class 195 187 201 195
class 170 188 176 196
class 100 189 106 197
class 189 190 195 198
class 32 191 38 199
class 175 191 181 199
class 69 192 75 200
class 94 193 100 201
class 100 193 106 201
class 47 195 53 203
