class 10 -3 16 5
class 66 0 72 8
class 114 1 120 9
class 127 1 133 9
class 113 2 119 10
class 143 2 149 10
class 8 3 14 11
class 39 4 45 12
class 46 4 52 12
class 140 4 146 12
class 22 5 28 13
class 160 5 166 13
class 32 7 38 15
class 56 7 62 15
class 159 7 165 15
class -2 8 4 16
class 51 8 57 16
class 194 10 200 18
class 73 11 79 19
class 30 12 36 20
class 54 13 60 21
class 119 14 125 22
class 116 15 122 23
class 61 16 67 24
class 87 16 93 24
class 137 18 143 26
class 178 18 184 26
class 58 19 64 27
class 16 20 22 28
class 149 21 155 29
class 94 22 100 30
class 145 22 151 30
class 82 24 88 32
class 84 25 90 33
class 152 25 158 33
class -3 26 3 34
class 175 26 181 34
class 56 27 62 35
class 126 27 132 35
class 19 28 25 36
class 58 29 64 37
class 186 29 192 37
class 143 30 149 38
class 71 31 77 39
class 90 31 96 39
class 167 31 173 39
class 35 32 41 40
class 122 32 128 40
class 37 33 43 41
class 24 35 30 43
class 32 35 38 43
class 67 35 73 43
class 28 37 34 45
class 142 37 148 45
class 59 39 65 47
class 96 39 102 47
class 151 39 157 47
class 79 40 85 48
class 68 41 74 49
class 185 42 191 50
class 37 43 43 51
class 61 43 67 51
class 11 44 17 52
class 81 44 87 52
class 133 45 139 53
class 157 45 163 53
class 49 46 55 54
class 133 46 139 54
class 78 47 84 55
class 165 47 171 55
class 188 48 194 56
class 87 49 93 57
class 121 49 127 57
class 7 50 13 58
class 110 50 116 58
class 116 51 122 59
class 114 54 120 62
class 75 55 81 63
class 193 55 199 63
class 195 56 201 64
class 15 58 21 66
class 86 58 92 66
class 74 59 80 67
class 65 60 71 68
class 105 61 111 69
class 21 62 27 70
class 77 62 83 70
class 118 62 124 70
class 80 63 86 71
class 102 63 108 71
class 171 66 177 74
class 14 69 20 77
class 18 69 24 77
class 78 70 84 78
class 180 70 186 78
class 30 71 36 79
class 58 73 64 81
class 63 73 69 81
class 167 73 173 81
class 36 74 42 82
class 74 75 80 83
class 105 77 111 85
class 112 78 118 86
class 164 78 170 86
class 37 80 43 88
class 100 80 106 88
class 160 81 166 89
class 129 84 135 92
class 130 85 136 93
class 170 85 176 93
class 112 87 118 95
class 22 89 28 97
class 10 90 16 98
class 108 90 114 98
class 159 90 165 98
class 12 91 18 99
class 104 91 110 99
class 138 92 144 100
class 177 93 183 101
class 118 94 124 102
class 33 95 39 103
class 13 96 19 104
class 103 97 109 105
class 186 97 192 105
class 31 99 37 107
class 194 99 200 107
class 183 100 189 108
class 11 101 17 109
class 74 101 80 109
class 62 102 68 110
class 76 102 82 110
class 83 102 89 110
class 99 102 105 110
class 115 102 121 110
class 35 103 41 111
class 108 103 114 111
class 147 103 153 111
class 97 104 103 112
class 134 104 140 112
class 28 105 34 113
class 191 105 197 113
class 82 106 88 114
class 194 107 200 115
class 130 108 136 116
class 184 108 190 116
class 67 109 73 117
class 30 110 36 118
class 37 110 43 118
class 165 110 171 118
class 187 111 193 119
class 64 112 70 120
class 108 112 114 120
class 122 112 128 120
class 29 113 35 121
class 182 113 188 121
class 26 114 32 122
class 60 114 66 122
class 123 114 129 122
class 149 114 155 122
class 185 114 191 122
class 115 115 121 123
class -2 116 4 124
class 8 117 14 125
class 61 117 67 125
class 40 118 46 126
class 40 119 46 127
class 88 119 94 127
class 24 121 30 129
class 84 122 90 130
class 76 126 82 134
class 117 126 123 134
class 53 127 59 135
class 36 128 42 136
class 86 128 92 136
class 167 128 173 136
class 11 129 17 137
class 91 129 97 137
class 133 129 139 137
class 156 130 162 138
class 58 131 64 139
class 145 131 151 139
class 64 132 70 140
class 25 133 31 141
class 89 133 95 141
class 131 134 137 142
class 84 135 90 143
class 186 135 192 143
class 30 136 36 144
class 27 137 33 145
class 78 138 84 146
class 145 138 151 146
class 143 139 149 147
class 37 140 43 148
class 61 140 67 148
class 110 140 116 148
class 130 142 136 150
class 20 143 26 151
class 85 143 91 151
class 50 144 56 152
class 65 145 71 153
class 82 145 88 153
class 112 145 118 153
class 176 145 182 153
class 47 147 53 155
class 129 147 135 155
class 139 147 145 155
class 184 147 190 155
class 143 148 149 156
class 36 149 42 157
class 45 150 51 158
class 116 150 122 158
class 123 150 129 158
class 186 150 192 158
class 67 151 73 159
class 121 151 127 159
class 136 151 142 159
class 26 152 32 160
class 104 152 110 160
class 133 153 139 161
class 160 153 166 161
class 169 153 175 161
class 86 154 92 162
class 39 155 45 163
class 75 155 81 163
class 115 155 121 163
class 161 156 167 164
class 101 157 107 165
class 134 157 140 165
class 144 157 150 165
class 69 158 75 166
class 77 158 83 166
class -1 161 5 169
class 57 161 63 169
class 63 161 69 169
class 76 161 82 169
class 86 161 92 169
class 136 161 142 169
class 25 162 31 170
class 45 162 51 170
class 20 163 26 171
class 143 163 149 171
class 37 166 43 174
class 92 166 98 174
class 193 166 199 174
class 138 167 144 175
class 182 168 188 176
class 36 169 42 177
class 106 170 112 178
class 19 171 25 179
class 111 172 117 180
class 177 172 183 180
class 142 173 148 181
class 184 174 190 182
class 8 175 14 183
class 103 175 109 183
class 140 175 146 183
class 138 177 144 185
class 156 177 162 185
class 38 178 44 186
class 54 178 60 186
class 72 178 78 186
class 43 179 49 187
class 71 179 77 187
class 166 180 172 188
class 91 182 97 190
class 129 182 135 190
class 172 182 178 190
class 176 183 182 191
class 0 184 6 192
class 154 186 160 194
class 52 187 58 195
class 170 187 176 195
class 195 187 201 195
class 62 188 68 196
class 98 188 104 196
class 103 189 109 197
class 4 191 10 199
class 32 191 38 199
class 76 191 82 199
class 175 191 181 199
class 184 191 190 199
class 69 193 75 201
class 92 193 98 201
class 76 195 82 203
