class 8 -3 14 5
class 168 4 174 12
class 22 5 28 13
class 46 5 52 13
class 177 6 183 14
class 112 7 118 15
class 72 11 78 19
class 107 12 113 20
class 54 14 60 22
class 87 16 93 24
class 124 16 130 24
class 16 20 22 28
class 94 22 100 30
class 133 24 139 32
class 152 25 158 33
class 175 26 181 34
class 195 26 201 34
class 17 28 23 36
class 188 29 194 37
class 143 30 149 38
class 90 31 96 39
class 168 31 174 39
class 122 32 128 40
class 32 35 38 43
class 151 39 157 47
class 11 44 17 52
class 157 45 163 53
class 185 45 191 53
class 49 46 55 54
class 188 46 194 54
class 77 47 83 55
class 165 47 171 55
class 7 50 13 58
class 87 50 93 58
class 110 50 116 58
class 97 51 103 59
class 114 54 120 62
class 86 55 92 63
class 65 60 71 68
class 186 65 192 73
class 170 66 176 74
class 181 70 187 78
class 30 71 36 79
class 167 73 173 81
class 112 78 118 86
class 102 80 108 88
class 137 81 143 89
class 112 85 118 93
class 170 86 176 94
class 22 89 28 97
class 4 90 10 98
class 177 91 183 99
class 137 92 143 100
class 118 94 124 102
class 103 97 109 105
class 89 98 95 106
class 115 102 121 110
class 35 103 41 111
class 108 103 114 111
class 147 103 153 111
class 130 108 136 116
class 37 110 43 118
class 149 112 155 120
class -2 116 4 124
class 35 116 41 124
class 8 117 14 125
class 128 117 134 125
class 24 121 30 129
class 124 124 130 132
class 77 126 83 134
class 117 126 123 134
class 86 128 92 136
class 156 130 162 138
class 133 131 139 139
class 145 131 151 139
class 29 133 35 141
class 131 133 137 141
class 84 135 90 143
class 186 135 192 143
class 35 140 41 148
class 110 140 116 148
class 130 142 136 150
class 176 143 182 151
class 112 145 118 153
class 65 147 71 155
class 129 147 135 155
class 17 150 23 158
class 116 150 122 158
class 67 151 73 159
class 115 155 121 163
class 69 157 75 165
class 76 161 82 169
class 87 161 93 169
class 25 162 31 170
class 45 162 51 170
class 157 162 163 170
class 78 165 84 173
class 92 166 98 174
class 195 166 201 174
class 177 172 183 180
class 184 174 190 182
class 8 175 14 183
class 103 175 109 183
class 136 177 142 185
class 156 177 162 185
class 105 178 111 186
class 190 180 196 188
class -1 184 5 192
class 154 186 160 194
class 52 187 58 195
class 195 187 201 195
class 170 188 176 196
class 189 190 195 198
class 32 191 38 199
class 175 191 181 199
class 184 191 190 199
class 5 192 11 200
class 47 195 53 203
