class 128 -4 134 4
class 10 -3 16 5
class 115 1 121 9
class 127 1 133 9
class 143 2 149 10
class 8 3 14 11
class 113 3 119 11
class 39 4 45 12
class 140 4 146 12
class 168 4 174 12
class 22 5 28 13
class 73 5 79 13
class 74 6 80 14
class 178 6 184 14
class 32 7 38 15
class 112 7 118 15
class 159 7 165 15
class -2 8 4 16
class 51 8 57 16
class 39 10 45 18
class 194 10 200 18
class 73 11 79 19
class 30 12 36 20
class 107 12 113 20
class 119 14 125 22
class 181 15 187 23
class 61 16 67 24
class 87 16 93 24
class 124 16 130 24
class 117 18 123 26
class 137 18 143 26
class 178 18 184 26
class 58 19 64 27
class 118 19 124 27
class 15 20 21 28
class 149 21 155 29
class 94 22 100 30
class 145 22 151 30
class 139 23 145 31
class 81 24 87 32
class 133 24 139 32
class 84 25 90 33
class 152 25 158 33
class -3 26 3 34
class 74 26 80 34
class 77 26 83 34
class 121 26 127 34
class 56 27 62 35
class 126 27 132 35
class 19 28 25 36
class 58 29 64 37
class 90 31 96 39
class 167 31 173 39
class 35 32 41 40
class 122 32 128 40
class 24 35 30 43
class 32 35 38 43
class 28 37 34 45
class 142 37 148 45
class 36 38 42 46
class 102 38 108 46
class 59 39 65 47
class 96 39 102 47
class 79 40 85 48
class 68 41 74 49
class 185 42 191 50
class 37 43 43 51
class 61 43 67 51
class 81 44 87 52
class 133 44 139 52
class 49 45 55 53
class 157 45 163 53
class 27 46 33 54
class 25 47 31 55
class 78 47 84 55
class 134 47 140 55
class 165 47 171 55
class 188 48 194 56
class 87 49 93 57
class 121 49 127 57
class 7 50 13 58
class 110 50 116 58
class 116 51 122 59
class 114 54 120 62
class 75 55 81 63
class 94 57 100 65
class 15 58 21 66
class 74 59 80 67
class 64 60 70 68
class 66 60 72 68
class 63 61 69 69
class 105 61 111 69
class 158 61 164 69
class 22 62 28 70
class 77 62 83 70
class 80 63 86 71
class 92 63 98 71
class 93 63 99 71
class 118 63 124 71
class 156 64 162 72
class 186 64 192 72
class 171 66 177 74
class 151 67 157 75
class 13 69 19 77
class 18 69 24 77
class 78 70 84 78
class 180 70 186 78
class 30 71 36 79
class 58 73 64 81
class 63 73 69 81
class 167 73 173 81
class 36 74 42 82
class 74 75 80 83
class 105 77 111 85
class 112 77 118 85
class 164 78 170 86
class 37 80 43 88
class 100 80 106 88
class 137 80 143 88
class 160 82 166 90
class 137 83 143 91
class 129 84 135 92
class 170 84 176 92
class 131 85 137 93
class 138 85 144 93
class 112 87 118 95
class 22 89 28 97
class 4 90 10 98
class 9 90 15 98
class 38 90 44 98
class 39 90 45 98
class 108 90 114 98
class 12 91 18 99
class 104 91 110 99
class 159 91 165 99
class 138 92 144 100
class 177 93 183 101
class 118 94 124 102
class 13 96 19 104
class 103 97 109 105
class 186 97 192 105
class 89 98 95 106
class 31 99 37 107
class 55 100 61 108
class 183 100 189 108
class 11 101 17 109
class 24 101 30 109
class 73 101 79 109
class 25 102 31 110
class 62 102 68 110
class 77 102 83 110
class 99 102 105 110
class 115 102 121 110
class 35 103 41 111
class 147 103 153 111
class 28 105 34 113
class 97 105 103 113
class 191 105 197 113
class 82 106 88 114
class 166 106 172 114
class 189 107 195 115
class 194 107 200 115
class 130 108 136 116
class 184 108 190 116
class 67 109 73 117
class 190 109 196 117
class 37 110 43 118
class 165 110 171 118
class 187 111 193 119
class 64 112 70 120
class 108 112 114 120
class 121 112 127 120
class 29 113 35 121
class 181 113 187 121
class 26 114 32 122
class 149 114 155 122
class 185 114 191 122
class 43 115 49 123
class 115 115 121 123
class -2 116 4 124
class 35 116 41 124
class 8 117 14 125
class 128 117 134 125
class 39 118 45 126
class 61 118 67 126
class 174 119 180 127
class 40 120 46 128
class 24 121 30 129
class 84 122 90 130
class 124 124 130 132
class 10 125 16 133
class 43 126 49 134
class 76 126 82 134
class 116 126 122 134
class 53 127 59 135
class 36 128 42 136
class 41 128 47 136
class 86 128 92 136
class 2 129 8 137
class 11 129 17 137
class 92 129 98 137
class 133 129 139 137
class 1 130 7 138
class 66 130 72 138
class 156 130 162 138
class 58 131 64 139
class 145 131 151 139
class 64 132 70 140
class 89 133 95 141
class 17 134 23 142
class 131 134 137 142
class 54 135 60 143
class 84 135 90 143
class 186 135 192 143
class 30 136 36 144
class 59 136 65 144
class 17 137 23 145
class 78 138 84 146
class 145 138 151 146
class -3 140 3 148
class 37 140 43 148
class 61 140 67 148
class 161 140 167 148
class 130 142 136 150
class 163 142 169 150
class 20 143 26 151
class 196 143 202 151
class 50 144 56 152
class 65 145 71 153
class 112 145 118 153
class 176 145 182 153
class 82 146 88 154
class 47 147 53 155
class 129 147 135 155
class 138 147 144 155
class 184 147 190 155
class 143 148 149 156
class 23 149 29 157
class 162 149 168 157
class 17 150 23 158
class 45 150 51 158
class 116 150 122 158
class 124 150 130 158
class 187 150 193 158
class 67 151 73 159
class 120 151 126 159
class 136 151 142 159
class 26 152 32 160
class 133 153 139 161
class 159 153 165 161
class 169 153 175 161
class 86 154 92 162
class 75 155 81 163
class 115 155 121 163
class 25 156 31 164
class 39 156 45 164
class 161 156 167 164
class 101 157 107 165
class 134 157 140 165
class 69 158 75 166
class 78 158 84 166
class 84 158 90 166
class -1 161 5 169
class 56 161 62 169
class 63 161 69 169
class 76 161 82 169
class 86 161 92 169
class 136 161 142 169
class 25 162 31 170
class 45 162 51 170
class 157 162 163 170
class 20 163 26 171
class 143 163 149 171
class 167 163 173 171
class 168 164 174 172
class 37 166 43 174
class 92 166 98 174
class 193 166 199 174
class 78 167 84 175
class 138 167 144 175
class 106 170 112 178
class 19 171 25 179
class 111 172 117 180
class 135 172 141 180
class 177 172 183 180
class 66 173 72 181
class 142 173 148 181
class 8 175 14 183
class 52 175 58 183
class 103 175 109 183
class 140 175 146 183
class 84 177 90 185
class 156 177 162 185
class 54 178 60 186
class 125 178 131 186
class 43 179 49 187
class 82 179 88 187
class 126 179 132 187
class 176 179 182 187
class 4 180 10 188
class 71 180 77 188
class 190 180 196 188
class 3 181 9 189
class 105 181 111 189
class 129 182 135 190
class 172 182 178 190
class 0 184 6 192
class 154 186 160 194
class 52 187 58 195
class 170 187 176 195
class 195 187 201 195
class 62 188 68 196
class 103 189 109 197
class 189 190 195 198
class 3 191 9 199
class 32 191 38 199
class 76 191 82 199
class 175 191 181 199
class 69 193 75 201
class 92 193 98 201
class 152 193 158 201
class 154 194 160 202
class 77 195 83 203
