class 581 581 591 591
class 556 591 566 601
class 442 746 452 756
class 399 727 409 737
class 350 750 360 760
class 278 683 288 693
class 263 615 273 625
class 260 583 270 593
class 287 554 297 564
class 232 512 242 522
class 395 503 405 513
class 401 470 411 480
class 415 395 425 405
class 540 290 550 300
class 522 259 532 269
class 418 237 428 247
class 410 196 420 206
class 369 151 379 161
class 312 171 322 181
class 243 177 253 187
class 308 240 318 250
class 343 288 353 298
class 318 303 328 313
class 338 337 348 347
class 312 326 322 336
class 213 316 223 326
class 269 381 279 391
class 251 382 261 392
class 358 617 368 627
class 696 683 706 693
class 652 583 662 593
class 685 544 695 554
class 816 552 826 562
class 813 503 823 513
class 813 519 823 529
class 767 652 777 662
class 737 691 747 701
class 784 715 794 725
class 820 686 830 696
class 788 669 798 679
class 866 695 876 705
class 915 713 925 723
class 886 705 896 715
class 963 699 973 709
class 899 655 909 665
class 902 631 912 641
class 977 570 987 580
class 1015 599 1025 609
class 983 521 993 531
class 987 486 997 496
class 933 435 943 445
class 876 315 886 325
class 867 252 877 262
class 871 228 881 238
class 825 226 835 236
class 842 195 852 205
class 876 184 886 194
class 881 159 891 169
class 968 226 978 236
class 981 190 991 200
class 828 55 838 65
class 819 24 829 34
class 698 44 708 54
class 606 44 616 54
class 562 20 572 30
class 630 91 640 101
class 650 129 660 139
class 535 116 545 126
class 564 192 574 202
class 581 225 591 235
class 641 218 651 228
class 642 249 652 259
class 610 287 620 297
class 646 394 656 404
class 635 407 645 417
