class 666 586 676 596
class 701 689 711 699
class 795 715 805 725
class 811 688 821 698
class 885 702 895 712
class 914 704 924 714
class 951 707 961 717
class 815 558 825 568
class 702 542 712 552
class 434 748 444 758
class 354 617 364 627
class 420 255 430 265
class 451 425 461 435
class 624 286 634 296
class 640 241 650 251
class 640 221 650 231
class 727 208 737 218
class 646 128 656 138
class 607 57 617 67
class 559 103 569 113
class 636 100 646 110
class 547 13 557 23
class 517 15 527 25
class 944 431 954 441
class 984 507 994 517
class 982 524 992 534
class 981 569 991 579
class 888 309 898 319
class 829 223 839 233
class 867 176 877 186
class 850 196 860 206
class 875 255 885 265
class 317 229 327 239
class 309 176 319 186
