class 35 -1 41 7
class 14 0 20 8
class 185 0 191 8
class 9 1 15 9
class 30 1 36 9
class 64 1 70 9
class 58 4 64 12
class 90 6 96 14
class 134 6 140 14
class 132 7 138 15
class 80 9 86 17
class 153 9 159 17
class 195 10 201 18
class 9 12 15 20
class 48 12 54 20
class 77 12 83 20
class 185 13 191 21
class 190 13 196 21
class -2 15 4 23
class 128 16 134 24
class 70 17 76 25
class 182 17 188 25
class 18 19 24 27
class 20 22 26 30
class 166 24 172 32
class 185 24 191 32
class 64 26 70 34
class 176 26 182 34
class 14 27 20 35
class 154 27 160 35
class 10 28 16 36
class 45 30 51 38
class 73 30 79 38
class 158 33 164 41
class 56 34 62 42
class 37 37 43 45
class 134 37 140 45
class 62 38 68 46
class 86 42 92 50
class 122 42 128 50
class 139 42 145 50
class 9 46 15 54
class 79 47 85 55
class 147 47 153 55
class 179 49 185 57
class 20 50 26 58
class 169 51 175 59
class 76 52 82 60
class 129 53 135 61
class 159 53 165 61
class 21 54 27 62
class 139 56 145 64
class 73 57 79 65
class -3 59 3 67
class 25 60 31 68
class 32 60 38 68
class 27 64 33 72
class 33 64 39 72
class 106 66 112 74
class 174 67 180 75
class 104 69 110 77
class 79 73 85 81
class 59 75 65 83
class 144 82 150 90
class 190 84 196 92
class 130 86 136 94
class 180 87 186 95
class 47 88 53 96
class 37 89 43 97
class 86 89 92 97
class 186 89 192 97
class 128 91 134 99
class 71 93 77 101
class 109 95 115 103
class 160 95 166 103
class 125 96 131 104
class 185 98 191 106
class 134 99 140 107
class 122 101 128 109
class 40 102 46 110
class 8 105 14 113
class 140 106 146 114
class 91 107 97 115
class 195 109 201 117
class 148 110 154 118
class -2 112 4 120
class 30 112 36 120
class 155 114 161 122
class 171 115 177 123
class 179 116 185 124
class 189 116 195 124
class 58 118 64 126
class 121 119 127 127
class 30 120 36 128
class 61 120 67 128
class 39 121 45 129
class 53 121 59 129
class 4 123 10 131
class 34 123 40 131
class 178 123 184 131
class 182 125 188 133
class 2 128 8 136
class 104 128 110 136
class 147 129 153 137
class 163 129 169 137
class 155 130 161 138
class 142 132 148 140
class 73 133 79 141
class 40 136 46 144
class 61 136 67 144
class 174 137 180 145
class 177 138 183 146
class 7 139 13 147
class 63 141 69 149
class 186 141 192 149
class 22 142 28 150
class 143 142 149 150
class 65 144 71 152
class 70 147 76 155
class 95 148 101 156
class 45 149 51 157
class 102 149 108 157
class 172 149 178 157
class 74 150 80 158
class 111 152 117 160
class -3 153 3 161
class 90 154 96 162
class 160 154 166 162
class 78 156 84 164
class 166 156 172 164
class 4 158 10 166
class 64 159 70 167
class 16 160 22 168
class 186 160 192 168
class 112 161 118 169
class 179 161 185 169
class 109 163 115 171
class 129 164 135 172
class 150 164 156 172
class 176 164 182 172
class 97 165 103 173
class 121 165 127 173
class 49 167 55 175
class 61 167 67 175
class 94 167 100 175
class 108 168 114 176
class 192 168 198 176
class 87 169 93 177
class 18 170 24 178
class 59 170 65 178
class 107 170 113 178
class 20 171 26 179
class 157 171 163 179
class 150 173 156 181
class 174 174 180 182
class 0 176 6 184
class 106 176 112 184
class 190 176 196 184
class 8 177 14 185
class 137 179 143 187
class 26 180 32 188
class 44 181 50 189
class 178 183 184 191
class 38 184 44 192
class 133 191 139 199
class 15 192 21 200
class 141 192 147 200
class 148 192 154 200
class 169 192 175 200
class 20 193 26 201
class 79 193 85 201
class 146 193 152 201
class 85 194 91 202
