class 163 -3 169 5
class 196 -2 202 6
class 14 0 20 8
class 9 1 15 9
class 64 1 70 9
class 185 1 191 9
class 58 4 64 12
class 90 4 96 12
class 136 4 142 12
class 132 7 138 15
class 109 8 115 16
class 80 9 86 17
class 92 9 98 17
class 139 9 145 17
class 153 9 159 17
class 195 9 201 17
class 116 10 122 18
class 9 12 15 20
class 48 12 54 20
class 59 12 65 20
class 94 12 100 20
class 185 13 191 21
class 190 13 196 21
class 38 14 44 22
class -2 15 4 23
class 109 15 115 23
class 41 16 47 24
class 128 16 134 24
class 149 16 155 24
class 43 17 49 25
class 70 17 76 25
class 172 17 178 25
class 181 17 187 25
class 167 18 173 26
class 18 19 24 27
class 148 19 154 27
class 155 19 161 27
class 67 20 73 28
class 79 20 85 28
class 162 20 168 28
class 42 21 48 29
class 21 22 27 30
class 65 22 71 30
class 97 23 103 31
class 166 24 172 32
class 185 24 191 32
class 195 24 201 32
class 63 26 69 34
class 176 26 182 34
class 15 27 21 35
class 8 28 14 36
class 45 29 51 37
class 73 31 79 39
class 139 31 145 39
class 140 32 146 40
class 159 33 165 41
class 167 33 173 41
class 56 34 62 42
class 166 34 172 42
class 120 36 126 44
class 37 37 43 45
class 93 37 99 45
class 134 37 140 45
class -3 39 3 47
class 172 39 178 47
class 0 41 6 49
class 122 42 128 50
class 139 42 145 50
class 105 44 111 52
class 26 45 32 53
class 35 45 41 53
class 13 46 19 54
class 20 46 26 54
class 156 46 162 54
class 2 47 8 55
class 79 47 85 55
class 147 47 153 55
class 18 48 24 56
class 107 48 113 56
class 179 48 185 56
class 16 50 22 58
class 132 50 138 58
class 142 50 148 58
class 176 51 182 59
class 131 52 137 60
class 141 52 147 60
class 169 52 175 60
class 159 53 165 61
class 174 53 180 61
class 21 55 27 63
class 26 55 32 63
class 84 55 90 63
class 70 56 76 64
class 85 56 91 64
class 12 57 18 65
class 112 57 118 65
class 76 58 82 66
class 165 58 171 66
class -3 59 3 67
class 16 59 22 67
class 24 59 30 67
class 73 59 79 67
class 169 59 175 67
class 32 60 38 68
class 12 64 18 72
class 33 64 39 72
class 106 64 112 72
class 27 65 33 73
class 88 66 94 74
class 159 67 165 75
class 174 67 180 75
class 14 68 20 76
class 36 68 42 76
class 142 69 148 77
class 104 70 110 78
class 79 73 85 81
class 59 75 65 83
class 32 76 38 84
class 112 76 118 84
class 109 78 115 86
class 36 79 42 87
class 90 79 96 87
class 107 79 113 87
class 57 80 63 88
class 102 81 108 89
class 137 82 143 90
class 144 82 150 90
class 78 83 84 91
class 56 84 62 92
class 191 84 197 92
class 89 85 95 93
class 99 86 105 94
class 130 86 136 94
class 180 86 186 94
class 110 87 116 95
class 47 88 53 96
class 37 89 43 97
class 85 89 91 97
class 112 89 118 97
class 185 89 191 97
class 114 90 120 98
class 178 90 184 98
class 28 92 34 100
class 71 93 77 101
class 98 94 104 102
class 159 95 165 103
class 178 95 184 103
class 109 96 115 104
class 4 97 10 105
class 28 97 34 105
class 20 98 26 106
class 134 98 140 106
class 186 98 192 106
class 193 98 199 106
class 35 99 41 107
class 17 100 23 108
class 37 100 43 108
class 97 100 103 108
class 195 100 201 108
class 51 101 57 109
class 122 101 128 109
class 32 102 38 110
class 41 102 47 110
class 182 102 188 110
class 8 105 14 113
class 29 105 35 113
class 146 105 152 113
class 115 106 121 114
class 140 107 146 115
class 181 107 187 115
class 91 108 97 116
class 123 108 129 116
class 192 109 198 117
class 148 110 154 118
class 107 111 113 119
class 0 112 6 120
class 21 113 27 121
class 39 113 45 121
class 129 113 135 121
class 134 113 140 121
class 22 114 28 122
class 105 114 111 122
class 171 115 177 123
class 37 116 43 124
class 58 116 64 124
class 179 116 185 124
class 189 116 195 124
class 12 117 18 125
class 114 119 120 127
class 29 120 35 128
class 61 120 67 128
class 39 121 45 129
class 53 121 59 129
class 5 123 11 131
class 34 123 40 131
class 81 123 87 131
class 176 123 182 131
class -2 124 4 132
class 74 124 80 132
class 8 125 14 133
class 182 125 188 133
class 13 126 19 134
class 2 128 8 136
class 18 128 24 136
class 24 128 30 136
class 69 128 75 136
class 104 128 110 136
class 147 128 153 136
class 9 129 15 137
class 195 129 201 137
class 27 130 33 138
class 102 130 108 138
class 112 130 118 138
class 155 130 161 138
class 44 132 50 140
class 142 132 148 140
class 21 133 27 141
class 37 133 43 141
class 73 133 79 141
class 99 133 105 141
class 23 134 29 142
class 43 134 49 142
class 150 134 156 142
class 153 135 159 143
class 52 136 58 144
class 61 136 67 144
class 118 136 124 144
class 172 136 178 144
class 49 137 55 145
class 124 137 130 145
class 192 137 198 145
class 7 138 13 146
class 40 138 46 146
class 178 138 184 146
class 63 141 69 149
class 186 141 192 149
class 22 142 28 150
class 143 142 149 150
class 65 144 71 152
class 96 145 102 153
class 154 145 160 153
class 38 146 44 154
class 15 147 21 155
class 70 147 76 155
class 134 147 140 155
class 13 148 19 156
class 31 149 37 157
class 46 149 52 157
class 102 149 108 157
class 172 149 178 157
class 27 150 33 158
class 74 150 80 158
class 94 150 100 158
class 32 152 38 160
class 113 152 119 160
class 180 152 186 160
class -3 153 3 161
class 8 154 14 162
class 90 154 96 162
class 160 154 166 162
class 12 155 18 163
class 183 155 189 163
class 36 156 42 164
class 78 156 84 164
class 166 157 172 165
class 4 158 10 166
class 64 159 70 167
class 91 159 97 167
class 187 160 193 168
class 93 161 99 169
class 112 161 118 169
class 179 161 185 169
class 109 163 115 171
class 163 163 169 171
class 129 164 135 172
class 150 164 156 172
class 167 164 173 172
class 176 164 182 172
class 121 165 127 173
class 3 166 9 174
class 4 166 10 174
class 43 166 49 174
class 42 167 48 175
class 49 167 55 175
class 61 167 67 175
class 108 167 114 175
class 192 168 198 176
class 67 169 73 177
class 17 170 23 178
class 59 170 65 178
class 69 170 75 178
class 21 171 27 179
class 107 171 113 179
class 157 171 163 179
class 33 172 39 180
class 29 173 35 181
class 150 173 156 181
class 164 173 170 181
class 55 174 61 182
class 174 174 180 182
class 42 175 48 183
class 51 175 57 183
class 0 176 6 184
class 40 176 46 184
class 106 176 112 184
class 163 176 169 184
class 190 176 196 184
class 8 177 14 185
class 137 179 143 187
class 26 180 32 188
class 166 180 172 188
class 189 180 195 188
class 46 181 52 189
class 178 183 184 191
class 188 183 194 191
class 37 185 43 193
class 109 185 115 193
class 110 186 116 194
class 66 187 72 195
class 149 190 155 198
class 190 190 196 198
class 15 191 21 199
class 42 191 48 199
class 133 191 139 199
class 40 192 46 200
class 141 192 147 200
class 169 192 175 200
class 192 192 198 200
class 20 193 26 201
class 160 194 166 202
class 196 194 202 202
class 86 195 92 203
