class 163 -3 169 5
class 4 -2 10 6
class 196 -2 202 6
class 35 -1 41 7
class 14 0 20 8
class 30 1 36 9
class 64 1 70 9
class 185 1 191 9
class 58 4 64 12
class 136 4 142 12
class 90 5 96 13
class 132 7 138 15
class 109 8 115 16
class 80 9 86 17
class 153 9 159 17
class 195 9 201 17
class 9 12 15 20
class 48 12 54 20
class 59 12 65 20
class 77 12 83 20
class 143 12 149 20
class 185 13 191 21
class -2 15 4 23
class 39 15 45 23
class 109 15 115 23
class 41 16 47 24
class 43 17 49 25
class 172 17 178 25
class 181 17 187 25
class 82 18 88 26
class 148 18 154 26
class 18 19 24 27
class 67 20 73 28
class 79 20 85 28
class 161 20 167 28
class 65 22 71 30
class 98 23 104 31
class 166 24 172 32
class 185 24 191 32
class 195 24 201 32
class -3 26 3 34
class 63 26 69 34
class 176 26 182 34
class 15 27 21 35
class 154 27 160 35
class 8 28 14 36
class 45 29 51 37
class 73 31 79 39
class 158 33 164 41
class 56 34 62 42
class 121 36 127 44
class 37 37 43 45
class 93 37 99 45
class 134 37 140 45
class 62 38 68 46
class 183 38 189 46
class 172 39 178 47
class 86 42 92 50
class 122 42 128 50
class 151 42 157 50
class 35 45 41 53
class 105 45 111 53
class 12 46 18 54
class 20 46 26 54
class 26 46 32 54
class 156 46 162 54
class 3 47 9 55
class 79 47 85 55
class 107 47 113 55
class 147 47 153 55
class 18 48 24 56
class 179 48 185 56
class 25 49 31 57
class 35 50 41 58
class 176 51 182 59
class 76 52 82 60
class 169 52 175 60
class 129 53 135 61
class 159 53 165 61
class 21 55 27 63
class 26 55 32 63
class 139 56 145 64
class 12 57 18 65
class 28 57 34 65
class 70 57 76 65
class 112 57 118 65
class 165 58 171 66
class 16 59 22 67
class 24 59 30 67
class 73 59 79 67
class 168 59 174 67
class 111 63 117 71
class 12 64 18 72
class 27 64 33 72
class 106 64 112 72
class 33 65 39 73
class 88 66 94 74
class 14 67 20 75
class 159 67 165 75
class 174 67 180 75
class 104 70 110 78
class 142 70 148 78
class 79 73 85 81
class 138 74 144 82
class 59 75 65 83
class 32 76 38 84
class 112 76 118 84
class 115 78 121 86
class 36 79 42 87
class 57 80 63 88
class 90 80 96 88
class 102 82 108 90
class 137 82 143 90
class 144 82 150 90
class 56 83 62 91
class 78 83 84 91
class 191 84 197 92
class 89 85 95 93
class 130 86 136 94
class 180 86 186 94
class 47 88 53 96
class 111 88 117 96
class 86 89 92 97
class 186 89 192 97
class 113 90 119 98
class 178 90 184 98
class 71 93 77 101
class 98 94 104 102
class 160 95 166 103
class 178 95 184 103
class 109 96 115 104
class 125 96 131 104
class 5 97 11 105
class 28 97 34 105
class 19 98 25 106
class 186 98 192 106
class 7 99 13 107
class 134 99 140 107
class 17 100 23 108
class 97 100 103 108
class 51 101 57 109
class 122 101 128 109
class 40 102 46 110
class 182 102 188 110
class 32 103 38 111
class 8 105 14 113
class 29 105 35 113
class 146 105 152 113
class 115 106 121 114
class 140 106 146 114
class 181 106 187 114
class 122 108 128 116
class 192 109 198 117
class 120 110 126 118
class 148 110 154 118
class 0 112 6 120
class 30 112 36 120
class 107 112 113 120
class 130 113 136 121
class 133 113 139 121
class 39 114 45 122
class 105 114 111 122
class 155 114 161 122
class 9 115 15 123
class 38 115 44 123
class 171 115 177 123
class 179 116 185 124
class 189 116 195 124
class 11 117 17 125
class 58 117 64 125
class 115 119 121 127
class 29 120 35 128
class 61 120 67 128
class 39 121 45 129
class 53 121 59 129
class 5 123 11 131
class 34 123 40 131
class 80 123 86 131
class 176 123 182 131
class -2 124 4 132
class 74 124 80 132
class 8 125 14 133
class 13 126 19 134
class 2 128 8 136
class 18 128 24 136
class 24 128 30 136
class 69 128 75 136
class 147 128 153 136
class 195 129 201 137
class 27 130 33 138
class 102 130 108 138
class 112 130 118 138
class 155 130 161 138
class 99 132 105 140
class 142 132 148 140
class 73 133 79 141
class 118 136 124 144
class 172 136 178 144
class 123 137 129 145
class 192 137 198 145
class 7 138 13 146
class 40 138 46 146
class 156 140 162 148
class 186 141 192 149
class 22 142 28 150
class 143 142 149 150
class 65 144 71 152
class 154 145 160 153
class 38 146 44 154
class 96 146 102 154
class 134 147 140 155
class 46 149 52 157
class 102 149 108 157
class 131 149 137 157
class 172 149 178 157
class 27 150 33 158
class 31 150 37 158
class 74 150 80 158
class 94 150 100 158
class 25 152 31 160
class 32 152 38 160
class -3 153 3 161
class 181 153 187 161
class 8 154 14 162
class 90 154 96 162
class 12 155 18 163
class 36 155 42 163
class 183 155 189 163
class 78 156 84 164
class 166 157 172 165
class 4 158 10 166
class 64 159 70 167
class 16 160 22 168
class 186 160 192 168
class 112 161 118 169
class 179 161 185 169
class 109 163 115 171
class 164 163 170 171
class 129 164 135 172
class 150 164 156 172
class 167 164 173 172
class 176 164 182 172
class 97 165 103 173
class 121 165 127 173
class 49 167 55 175
class 94 168 100 176
class 192 168 198 176
class 87 169 93 177
class 59 170 65 178
class 21 171 27 179
class 107 171 113 179
class 157 171 163 179
class 33 172 39 180
class 150 173 156 181
class 55 174 61 182
class 164 174 170 182
class 0 176 6 184
class 106 176 112 184
class 190 176 196 184
class 8 177 14 185
class 137 179 143 187
class 26 180 32 188
class 166 180 172 188
class 189 180 195 188
class 178 183 184 191
class 188 183 194 191
class 37 185 43 193
class 66 187 72 195
class 59 189 65 197
class 191 190 197 198
class 15 191 21 199
class 133 191 139 199
class 191 191 197 199
class 141 192 147 200
class 20 193 26 201
class 79 193 85 201
class 86 194 92 202
class 160 194 166 202
class 196 194 202 202
