class 7 -2 13 6
class 35 -1 41 7
class 185 -1 191 7
class 9 0 15 8
class 14 0 20 8
class 30 1 36 9
class 64 1 70 9
class 59 4 65 12
class 90 6 96 14
class 153 9 159 17
class 195 11 201 19
class 9 12 15 20
class 48 12 54 20
class 59 12 65 20
class 185 14 191 22
class -2 15 4 23
class 128 16 134 24
class 70 17 76 25
class 182 17 188 25
class 98 23 104 31
class 166 24 172 32
class 185 24 191 32
class 64 26 70 34
class 154 27 160 35
class 45 30 51 38
class 73 30 79 38
class 37 37 43 45
class 93 37 99 45
class 134 37 140 45
class 62 38 68 46
class 183 38 189 46
class 172 39 178 47
class 86 42 92 50
class 122 42 128 50
class 139 42 145 50
class 152 44 158 52
class 155 46 161 54
class 79 47 85 55
class 147 47 153 55
class 179 49 185 57
class 169 51 175 59
class 76 52 82 60
class 129 53 135 61
class 159 53 165 61
class 139 56 145 64
class 73 57 79 65
class -3 59 3 67
class 86 66 92 74
class 150 66 156 74
class 159 67 165 75
class 174 67 180 75
class 79 73 85 81
class 59 75 65 83
class 137 82 143 90
class 144 82 150 90
class 190 84 196 92
class 130 86 136 94
class 180 87 186 95
class 47 88 53 96
class 112 88 118 96
class 37 89 43 97
class 86 89 92 97
class 186 89 192 97
class 128 91 134 99
class 71 93 77 101
class 109 95 115 103
class 160 95 166 103
class 134 99 140 107
class 51 101 57 109
class 122 101 128 109
class 40 102 46 110
class 8 105 14 113
class 115 106 121 114
class 140 106 146 114
class 91 107 97 115
class 30 112 36 120
class 155 114 161 122
class 171 115 177 123
class 179 116 185 124
class 189 116 195 124
class 58 118 64 126
class 31 120 37 128
class 34 123 40 131
class 2 126 8 134
class 71 128 77 136
class 104 128 110 136
class 147 129 153 137
class 112 130 118 138
class 155 130 161 138
class 142 132 148 140
class 36 134 42 142
class 40 136 46 144
class 61 136 67 144
class 191 138 197 146
class 7 139 13 147
class 63 141 69 149
class 186 141 192 149
class 22 142 28 150
class 143 142 149 150
class 65 144 71 152
class 40 147 46 155
class 70 147 76 155
class 43 149 49 157
class 102 149 108 157
class 172 149 178 157
class 74 150 80 158
class 111 152 117 160
class -3 153 3 161
class 90 154 96 162
class 160 154 166 162
class 36 155 42 163
class 78 156 84 164
class 166 156 172 164
class 4 158 10 166
class 64 159 70 167
class 16 160 22 168
class 186 160 192 168
class 112 161 118 169
class 109 163 115 171
class 129 164 135 172
class 150 164 156 172
class 176 164 182 172
class 121 165 127 173
class 50 167 56 175
class 61 167 67 175
class 192 168 198 176
class 87 169 93 177
class 59 170 65 178
class 157 171 163 179
class 150 173 156 181
class 0 176 6 184
class 106 176 112 184
class 190 176 196 184
class 8 177 14 185
class 137 179 143 187
class 43 181 49 189
class 178 183 184 191
class 39 184 45 192
class 59 189 65 197
class 133 191 139 199
class 141 192 147 200
class 169 192 175 200
class 20 193 26 201
class 79 193 85 201
class 84 194 90 202
