class 163 -4 169 4
class 35 -1 41 7
class 14 0 20 8
class 185 0 191 8
class 9 1 15 9
class 64 1 70 9
class 58 4 64 12
class 135 4 141 12
class 90 6 96 14
class 132 7 138 15
class 80 9 86 17
class 153 9 159 17
class 195 10 201 18
class 9 12 15 20
class 48 12 54 20
class 59 12 65 20
class 77 12 83 20
class 185 13 191 21
class 190 13 196 21
class -2 15 4 23
class 70 17 76 25
class 182 17 188 25
class 67 21 73 29
class 65 22 71 30
class 98 23 104 31
class 166 24 172 32
class 15 27 21 35
class 154 27 160 35
class 8 28 14 36
class 45 30 51 38
class 73 30 79 38
class 158 33 164 41
class 56 34 62 42
class 122 36 128 44
class 37 37 43 45
class 93 37 99 45
class 134 37 140 45
class 62 38 68 46
class 183 38 189 46
class 172 39 178 47
class 86 42 92 50
class 122 42 128 50
class 139 42 145 50
class 11 46 17 54
class 156 46 162 54
class 4 47 10 55
class 79 47 85 55
class 147 47 153 55
class 20 48 26 56
class 179 49 185 57
class 76 52 82 60
class 169 52 175 60
class 129 53 135 61
class 159 53 165 61
class 21 55 27 63
class 139 56 145 64
class 72 57 78 65
class -3 59 3 67
class 112 59 118 67
class 24 60 30 68
class 32 60 38 68
class 27 64 33 72
class 33 65 39 73
class 106 65 112 73
class 87 66 93 74
class 150 66 156 74
class 159 67 165 75
class 174 67 180 75
class 104 69 110 77
class 142 71 148 79
class 79 73 85 81
class 59 75 65 83
class 112 76 118 84
class 33 77 39 85
class 35 78 41 86
class 115 78 121 86
class 90 82 96 90
class 137 82 143 90
class 144 82 150 90
class 78 83 84 91
class 89 84 95 92
class 190 84 196 92
class 130 86 136 94
class 180 87 186 95
class 47 88 53 96
class 112 88 118 96
class 86 89 92 97
class 186 89 192 97
class 128 91 134 99
class 71 93 77 101
class 109 95 115 103
class 160 95 166 103
class 98 96 104 104
class 125 96 131 104
class 185 98 191 106
class 134 99 140 107
class 97 100 103 108
class 122 101 128 109
class 40 102 46 110
class 115 106 121 114
class 140 106 146 114
class 91 107 97 115
class 146 107 152 115
class 193 109 199 117
class 148 110 154 118
class -1 112 5 120
class 30 112 36 120
class 155 114 161 122
class 171 115 177 123
class 179 116 185 124
class 189 116 195 124
class 58 117 64 125
class 115 119 121 127
class 122 119 128 127
class 30 120 36 128
class 39 121 45 129
class 53 121 59 129
class 5 123 11 131
class 34 123 40 131
class 79 123 85 131
class 177 123 183 131
class -3 124 3 132
class 74 124 80 132
class 196 127 202 135
class 2 128 8 136
class 70 128 76 136
class 104 128 110 136
class 25 129 31 137
class 147 129 153 137
class 163 129 169 137
class 102 130 108 138
class 112 130 118 138
class 100 131 106 139
class 142 132 148 140
class 73 133 79 141
class 36 134 42 142
class 40 136 46 144
class 61 136 67 144
class 118 136 124 144
class 173 136 179 144
class 122 137 128 145
class 192 137 198 145
class 178 138 184 146
class 63 141 69 149
class 156 141 162 149
class 186 141 192 149
class 143 142 149 150
class 65 144 71 152
class 38 147 44 155
class 70 147 76 155
class 46 149 52 157
class 172 149 178 157
class 74 150 80 158
class 94 150 100 158
class 111 152 117 160
class -3 153 3 161
class 8 154 14 162
class 90 154 96 162
class 11 155 17 163
class 36 155 42 163
class 78 156 84 164
class 4 158 10 166
class 64 159 70 167
class 186 160 192 168
class 112 161 118 169
class 179 161 185 169
class 109 163 115 171
class 129 164 135 172
class 150 164 156 172
class 176 164 182 172
class 97 165 103 173
class 121 165 127 173
class 49 167 55 175
class 61 167 67 175
class 108 167 114 175
class 94 168 100 176
class 192 168 198 176
class 17 170 23 178
class 21 171 27 179
class 107 171 113 179
class 157 171 163 179
class 174 174 180 182
class 0 176 6 184
class 106 176 112 184
class 8 177 14 185
class 137 179 143 187
class 26 180 32 188
class 168 180 174 188
class 45 181 51 189
class 170 181 176 189
class 178 183 184 191
class 37 184 43 192
class 59 189 65 197
class 133 191 139 199
class 15 192 21 200
class 169 192 175 200
class 20 193 26 201
class 79 193 85 201
class 86 194 92 202
class 160 194 166 202
