class 163 -4 169 4
class 5 -2 11 6
class 35 -1 41 7
class 14 0 20 8
class 185 0 191 8
class 9 1 15 9
class 30 1 36 9
class 64 1 70 9
class 135 4 141 12
class 90 6 96 14
class 132 7 138 15
class 80 9 86 17
class 109 9 115 17
class 153 9 159 17
class 195 9 201 17
class 9 12 15 20
class 48 12 54 20
class 59 12 65 20
class 77 12 83 20
class 190 13 196 21
class 109 14 115 22
class -2 15 4 23
class 70 17 76 25
class 171 17 177 25
class 181 17 187 25
class 82 18 88 26
class 168 18 174 26
class 18 19 24 27
class 67 20 73 28
class 80 20 86 28
class 20 22 26 30
class 65 22 71 30
class 98 23 104 31
class 185 24 191 32
class 64 26 70 34
class 15 27 21 35
class 154 27 160 35
class 8 28 14 36
class 45 30 51 38
class 124 33 130 41
class 56 34 62 42
class 121 36 127 44
class 93 37 99 45
class 134 37 140 45
class 62 38 68 46
class 183 38 189 46
class 172 39 178 47
class 86 42 92 50
class 122 42 128 50
class 139 42 145 50
class 152 42 158 50
class 12 46 18 54
class 156 46 162 54
class 3 47 9 55
class 20 47 26 55
class 79 47 85 55
class 147 47 153 55
class 179 49 185 57
class 76 52 82 60
class 169 52 175 60
class 129 53 135 61
class 175 53 181 61
class 21 55 27 63
class 139 56 145 64
class 13 57 19 65
class 71 57 77 65
class 73 58 79 66
class 76 58 82 66
class -3 59 3 67
class 16 59 22 67
class 24 59 30 67
class 32 60 38 68
class 111 63 117 71
class 27 64 33 72
class 33 65 39 73
class 106 65 112 73
class 150 66 156 74
class 159 67 165 75
class 174 67 180 75
class 142 71 148 79
class 79 73 85 81
class 138 73 144 81
class 59 75 65 83
class 112 76 118 84
class 115 78 121 86
class 36 79 42 87
class 90 81 96 89
class 144 82 150 90
class 78 83 84 91
class 102 83 108 91
class 190 84 196 92
class 89 85 95 93
class 130 86 136 94
class 180 87 186 95
class 47 88 53 96
class 112 88 118 96
class 37 89 43 97
class 86 89 92 97
class 186 89 192 97
class 178 90 184 98
class 128 91 134 99
class 28 92 34 100
class 71 93 77 101
class 178 93 184 101
class 98 95 104 103
class 160 95 166 103
class 28 96 34 104
class 125 96 131 104
class 186 98 192 106
class 134 99 140 107
class 97 100 103 108
class 51 101 57 109
class 122 101 128 109
class 40 102 46 110
class 8 105 14 113
class 30 105 36 113
class 181 105 187 113
class 115 106 121 114
class 140 106 146 114
class 146 106 152 114
class 122 108 128 116
class 121 109 127 117
class 193 109 199 117
class 148 110 154 118
class -1 112 5 120
class 107 113 113 121
class 106 114 112 122
class 155 114 161 122
class 9 115 15 123
class 171 115 177 123
class 179 116 185 124
class 189 116 195 124
class 58 117 64 125
class 115 119 121 127
class 122 119 128 127
class 30 120 36 128
class 61 120 67 128
class 39 121 45 129
class 34 123 40 131
class 80 123 86 131
class 176 123 182 131
class -3 124 3 132
class 74 124 80 132
class 182 125 188 133
class 14 126 20 134
class 2 128 8 136
class 16 128 22 136
class 24 128 30 136
class 70 128 76 136
class 104 128 110 136
class 195 128 201 136
class 147 129 153 137
class 163 129 169 137
class 27 130 33 138
class 102 130 108 138
class 112 130 118 138
class 155 130 161 138
class 142 132 148 140
class 36 133 42 141
class 73 133 79 141
class 61 136 67 144
class 118 136 124 144
class 173 136 179 144
class 40 137 46 145
class 122 137 128 145
class 192 137 198 145
class 7 138 13 146
class 178 138 184 146
class 156 140 162 148
class 63 141 69 149
class 22 142 28 150
class 143 142 149 150
class 65 144 71 152
class 96 146 102 154
class 133 147 139 155
class 46 149 52 157
class 102 149 108 157
class 131 149 137 157
class 112 152 118 160
class -3 153 3 161
class 8 154 14 162
class 160 154 166 162
class 12 155 18 163
class 78 156 84 164
class 166 157 172 165
class 4 158 10 166
class 64 159 70 167
class 186 160 192 168
class 179 161 185 169
class 109 163 115 171
class 129 164 135 172
class 150 164 156 172
class 176 164 182 172
class 97 165 103 173
class 49 167 55 175
class 108 167 114 175
class 87 169 93 177
class 17 170 23 178
class 59 170 65 178
class 21 171 27 179
class 107 171 113 179
class 157 171 163 179
class 32 172 38 180
class 31 173 37 181
class 150 173 156 181
class 174 174 180 182
class 106 176 112 184
class 190 176 196 184
class 8 177 14 185
class 137 179 143 187
class 26 180 32 188
class 167 180 173 188
class 46 181 52 189
class 171 181 177 189
class 178 183 184 191
class 188 183 194 191
class 37 184 43 192
class 59 189 65 197
class 15 191 21 199
class 133 191 139 199
class 149 191 155 199
class 169 192 175 200
class 20 193 26 201
class 79 193 85 201
class 146 193 152 201
class 86 194 92 202
class 160 194 166 202
