class 175 -4 181 4
class 91 -3 97 5
class 3 -2 9 6
class 181 -2 187 6
class 1 0 7 8
class 121 0 127 8
class 177 1 183 9
class 194 1 200 9
class 151 3 157 11
class 170 4 176 12
class 192 6 198 14
class 45 7 51 15
class 153 7 159 15
class 6 8 12 16
class 114 8 120 16
class 58 10 64 18
class 180 10 186 18
class 20 11 26 19
class 29 11 35 19
class 118 14 124 22
class 48 17 54 25
class 133 17 139 25
class 164 17 170 25
class 155 18 161 26
class 12 20 18 28
class 167 20 173 28
class 178 20 184 28
class 116 22 122 30
class 121 23 127 31
class 66 26 72 34
class 112 27 118 35
class 160 27 166 35
class 180 27 186 35
class 186 28 192 36
class 125 31 131 39
class 118 34 124 42
class 86 35 92 43
class 35 37 41 45
class 112 38 118 46
class 139 38 145 46
class 159 39 165 47
class 69 40 75 48
class 95 41 101 49
class 192 42 198 50
class 188 43 194 51
class 60 45 66 53
class 137 46 143 54
class 30 47 36 55
class 107 47 113 55
class 166 48 172 56
class 2 50 8 58
class 139 50 145 58
class 169 51 175 59
class 13 53 19 61
class 116 53 122 61
class 142 53 148 61
class 1 54 7 62
class 98 54 104 62
class 163 54 169 62
class 9 55 15 63
class 131 56 137 64
class 137 56 143 64
class 165 56 171 64
class 5 58 11 66
class 10 59 16 67
class 8 60 14 68
class 31 60 37 68
class 12 62 18 70
class 107 62 113 70
class 122 62 128 70
class 191 62 197 70
class 4 63 10 71
class 52 63 58 71
class 188 63 194 71
class 67 64 73 72
class 73 65 79 73
class 95 65 101 73
class 83 66 89 74
class 23 67 29 75
class 172 67 178 75
class 180 67 186 75
class 110 69 116 77
class 135 70 141 78
class 137 71 143 79
class 1 73 7 81
class 60 73 66 81
class 99 73 105 81
class 109 73 115 81
class 150 73 156 81
class 125 74 131 82
class 177 75 183 83
class 10 76 16 84
class 130 76 136 84
class 20 77 26 85
class 63 78 69 86
class 189 78 195 86
class 30 79 36 87
class 49 79 55 87
class 42 80 48 88
class 98 80 104 88
class 26 81 32 89
class 69 81 75 89
class 9 83 15 91
class 25 85 31 93
class 130 85 136 93
class 195 85 201 93
class 54 86 60 94
class 176 86 182 94
class 99 87 105 95
class 158 87 164 95
class 66 88 72 96
class 82 88 88 96
class 37 89 43 97
class 174 89 180 97
class 26 90 32 98
class 80 91 86 99
class 126 91 132 99
class 136 91 142 99
class 96 93 102 101
class 79 94 85 102
class 66 95 72 103
class 71 96 77 104
class 76 98 82 106
class 120 98 126 106
class 155 99 161 107
class 187 99 193 107
class 180 100 186 108
class 159 101 165 109
class 58 102 64 110
class 102 104 108 112
class 170 104 176 112
class -3 105 3 113
class 31 105 37 113
class 38 108 44 116
class 27 109 33 117
class 87 109 93 117
class 189 110 195 118
class 183 111 189 119
class 186 111 192 119
class 80 112 86 120
class 151 112 157 120
class 135 113 141 121
class 93 117 99 125
class 128 118 134 126
class 149 118 155 126
class 108 120 114 128
class 133 120 139 128
class 74 121 80 129
class 189 121 195 129
class 123 122 129 130
class 130 123 136 131
class 147 123 153 131
class 121 128 127 136
class 139 128 145 136
class 181 128 187 136
class 44 129 50 137
class 91 129 97 137
class 178 129 184 137
class 84 130 90 138
class 115 131 121 139
class 143 131 149 139
class 59 132 65 140
class 188 132 194 140
class 35 133 41 141
class 18 134 24 142
class 149 136 155 144
class 66 137 72 145
class 0 138 6 146
class 28 140 34 148
class 146 141 152 149
class 150 141 156 149
class 170 141 176 149
class 173 141 179 149
class 6 142 12 150
class 58 142 64 150
class -3 143 3 151
class 32 143 38 151
class 127 144 133 152
class 170 144 176 152
class 48 145 54 153
class 68 145 74 153
class 92 145 98 153
class 187 145 193 153
class 55 147 61 155
class 74 147 80 155
class 123 147 129 155
class 161 147 167 155
class 101 150 107 158
class 78 151 84 159
class 119 151 125 159
class 3 155 9 163
class 64 155 70 163
class 53 156 59 164
class 71 158 77 166
class 115 158 121 166
class 159 159 165 167
class 150 160 156 168
class 183 160 189 168
class 59 161 65 169
class 94 161 100 169
class 11 162 17 170
class 27 162 33 170
class 43 162 49 170
class 122 162 128 170
class 132 162 138 170
class 138 162 144 170
class 103 163 109 171
class 171 163 177 171
class 142 165 148 173
class 34 166 40 174
class 65 166 71 174
class 173 166 179 174
class 18 170 24 178
class 21 171 27 179
class 167 171 173 179
class 118 173 124 181
class 129 173 135 181
class 150 173 156 181
class 152 175 158 183
class 50 177 56 185
class 110 177 116 185
class 15 178 21 186
class 57 178 63 186
class 51 181 57 189
class 134 181 140 189
class 73 183 79 191
class -2 184 4 192
class 70 186 76 194
class 138 186 144 194
class 91 187 97 195
class 101 187 107 195
class 189 187 195 195
class 118 188 124 196
class 1 189 7 197
class 56 190 62 198
class 124 190 130 198
class 146 190 152 198
class 188 191 194 199
class 14 194 20 202
class 88 195 94 203
class 189 195 195 203
