class 14 -4 20 4
class 115 -2 121 6
class 180 -2 186 6
class 18 -1 24 7
class 179 -1 185 7
class 121 0 127 8
class 151 3 157 11
class 170 4 176 12
class 45 7 51 15
class 6 8 12 16
class 114 8 120 16
class 180 10 186 18
class 20 11 26 19
class 29 11 35 19
class 105 11 111 19
class 117 14 123 22
class 73 16 79 24
class 48 17 54 25
class 133 17 139 25
class 156 18 162 26
class 178 20 184 28
class 116 23 122 31
class 121 23 127 31
class 112 27 118 35
class 160 27 166 35
class 180 27 186 35
class 124 31 130 39
class 19 33 25 41
class 118 34 124 42
class 86 35 92 43
class 112 38 118 46
class 139 38 145 46
class 15 39 21 47
class 159 39 165 47
class 39 40 45 48
class 69 40 75 48
class 95 41 101 49
class 60 45 66 53
class 137 46 143 54
class 78 47 84 55
class 108 47 114 55
class 25 50 31 58
class 139 50 145 58
class 168 51 174 59
class 140 52 146 60
class 98 54 104 62
class 182 54 188 62
class 137 56 143 64
class 40 59 46 67
class 31 60 37 68
class 12 62 18 70
class 107 62 113 70
class 122 62 128 70
class 4 63 10 71
class 52 63 58 71
class 83 64 89 72
class 96 65 102 73
class 23 68 29 76
class 110 70 116 78
class 1 73 7 81
class 99 73 105 81
class 109 73 115 81
class 150 73 156 81
class 177 73 183 81
class 126 74 132 82
class 20 77 26 85
class 63 78 69 86
class 49 79 55 87
class 42 80 48 88
class 98 80 104 88
class 113 80 119 88
class 26 81 32 89
class 69 81 75 89
class 130 85 136 93
class 195 85 201 93
class 54 86 60 94
class 99 87 105 95
class 37 89 43 97
class 126 91 132 99
class 96 93 102 101
class 79 94 85 102
class 76 97 82 105
class 120 97 126 105
class 104 104 110 112
class -3 105 3 113
class 109 105 115 113
class 31 106 37 114
class 38 108 44 116
class 87 109 93 117
class 80 112 86 120
class 151 112 157 120
class 134 115 140 123
class 186 117 192 125
class 93 118 99 126
class 149 118 155 126
class 108 120 114 128
class 74 121 80 129
class 123 122 129 130
class 147 123 153 131
class 140 128 146 136
class 43 129 49 137
class 91 129 97 137
class 84 130 90 138
class 116 131 122 139
class 143 131 149 139
class 188 132 194 140
class 35 133 41 141
class 59 133 65 141
class 18 134 24 142
class 67 137 73 145
class 0 140 6 148
class 191 140 197 148
class -3 142 3 150
class 6 142 12 150
class 58 142 64 150
class 171 142 177 150
class 143 144 149 152
class 49 145 55 153
class 68 145 74 153
class 93 145 99 153
class 126 145 132 153
class 55 146 61 154
class 74 147 80 155
class 123 147 129 155
class 161 147 167 155
class 59 149 65 157
class 154 150 160 158
class 77 151 83 159
class 119 151 125 159
class 113 153 119 161
class 185 154 191 162
class 3 155 9 163
class 64 155 70 163
class 53 156 59 164
class 71 158 77 166
class 115 158 121 166
class 159 159 165 167
class 183 160 189 168
class 59 161 65 169
class 100 161 106 169
class 11 162 17 170
class 28 162 34 170
class 43 162 49 170
class 133 162 139 170
class 138 162 144 170
class 103 163 109 171
class 142 165 148 173
class 34 166 40 174
class 65 166 71 174
class 8 170 14 178
class 44 170 50 178
class 193 170 199 178
class 167 171 173 179
class 77 172 83 180
class 130 173 136 181
class 110 177 116 185
class 15 178 21 186
class 57 179 63 187
class 125 179 131 187
class 73 183 79 191
class 71 186 77 194
class 138 186 144 194
class 92 187 98 195
class 99 187 105 195
class 118 188 124 196
class 56 189 62 197
class 123 190 129 198
class 163 193 169 201
class 189 195 195 203
