class 175 -4 181 4
class 181 -2 187 6
class 18 -1 24 7
class 121 0 127 8
class 177 1 183 9
class 193 2 199 10
class 151 3 157 11
class 192 5 198 13
class 45 7 51 15
class 153 7 159 15
class 61 8 67 16
class 180 10 186 18
class 29 11 35 19
class 105 11 111 19
class 118 14 124 22
class 73 16 79 24
class 108 16 114 24
class 48 17 54 25
class 164 17 170 25
class 155 18 161 26
class 178 20 184 28
class 12 21 18 29
class 116 23 122 31
class 112 27 118 35
class 180 27 186 35
class 19 33 25 41
class 118 34 124 42
class 86 35 92 43
class 112 38 118 46
class 139 38 145 46
class 15 39 21 47
class 159 39 165 47
class 39 40 45 48
class 95 41 101 49
class 60 45 66 53
class 137 46 143 54
class 78 47 84 55
class 108 47 114 55
class 166 48 172 56
class 16 49 22 57
class 25 50 31 58
class 139 50 145 58
class 2 51 8 59
class 169 51 175 59
class 13 53 19 61
class 116 53 122 61
class 141 53 147 61
class 1 54 7 62
class 98 54 104 62
class 9 55 15 63
class 131 56 137 64
class 137 56 143 64
class 6 57 12 65
class 40 59 46 67
class 31 60 37 68
class 12 62 18 70
class 107 62 113 70
class 122 62 128 70
class 4 63 10 71
class 52 63 58 71
class 95 65 101 73
class 180 67 186 75
class 23 68 29 76
class 172 68 178 76
class 110 69 116 77
class 1 73 7 81
class 60 73 66 81
class 109 73 115 81
class 125 74 131 82
class 177 74 183 82
class 9 76 15 84
class 129 76 135 84
class 20 77 26 85
class 63 78 69 86
class 7 79 13 87
class 30 79 36 87
class 49 79 55 87
class 42 80 48 88
class 98 80 104 88
class 113 80 119 88
class 26 81 32 89
class 69 81 75 89
class 9 83 15 91
class 130 85 136 93
class 195 85 201 93
class 54 86 60 94
class 99 87 105 95
class 158 87 164 95
class 26 88 32 96
class 37 89 43 97
class 81 89 87 97
class 80 91 86 99
class 126 91 132 99
class 79 94 85 102
class 67 95 73 103
class 71 96 77 104
class 76 97 82 105
class 120 98 126 106
class 59 99 65 107
class 187 99 193 107
class 58 100 64 108
class 181 100 187 108
class 103 104 109 112
class 170 104 176 112
class -3 105 3 113
class 31 105 37 113
class 110 105 116 113
class 38 108 44 116
class 27 109 33 117
class 87 109 93 117
class 188 110 194 118
class 80 112 86 120
class 151 112 157 120
class 135 114 141 122
class 93 117 99 125
class 185 117 191 125
class 128 118 134 126
class 108 120 114 128
class 133 120 139 128
class 74 121 80 129
class 130 121 136 129
class 189 121 195 129
class 123 122 129 130
class 121 128 127 136
class 139 128 145 136
class 43 129 49 137
class 91 129 97 137
class 84 130 90 138
class 116 131 122 139
class 143 131 149 139
class 59 132 65 140
class 188 132 194 140
class 35 133 41 141
class 18 134 24 142
class 149 136 155 144
class 67 137 73 145
class 0 139 6 147
class 29 140 35 148
class 150 140 156 148
class 191 140 197 148
class 19 141 25 149
class 146 141 152 149
class 6 142 12 150
class 58 142 64 150
class -3 143 3 151
class 127 144 133 152
class 142 144 148 152
class 49 145 55 153
class 68 145 74 153
class 92 145 98 153
class 187 145 193 153
class 55 147 61 155
class 123 147 129 155
class 161 147 167 155
class 59 149 65 157
class 101 150 107 158
class 119 151 125 159
class 113 153 119 161
class 3 155 9 163
class 64 155 70 163
class 53 156 59 164
class 71 158 77 166
class 115 158 121 166
class 159 159 165 167
class 100 160 106 168
class 183 160 189 168
class 94 161 100 169
class 11 162 17 170
class 27 162 33 170
class 43 162 49 170
class 122 162 128 170
class 132 162 138 170
class 138 162 144 170
class 103 163 109 171
class 142 165 148 173
class 151 165 157 173
class 34 166 40 174
class 65 166 71 174
class 185 169 191 177
class 8 170 14 178
class 44 170 50 178
class 193 170 199 178
class 167 171 173 179
class 77 172 83 180
class 130 173 136 181
class 15 178 21 186
class 51 178 57 186
class 57 178 63 186
class 51 179 57 187
class 125 179 131 187
class 134 181 140 189
class 73 183 79 191
class -2 184 4 192
class 70 186 76 194
class 138 186 144 194
class 91 187 97 195
class 100 187 106 195
class 1 188 7 196
class 118 188 124 196
class 189 188 195 196
class 56 190 62 198
class 188 190 194 198
class 175 192 181 200
class 189 195 195 203
