class 14 -3 20 5
class 116 -2 122 6
class 17 -1 23 7
class 121 0 127 8
class 151 3 157 11
class 170 4 176 12
class 45 7 51 15
class 6 8 12 16
class 114 8 120 16
class 29 11 35 19
class 106 12 112 20
class 117 13 123 21
class 108 15 114 23
class 48 17 54 25
class 73 17 79 25
class 133 17 139 25
class 156 18 162 26
class 178 21 184 29
class 116 23 122 31
class 180 24 186 32
class 66 25 72 33
class 112 27 118 35
class 160 27 166 35
class 123 31 129 39
class 118 34 124 42
class 86 35 92 43
class 112 38 118 46
class 139 39 145 47
class 159 39 165 47
class 39 40 45 48
class 69 41 75 49
class 95 41 101 49
class 60 45 66 53
class 137 46 143 54
class 78 47 84 55
class 108 47 114 55
class 25 50 31 58
class 13 53 19 61
class 116 53 122 61
class 97 54 103 62
class 182 54 188 62
class 94 57 100 65
class 40 59 46 67
class 31 60 37 68
class 12 62 18 70
class 107 62 113 70
class 122 62 128 70
class 4 63 10 71
class 52 63 58 71
class 83 64 89 72
class 96 65 102 73
class 180 67 186 75
class 177 72 183 80
class 60 73 66 81
class 150 73 156 81
class 99 74 105 82
class 63 78 69 86
class 191 78 197 86
class 49 79 55 87
class 98 80 104 88
class 113 80 119 88
class 130 85 136 93
class 195 85 201 93
class 54 86 60 94
class 158 87 164 95
class 37 89 43 97
class 126 91 132 99
class 120 97 126 105
class -3 105 3 113
class 31 106 37 114
class 27 108 33 116
class 38 108 44 116
class 87 109 93 117
class 188 110 194 118
class 80 112 86 120
class 151 112 157 120
class 132 115 138 123
class 186 117 192 125
class 93 118 99 126
class 149 118 155 126
class 129 119 135 127
class 108 120 114 128
class 74 121 80 129
class 189 121 195 129
class 123 122 129 130
class 147 123 153 131
class 121 128 127 136
class 42 129 48 137
class 91 129 97 137
class 84 130 90 138
class 116 130 122 138
class 188 132 194 140
class 59 134 65 142
class 67 137 73 145
class 0 140 6 148
class 191 140 197 148
class 19 141 25 149
class -3 142 3 150
class 5 142 11 150
class 58 142 64 150
class 171 142 177 150
class 68 145 74 153
class 93 145 99 153
class 187 145 193 153
class 55 146 61 154
class 59 150 65 158
class 101 150 107 158
class 154 150 160 158
class 76 151 82 159
class 113 153 119 161
class 185 154 191 162
class 64 155 70 163
class 53 156 59 164
class 71 158 77 166
class 115 158 121 166
class 159 159 165 167
class 183 160 189 168
class 59 161 65 169
class 94 161 100 169
class 43 162 49 170
class 121 162 127 170
class 29 163 35 171
class 141 165 147 173
class 33 166 39 174
class 65 166 71 174
class 185 168 191 176
class 44 169 50 177
class 8 170 14 178
class 167 170 173 178
class 193 170 199 178
class 77 172 83 180
class 130 173 136 181
class 110 177 116 185
class 125 179 131 187
class 57 181 63 189
class 134 181 140 189
class 56 186 62 194
class 118 189 124 197
class 122 190 128 198
class 163 194 169 202
class 189 195 195 203
