class 175 -4 181 4
class 91 -3 97 5
class 114 -2 120 6
class 181 -2 187 6
class 3 -1 9 7
class 2 0 8 8
class 121 0 127 8
class 177 1 183 9
class 193 1 199 9
class 151 3 157 11
class 170 4 176 12
class 192 6 198 14
class 45 7 51 15
class 153 7 159 15
class 6 8 12 16
class 114 8 120 16
class 180 10 186 18
class 20 11 26 19
class 29 11 35 19
class 105 11 111 19
class 118 14 124 22
class 73 16 79 24
class 108 16 114 24
class 48 17 54 25
class 133 17 139 25
class 164 17 170 25
class 155 18 161 26
class 12 20 18 28
class 167 20 173 28
class 178 20 184 28
class 116 22 122 30
class 12 25 18 33
class 66 26 72 34
class 112 27 118 35
class 180 27 186 35
class 186 28 192 36
class 125 31 131 39
class 189 31 195 39
class 19 33 25 41
class 118 34 124 42
class 33 36 39 44
class 35 37 41 45
class 112 38 118 46
class 139 38 145 46
class 15 39 21 47
class 159 39 165 47
class 39 40 45 48
class 69 40 75 48
class 95 41 101 49
class 191 42 197 50
class 60 45 66 53
class 31 46 37 54
class 137 46 143 54
class 18 47 24 55
class 30 47 36 55
class 78 47 84 55
class 107 47 113 55
class 166 48 172 56
class 16 49 22 57
class 2 50 8 58
class 139 50 145 58
class 169 51 175 59
class 13 53 19 61
class 116 53 122 61
class 141 53 147 61
class 1 54 7 62
class 98 54 104 62
class 182 54 188 62
class 9 55 15 63
class 163 55 169 63
class 131 56 137 64
class 137 56 143 64
class 5 57 11 65
class 40 59 46 67
class 8 60 14 68
class 10 60 16 68
class 31 60 37 68
class 12 62 18 70
class 107 62 113 70
class 122 62 128 70
class 4 63 10 71
class 52 63 58 71
class 68 64 74 72
class 72 65 78 73
class 83 66 89 74
class 23 67 29 75
class 172 67 178 75
class 180 67 186 75
class 110 69 116 77
class 174 71 180 79
class 60 73 66 81
class 99 73 105 81
class 109 73 115 81
class 150 73 156 81
class 125 74 131 82
class 177 74 183 82
class 130 76 136 84
class 20 77 26 85
class 63 78 69 86
class 6 79 12 87
class 30 79 36 87
class 49 79 55 87
class 42 80 48 88
class 98 80 104 88
class 113 80 119 88
class 26 81 32 89
class 69 81 75 89
class 9 83 15 91
class 25 85 31 93
class 130 85 136 93
class 195 85 201 93
class 54 86 60 94
class 176 86 182 94
class 99 87 105 95
class 158 87 164 95
class 66 88 72 96
class 81 88 87 96
class 37 89 43 97
class 175 89 181 97
class 65 91 71 99
class 96 93 102 101
class 79 94 85 102
class 66 95 72 103
class 71 96 77 104
class 159 96 165 104
class 59 98 65 106
class 76 98 82 106
class 120 98 126 106
class 187 99 193 107
class 181 100 187 108
class 159 101 165 109
class 58 102 64 110
class 102 104 108 112
class 170 104 176 112
class -3 105 3 113
class 31 105 37 113
class 111 105 117 113
class 27 109 33 117
class 87 109 93 117
class 189 110 195 118
class 184 111 190 119
class 80 112 86 120
class 151 112 157 120
class 135 113 141 121
class 185 117 191 125
class 149 118 155 126
class 108 120 114 128
class 133 120 139 128
class 74 121 80 129
class 123 122 129 130
class 130 122 136 130
class 147 123 153 131
class 121 128 127 136
class 139 128 145 136
class 180 128 186 136
class 44 129 50 137
class 91 129 97 137
class 179 129 185 137
class 84 130 90 138
class 115 131 121 139
class 143 131 149 139
class 59 132 65 140
class 188 132 194 140
class 35 133 41 141
class 18 134 24 142
class 149 136 155 144
class 66 137 72 145
class 0 139 6 147
class 174 139 180 147
class 29 140 35 148
class 19 141 25 149
class 146 141 152 149
class 150 141 156 149
class 173 141 179 149
class 6 142 12 150
class 58 142 64 150
class -3 143 3 151
class 32 143 38 151
class 141 144 147 152
class 48 145 54 153
class 68 145 74 153
class 187 145 193 153
class 55 147 61 155
class 74 147 80 155
class 123 147 129 155
class 161 147 167 155
class 59 149 65 157
class 101 150 107 158
class 153 150 159 158
class 78 151 84 159
class 119 151 125 159
class 113 152 119 160
class 185 154 191 162
class 3 155 9 163
class 64 155 70 163
class 53 156 59 164
class 71 158 77 166
class 115 158 121 166
class 159 159 165 167
class 150 160 156 168
class 183 160 189 168
class 59 161 65 169
class 94 161 100 169
class 11 162 17 170
class 27 162 33 170
class 43 162 49 170
class 138 162 144 170
class 103 163 109 171
class 171 163 177 171
class 142 165 148 173
class 151 165 157 173
class 65 166 71 174
class 172 166 178 174
class 185 169 191 177
class 8 170 14 178
class 44 170 50 178
class 193 170 199 178
class 167 171 173 179
class 77 172 83 180
class 130 173 136 181
class 150 173 156 181
class 152 174 158 182
class 50 177 56 185
class 110 177 116 185
class 57 178 63 186
class 125 179 131 187
class 51 181 57 189
class 134 181 140 189
class -2 184 4 192
class 70 186 76 194
class 138 186 144 194
class 91 187 97 195
class 101 187 107 195
class 189 187 195 195
class 1 188 7 196
class 118 188 124 196
class 56 190 62 198
class 124 190 130 198
class 175 191 181 199
class 188 191 194 199
class 163 192 169 200
class 14 195 20 203
class 88 195 94 203
class 189 195 195 203
