class 14 -4 20 4
class 18 -1 24 7
class 121 0 127 8
class 177 0 183 8
class 151 3 157 11
class 170 4 176 12
class 153 7 159 15
class 6 8 12 16
class 114 8 120 16
class 20 11 26 19
class 29 11 35 19
class 105 11 111 19
class 118 14 124 22
class 73 16 79 24
class 48 17 54 25
class 133 17 139 25
class 156 18 162 26
class 165 18 171 26
class 166 19 172 27
class 178 20 184 28
class 116 23 122 31
class 121 23 127 31
class 66 26 72 34
class 112 27 118 35
class 160 27 166 35
class 180 27 186 35
class 124 31 130 39
class 19 33 25 41
class 112 38 118 46
class 15 39 21 47
class 69 40 75 48
class 95 41 101 49
class 60 45 66 53
class 137 46 143 54
class 78 47 84 55
class 108 47 114 55
class 166 49 172 57
class 25 50 31 58
class 139 50 145 58
class 169 51 175 59
class 141 52 147 60
class 13 53 19 61
class 98 54 104 62
class 182 54 188 62
class 6 56 12 64
class 8 56 14 64
class 131 56 137 64
class 40 59 46 67
class 31 60 37 68
class 12 62 18 70
class 107 62 113 70
class 122 62 128 70
class 4 63 10 71
class 52 63 58 71
class 83 65 89 73
class 95 65 101 73
class 180 67 186 75
class 173 68 179 76
class 110 69 116 77
class 174 71 180 79
class 1 73 7 81
class 60 73 66 81
class 99 73 105 81
class 109 73 115 81
class 150 73 156 81
class 177 73 183 81
class 126 74 132 82
class 8 76 14 84
class 129 76 135 84
class 20 77 26 85
class 63 78 69 86
class 189 78 195 86
class 7 79 13 87
class 30 79 36 87
class 49 79 55 87
class 42 80 48 88
class 26 81 32 89
class 69 81 75 89
class 9 83 15 91
class 54 86 60 94
class 99 87 105 95
class 158 87 164 95
class 37 89 43 97
class 126 91 132 99
class 96 93 102 101
class 79 94 85 102
class 68 95 74 103
class 70 96 76 104
class 76 97 82 105
class 120 97 126 105
class 185 99 191 107
class 182 100 188 108
class 104 104 110 112
class -3 105 3 113
class 31 105 37 113
class 110 105 116 113
class 38 108 44 116
class 27 109 33 117
class 87 109 93 117
class 188 110 194 118
class 80 112 86 120
class 151 112 157 120
class 134 114 140 122
class 186 117 192 125
class 149 118 155 126
class 128 119 134 127
class 108 120 114 128
class 133 120 139 128
class 74 121 80 129
class 130 121 136 129
class 123 122 129 130
class 147 123 153 131
class 121 128 127 136
class 43 129 49 137
class 91 129 97 137
class 84 130 90 138
class 116 131 122 139
class 143 131 149 139
class 188 132 194 140
class 59 133 65 141
class 18 134 24 142
class 149 136 155 144
class 67 137 73 145
class 0 140 6 148
class 191 140 197 148
class 19 141 25 149
class 146 141 152 149
class -3 142 3 150
class 6 142 12 150
class 126 144 132 152
class 143 144 149 152
class 49 145 55 153
class 68 145 74 153
class 92 145 98 153
class 187 145 193 153
class 74 147 80 155
class 123 147 129 155
class 161 147 167 155
class 59 149 65 157
class 101 150 107 158
class 153 150 159 158
class 78 151 84 159
class 119 151 125 159
class 113 153 119 161
class 185 154 191 162
class 3 155 9 163
class 53 156 59 164
class 71 158 77 166
class 115 158 121 166
class 159 159 165 167
class 183 160 189 168
class 59 161 65 169
class 94 161 100 169
class 100 161 106 169
class 150 161 156 169
class 11 162 17 170
class 28 162 34 170
class 43 162 49 170
class 133 162 139 170
class 138 162 144 170
class 151 164 157 172
class 142 165 148 173
class 34 166 40 174
class 65 166 71 174
class 185 169 191 177
class 8 170 14 178
class 44 170 50 178
class 193 170 199 178
class 167 171 173 179
class 77 172 83 180
class 130 173 136 181
class 110 177 116 185
class 15 178 21 186
class 57 178 63 186
class 73 183 79 191
class -2 185 4 193
class 71 186 77 194
class 138 186 144 194
class 1 187 7 195
class 91 187 97 195
class 100 187 106 195
class 118 188 124 196
class 56 189 62 197
class 123 190 129 198
class 163 193 169 201
class 189 195 195 203
