class 111 -3 117 5
class 62 -2 68 6
class 174 -2 180 6
class 111 -1 117 7
class 153 -1 159 7
class 58 0 64 8
class 138 1 144 9
class 164 2 170 10
class 171 2 177 10
class 13 3 19 11
class 57 3 63 11
class 88 3 94 11
class 125 3 131 11
class 139 8 145 16
class 175 11 181 19
class 179 13 185 21
class 18 14 24 22
class 105 17 111 25
class -1 18 5 26
class 67 19 73 27
class 0 21 6 29
class 53 21 59 29
class 157 21 163 29
class 161 21 167 29
class 179 21 185 29
class 39 22 45 30
class 33 26 39 34
class 4 27 10 35
class 132 27 138 35
class 106 28 112 36
class 66 29 72 37
class 44 30 50 38
class 163 30 169 38
class 134 31 140 39
class 41 33 47 41
class 83 33 89 41
class 179 33 185 41
class 168 35 174 43
class 129 38 135 46
class 43 39 49 47
class 77 39 83 47
class 120 39 126 47
class 194 39 200 47
class 149 40 155 48
class 132 41 138 49
class 46 42 52 50
class 81 42 87 50
class 168 42 174 50
class 18 43 24 51
class 136 43 142 51
class 174 43 180 51
class 4 45 10 53
class 39 45 45 53
class 152 47 158 55
class 129 48 135 56
class 80 50 86 58
class 100 50 106 58
class 140 51 146 59
class 149 51 155 59
class 174 52 180 60
class 12 53 18 61
class 52 53 58 61
class 196 55 202 63
class 141 56 147 64
class 99 57 105 65
class 33 58 39 66
class 80 58 86 66
class 138 58 144 66
class -1 60 5 68
class 135 61 141 69
class 129 62 135 70
class 30 64 36 72
class 53 64 59 72
class 159 65 165 73
class 2 66 8 74
class 47 67 53 75
class 185 67 191 75
class 175 68 181 76
class 60 70 66 78
class 98 71 104 79
class 157 71 163 79
class 41 73 47 81
class 130 74 136 82
class 15 75 21 83
class 28 75 34 83
class 158 77 164 85
class 93 78 99 86
class 151 80 157 88
class 6 81 12 89
class 96 81 102 89
class 15 82 21 90
class 28 85 34 93
class 102 86 108 94
class 1 89 7 97
class 35 91 41 99
class 27 92 33 100
class 159 95 165 103
class -3 96 3 104
class 107 99 113 107
class 38 100 44 108
class 111 100 117 108
class 116 102 122 110
class 193 102 199 110
class 142 103 148 111
class 36 104 42 112
class 85 108 91 116
class 2 109 8 117
class 54 110 60 118
class 196 111 202 119
class 162 112 168 120
class 94 118 100 126
class 176 118 182 126
class 133 120 139 128
class 27 122 33 130
class 184 122 190 130
class 92 123 98 131
class 32 125 38 133
class 174 127 180 135
class 65 128 71 136
class 169 129 175 137
class 193 129 199 137
class 178 130 184 138
class 151 133 157 141
class 158 133 164 141
class 106 134 112 142
class 83 137 89 145
class 176 137 182 145
class 36 138 42 146
class 162 140 168 148
class 33 142 39 150
class 61 143 67 151
class 93 143 99 151
class -3 144 3 152
class 192 144 198 152
class 140 146 146 154
class -1 147 5 155
class 188 147 194 155
class 31 148 37 156
class 85 151 91 159
class 149 151 155 159
class 148 152 154 160
class 133 153 139 161
class 162 154 168 162
class 52 158 58 166
class 82 158 88 166
class 112 158 118 166
class 133 161 139 169
class 39 164 45 172
class 45 167 51 175
class 65 171 71 179
class 85 173 91 181
class 8 175 14 183
class 51 177 57 185
class 17 179 23 187
class 101 181 107 189
class 193 182 199 190
class 52 183 58 191
class 183 183 189 191
class 188 184 194 192
class 168 185 174 193
class 107 186 113 194
class 136 187 142 195
class 166 187 172 195
class -2 190 4 198
class 53 191 59 199
class 78 191 84 199
class 58 192 64 200
class 83 192 89 200
class 191 192 197 200
class 3 194 9 202
class 61 194 67 202
class 96 195 102 203
