class 62 -2 68 6
class 174 -2 180 6
class 77 -1 83 7
class 12 0 18 8
class 51 0 57 8
class 58 0 64 8
class 110 0 116 8
class 116 0 122 8
class 47 1 53 9
class 138 1 144 9
class 115 2 121 10
class 164 2 170 10
class 88 3 94 11
class 108 8 114 16
class 139 8 145 16
class 188 9 194 17
class 28 10 34 18
class 175 10 181 18
class 18 14 24 22
class 35 14 41 22
class 116 15 122 23
class 140 15 146 23
class -2 18 4 26
class 20 18 26 26
class 23 18 29 26
class 105 18 111 26
class 1 21 7 29
class 53 21 59 29
class 156 21 162 29
class 179 21 185 29
class 39 22 45 30
class 192 24 198 32
class 33 26 39 34
class 71 27 77 35
class 132 27 138 35
class 106 28 112 36
class 191 28 197 36
class 66 29 72 37
class 169 29 175 37
class 44 30 50 38
class 163 30 169 38
class 40 33 46 41
class 83 33 89 41
class 60 34 66 42
class 57 35 63 43
class 168 35 174 43
class 43 38 49 46
class 129 38 135 46
class 77 39 83 47
class 120 39 126 47
class 194 39 200 47
class 149 40 155 48
class 132 41 138 49
class 46 42 52 50
class 81 42 87 50
class 168 42 174 50
class 18 43 24 51
class 70 43 76 51
class 112 43 118 51
class 175 43 181 51
class 73 44 79 52
class 136 44 142 52
class 5 45 11 53
class 153 47 159 55
class 129 48 135 56
class 18 49 24 57
class 17 50 23 58
class 64 50 70 58
class 80 50 86 58
class 100 50 106 58
class 140 51 146 59
class 148 52 154 60
class 174 52 180 60
class 12 53 18 61
class 52 53 58 61
class 99 57 105 65
class 33 58 39 66
class 138 58 144 66
class 80 59 86 67
class -1 60 5 68
class 11 60 17 68
class 135 61 141 69
class 15 62 21 70
class 129 62 135 70
class 30 64 36 72
class 53 64 59 72
class 159 64 165 72
class 120 65 126 73
class 2 67 8 75
class 47 67 53 75
class 185 67 191 75
class 175 68 181 76
class 72 69 78 77
class 73 69 79 77
class 61 70 67 78
class 11 71 17 79
class 157 71 163 79
class 196 71 202 79
class 11 73 17 81
class 40 73 46 81
class 99 74 105 82
class 130 74 136 82
class 15 75 21 83
class 28 75 34 83
class 158 77 164 85
class 93 78 99 86
class -1 79 5 87
class 151 80 157 88
class 6 81 12 89
class 39 81 45 89
class 96 81 102 89
class 15 82 21 90
class 28 85 34 93
class 45 85 51 93
class 51 85 57 93
class 137 85 143 93
class 102 86 108 94
class 24 87 30 95
class 1 89 7 97
class 135 89 141 97
class 35 91 41 99
class 27 92 33 100
class 159 95 165 103
class -3 96 3 104
class 107 99 113 107
class 38 100 44 108
class 111 100 117 108
class 117 102 123 110
class 142 103 148 111
class 36 104 42 112
class 46 104 52 112
class 174 104 180 112
class 162 106 168 114
class 85 108 91 116
class 2 109 8 117
class 175 109 181 117
class 54 110 60 118
class 196 111 202 119
class 69 113 75 121
class 70 115 76 123
class 129 115 135 123
class 94 118 100 126
class 176 118 182 126
class 133 120 139 128
class 26 122 32 130
class 184 122 190 130
class 33 125 39 133
class 75 126 81 134
class 115 126 121 134
class 174 126 180 134
class 65 128 71 136
class 169 129 175 137
class 193 129 199 137
class 178 130 184 138
class 151 133 157 141
class 50 134 56 142
class 106 134 112 142
class 12 135 18 143
class 83 137 89 145
class 176 137 182 145
class 24 138 30 146
class 36 138 42 146
class 162 140 168 148
class 33 142 39 150
class 43 142 49 150
class 24 143 30 151
class 61 143 67 151
class 93 143 99 151
class 115 143 121 151
class 192 143 198 151
class -3 144 3 152
class 83 146 89 154
class 0 147 6 155
class 188 147 194 155
class 31 148 37 156
class 15 150 21 158
class 150 150 156 158
class 85 151 91 159
class 133 153 139 161
class 147 153 153 161
class 188 153 194 161
class 162 154 168 162
class 194 154 200 162
class 52 158 58 166
class 82 158 88 166
class 111 158 117 166
class 117 159 123 167
class 133 161 139 169
class 39 164 45 172
class 89 164 95 172
class 45 167 51 175
class 146 168 152 176
class 65 171 71 179
class 145 171 151 179
class 85 174 91 182
class 8 175 14 183
class 51 177 57 185
class 17 179 23 187
class 35 181 41 189
class 101 181 107 189
class 193 182 199 190
class 58 183 64 191
class 183 183 189 191
class 2 184 8 192
class 188 184 194 192
class 4 185 10 193
class 169 185 175 193
class 107 186 113 194
class 136 187 142 195
class 164 187 170 195
class 144 190 150 198
class 149 190 155 198
class 53 191 59 199
class 78 191 84 199
class 58 192 64 200
class 83 192 89 200
class 191 192 197 200
class 12 193 18 201
class 128 193 134 201
class 3 194 9 202
class 32 194 38 202
class 61 194 67 202
class 76 195 82 203
class 97 195 103 203
