class 45 -4 51 4
class 174 -2 180 6
class 153 -1 159 7
class 164 2 170 10
class 171 2 177 10
class 88 3 94 11
class 124 3 130 11
class 108 8 114 16
class 139 8 145 16
class 25 10 31 18
class 21 14 27 22
class 116 15 122 23
class 53 21 59 29
class 179 22 185 30
class 4 26 10 34
class 71 28 77 36
class 106 28 112 36
class 163 30 169 38
class 23 31 29 39
class 83 33 89 41
class 179 33 185 41
class 77 39 83 47
class 121 39 127 47
class 150 40 156 48
class 132 41 138 49
class 81 42 87 50
class 18 43 24 51
class 136 43 142 51
class 3 45 9 53
class 39 45 45 53
class 129 48 135 56
class 80 50 86 58
class 140 51 146 59
class 174 52 180 60
class 12 53 18 61
class 52 53 58 61
class 196 55 202 63
class 99 56 105 64
class 80 57 86 65
class 33 58 39 66
class -1 60 5 68
class 135 61 141 69
class 129 62 135 70
class 30 64 36 72
class 53 65 59 73
class 122 65 128 73
class 47 67 53 75
class 185 67 191 75
class 159 68 165 76
class 175 68 181 76
class 60 70 66 78
class 157 71 163 79
class 196 71 202 79
class 41 73 47 81
class 130 74 136 82
class 15 75 21 83
class 28 75 34 83
class 158 77 164 85
class -2 79 4 87
class 151 80 157 88
class 6 81 12 89
class 38 81 44 89
class 15 82 21 90
class 102 86 108 94
class 1 89 7 97
class 33 91 39 99
class 28 92 34 100
class 159 95 165 103
class -3 96 3 104
class 111 100 117 108
class 193 101 199 109
class 114 102 120 110
class 46 104 52 112
class 85 108 91 116
class 54 110 60 118
class 129 115 135 123
class 176 118 182 126
class 168 119 174 127
class 94 120 100 128
class 133 120 139 128
class 93 122 99 130
class 184 122 190 130
class 31 124 37 132
class 75 125 81 133
class 115 126 121 134
class 193 129 199 137
class 178 130 184 138
class 151 133 157 141
class 158 133 164 141
class 106 134 112 142
class 12 135 18 143
class 176 137 182 145
class 162 140 168 148
class 33 142 39 150
class 43 142 49 150
class 93 143 99 151
class 115 143 121 151
class 83 146 89 154
class 140 146 146 154
class 31 147 37 155
class 15 150 21 158
class 192 154 198 162
class 52 158 58 166
class 36 160 42 168
class 39 164 45 172
class 45 167 51 175
class 65 171 71 179
class 8 175 14 183
class 17 179 23 187
class 193 182 199 190
class 183 183 189 191
class 188 184 194 192
class 107 186 113 194
class 136 187 142 195
class 53 191 59 199
class 58 192 64 200
class 191 192 197 200
class 129 193 135 201
class 3 194 9 202
class 61 194 67 202
class 95 195 101 203
