class 35 -4 41 4
class 45 -4 51 4
class 62 -2 68 6
class 174 -2 180 6
class 77 -1 83 7
class 116 -1 122 7
class 153 -1 159 7
class 12 0 18 8
class 51 0 57 8
class 47 1 53 9
class 138 1 144 9
class 164 2 170 10
class 56 3 62 11
class 88 3 94 11
class 115 3 121 11
class 171 3 177 11
class 13 5 19 13
class 190 7 196 15
class 108 8 114 16
class 139 8 145 16
class 188 9 194 17
class 28 10 34 18
class 38 13 44 21
class 179 13 185 21
class 18 14 24 22
class 35 14 41 22
class 116 15 122 23
class 140 15 146 23
class -3 18 3 26
class 20 18 26 26
class 105 18 111 26
class 67 19 73 27
class 1 21 7 29
class 53 21 59 29
class 156 21 162 29
class 162 21 168 29
class 179 21 185 29
class 39 22 45 30
class 192 24 198 32
class 33 26 39 34
class 71 27 77 35
class 132 27 138 35
class 66 29 72 37
class 169 29 175 37
class 44 30 50 38
class 163 30 169 38
class 23 31 29 39
class 134 31 140 39
class 40 33 46 41
class 83 33 89 41
class 179 33 185 41
class 57 35 63 43
class 168 35 174 43
class 43 37 49 45
class 129 38 135 46
class 77 39 83 47
class 120 39 126 47
class 194 39 200 47
class 149 40 155 48
class 46 42 52 50
class 81 42 87 50
class 168 42 174 50
class 18 43 24 51
class 70 43 76 51
class 112 43 118 51
class 175 43 181 51
class 136 44 142 52
class 39 45 45 53
class 118 46 124 54
class 65 47 71 55
class 153 47 159 55
class 19 49 25 57
class 100 49 106 57
class 17 50 23 58
class 80 50 86 58
class 148 52 154 60
class 12 53 18 61
class 52 53 58 61
class 196 55 202 63
class 142 56 148 64
class 99 57 105 65
class 33 58 39 66
class 138 58 144 66
class 80 59 86 67
class 11 60 17 68
class 135 61 141 69
class 15 62 21 70
class 129 62 135 70
class 53 64 59 72
class 159 64 165 72
class 120 65 126 73
class 2 67 8 75
class 47 67 53 75
class 73 68 79 76
class 11 70 17 78
class 61 70 67 78
class 71 70 77 78
class 98 70 104 78
class 157 71 163 79
class 196 71 202 79
class 40 73 46 81
class 11 74 17 82
class 130 74 136 82
class 15 75 21 83
class 28 75 34 83
class 158 77 164 85
class -1 79 5 87
class 180 79 186 87
class 151 80 157 88
class 39 81 45 89
class 96 81 102 89
class 15 82 21 90
class 45 85 51 93
class 52 85 58 93
class 137 85 143 93
class 102 86 108 94
class 24 87 30 95
class 134 89 140 97
class 141 89 147 97
class 35 91 41 99
class 140 91 146 99
class 27 92 33 100
class 159 95 165 103
class -3 96 3 104
class 107 99 113 107
class 38 100 44 108
class 111 100 117 108
class 117 102 123 110
class 193 102 199 110
class 142 103 148 111
class 36 104 42 112
class 46 104 52 112
class 174 104 180 112
class 162 106 168 114
class 175 109 181 117
class 54 110 60 118
class 196 111 202 119
class 69 113 75 121
class 162 113 168 121
class 71 115 77 123
class 129 115 135 123
class 94 118 100 126
class 176 118 182 126
class 169 119 175 127
class 133 120 139 128
class 17 121 23 129
class 17 122 23 130
class 25 122 31 130
class 184 122 190 130
class 33 125 39 133
class 75 126 81 134
class 115 126 121 134
class 174 126 180 134
class 65 127 71 135
class 169 129 175 137
class 193 129 199 137
class 178 130 184 138
class 151 133 157 141
class 158 133 164 141
class 12 135 18 143
class 24 137 30 145
class 83 137 89 145
class 176 137 182 145
class 162 140 168 148
class 33 142 39 150
class 43 142 49 150
class 24 143 30 151
class 61 143 67 151
class 192 143 198 151
class -3 144 3 152
class 83 146 89 154
class 0 147 6 155
class 188 147 194 155
class 31 148 37 156
class 15 150 21 158
class 150 150 156 158
class 85 151 91 159
class 12 152 18 160
class 44 153 50 161
class 132 153 138 161
class 147 153 153 161
class 188 153 194 161
class 11 154 17 162
class 162 154 168 162
class 194 154 200 162
class 167 157 173 165
class 82 158 88 166
class 111 158 117 166
class 117 159 123 167
class 36 160 42 168
class 133 161 139 169
class 39 164 45 172
class 89 164 95 172
class 45 167 51 175
class 146 168 152 176
class 65 171 71 179
class 145 171 151 179
class 85 174 91 182
class 8 175 14 183
class 51 177 57 185
class 113 178 119 186
class 114 179 120 187
class 35 181 41 189
class 101 181 107 189
class 193 182 199 190
class 38 183 44 191
class 52 183 58 191
class 58 183 64 191
class 183 183 189 191
class 188 184 194 192
class 169 185 175 193
class 4 186 10 194
class 107 186 113 194
class 136 187 142 195
class 164 187 170 195
class -2 190 4 198
class 149 190 155 198
class 53 191 59 199
class 78 191 84 199
class 58 192 64 200
class 191 192 197 200
class 12 193 18 201
class 128 193 134 201
class 3 194 9 202
class 32 194 38 202
class 61 194 67 202
class 11 195 17 203
class 76 195 82 203
class 112 195 118 203
