class 35 -4 41 4
class 45 -4 51 4
class 76 -4 82 4
class 112 -4 118 4
class 62 -2 68 6
class 77 -2 83 6
class 174 -2 180 6
class 153 -1 159 7
class 12 0 18 8
class 47 0 53 8
class 50 0 56 8
class 58 0 64 8
class 115 1 121 9
class 116 1 122 9
class 138 1 144 9
class 164 2 170 10
class 88 3 94 11
class 125 3 131 11
class 13 5 19 13
class 108 8 114 16
class 139 8 145 16
class 28 10 34 18
class 179 13 185 21
class 18 14 24 22
class 116 15 122 23
class 140 15 146 23
class 105 17 111 25
class -2 18 4 26
class 67 19 73 27
class 53 21 59 29
class 156 21 162 29
class 179 21 185 29
class 39 22 45 30
class 192 24 198 32
class 33 26 39 34
class 4 27 10 35
class 71 27 77 35
class 132 27 138 35
class 106 28 112 36
class 191 28 197 36
class 66 29 72 37
class 169 29 175 37
class 44 30 50 38
class 163 30 169 38
class 23 31 29 39
class 41 33 47 41
class 83 33 89 41
class 179 33 185 41
class 59 34 65 42
class 58 35 64 43
class 168 35 174 43
class 43 38 49 46
class 129 38 135 46
class 77 39 83 47
class 120 39 126 47
class 194 39 200 47
class 149 40 155 48
class 132 41 138 49
class 46 42 52 50
class 81 42 87 50
class 168 42 174 50
class 18 43 24 51
class 70 43 76 51
class 136 43 142 51
class 175 43 181 51
class 72 44 78 52
class 4 45 10 53
class 118 46 124 54
class 153 47 159 55
class 65 48 71 56
class 64 49 70 57
class 80 50 86 58
class 100 50 106 58
class 140 51 146 59
class 149 52 155 60
class 174 52 180 60
class 12 53 18 61
class 52 53 58 61
class 196 55 202 63
class 141 56 147 64
class 99 57 105 65
class 33 58 39 66
class 138 58 144 66
class 80 59 86 67
class -1 60 5 68
class 12 60 18 68
class 14 62 20 70
class 159 64 165 72
class 121 65 127 73
class 2 67 8 75
class 47 67 53 75
class 185 67 191 75
class 175 68 181 76
class 61 70 67 78
class 98 70 104 78
class 157 71 163 79
class 40 73 46 81
class 130 74 136 82
class 28 75 34 83
class 93 78 99 86
class -1 79 5 87
class 151 80 157 88
class 38 81 44 89
class 96 81 102 89
class 28 85 34 93
class 50 85 56 93
class 102 86 108 94
class 135 88 141 96
class 35 91 41 99
class 27 92 33 100
class 159 95 165 103
class 107 99 113 107
class 38 100 44 108
class 111 100 117 108
class 117 102 123 110
class 193 102 199 110
class 142 103 148 111
class 36 104 42 112
class 46 104 52 112
class 174 104 180 112
class 175 109 181 117
class 54 110 60 118
class 196 111 202 119
class 162 113 168 121
class 129 115 135 123
class 94 118 100 126
class 176 118 182 126
class 168 119 174 127
class 133 120 139 128
class 26 122 32 130
class 184 122 190 130
class 92 124 98 132
class 33 125 39 133
class 75 125 81 133
class 115 126 121 134
class 174 127 180 135
class 65 128 71 136
class 193 129 199 137
class 178 130 184 138
class 151 133 157 141
class 158 133 164 141
class 50 134 56 142
class 106 134 112 142
class 12 135 18 143
class 83 137 89 145
class 36 138 42 146
class 162 140 168 148
class 24 142 30 150
class 43 142 49 150
class 93 143 99 151
class 115 143 121 151
class 192 143 198 151
class -3 144 3 152
class 83 146 89 154
class 140 146 146 154
class 0 147 6 155
class 188 147 194 155
class 31 148 37 156
class 85 151 91 159
class 133 153 139 161
class 188 153 194 161
class 162 154 168 162
class 167 157 173 165
class 82 158 88 166
class 111 158 117 166
class 117 159 123 167
class 36 160 42 168
class 133 161 139 169
class 39 164 45 172
class 45 167 51 175
class 146 169 152 177
class 145 170 151 178
class 85 173 91 181
class 8 175 14 183
class 51 177 57 185
class 17 179 23 187
class 61 180 67 188
class 36 181 42 189
class 193 182 199 190
class 52 183 58 191
class 58 183 64 191
class 183 183 189 191
class 188 184 194 192
class 168 185 174 193
class 107 186 113 194
class 144 190 150 198
class 148 190 154 198
class 53 191 59 199
class 78 191 84 199
class 58 192 64 200
class 83 192 89 200
class 191 192 197 200
class 129 193 135 201
class 3 194 9 202
class 32 194 38 202
class 61 194 67 202
class 97 195 103 203
