class 36 -4 42 4
class 45 -4 51 4
class 62 -2 68 6
class 174 -2 180 6
class 116 -1 122 7
class 153 -1 159 7
class 12 0 18 8
class 51 0 57 8
class 58 0 64 8
class 77 0 83 8
class 46 1 52 9
class 138 1 144 9
class 164 2 170 10
class 195 2 201 10
class 56 3 62 11
class 88 3 94 11
class 115 3 121 11
class 125 3 131 11
class 143 3 149 11
class 171 3 177 11
class 13 5 19 13
class 148 5 154 13
class 196 5 202 13
class 144 6 150 14
class 147 7 153 15
class 190 7 196 15
class 108 8 114 16
class 175 10 181 18
class 188 10 194 18
class 39 13 45 21
class 179 13 185 21
class 18 14 24 22
class 34 14 40 22
class 140 15 146 23
class 11 16 17 24
class 130 17 136 25
class -3 18 3 26
class 19 18 25 26
class 105 18 111 26
class 12 19 18 27
class 67 19 73 27
class 47 20 53 28
class 50 20 56 28
class 128 20 134 28
class 1 21 7 29
class 53 21 59 29
class 156 21 162 29
class 163 21 169 29
class 192 24 198 32
class 95 25 101 33
class 99 25 105 33
class 33 26 39 34
class 4 27 10 35
class 71 27 77 35
class 132 27 138 35
class 44 29 50 37
class 66 29 72 37
class 169 29 175 37
class 191 29 197 37
class 163 30 169 38
class 23 31 29 39
class 40 33 46 41
class 83 33 89 41
class 179 33 185 41
class 60 34 66 42
class 56 35 62 43
class 99 35 105 43
class 101 36 107 44
class 168 36 174 44
class 43 37 49 45
class 117 37 123 45
class 77 38 83 46
class 114 38 120 46
class 129 38 135 46
class 120 39 126 47
class 194 39 200 47
class 149 40 155 48
class 132 41 138 49
class 46 42 52 50
class 70 42 76 50
class 81 42 87 50
class 168 42 174 50
class 111 43 117 51
class 175 43 181 51
class 73 44 79 52
class 5 45 11 53
class 39 45 45 53
class 136 45 142 53
class 65 46 71 54
class 154 47 160 55
class 129 48 135 56
class 20 49 26 57
class 100 49 106 57
class 16 50 22 58
class 80 50 86 58
class 64 51 70 59
class 140 51 146 59
class 147 52 153 60
class 174 52 180 60
class 12 53 18 61
class 52 53 58 61
class 112 53 118 61
class 110 55 116 63
class 196 55 202 63
class 43 56 49 64
class 142 56 148 64
class 99 57 105 65
class 33 58 39 66
class 138 58 144 66
class 189 58 195 66
class -1 60 5 68
class 10 60 16 68
class 80 60 86 68
class 187 60 193 68
class 15 61 21 69
class 39 61 45 69
class 40 61 46 69
class 135 61 141 69
class 129 63 135 71
class 53 64 59 72
class 159 64 165 72
class 120 65 126 73
class 2 67 8 75
class 47 67 53 75
class 74 68 80 76
class 175 68 181 76
class 11 70 17 78
class 61 70 67 78
class 70 70 76 78
class 98 70 104 78
class 196 71 202 79
class 39 73 45 81
class 10 74 16 82
class 113 74 119 82
class 130 74 136 82
class 15 75 21 83
class 158 77 164 85
class 91 78 97 86
class 0 79 6 87
class 47 79 53 87
class 181 79 187 87
class 49 80 55 88
class 151 80 157 88
class 177 80 183 88
class 5 81 11 89
class 39 81 45 89
class 97 81 103 89
class 113 83 119 91
class 28 85 34 93
class 45 85 51 93
class 52 85 58 93
class 137 85 143 93
class 102 86 108 94
class 22 87 28 95
class 1 89 7 97
class 134 89 140 97
class 141 89 147 97
class 7 91 13 99
class 35 91 41 99
class 140 92 146 100
class 8 93 14 101
class 159 95 165 103
class -3 96 3 104
class 42 98 48 106
class 82 99 88 107
class 107 99 113 107
class 148 99 154 107
class 38 100 44 108
class 111 100 117 108
class 41 101 47 109
class 147 101 153 109
class 98 102 104 110
class 118 102 124 110
class 193 102 199 110
class 142 103 148 111
class 174 103 180 111
class 36 104 42 112
class 46 104 52 112
class 96 104 102 112
class 162 106 168 114
class 2 109 8 117
class 175 109 181 117
class 54 110 60 118
class 118 111 124 119
class 196 111 202 119
class 69 112 75 120
class 162 113 168 121
class 109 114 115 122
class 106 117 112 125
class 94 118 100 126
class 176 118 182 126
class 169 119 175 127
class 133 120 139 128
class 152 120 158 128
class 150 121 156 129
class 25 122 31 130
class 184 122 190 130
class 16 123 22 131
class 92 124 98 132
class 33 125 39 133
class 75 126 81 134
class 115 126 121 134
class 65 127 71 135
class 143 128 149 136
class 169 129 175 137
class 193 129 199 137
class 178 130 184 138
class 144 131 150 139
class 69 132 75 140
class 158 132 164 140
class 151 133 157 141
class 50 134 56 142
class 12 135 18 143
class 119 135 125 143
class 120 136 126 144
class 137 136 143 144
class 25 137 31 145
class 176 137 182 145
class 36 138 42 146
class 108 138 114 146
class 139 138 145 146
class 79 139 85 147
class 110 139 116 147
class 162 140 168 148
class 33 142 39 150
class 43 142 49 150
class 57 142 63 150
class 24 143 30 151
class 55 143 61 151
class 93 143 99 151
class 115 143 121 151
class 192 143 198 151
class -3 144 3 152
class 83 146 89 154
class 140 146 146 154
class 1 147 7 155
class 188 147 194 155
class 31 148 37 156
class 19 149 25 157
class 15 150 21 158
class 151 150 157 158
class 41 153 47 161
class 46 153 52 161
class 132 153 138 161
class 162 153 168 161
class 194 154 200 162
class 10 155 16 163
class 147 156 153 164
class 52 158 58 166
class 111 158 117 166
class 117 159 123 167
class 36 160 42 168
class 133 161 139 169
class 119 162 125 170
class 39 164 45 172
class 89 164 95 172
class 173 164 179 172
class 119 166 125 174
class 172 166 178 174
class 46 167 52 175
class 146 167 152 175
class 69 169 75 177
class 65 171 71 179
class 80 171 86 179
class 85 174 91 182
class 9 175 15 183
class 51 177 57 185
class 112 177 118 185
class 17 179 23 187
class 115 179 121 187
class 35 180 41 188
class 101 181 107 189
class 193 182 199 190
class 0 183 6 191
class 52 183 58 191
class 38 184 44 192
class 149 184 155 192
class 188 184 194 192
class 169 185 175 193
class 4 186 10 194
class 107 186 113 194
class 146 186 152 194
class 164 187 170 195
class 101 189 107 197
class -2 190 4 198
class 16 190 22 198
class 102 190 108 198
class 143 190 149 198
class 149 190 155 198
class 53 191 59 199
class 12 192 18 200
class 191 192 197 200
class 128 193 134 201
class 31 194 37 202
class 61 194 67 202
class 11 195 17 203
class 98 195 104 203
