class 37 -4 43 4
class 27 -3 33 5
class 86 -2 92 6
class 54 1 60 9
class 153 1 159 9
class 43 2 49 10
class 62 2 68 10
class 188 3 194 11
class 158 4 164 12
class 96 5 102 13
class 62 13 68 21
class 0 16 6 24
class 139 16 145 24
class 14 18 20 26
class 126 19 132 27
class 175 19 181 27
class 136 20 142 28
class 44 23 50 31
class 51 23 57 31
class 3 25 9 33
class 135 25 141 33
class 83 26 89 34
class 16 28 22 36
class 113 34 119 42
class 98 35 104 43
class 7 37 13 45
class 148 38 154 46
class 123 39 129 47
class 182 39 188 47
class 56 40 62 48
class 129 41 135 49
class 153 41 159 49
class 179 41 185 49
class 91 43 97 51
class 176 44 182 52
class 189 45 195 53
class -3 47 3 55
class 54 47 60 55
class 110 49 116 57
class 125 49 131 57
class 75 50 81 58
class 175 50 181 58
class 28 54 34 62
class 168 54 174 62
class 181 54 187 62
class 139 57 145 65
class 175 59 181 67
class 127 61 133 69
class 84 62 90 70
class 94 62 100 70
class 20 64 26 72
class 34 65 40 73
class 189 65 195 73
class 91 66 97 74
class 183 66 189 74
class 54 67 60 75
class 134 71 140 79
class 146 71 152 79
class 19 75 25 83
class 69 75 75 83
class 193 75 199 83
class 173 78 179 86
class 27 79 33 87
class 195 79 201 87
class 26 84 32 92
class 72 84 78 92
class 66 86 72 94
class 76 88 82 96
class 26 90 32 98
class 153 91 159 99
class 111 93 117 101
class 127 94 133 102
class 41 95 47 103
class 88 102 94 110
class 38 104 44 112
class 63 106 69 114
class 80 110 86 118
class 106 111 112 119
class 43 114 49 122
class 170 116 176 124
class 97 118 103 126
class 115 118 121 126
class 30 119 36 127
class 153 120 159 128
class 31 122 37 130
class 39 122 45 130
class 50 122 56 130
class 134 122 140 130
class 7 123 13 131
class 56 123 62 131
class 28 125 34 133
class 115 125 121 133
class 61 128 67 136
class 76 128 82 136
class 138 128 144 136
class 194 128 200 136
class 146 130 152 138
class 94 131 100 139
class 28 132 34 140
class 68 132 74 140
class 12 134 18 142
class 184 136 190 144
class 148 137 154 145
class 180 138 186 146
class 80 140 86 148
class 155 140 161 148
class 6 141 12 149
class 124 143 130 151
class 20 145 26 153
class 188 148 194 156
class 61 149 67 157
class 99 150 105 158
class 158 160 164 168
class 8 161 14 169
class 36 163 42 171
class 17 164 23 172
class 92 164 98 172
class 107 164 113 172
class 121 164 127 172
class 22 166 28 174
class 31 167 37 175
class 187 167 193 175
class 194 168 200 176
class 78 169 84 177
class 174 171 180 179
class 44 173 50 181
class 171 177 177 185
class 0 182 6 190
class 134 182 140 190
class 6 185 12 193
class 69 185 75 193
class 49 187 55 195
class 118 188 124 196
class 26 189 32 197
class 56 189 62 197
class 132 189 138 197
class 67 194 73 202
