class 36 -4 42 4
class 86 -3 92 5
class 15 -2 21 6
class 134 0 140 8
class 54 1 60 9
class 130 1 136 9
class 152 1 158 9
class -3 2 3 10
class 43 2 49 10
class 62 3 68 11
class 113 3 119 11
class 188 3 194 11
class 1 4 7 12
class 158 4 164 12
class 96 5 102 13
class 111 5 117 13
class 149 5 155 13
class 86 6 92 14
class 148 7 154 15
class 2 9 8 17
class 83 9 89 17
class 165 11 171 19
class 5 12 11 20
class 62 13 68 21
class 81 13 87 21
class -1 16 5 24
class 139 16 145 24
class 15 18 21 26
class 126 19 132 27
class 149 19 155 27
class 175 19 181 27
class 136 20 142 28
class 44 23 50 31
class 52 23 58 31
class 168 24 174 32
class 3 25 9 33
class 135 25 141 33
class 172 25 178 33
class 83 26 89 34
class 150 26 156 34
class 31 27 37 35
class 157 27 163 35
class 16 28 22 36
class 34 29 40 37
class 79 29 85 37
class 155 29 161 37
class 183 29 189 37
class 141 30 147 38
class 121 31 127 39
class 179 31 185 39
class 111 34 117 42
class 114 34 120 42
class 163 34 169 42
class 176 34 182 42
class 98 35 104 43
class 116 35 122 43
class 165 35 171 43
class 61 36 67 44
class 67 36 73 44
class 120 36 126 44
class 5 37 11 45
class 142 38 148 46
class 123 39 129 47
class 140 39 146 47
class 184 39 190 47
class 56 40 62 48
class 129 41 135 49
class 153 41 159 49
class 179 41 185 49
class 40 43 46 51
class 91 43 97 51
class 96 43 102 51
class 100 43 106 51
class 44 44 50 52
class 174 44 180 52
class 189 45 195 53
class 160 46 166 54
class -3 47 3 55
class 54 47 60 55
class 10 48 16 56
class 110 49 116 57
class 125 49 131 57
class 75 50 81 58
class 175 50 181 58
class 9 51 15 59
class 6 52 12 60
class 19 54 25 62
class 28 54 34 62
class 168 54 174 62
class 150 55 156 63
class 139 57 145 65
class 184 57 190 65
class 12 59 18 67
class 122 61 128 69
class 128 61 134 69
class 182 61 188 69
class 84 62 90 70
class 94 62 100 70
class 20 64 26 72
class 34 65 40 73
class 189 65 195 73
class 91 66 97 74
class 182 66 188 74
class 54 67 60 75
class 101 67 107 75
class 169 70 175 78
class 134 71 140 79
class 162 71 168 79
class 158 72 164 80
class 170 73 176 81
class 193 74 199 82
class 19 75 25 83
class 36 75 42 83
class 69 75 75 83
class 81 75 87 83
class 140 75 146 83
class 31 76 37 84
class 13 77 19 85
class 164 77 170 85
class 10 79 16 87
class 27 79 33 87
class 158 79 164 87
class 195 79 201 87
class 173 80 179 88
class 74 81 80 89
class 81 81 87 89
class 121 81 127 89
class 139 82 145 90
class 26 84 32 92
class 72 84 78 92
class 0 85 6 93
class 6 86 12 94
class 66 86 72 94
class 125 86 131 94
class 76 88 82 96
class 153 91 159 99
class 22 93 28 101
class 109 93 115 101
class 20 94 26 102
class 127 94 133 102
class 182 94 188 102
class 183 94 189 102
class 41 95 47 103
class 0 96 6 104
class 36 98 42 106
class 189 99 195 107
class 38 104 44 112
class 187 104 193 112
class 63 106 69 114
class 96 107 102 115
class 190 108 196 116
class 80 110 86 118
class 106 111 112 119
class 167 111 173 119
class 187 112 193 120
class 25 113 31 121
class 193 113 199 121
class 43 114 49 122
class 58 116 64 124
class 170 117 176 125
class 115 118 121 126
class 30 119 36 127
class 58 119 64 127
class 154 120 160 128
class 161 120 167 128
class 50 122 56 130
class 82 122 88 130
class 134 122 140 130
class 164 122 170 130
class 7 123 13 131
class 31 123 37 131
class 56 123 62 131
class 120 123 126 131
class 123 124 129 132
class 28 125 34 133
class 61 128 67 136
class 76 128 82 136
class 138 128 144 136
class 194 128 200 136
class 146 130 152 138
class 94 131 100 139
class 12 134 18 142
class 28 134 34 142
class 184 134 190 142
class 68 135 74 143
class 167 135 173 143
class 57 137 63 145
class 84 137 90 145
class 88 137 94 145
class 137 137 143 145
class 148 137 154 145
class 56 138 62 146
class 180 140 186 148
class 26 142 32 150
class 30 142 36 150
class 124 143 130 151
class 19 145 25 153
class 103 145 109 153
class 131 146 137 154
class 155 146 161 154
class 101 147 107 155
class 188 148 194 156
class 61 149 67 157
class 157 150 163 158
class 47 154 53 162
class 133 154 139 162
class 22 155 28 163
class 26 155 32 163
class 190 155 196 163
class 30 156 36 164
class 46 156 52 164
class 117 157 123 165
class 187 158 193 166
class 114 159 120 167
class 8 160 14 168
class 196 162 202 170
class 36 163 42 171
class 17 164 23 172
class 28 164 34 172
class 92 164 98 172
class 107 164 113 172
class 121 164 127 172
class 174 164 180 172
class 22 166 28 174
class 137 166 143 174
class 140 166 146 174
class 177 166 183 174
class 31 167 37 175
class 187 167 193 175
class 194 169 200 177
class 167 171 173 179
class 175 171 181 179
class 37 173 43 181
class 45 173 51 181
class 94 173 100 181
class 93 174 99 182
class 113 175 119 183
class 168 175 174 183
class 116 176 122 184
class 150 176 156 184
class 158 176 164 184
class 42 178 48 186
class 148 178 154 186
class 45 181 51 189
class 0 182 6 190
class 134 182 140 190
class 156 184 162 192
class 69 185 75 193
class 6 186 12 194
class 26 186 32 194
class 49 187 55 195
class 118 188 124 196
class 56 189 62 197
class 132 189 138 197
class 75 190 81 198
class 15 191 21 199
class 49 192 55 200
class 143 192 149 200
class 147 193 153 201
class 51 194 57 202
class 67 194 73 202
