class 37 -4 43 4
class 86 -2 92 6
class 54 1 60 9
class 43 2 49 10
class 62 2 68 10
class 188 3 194 11
class 158 4 164 12
class 163 7 169 15
class 165 9 171 17
class 81 12 87 20
class 62 13 68 21
class 139 16 145 24
class 14 18 20 26
class 126 19 132 27
class 175 19 181 27
class 149 20 155 28
class 52 23 58 31
class 3 25 9 33
class 135 25 141 33
class 150 25 156 33
class 83 26 89 34
class 92 26 98 34
class 16 28 22 36
class 79 29 85 37
class 182 29 188 37
class 141 30 147 38
class 121 31 127 39
class 113 34 119 42
class 98 35 104 43
class 65 36 71 44
class 147 38 153 46
class 123 39 129 47
class 182 39 188 47
class 129 41 135 49
class 153 41 159 49
class 179 41 185 49
class 176 44 182 52
class 189 45 195 53
class -3 47 3 55
class 54 47 60 55
class 110 49 116 57
class 75 50 81 58
class 175 50 181 58
class 6 51 12 59
class 19 54 25 62
class 28 54 34 62
class 168 54 174 62
class 181 54 187 62
class 139 57 145 65
class 32 58 38 66
class 175 59 181 67
class 182 60 188 68
class 127 61 133 69
class 84 62 90 70
class 94 62 100 70
class 144 63 150 71
class 34 65 40 73
class 189 65 195 73
class 91 66 97 74
class 101 67 107 75
class 134 71 140 79
class 146 71 152 79
class 82 74 88 82
class 193 74 199 82
class 69 75 75 83
class 31 76 37 84
class 163 77 169 85
class 173 78 179 86
class 27 79 33 87
class 159 79 165 87
class 74 81 80 89
class 121 81 127 89
class 72 84 78 92
class 1 85 7 93
class 5 86 11 94
class 76 88 82 96
class 26 91 32 99
class 153 91 159 99
class 127 94 133 102
class 41 95 47 103
class 170 98 176 106
class 88 102 94 110
class 38 104 44 112
class 63 106 69 114
class 106 111 112 119
class 167 111 173 119
class 25 114 31 122
class 170 117 176 125
class 97 118 103 126
class 153 120 159 128
class 39 122 45 130
class 50 122 56 130
class 82 122 88 130
class 134 122 140 130
class 7 123 13 131
class 31 123 37 131
class 56 123 62 131
class 149 124 155 132
class 28 125 34 133
class 115 125 121 133
class 61 128 67 136
class 76 128 82 136
class 138 128 144 136
class 194 128 200 136
class 146 130 152 138
class 94 131 100 139
class 28 132 34 140
class 68 133 74 141
class 12 134 18 142
class 184 136 190 144
class 148 137 154 145
class 180 138 186 146
class 80 140 86 148
class 6 141 12 149
class 124 143 130 151
class 188 148 194 156
class 61 149 67 157
class 132 150 138 158
class 189 155 195 163
class 187 158 193 166
class 78 159 84 167
class 158 160 164 168
class 8 161 14 169
class 36 163 42 171
class 28 164 34 172
class 92 164 98 172
class 121 164 127 172
class 22 166 28 174
class 31 167 37 175
class 194 168 200 176
class 78 169 84 177
class 174 171 180 179
class 37 173 43 181
class 44 173 50 181
class 171 177 177 185
class 0 182 6 190
class 134 182 140 190
class 6 185 12 193
class 69 185 75 193
class 49 187 55 195
class 26 188 32 196
class 118 188 124 196
class 56 189 62 197
class 132 189 138 197
class 67 194 73 202
