class 36 -4 42 4
class 86 -3 92 5
class 15 -2 21 6
class 4 -1 10 7
class 135 0 141 8
class 5 1 11 9
class 130 1 136 9
class 152 1 158 9
class -3 2 3 10
class 43 2 49 10
class 62 3 68 11
class 114 3 120 11
class 188 3 194 11
class 1 4 7 12
class 149 4 155 12
class 158 4 164 12
class 96 5 102 13
class 87 6 93 14
class 147 7 153 15
class 2 9 8 17
class 83 9 89 17
class 165 11 171 19
class 5 12 11 20
class 62 13 68 21
class -1 16 5 24
class 126 19 132 27
class 175 19 181 27
class 136 20 142 28
class 44 23 50 31
class 52 23 58 31
class 168 24 174 32
class 3 25 9 33
class 135 25 141 33
class 172 25 178 33
class 83 26 89 34
class 150 26 156 34
class 157 26 163 34
class 31 27 37 35
class 16 28 22 36
class 39 29 45 37
class 79 29 85 37
class 141 30 147 38
class 121 31 127 39
class 179 31 185 39
class 114 33 120 41
class 111 34 117 42
class 176 34 182 42
class 98 35 104 43
class 116 35 122 43
class 166 35 172 43
class 193 35 199 43
class 61 36 67 44
class 67 36 73 44
class 191 36 197 44
class 142 37 148 45
class 147 38 153 46
class 123 39 129 47
class 140 39 146 47
class 184 39 190 47
class 56 40 62 48
class 153 40 159 48
class 129 41 135 49
class 179 41 185 49
class 39 43 45 51
class 91 43 97 51
class 96 43 102 51
class 44 44 50 52
class 157 44 163 52
class 173 44 179 52
class 189 45 195 53
class 160 46 166 54
class -3 47 3 55
class 10 48 16 56
class 149 48 155 56
class 125 49 131 57
class 75 50 81 58
class 110 50 116 58
class 175 50 181 58
class 9 51 15 59
class 6 52 12 60
class 19 54 25 62
class 28 54 34 62
class 168 54 174 62
class 181 54 187 62
class 150 55 156 63
class 139 57 145 65
class 184 57 190 65
class 17 58 23 66
class 32 58 38 66
class 12 59 18 67
class 175 59 181 67
class 122 61 128 69
class 129 61 135 69
class 182 61 188 69
class 84 62 90 70
class 94 62 100 70
class 144 63 150 71
class 20 64 26 72
class 34 65 40 73
class 189 65 195 73
class 91 66 97 74
class 54 67 60 75
class 101 67 107 75
class 152 67 158 75
class 169 70 175 78
class 134 71 140 79
class 146 71 152 79
class 162 71 168 79
class 158 72 164 80
class 170 73 176 81
class 36 74 42 82
class 193 74 199 82
class 69 75 75 83
class 81 75 87 83
class 140 75 146 83
class 31 76 37 84
class 13 77 19 85
class 40 77 46 85
class 164 77 170 85
class 10 79 16 87
class 27 79 33 87
class 158 79 164 87
class 195 79 201 87
class 84 80 90 88
class 74 81 80 89
class 81 81 87 89
class 121 81 127 89
class 173 81 179 89
class 139 82 145 90
class 16 84 22 92
class 26 84 32 92
class 0 85 6 93
class 6 86 12 94
class 66 86 72 94
class 125 86 131 94
class 76 88 82 96
class 26 91 32 99
class 22 93 28 101
class 109 93 115 101
class 127 94 133 102
class 180 94 186 102
class 184 94 190 102
class 0 95 6 103
class 16 95 22 103
class 41 95 47 103
class 14 96 20 104
class 2 98 8 106
class 36 98 42 106
class 170 98 176 106
class 88 100 94 108
class 38 104 44 112
class 63 106 69 114
class 96 107 102 115
class 190 108 196 116
class 79 110 85 118
class 185 110 191 118
class 106 111 112 119
class 167 111 173 119
class 187 112 193 120
class 25 113 31 121
class 43 114 49 122
class 58 115 64 123
class 170 117 176 125
class 97 118 103 126
class 115 118 121 126
class 30 119 36 127
class 58 120 64 128
class 155 120 161 128
class 161 120 167 128
class 50 122 56 130
class 82 122 88 130
class 134 122 140 130
class 164 122 170 130
class 7 123 13 131
class 31 123 37 131
class 56 123 62 131
class 120 123 126 131
class 159 123 165 131
class 123 124 129 132
class 149 124 155 132
class 28 125 34 133
class 115 125 121 133
class 61 128 67 136
class 76 128 82 136
class 194 128 200 136
class 146 130 152 138
class 94 131 100 139
class 12 134 18 142
class 28 134 34 142
class 135 134 141 142
class 184 134 190 142
class 167 135 173 143
class 57 136 63 144
class 84 136 90 144
class 137 137 143 145
class 148 137 154 145
class 56 139 62 147
class 165 139 171 147
class 155 140 161 148
class 6 141 12 149
class 26 142 32 150
class 30 142 36 150
class 103 144 109 152
class 19 145 25 153
class 131 146 137 154
class 155 146 161 154
class 101 147 107 155
class 188 148 194 156
class 61 149 67 157
class 123 150 129 158
class 157 150 163 158
class 99 151 105 159
class 120 151 126 159
class 179 151 185 159
class 161 152 167 160
class 163 152 169 160
class 26 154 32 162
class 48 154 54 162
class 22 155 28 163
class 133 155 139 163
class 190 155 196 163
class 30 156 36 164
class 46 156 52 164
class 117 157 123 165
class 196 157 202 165
class 8 160 14 168
class 130 162 136 170
class 196 162 202 170
class 28 163 34 171
class 36 163 42 171
class 17 164 23 172
class 92 164 98 172
class 107 164 113 172
class 121 164 127 172
class 174 164 180 172
class 126 165 132 173
class 118 166 124 174
class 136 166 142 174
class 140 166 146 174
class 177 166 183 174
class 194 169 200 177
class 167 170 173 178
class 175 171 181 179
class 94 172 100 180
class 37 173 43 181
class 45 173 51 181
class 93 175 99 183
class 113 175 119 183
class 168 175 174 183
class 117 176 123 184
class 150 176 156 184
class 158 176 164 184
class 175 177 181 185
class 148 178 154 186
class 170 178 176 186
class 45 181 51 189
class 0 182 6 190
class 134 182 140 190
class 75 183 81 191
class 74 184 80 192
class 156 184 162 192
class 69 185 75 193
class 6 186 12 194
class 26 186 32 194
class 49 187 55 195
class 80 188 86 196
class 90 188 96 196
class 118 188 124 196
class 56 189 62 197
class 132 189 138 197
class 15 190 21 198
class 49 192 55 200
class 90 192 96 200
class 143 192 149 200
class 67 193 73 201
class 148 193 154 201
class 51 194 57 202
