class 36 -4 42 4
class 27 -3 33 5
class 86 -3 92 5
class 54 1 60 9
class 62 2 68 10
class -2 3 4 11
class 0 4 6 12
class 158 4 164 12
class 96 5 102 13
class 85 6 91 14
class 163 6 169 14
class 2 9 8 17
class 165 10 171 18
class 5 12 11 20
class 81 12 87 20
class -1 16 5 24
class 139 16 145 24
class 14 18 20 26
class 126 19 132 27
class 149 19 155 27
class 175 19 181 27
class 136 20 142 28
class 44 23 50 31
class 52 23 58 31
class 3 25 9 33
class 83 26 89 34
class 150 26 156 34
class 32 27 38 35
class 16 28 22 36
class 33 29 39 37
class 79 29 85 37
class 183 29 189 37
class 141 30 147 38
class 121 31 127 39
class 179 31 185 39
class 113 34 119 42
class 176 34 182 42
class 98 35 104 43
class 61 36 67 44
class 67 36 73 44
class 120 36 126 44
class 6 37 12 45
class 147 38 153 46
class 123 39 129 47
class 183 39 189 47
class 56 40 62 48
class 129 41 135 49
class 153 41 159 49
class 179 41 185 49
class 91 43 97 51
class 158 44 164 52
class 174 44 180 52
class 189 45 195 53
class 54 47 60 55
class 110 49 116 57
class 125 49 131 57
class 149 49 155 57
class 75 50 81 58
class 175 50 181 58
class 6 52 12 60
class 19 54 25 62
class 150 54 156 62
class 168 54 174 62
class 181 54 187 62
class 139 57 145 65
class 184 57 190 65
class 32 58 38 66
class 175 59 181 67
class 128 61 134 69
class 84 62 90 70
class 94 62 100 70
class 122 62 128 70
class 144 63 150 71
class 20 64 26 72
class 34 65 40 73
class 189 65 195 73
class 91 66 97 74
class 182 66 188 74
class 101 67 107 75
class 169 70 175 78
class 134 71 140 79
class 146 71 152 79
class 162 71 168 79
class 158 72 164 80
class 170 73 176 81
class 19 75 25 83
class 69 75 75 83
class 81 75 87 83
class 31 76 37 84
class 140 76 146 84
class 13 77 19 85
class 39 77 45 85
class 164 77 170 85
class 10 79 16 87
class 27 79 33 87
class 158 79 164 87
class 195 79 201 87
class 81 81 87 89
class 121 81 127 89
class 139 82 145 90
class 72 84 78 92
class 0 85 6 93
class 66 86 72 94
class 76 88 82 96
class 26 91 32 99
class 153 91 159 99
class 110 93 116 101
class 36 98 42 106
class 170 98 176 106
class 189 100 195 108
class 88 101 94 109
class 38 104 44 112
class 63 106 69 114
class 96 107 102 115
class 190 108 196 116
class 80 110 86 118
class 167 111 173 119
class 25 113 31 121
class 192 113 198 121
class 43 114 49 122
class 170 117 176 125
class 97 118 103 126
class 115 118 121 126
class 30 119 36 127
class 154 120 160 128
class 39 122 45 130
class 50 122 56 130
class 82 122 88 130
class 7 123 13 131
class 31 123 37 131
class 56 123 62 131
class 149 124 155 132
class 28 125 34 133
class 115 125 121 133
class 61 128 67 136
class 76 128 82 136
class 138 128 144 136
class 146 130 152 138
class 94 131 100 139
class 12 134 18 142
class 184 135 190 143
class 88 137 94 145
class 148 137 154 145
class 180 139 186 147
class 77 140 83 148
class 155 140 161 148
class 6 141 12 149
class 19 145 25 153
class 131 146 137 154
class 155 146 161 154
class 188 148 194 156
class 157 149 163 157
class 99 150 105 158
class 133 153 139 161
class 22 155 28 163
class 26 155 32 163
class 190 155 196 163
class 30 157 36 165
class 114 158 120 166
class 117 158 123 166
class 31 159 37 167
class 78 159 84 167
class 196 159 202 167
class 8 160 14 168
class 158 160 164 168
class 196 161 202 169
class 129 162 135 170
class 17 164 23 172
class 28 164 34 172
class 92 164 98 172
class 107 164 113 172
class 126 165 132 173
class 22 166 28 174
class 177 166 183 174
class 31 167 37 175
class 187 167 193 175
class 78 169 84 177
class 194 169 200 177
class 175 171 181 179
class 167 172 173 180
class 37 173 43 181
class 44 173 50 181
class 168 175 174 183
class 150 177 156 185
class 158 177 164 185
class 42 178 48 186
class 171 178 177 186
class 45 181 51 189
class 134 182 140 190
class 156 183 162 191
class 6 185 12 193
class 69 185 75 193
class 26 187 32 195
class 49 187 55 195
class 78 188 84 196
class 118 188 124 196
class 56 189 62 197
class 132 189 138 197
class 76 190 82 198
class 15 191 21 199
