class 177 -4 183 4
class 111 -3 117 5
class 183 -2 189 6
class 29 -1 35 7
class 44 -1 50 7
class 13 0 19 8
class 147 3 153 11
class 70 4 76 12
class 79 4 85 12
class 112 4 118 12
class 41 5 47 13
class 138 6 144 14
class 114 7 120 15
class 15 9 21 17
class 163 9 169 17
class 157 10 163 18
class 114 11 120 19
class 4 12 10 20
class 123 12 129 20
class 141 12 147 20
class 136 13 142 21
class 52 14 58 22
class 174 14 180 22
class 10 15 16 23
class 83 15 89 23
class 37 16 43 24
class 143 16 149 24
class 54 17 60 25
class 33 19 39 27
class 17 20 23 28
class 58 20 64 28
class 102 21 108 29
class 2 22 8 30
class 11 23 17 31
class 16 24 22 32
class 122 24 128 32
class 166 24 172 32
class 140 25 146 33
class 171 26 177 34
class 88 27 94 35
class 23 29 29 37
class 30 29 36 37
class 92 29 98 37
class 141 30 147 38
class 28 31 34 39
class 142 31 148 39
class 180 32 186 40
class 194 34 200 42
class -2 35 4 43
class 88 35 94 43
class 28 36 34 44
class 52 36 58 44
class 7 39 13 47
class 11 39 17 47
class 48 39 54 47
class 117 40 123 48
class 150 40 156 48
class 93 41 99 49
class 189 41 195 49
class 79 42 85 50
class 22 44 28 52
class 120 44 126 52
class 154 46 160 54
class 133 47 139 55
class 155 47 161 55
class 191 47 197 55
class 60 48 66 56
class 69 49 75 57
class 123 49 129 57
class 170 49 176 57
class 134 50 140 58
class 183 50 189 58
class 64 51 70 59
class 81 51 87 59
class 74 52 80 60
class 149 52 155 60
class 107 53 113 61
class 154 53 160 61
class 172 59 178 67
class 163 60 169 68
class 18 61 24 69
class 166 61 172 69
class 125 62 131 70
class 97 63 103 71
class 27 64 33 72
class 90 64 96 72
class 128 66 134 74
class 153 66 159 74
class 0 67 6 75
class 71 67 77 75
class 40 68 46 76
class 97 68 103 76
class 189 69 195 77
class 4 70 10 78
class 1 71 7 79
class 76 71 82 79
class 133 71 139 79
class 171 71 177 79
class 22 72 28 80
class 194 72 200 80
class 48 73 54 81
class 95 73 101 81
class 144 73 150 81
class 146 73 152 81
class -2 75 4 83
class 8 75 14 83
class 24 77 30 85
class 88 77 94 85
class 185 77 191 85
class 147 80 153 88
class 22 81 28 89
class 79 82 85 90
class 179 83 185 91
class 46 84 52 92
class 59 85 65 93
class 115 87 121 95
class 41 88 47 96
class 174 88 180 96
class 148 89 154 97
class 37 90 43 98
class 102 90 108 98
class 139 90 145 98
class 108 91 114 99
class 50 92 56 100
class 189 92 195 100
class 152 93 158 101
class 172 93 178 101
class 15 94 21 102
class 191 94 197 102
class 56 96 62 104
class 174 96 180 104
class 4 97 10 105
class 45 97 51 105
class 115 97 121 105
class 164 97 170 105
class 169 98 175 106
class 178 98 184 106
class 2 99 8 107
class 43 99 49 107
class 138 99 144 107
class 51 100 57 108
class 115 101 121 109
class 120 103 126 111
class -2 104 4 112
class 113 104 119 112
class 67 105 73 113
class 88 105 94 113
class 153 105 159 113
class 114 106 120 114
class 168 106 174 114
class 24 107 30 115
class 134 107 140 115
class 138 107 144 115
class 75 108 81 116
class 193 108 199 116
class -2 109 4 117
class 71 109 77 117
class 131 109 137 117
class 153 109 159 117
class 20 110 26 118
class 48 112 54 120
class 106 112 112 120
class 112 114 118 122
class 195 116 201 124
class 10 117 16 125
class 113 117 119 125
class 30 118 36 126
class 171 120 177 128
class 187 120 193 128
class 78 121 84 129
class 82 122 88 130
class 146 122 152 130
class 119 123 125 131
class 24 124 30 132
class 31 124 37 132
class 181 124 187 132
class 76 125 82 133
class 192 125 198 133
class 45 126 51 134
class 115 126 121 134
class 168 126 174 134
class 176 126 182 134
class 5 127 11 135
class 26 127 32 135
class 79 127 85 135
class 120 129 126 137
class 126 129 132 137
class 147 129 153 137
class 159 129 165 137
class 61 130 67 138
class 128 131 134 139
class 91 132 97 140
class 183 132 189 140
class 39 133 45 141
class 126 134 132 142
class 132 134 138 142
class 92 135 98 143
class 158 136 164 144
class 153 137 159 145
class 36 140 42 148
class 105 140 111 148
class 155 140 161 148
class 177 140 183 148
class 41 141 47 149
class 98 141 104 149
class 68 143 74 151
class 90 143 96 151
class 22 144 28 152
class 17 145 23 153
class 46 147 52 155
class 56 147 62 155
class 84 147 90 155
class 126 147 132 155
class 116 148 122 156
class 179 148 185 156
class 26 149 32 157
class 45 149 51 157
class 106 149 112 157
class 168 150 174 158
class 132 153 138 161
class 187 155 193 163
class 105 156 111 164
class 19 158 25 166
class 138 159 144 167
class 169 159 175 167
class 136 160 142 168
class 57 161 63 169
class 61 161 67 169
class 175 162 181 170
class 183 162 189 170
class 40 163 46 171
class 62 163 68 171
class 92 163 98 171
class 161 163 167 171
class 136 164 142 172
class 173 164 179 172
class 112 166 118 174
class 193 166 199 174
class 54 167 60 175
class 141 167 147 175
class 118 168 124 176
class 89 169 95 177
class 172 170 178 178
class 182 171 188 179
class 15 172 21 180
class 146 172 152 180
class 154 172 160 180
class 174 172 180 180
class 178 172 184 180
class 157 173 163 181
class 53 174 59 182
class 128 174 134 182
class 32 175 38 183
class 79 175 85 183
class 12 177 18 185
class 76 177 82 185
class 104 177 110 185
class 7 178 13 186
class 31 178 37 186
class 83 178 89 186
class 190 178 196 186
class 92 179 98 187
class 162 179 168 187
class 53 180 59 188
class 62 181 68 189
class 125 182 131 190
class 41 183 47 191
class 79 184 85 192
class 57 185 63 193
class 110 185 116 193
class 151 185 157 193
class 45 186 51 194
class 132 186 138 194
class 146 186 152 194
class 96 187 102 195
class 116 190 122 198
class 140 190 146 198
class 11 191 17 199
class 100 191 106 199
class 14 192 20 200
class 36 192 42 200
class 73 192 79 200
class 125 192 131 200
class 136 194 142 202
class 162 194 168 202
class 22 195 28 203
class 75 195 81 203
