class 177 -4 183 4
class 111 -3 117 5
class 183 -2 189 6
class 29 -1 35 7
class 13 0 19 8
class 147 2 153 10
class 70 4 76 12
class 80 4 86 12
class 112 4 118 12
class 41 5 47 13
class 138 6 144 14
class 114 7 120 15
class 15 9 21 17
class 163 9 169 17
class 4 12 10 20
class 123 12 129 20
class 141 12 147 20
class 153 12 159 20
class 136 13 142 21
class 173 14 179 22
class 83 15 89 23
class 10 16 16 24
class 37 16 43 24
class 143 16 149 24
class 175 16 181 24
class 54 17 60 25
class 17 19 23 27
class 33 19 39 27
class 76 19 82 27
class 129 19 135 27
class 102 21 108 29
class 2 22 8 30
class 11 23 17 31
class 16 24 22 32
class 166 24 172 32
class 61 25 67 33
class 24 26 30 34
class 64 26 70 34
class 171 26 177 34
class 88 27 94 35
class 31 28 37 36
class 23 29 29 37
class 92 29 98 37
class 141 30 147 38
class 70 31 76 39
class 143 31 149 39
class 180 32 186 40
class 112 33 118 41
class 84 34 90 42
class 188 34 194 42
class 194 34 200 42
class 88 35 94 43
class 28 36 34 44
class 52 36 58 44
class 188 37 194 45
class 7 39 13 47
class 12 39 18 47
class 48 39 54 47
class 96 40 102 48
class 117 40 123 48
class 150 40 156 48
class 29 41 35 49
class 93 41 99 49
class 189 41 195 49
class 79 43 85 51
class 22 44 28 52
class 28 45 34 53
class 192 45 198 53
class 153 46 159 54
class 132 47 138 55
class 156 47 162 55
class 192 47 198 55
class 60 48 66 56
class 191 48 197 56
class 123 49 129 57
class 170 49 176 57
class 183 50 189 58
class 42 51 48 59
class 81 51 87 59
class 134 51 140 59
class 88 52 94 60
class 149 52 155 60
class 107 53 113 61
class 154 54 160 62
class 88 55 94 63
class 65 57 71 65
class 172 59 178 67
class 71 60 77 68
class 163 60 169 68
class 18 61 24 69
class 166 61 172 69
class 97 63 103 71
class 90 64 96 72
class 128 66 134 74
class 154 66 160 74
class 0 67 6 75
class 5 67 11 75
class 71 67 77 75
class 97 68 103 76
class 189 69 195 77
class 1 71 7 79
class 76 71 82 79
class 133 71 139 79
class 171 71 177 79
class 22 72 28 80
class 194 72 200 80
class 144 73 150 81
class 147 73 153 81
class 166 73 172 81
class 38 74 44 82
class -2 75 4 83
class 24 77 30 85
class 88 77 94 85
class 185 77 191 85
class 0 79 6 87
class 147 80 153 88
class 22 81 28 89
class -1 82 5 90
class 62 82 68 90
class 79 82 85 90
class 179 83 185 91
class 187 83 193 91
class 46 84 52 92
class 59 85 65 93
class 115 87 121 95
class 41 88 47 96
class 136 88 142 96
class 174 88 180 96
class 148 89 154 97
class 37 90 43 98
class 102 90 108 98
class 77 91 83 99
class 77 92 83 100
class 189 92 195 100
class 152 93 158 101
class 172 93 178 101
class 15 94 21 102
class 191 94 197 102
class 11 96 17 104
class 56 96 62 104
class 174 96 180 104
class 4 97 10 105
class 115 97 121 105
class 164 97 170 105
class 169 98 175 106
class 178 98 184 106
class 2 99 8 107
class 43 99 49 107
class 138 99 144 107
class 51 100 57 108
class 115 101 121 109
class 94 103 100 111
class 113 103 119 111
class 120 103 126 111
class -2 104 4 112
class 88 105 94 113
class 153 105 159 113
class 114 106 120 114
class 168 106 174 114
class 24 107 30 115
class 134 107 140 115
class 138 107 144 115
class 158 107 164 115
class 75 108 81 116
class 170 108 176 116
class 173 108 179 116
class 193 108 199 116
class -2 109 4 117
class 71 109 77 117
class 131 109 137 117
class 153 109 159 117
class 20 110 26 118
class 48 112 54 120
class 106 112 112 120
class 112 114 118 122
class 195 116 201 124
class 30 118 36 126
class 113 118 119 126
class 171 119 177 127
class 78 121 84 129
class 82 122 88 130
class 146 122 152 130
class 60 123 66 131
class 119 123 125 131
class 24 124 30 132
class 181 124 187 132
class 192 125 198 133
class 45 126 51 134
class 115 126 121 134
class 168 126 174 134
class 176 126 182 134
class 6 127 12 135
class 50 127 56 135
class 79 127 85 135
class 48 128 54 136
class 120 129 126 137
class 126 129 132 137
class 147 129 153 137
class 159 129 165 137
class 61 130 67 138
class 128 131 134 139
class 91 132 97 140
class 183 132 189 140
class 39 133 45 141
class 126 134 132 142
class 132 134 138 142
class 92 135 98 143
class 185 135 191 143
class 158 136 164 144
class 152 137 158 145
class 185 138 191 146
class 36 140 42 148
class 155 140 161 148
class 85 142 91 150
class 68 143 74 151
class 90 143 96 151
class 16 145 22 153
class 158 145 164 153
class 46 147 52 155
class 56 147 62 155
class 84 147 90 155
class 126 147 132 155
class 26 148 32 156
class 115 148 121 156
class 179 148 185 156
class 106 149 112 157
class 168 150 174 158
class 90 151 96 159
class 132 153 138 161
class 45 155 51 163
class 95 155 101 163
class 187 155 193 163
class 105 156 111 164
class 46 157 52 165
class 19 158 25 166
class 28 158 34 166
class 139 159 145 167
class 136 160 142 168
class 57 161 63 169
class 61 161 67 169
class 175 161 181 169
class 183 162 189 170
class 40 163 46 171
class 63 163 69 171
class 92 163 98 171
class 161 163 167 171
class 136 164 142 172
class 112 166 118 174
class 118 168 124 176
class 89 169 95 177
class 172 170 178 178
class 15 171 21 179
class 182 171 188 179
class 3 172 9 180
class 153 172 159 180
class 178 172 184 180
class 157 173 163 181
class 185 173 191 181
class 53 174 59 182
class 128 174 134 182
class 79 175 85 183
class 49 177 55 185
class 76 177 82 185
class 104 177 110 185
class 83 178 89 186
class 31 179 37 187
class 36 179 42 187
class 92 179 98 187
class 162 179 168 187
class 190 179 196 187
class 49 180 55 188
class 53 180 59 188
class 62 181 68 189
class 120 181 126 189
class 125 182 131 190
class 40 183 46 191
class 79 184 85 192
class 57 185 63 193
class 151 185 157 193
class 45 186 51 194
class 132 186 138 194
class 146 186 152 194
class 96 187 102 195
class 114 187 120 195
class 8 189 14 197
class 116 190 122 198
class 140 190 146 198
class 156 190 162 198
class 11 191 17 199
class 100 191 106 199
class 15 192 21 200
class 36 192 42 200
class 72 192 78 200
class 125 192 131 200
class 167 192 173 200
class 0 193 6 201
class 136 194 142 202
class 162 194 168 202
class 2 195 8 203
class 22 195 28 203
