class 177 -4 183 4
class 44 -3 50 5
class 29 -2 35 6
class 111 -2 117 6
class 183 -2 189 6
class 13 0 19 8
class 147 3 153 11
class 70 4 76 12
class 79 4 85 12
class 112 4 118 12
class 41 5 47 13
class 138 6 144 14
class 15 9 21 17
class 162 9 168 17
class 157 10 163 18
class 4 12 10 20
class 123 12 129 20
class 137 13 143 21
class 141 13 147 21
class 52 14 58 22
class 10 15 16 23
class 83 15 89 23
class 143 16 149 24
class 54 17 60 25
class 33 19 39 27
class 128 19 134 27
class 58 20 64 28
class 2 22 8 30
class 102 22 108 30
class 122 24 128 32
class 166 24 172 32
class 88 27 94 35
class 91 29 97 37
class 70 31 76 39
class 112 32 118 40
class 194 34 200 42
class -3 35 3 43
class 52 36 58 44
class 28 39 34 47
class 48 39 54 47
class 29 40 35 48
class 150 40 156 48
class 117 41 123 49
class 189 41 195 49
class 79 42 85 50
class 28 44 34 52
class 120 44 126 52
class 190 47 196 55
class 60 48 66 56
class 123 49 129 57
class 170 49 176 57
class 183 50 189 58
class 42 51 48 59
class 64 51 70 59
class 81 51 87 59
class 74 52 80 60
class 107 53 113 61
class 66 57 72 65
class 172 59 178 67
class 71 60 77 68
class 18 61 24 69
class 97 63 103 71
class 26 64 32 72
class 90 64 96 72
class 128 66 134 74
class 152 66 158 74
class 5 67 11 75
class 40 68 46 76
class 97 68 103 76
class 1 69 7 77
class 4 69 10 77
class 189 69 195 77
class 76 71 82 79
class 133 71 139 79
class 171 71 177 79
class 23 72 29 80
class 194 72 200 80
class 48 73 54 81
class 95 73 101 81
class 39 74 45 82
class -2 75 4 83
class 8 76 14 84
class 23 77 29 85
class 88 77 94 85
class 185 78 191 86
class 22 80 28 88
class 147 80 153 88
class 160 81 166 89
class 79 82 85 90
class 61 83 67 91
class 179 83 185 91
class 187 83 193 91
class 46 84 52 92
class 60 84 66 92
class 174 88 180 96
class 38 89 44 97
class 40 89 46 97
class 148 89 154 97
class 108 91 114 99
class 49 92 55 100
class 152 92 158 100
class 14 94 20 102
class 12 96 18 104
class 174 96 180 104
class 4 97 10 105
class 56 97 62 105
class 166 97 172 105
class 167 98 173 106
class 177 98 183 106
class 2 99 8 107
class 51 99 57 107
class 138 99 144 107
class -2 103 4 111
class 94 103 100 111
class 120 103 126 111
class 67 105 73 113
class 168 106 174 114
class 24 107 30 115
class 134 107 140 115
class 137 107 143 115
class 158 107 164 115
class 33 108 39 116
class 73 108 79 116
class 193 108 199 116
class 131 109 137 117
class 20 110 26 118
class 48 112 54 120
class 106 112 112 120
class 195 116 201 124
class 10 117 16 125
class 30 118 36 126
class 171 120 177 128
class 188 120 194 128
class 146 122 152 130
class 119 123 125 131
class 31 124 37 132
class 115 125 121 133
class 192 125 198 133
class 47 126 53 134
class 176 126 182 134
class 5 127 11 135
class 159 129 165 137
class 60 130 66 138
class 128 132 134 140
class 183 132 189 140
class 39 133 45 141
class 126 134 132 142
class 132 134 138 142
class 158 136 164 144
class 154 137 160 145
class 36 140 42 148
class 104 140 110 148
class 155 140 161 148
class 177 140 183 148
class 39 141 45 149
class 98 141 104 149
class 157 141 163 149
class 68 143 74 151
class 85 143 91 151
class 19 145 25 153
class 57 147 63 155
class 84 147 90 155
class 116 148 122 156
class 126 148 132 156
class 179 148 185 156
class 26 149 32 157
class 106 149 112 157
class 168 150 174 158
class 132 153 138 161
class 136 153 142 161
class 95 155 101 163
class 187 155 193 163
class 105 156 111 164
class 19 159 25 167
class 169 159 175 167
class 21 162 27 170
class 57 162 63 170
class 40 163 46 171
class 91 163 97 171
class 161 163 167 171
class 136 164 142 172
class 113 166 119 174
class 141 167 147 175
class 117 168 123 176
class 90 169 96 177
class 146 171 152 179
class 182 171 188 179
class 3 172 9 180
class 15 172 21 180
class 174 172 180 180
class 177 172 183 180
class 184 173 190 181
class 128 174 134 182
class 53 176 59 184
class 12 177 18 185
class 7 178 13 186
class 53 178 59 186
class 83 178 89 186
class 92 178 98 186
class 104 178 110 186
class 190 178 196 186
class 162 179 168 187
class 62 181 68 189
class 121 181 127 189
class 125 182 131 190
class 41 183 47 191
class 79 184 85 192
class 57 185 63 193
class 110 185 116 193
class 44 186 50 194
class 131 186 137 194
class 147 186 153 194
class 96 187 102 195
class 114 187 120 195
class 116 189 122 197
class 8 190 14 198
class 100 190 106 198
class 140 190 146 198
class 11 191 17 199
class 14 192 20 200
class 36 192 42 200
class 125 192 131 200
class 167 192 173 200
class 137 194 143 202
class 162 194 168 202
class 22 195 28 203
