class 111 -3 117 5
class 29 -1 35 7
class 44 -1 50 7
class 13 0 19 8
class 147 2 153 10
class 70 4 76 12
class 80 4 86 12
class 112 4 118 12
class 138 6 144 14
class 114 7 120 15
class 15 9 21 17
class 163 9 169 17
class 109 10 115 18
class 157 10 163 18
class 110 11 116 19
class 4 12 10 20
class 114 12 120 20
class 123 12 129 20
class 141 12 147 20
class 153 12 159 20
class 136 13 142 21
class 173 13 179 21
class 52 14 58 22
class 83 15 89 23
class 10 16 16 24
class 37 16 43 24
class 143 16 149 24
class 175 16 181 24
class 54 17 60 25
class 76 18 82 26
class 17 19 23 27
class 33 19 39 27
class 80 19 86 27
class 129 19 135 27
class 58 20 64 28
class 102 21 108 29
class 2 22 8 30
class 11 23 17 31
class 16 24 22 32
class 122 24 128 32
class 166 24 172 32
class 24 26 30 34
class 64 26 70 34
class 171 26 177 34
class 88 27 94 35
class 31 28 37 36
class 23 29 29 37
class 92 29 98 37
class 141 30 147 38
class 28 31 34 39
class 70 31 76 39
class 143 32 149 40
class 180 32 186 40
class 113 33 119 41
class 188 33 194 41
class 84 34 90 42
class -2 35 4 43
class 52 36 58 44
class 88 36 94 44
class 188 37 194 45
class 7 39 13 47
class 12 39 18 47
class 48 40 54 48
class 96 40 102 48
class 117 40 123 48
class 150 40 156 48
class 29 41 35 49
class 93 41 99 49
class 189 41 195 49
class 79 43 85 51
class 120 44 126 52
class 192 44 198 52
class 28 45 34 53
class 69 46 75 54
class 153 46 159 54
class 132 47 138 55
class 156 47 162 55
class 192 47 198 55
class 60 48 66 56
class 190 48 196 56
class 123 49 129 57
class 69 50 75 58
class 183 50 189 58
class 42 51 48 59
class 64 51 70 59
class 81 51 87 59
class 134 51 140 59
class 74 52 80 60
class 88 52 94 60
class 149 52 155 60
class 107 53 113 61
class 154 54 160 62
class 88 55 94 63
class 65 57 71 65
class 12 58 18 66
class 163 59 169 67
class 172 59 178 67
class 72 60 78 68
class 18 61 24 69
class 125 62 131 70
class 166 62 172 70
class 97 63 103 71
class 27 64 33 72
class 90 64 96 72
class 128 66 134 74
class 154 66 160 74
class 0 67 6 75
class 41 68 47 76
class 189 69 195 77
class 1 71 7 79
class 133 71 139 79
class 171 71 177 79
class 173 72 179 80
class 194 72 200 80
class 95 73 101 81
class 143 73 149 81
class 147 73 153 81
class 166 73 172 81
class 48 74 54 82
class -2 75 4 83
class 8 75 14 83
class 24 77 30 85
class 88 77 94 85
class 185 77 191 85
class 0 79 6 87
class 147 80 153 88
class 161 81 167 89
class -1 82 5 90
class 22 82 28 90
class 62 82 68 90
class 179 83 185 91
class 187 83 193 91
class 46 84 52 92
class 59 85 65 93
class 115 87 121 95
class 41 88 47 96
class 136 88 142 96
class 174 88 180 96
class 148 89 154 97
class 77 90 83 98
class 102 90 108 98
class 139 90 145 98
class 93 91 99 99
class 108 91 114 99
class 50 92 56 100
class 94 92 100 100
class 189 92 195 100
class 77 93 83 101
class 152 93 158 101
class 172 93 178 101
class 16 94 22 102
class 11 96 17 104
class 174 96 180 104
class 4 97 10 105
class 45 97 51 105
class 115 97 121 105
class 164 97 170 105
class 169 98 175 106
class 178 98 184 106
class 2 99 8 107
class 43 99 49 107
class 138 99 144 107
class 115 101 121 109
class 26 103 32 111
class 113 103 119 111
class 120 103 126 111
class -2 104 4 112
class 25 104 31 112
class 88 105 94 113
class 153 105 159 113
class 168 106 174 114
class 24 107 30 115
class 114 107 120 115
class 134 107 140 115
class 138 107 144 115
class 158 107 164 115
class 33 108 39 116
class 75 108 81 116
class 170 108 176 116
class 173 108 179 116
class 193 108 199 116
class -2 109 4 117
class 131 109 137 117
class 20 110 26 118
class 153 110 159 118
class 48 112 54 120
class 106 112 112 120
class 112 114 118 122
class 195 116 201 124
class 10 117 16 125
class 30 118 36 126
class 113 118 119 126
class 171 119 177 127
class 187 120 193 128
class 78 121 84 129
class 82 122 88 130
class 146 122 152 130
class 60 123 66 131
class 119 123 125 131
class 24 124 30 132
class 62 124 68 132
class 181 124 187 132
class 76 125 82 133
class 192 125 198 133
class 45 126 51 134
class 114 126 120 134
class 168 126 174 134
class 176 126 182 134
class 50 127 56 135
class 26 128 32 136
class 48 128 54 136
class 79 128 85 136
class 126 129 132 137
class 147 129 153 137
class 61 130 67 138
class 128 131 134 139
class 91 132 97 140
class 183 132 189 140
class 39 133 45 141
class 132 134 138 142
class 92 135 98 143
class 185 135 191 143
class 158 136 164 144
class 152 137 158 145
class 36 140 42 148
class 105 140 111 148
class 155 140 161 148
class 176 140 182 148
class 98 141 104 149
class 158 141 164 149
class 85 142 91 150
class 68 143 74 151
class 90 143 96 151
class 158 145 164 153
class 46 147 52 155
class 84 147 90 155
class 126 147 132 155
class 26 148 32 156
class 115 148 121 156
class 179 148 185 156
class 106 149 112 157
class 1 150 7 158
class 3 150 9 158
class 45 150 51 158
class 168 150 174 158
class 132 153 138 161
class 137 153 143 161
class 45 155 51 163
class 95 155 101 163
class 187 155 193 163
class 105 156 111 164
class 47 157 53 165
class 19 158 25 166
class 28 158 34 166
class 139 159 145 167
class 169 159 175 167
class 30 160 36 168
class 136 160 142 168
class 57 161 63 169
class 61 161 67 169
class 175 161 181 169
class 183 162 189 170
class 21 163 27 171
class 40 163 46 171
class 63 163 69 171
class 92 163 98 171
class 161 163 167 171
class 173 164 179 172
class 112 166 118 174
class 193 166 199 174
class 54 167 60 175
class 141 167 147 175
class 89 169 95 177
class 172 169 178 177
class 182 170 188 178
class 15 171 21 179
class 3 172 9 180
class 146 172 152 180
class 153 172 159 180
class 178 172 184 180
class 174 173 180 181
class 185 173 191 181
class 53 174 59 182
class 128 174 134 182
class 30 175 36 183
class 79 175 85 183
class 29 176 35 184
class 12 177 18 185
class 49 177 55 185
class 76 177 82 185
class 104 177 110 185
class 7 178 13 186
class 83 178 89 186
class 31 179 37 187
class 36 179 42 187
class 92 179 98 187
class 162 179 168 187
class 190 179 196 187
class 53 180 59 188
class 62 181 68 189
class 120 181 126 189
class 125 182 131 190
class 40 183 46 191
class 79 184 85 192
class 110 185 116 193
class 151 185 157 193
class 45 186 51 194
class 132 186 138 194
class 146 186 152 194
class 96 187 102 195
class 114 187 120 195
class 8 189 14 197
class 116 190 122 198
class 11 191 17 199
class 100 191 106 199
class 15 192 21 200
class 36 192 42 200
class 72 192 78 200
class 125 192 131 200
class 0 193 6 201
class 162 194 168 202
class 2 195 8 203
class 76 195 82 203
