class 177 -4 183 4
class 44 -3 50 5
class 29 -2 35 6
class 183 -2 189 6
class 13 0 19 8
class 112 3 118 11
class 147 3 153 11
class 70 4 76 12
class 78 4 84 12
class 41 6 47 14
class 138 6 144 14
class 15 9 21 17
class 162 9 168 17
class 157 10 163 18
class 4 12 10 20
class 123 12 129 20
class 154 12 160 20
class 137 13 143 21
class 141 13 147 21
class 52 14 58 22
class 10 15 16 23
class 83 15 89 23
class 37 16 43 24
class 143 16 149 24
class 54 17 60 25
class 33 19 39 27
class 128 19 134 27
class 58 20 64 28
class 2 22 8 30
class 102 22 108 30
class 11 23 17 31
class 122 24 128 32
class 171 26 177 34
class 89 28 95 36
class 90 28 96 36
class 70 31 76 39
class 180 32 186 40
class 52 37 58 45
class 48 39 54 47
class 150 40 156 48
class 118 41 124 49
class 189 41 195 49
class 79 42 85 50
class 24 44 30 52
class 27 44 33 52
class 120 44 126 52
class 60 48 66 56
class 123 49 129 57
class 170 49 176 57
class 183 50 189 58
class 42 51 48 59
class 81 51 87 59
class 64 52 70 60
class 74 52 80 60
class 107 53 113 61
class 66 57 72 65
class 172 59 178 67
class 18 61 24 69
class 125 62 131 70
class 97 63 103 71
class 25 64 31 72
class 90 64 96 72
class 128 66 134 74
class 72 67 78 75
class 40 68 46 76
class 97 68 103 76
class 189 69 195 77
class 76 71 82 79
class 133 71 139 79
class 170 71 176 79
class 23 72 29 80
class 194 72 200 80
class 48 73 54 81
class 95 73 101 81
class 167 73 173 81
class 40 74 46 82
class -2 75 4 83
class 8 76 14 84
class 88 77 94 85
class 185 79 191 87
class 148 80 154 88
class 79 82 85 90
class 187 82 193 90
class 179 83 185 91
class 46 84 52 92
class 115 87 121 95
class 174 88 180 96
class 148 89 154 97
class 103 90 109 98
class 108 91 114 99
class 49 92 55 100
class 152 92 158 100
class 174 96 180 104
class 138 99 144 107
class 120 102 126 110
class -2 103 4 111
class 93 103 99 111
class 67 105 73 113
class 89 105 95 113
class 24 107 30 115
class 158 107 164 115
class 33 108 39 116
class 132 109 138 117
class 20 110 26 118
class 48 112 54 120
class 106 112 112 120
class 195 116 201 124
class 10 117 16 125
class 30 118 36 126
class 189 120 195 128
class 171 121 177 129
class 116 125 122 133
class 180 125 186 133
class 47 126 53 134
class 168 126 174 134
class 177 126 183 134
class 5 127 11 135
class 147 129 153 137
class 159 129 165 137
class 59 130 65 138
class 183 132 189 140
class 39 133 45 141
class 132 134 138 142
class 158 136 164 144
class 155 138 161 146
class 177 140 183 148
class 67 143 73 151
class 158 145 164 153
class 84 147 90 155
class 116 148 122 156
class 179 148 185 156
class 26 149 32 157
class 168 150 174 158
class 90 151 96 159
class 95 155 101 163
class 187 155 193 163
class 105 156 111 164
class 169 159 175 167
class 20 162 26 170
class 40 163 46 171
class 57 163 63 171
class 91 163 97 171
class 161 163 167 171
class 137 164 143 172
class 54 166 60 174
class 114 167 120 175
class 141 167 147 175
class 193 167 199 175
class 116 168 122 176
class 90 169 96 177
class 15 172 21 180
class 128 174 134 182
class 12 177 18 185
class 7 178 13 186
class 92 178 98 186
class 83 179 89 187
class 162 179 168 187
class 62 181 68 189
class 41 183 47 191
class 79 184 85 192
class 57 185 63 193
class 110 185 116 193
class 44 186 50 194
class 97 187 103 195
class 114 187 120 195
class 116 189 122 197
class 10 190 16 198
class 100 190 106 198
class 156 190 162 198
class 140 191 146 199
class 36 192 42 200
class 125 192 131 200
class 137 193 143 201
class 162 194 168 202
class 22 195 28 203
