class 177 -4 183 4
class 111 -3 117 5
class 44 -2 50 6
class 183 -2 189 6
class 29 -1 35 7
class 13 0 19 8
class 147 3 153 11
class 70 4 76 12
class 79 4 85 12
class 112 4 118 12
class 41 5 47 13
class 138 6 144 14
class 114 8 120 16
class 15 9 21 17
class 163 9 169 17
class 114 10 120 18
class 4 12 10 20
class 123 12 129 20
class 141 12 147 20
class 153 12 159 20
class 136 13 142 21
class 52 14 58 22
class 10 15 16 23
class 83 15 89 23
class 143 16 149 24
class 54 17 60 25
class 33 19 39 27
class 128 19 134 27
class 17 20 23 28
class 58 20 64 28
class 2 22 8 30
class 102 22 108 30
class 11 23 17 31
class 16 23 22 31
class 122 24 128 32
class 166 24 172 32
class 140 25 146 33
class 171 26 177 34
class 24 27 30 35
class 88 27 94 35
class 23 28 29 36
class 92 29 98 37
class 30 30 36 38
class 29 31 35 39
class 70 31 76 39
class 180 32 186 40
class 112 33 118 41
class 194 34 200 42
class -2 35 4 43
class 87 35 93 43
class 52 36 58 44
class 28 37 34 45
class 8 39 14 47
class 48 39 54 47
class 117 40 123 48
class 189 41 195 49
class 79 42 85 50
class 120 44 126 52
class 28 45 34 53
class 191 47 197 55
class 60 48 66 56
class 133 48 139 56
class 123 49 129 57
class 170 49 176 57
class 133 50 139 58
class 183 50 189 58
class 42 51 48 59
class 81 51 87 59
class 74 52 80 60
class 150 52 156 60
class 107 53 113 61
class 154 53 160 61
class 66 57 72 65
class 71 60 77 68
class 18 61 24 69
class 165 61 171 69
class 125 62 131 70
class 97 63 103 71
class 26 64 32 72
class 90 64 96 72
class 128 66 134 74
class 153 66 159 74
class 0 67 6 75
class 5 67 11 75
class 71 67 77 75
class 40 68 46 76
class 97 68 103 76
class 189 69 195 77
class 1 70 7 78
class 4 70 10 78
class 76 71 82 79
class 133 71 139 79
class 171 71 177 79
class 23 72 29 80
class 194 72 200 80
class 48 73 54 81
class 95 73 101 81
class 39 74 45 82
class -2 75 4 83
class 8 75 14 83
class 24 77 30 85
class 88 77 94 85
class 185 78 191 86
class 22 80 28 88
class 147 80 153 88
class 160 81 166 89
class 61 82 67 90
class 79 82 85 90
class 187 83 193 91
class 115 87 121 95
class 40 88 46 96
class 136 88 142 96
class 174 88 180 96
class 148 89 154 97
class 38 90 44 98
class 102 90 108 98
class 138 90 144 98
class 50 92 56 100
class 152 92 158 100
class 189 92 195 100
class 172 93 178 101
class 15 94 21 102
class 191 94 197 102
class 12 96 18 104
class 56 96 62 104
class 174 96 180 104
class 4 97 10 105
class 44 97 50 105
class 115 97 121 105
class 165 97 171 105
class 168 98 174 106
class 178 98 184 106
class 2 99 8 107
class 43 99 49 107
class 138 99 144 107
class 115 101 121 109
class -2 103 4 111
class 120 103 126 111
class 67 105 73 113
class 88 105 94 113
class 168 106 174 114
class 24 107 30 115
class 134 107 140 115
class 138 107 144 115
class 158 107 164 115
class 33 108 39 116
class 193 108 199 116
class -3 109 3 117
class 71 109 77 117
class 131 109 137 117
class 48 112 54 120
class 106 112 112 120
class 112 115 118 123
class 195 116 201 124
class 10 117 16 125
class 113 117 119 125
class 171 120 177 128
class 188 120 194 128
class 79 121 85 129
class 82 122 88 130
class 146 122 152 130
class 119 123 125 131
class 31 124 37 132
class 181 124 187 132
class 77 125 83 133
class 192 125 198 133
class 26 126 32 134
class 46 126 52 134
class 115 126 121 134
class 176 126 182 134
class 5 127 11 135
class 79 127 85 135
class 126 129 132 137
class 147 129 153 137
class 159 129 165 137
class 61 130 67 138
class 128 131 134 139
class 91 132 97 140
class 183 132 189 140
class 39 133 45 141
class 132 134 138 142
class 158 136 164 144
class 153 137 159 145
class 36 140 42 148
class 104 140 110 148
class 155 140 161 148
class 177 140 183 148
class 40 141 46 149
class 98 141 104 149
class 158 141 164 149
class 85 142 91 150
class 68 143 74 151
class 158 145 164 153
class 56 147 62 155
class 84 147 90 155
class 126 147 132 155
class 179 148 185 156
class 168 150 174 158
class 132 153 138 161
class 137 153 143 161
class 95 155 101 163
class 187 155 193 163
class 19 158 25 166
class 169 159 175 167
class 57 161 63 169
class 21 162 27 170
class 183 162 189 170
class 40 163 46 171
class 161 163 167 171
class 136 164 142 172
class 173 164 179 172
class 193 166 199 174
class 54 167 60 175
class 141 167 147 175
class 117 168 123 176
class 89 169 95 177
class 172 170 178 178
class 182 171 188 179
class 3 172 9 180
class 15 172 21 180
class 146 172 152 180
class 155 172 161 180
class 174 172 180 180
class 178 172 184 180
class 128 174 134 182
class 53 175 59 183
class 79 175 85 183
class 12 177 18 185
class 7 178 13 186
class 83 178 89 186
class 92 178 98 186
class 104 178 110 186
class 190 178 196 186
class 162 179 168 187
class 53 180 59 188
class 62 181 68 189
class 120 181 126 189
class 125 182 131 190
class 41 183 47 191
class 79 184 85 192
class 110 185 116 193
class 132 186 138 194
class 146 186 152 194
class 114 187 120 195
class 8 189 14 197
class 116 190 122 198
class 156 190 162 198
class 11 191 17 199
class 14 192 20 200
class 36 192 42 200
class 73 192 79 200
class 125 192 131 200
class 167 192 173 200
class 136 194 142 202
class 22 195 28 203
class 75 195 81 203
