class 44 -4 50 4
class 177 -4 183 4
class 183 -2 189 6
class 13 0 19 8
class 147 3 153 11
class 70 4 76 12
class 77 4 83 12
class 138 6 144 14
class 15 9 21 17
class 160 9 166 17
class 4 12 10 20
class 123 12 129 20
class 10 15 16 23
class 83 15 89 23
class 37 16 43 24
class 142 16 148 24
class 33 19 39 27
class 127 19 133 27
class 58 20 64 28
class 2 22 8 30
class 11 22 17 30
class 122 24 128 32
class 167 24 173 32
class 140 25 146 33
class 171 26 177 34
class 70 32 76 40
class 180 32 186 40
class 150 40 156 48
class 79 42 85 50
class 60 48 66 56
class 123 49 129 57
class 170 49 176 57
class 183 50 189 58
class 42 51 48 59
class 80 51 86 59
class 75 52 81 60
class 107 53 113 61
class 66 57 72 65
class 172 59 178 67
class 70 60 76 68
class 18 61 24 69
class 125 62 131 70
class 24 64 30 72
class 90 64 96 72
class 128 66 134 74
class 152 66 158 74
class 72 67 78 75
class 40 68 46 76
class 189 69 195 77
class 76 71 82 79
class 133 71 139 79
class 23 72 29 80
class 48 73 54 81
class 41 74 47 82
class -2 75 4 83
class 8 76 14 84
class 88 77 94 85
class 150 80 156 88
class 159 81 165 89
class 79 82 85 90
class 179 84 185 92
class 174 88 180 96
class 49 90 55 98
class 172 93 178 101
class 174 96 180 104
class 177 98 183 106
class 137 99 143 107
class -2 101 4 109
class 67 105 73 113
class 168 106 174 114
class 24 107 30 115
class 158 107 164 115
class 33 108 39 116
class 132 109 138 117
class 20 110 26 118
class 48 112 54 120
class 106 112 112 120
class 195 116 201 124
class 10 117 16 125
class 190 120 196 128
class 171 122 177 130
class 48 126 54 134
class 146 126 152 134
class 168 126 174 134
class 5 127 11 135
class 147 128 153 136
class 159 129 165 137
class 56 130 62 138
class 183 132 189 140
class 39 133 45 141
class 132 134 138 142
class 177 140 183 148
class 67 143 73 151
class 158 145 164 153
class 86 147 92 155
class 116 148 122 156
class 126 148 132 156
class 27 149 33 157
class 106 149 112 157
class 168 150 174 158
class 90 151 96 159
class 95 155 101 163
class 105 156 111 164
class 183 162 189 170
class 40 163 46 171
class 161 163 167 171
class 137 164 143 172
class 141 167 147 175
class 90 169 96 177
class 193 169 199 177
class 173 170 179 178
class 146 171 152 179
class 3 172 9 180
class 15 172 21 180
class 128 174 134 182
class 190 176 196 184
class 92 177 98 185
class 7 178 13 186
class 104 179 110 187
class 162 179 168 187
class 62 181 68 189
class 79 183 85 191
class 57 185 63 193
class 110 185 116 193
class 130 186 136 194
class 10 190 16 198
class 156 190 162 198
class 36 192 42 200
class 125 192 131 200
class 166 192 172 200
class 162 194 168 202
class 22 195 28 203
