class 33 -4 39 4
class 168 -4 174 4
class 25 0 31 8
class 101 0 107 8
class 155 0 161 8
class 170 0 176 8
class 141 2 147 10
class 21 3 27 11
class 88 4 94 12
class 179 4 185 12
class 138 5 144 13
class 190 6 196 14
class 167 7 173 15
class 121 8 127 16
class 146 8 152 16
class 166 8 172 16
class 181 8 187 16
class 120 9 126 17
class 139 9 145 17
class 187 9 193 17
class 150 11 156 19
class -1 12 5 20
class 181 14 187 22
class 186 15 192 23
class 33 16 39 24
class 159 16 165 24
class 28 17 34 25
class 130 17 136 25
class 12 19 18 27
class 148 19 154 27
class 154 20 160 28
class 127 22 133 30
class 106 23 112 31
class 168 24 174 32
class 12 26 18 34
class 81 27 87 35
class 161 28 167 36
class 68 31 74 39
class 183 31 189 39
class 37 32 43 40
class 85 32 91 40
class 145 33 151 41
class 49 34 55 42
class 88 34 94 42
class 53 36 59 44
class 170 36 176 44
class 148 37 154 45
class 95 38 101 46
class 5 39 11 47
class 191 39 197 47
class 53 40 59 48
class 65 40 71 48
class 74 40 80 48
class 24 41 30 49
class 159 41 165 49
class 50 42 56 50
class 56 42 62 50
class 67 42 73 50
class 71 43 77 51
class 8 44 14 52
class 85 45 91 53
class 2 47 8 55
class 101 47 107 55
class 132 48 138 56
class 185 48 191 56
class 123 49 129 57
class 149 49 155 57
class 94 50 100 58
class 195 50 201 58
class 50 51 56 59
class 187 51 193 59
class 65 52 71 60
class 147 52 153 60
class 166 52 172 60
class 100 53 106 61
class 124 54 130 62
class 109 56 115 64
class 171 56 177 64
class 27 59 33 67
class 30 59 36 67
class 53 59 59 67
class 161 59 167 67
class 192 59 198 67
class 5 60 11 68
class 145 60 151 68
class 1 61 7 69
class 77 61 83 69
class 115 61 121 69
class 49 62 55 70
class 93 62 99 70
class 83 63 89 71
class 62 64 68 72
class 75 64 81 72
class 177 64 183 72
class 10 67 16 75
class 90 67 96 75
class 74 68 80 76
class 37 69 43 77
class 46 71 52 79
class 142 71 148 79
class 155 72 161 80
class 57 73 63 81
class 137 73 143 81
class 69 74 75 82
class 23 75 29 83
class -1 76 5 84
class 54 76 60 84
class 85 77 91 85
class 169 77 175 85
class 24 78 30 86
class 33 78 39 86
class 58 79 64 87
class 96 79 102 87
class 46 80 52 88
class 73 80 79 88
class 55 81 61 89
class 21 82 27 90
class 21 83 27 91
class 31 83 37 91
class 77 83 83 91
class 103 83 109 91
class 109 83 115 91
class 15 84 21 92
class -1 85 5 93
class 143 85 149 93
class 119 86 125 94
class 123 86 129 94
class 57 87 63 95
class 117 88 123 96
class 46 91 52 99
class 102 91 108 99
class 129 91 135 99
class 8 92 14 100
class 66 92 72 100
class 171 92 177 100
class 14 93 20 101
class 74 93 80 101
class 12 94 18 102
class 34 94 40 102
class 119 96 125 104
class 82 99 88 107
class 42 100 48 108
class 135 100 141 108
class 131 102 137 110
class 84 103 90 111
class 168 103 174 111
class 191 103 197 111
class 102 104 108 112
class 27 105 33 113
class 176 106 182 114
class 31 107 37 115
class 46 108 52 116
class 99 108 105 116
class 130 108 136 116
class 183 108 189 116
class 16 111 22 119
class 134 112 140 120
class 157 114 163 122
class 147 115 153 123
class 50 116 56 124
class 64 116 70 124
class 38 118 44 126
class 127 118 133 126
class 147 121 153 129
class 124 122 130 130
class 24 123 30 131
class 170 125 176 133
class 191 127 197 135
class 156 128 162 136
class -3 130 3 138
class 9 130 15 138
class 190 131 196 139
class 142 133 148 141
class 112 135 118 143
class 46 136 52 144
class 156 137 162 145
class 41 138 47 146
class 70 138 76 146
class 113 138 119 146
class 181 138 187 146
class 163 139 169 147
class 152 141 158 149
class 160 141 166 149
class 101 144 107 152
class 119 144 125 152
class 23 145 29 153
class 159 145 165 153
class 7 148 13 156
class 62 148 68 156
class 102 148 108 156
class 131 148 137 156
class 136 149 142 157
class 58 150 64 158
class 64 152 70 160
class 133 152 139 160
class 9 153 15 161
class 74 153 80 161
class 75 154 81 162
class 29 155 35 163
class 61 155 67 163
class 12 156 18 164
class 85 156 91 164
class 190 156 196 164
class 72 160 78 168
class 82 160 88 168
class 108 160 114 168
class 69 162 75 170
class 116 163 122 171
class 18 165 24 173
class 88 165 94 173
class 29 167 35 175
class 194 169 200 177
class 150 170 156 178
class 60 171 66 179
class -3 173 3 181
class 138 173 144 181
class 172 175 178 183
class 184 177 190 185
class 105 179 111 187
class 112 180 118 188
class 136 181 142 189
class 75 182 81 190
class 15 183 21 191
class 51 183 57 191
class 77 183 83 191
class 19 186 25 194
class 1 187 7 195
class 185 188 191 196
class 5 189 11 197
class 125 190 131 198
class 130 190 136 198
class -1 191 5 199
class 190 191 196 199
class 74 193 80 201
class 122 193 128 201
