class 101 0 107 8
class 88 4 94 12
class 146 8 152 16
class 141 9 147 17
class 150 11 156 19
class 158 16 164 24
class 62 18 68 26
class 148 18 154 26
class 12 19 18 27
class 154 20 160 28
class 127 22 133 30
class 106 23 112 31
class 176 23 182 31
class 12 26 18 34
class 81 27 87 35
class 161 28 167 36
class 68 31 74 39
class 183 31 189 39
class 145 33 151 41
class 170 36 176 44
class 148 37 154 45
class 191 39 197 47
class 5 40 11 48
class 74 40 80 48
class 23 41 29 49
class 67 41 73 49
class 159 41 165 49
class 56 43 62 51
class 97 44 103 52
class 85 45 91 53
class 19 47 25 55
class 101 47 107 55
class 132 48 138 56
class 94 50 100 58
class 50 51 56 59
class 100 51 106 59
class 65 52 71 60
class 140 54 146 62
class 179 54 185 62
class 109 56 115 64
class 53 59 59 67
class 145 59 151 67
class 161 59 167 67
class 192 59 198 67
class 115 60 121 68
class 49 62 55 70
class 177 64 183 72
class 62 66 68 74
class 66 68 72 76
class 170 68 176 76
class 35 69 41 77
class 46 70 52 78
class 69 72 75 80
class 155 72 161 80
class 57 73 63 81
class 105 74 111 82
class 54 76 60 84
class 169 79 175 87
class 46 81 52 89
class 73 81 79 89
class 104 81 110 89
class 106 83 112 91
class 15 84 21 92
class 43 85 49 93
class 124 89 130 97
class 126 90 132 98
class 102 91 108 99
class 11 92 17 100
class 66 92 72 100
class 171 92 177 100
class 34 94 40 102
class 119 94 125 102
class 84 99 90 107
class 42 103 48 111
class 192 104 198 112
class 44 105 50 113
class 16 111 22 119
class 157 114 163 122
class 170 125 176 133
class -3 130 3 138
class 178 131 184 139
class 99 136 105 144
class 181 138 187 146
class 156 141 162 149
class 158 143 164 151
class 119 144 125 152
class 23 145 29 153
class 10 154 16 162
class 29 155 35 163
class 12 156 18 164
class 85 156 91 164
class 83 160 89 168
class 18 165 24 173
class 88 165 94 173
class 29 167 35 175
class 194 170 200 178
class 195 172 201 180
class 138 173 144 181
class 150 173 156 181
class 184 177 190 185
class 73 179 79 187
class 105 179 111 187
class 112 180 118 188
class 150 180 156 188
class 136 181 142 189
class 101 183 107 191
class 186 188 192 196
class 130 190 136 198
class 189 191 195 199
class 73 193 79 201
