class 34 -4 40 4
class 168 -4 174 4
class 170 -1 176 7
class 101 0 107 8
class 155 0 161 8
class 23 1 29 9
class 141 2 147 10
class 22 3 28 11
class 88 4 94 12
class 138 5 144 13
class 179 6 185 14
class 190 6 196 14
class 181 7 187 15
class 146 8 152 16
class 139 9 145 17
class 187 9 193 17
class 150 11 156 19
class 119 13 125 21
class 159 16 165 24
class 62 18 68 26
class 12 19 18 27
class 148 19 154 27
class 154 20 160 28
class 106 23 112 31
class 176 23 182 31
class 168 24 174 32
class 12 26 18 34
class 68 31 74 39
class 183 31 189 39
class 145 33 151 41
class 170 36 176 44
class 148 37 154 45
class 95 38 101 46
class 5 39 11 47
class 191 39 197 47
class 53 40 59 48
class 23 41 29 49
class 67 41 73 49
class 159 41 165 49
class 50 42 56 50
class 56 42 62 50
class 71 43 77 51
class 97 44 103 52
class 1 47 7 55
class 101 47 107 55
class 132 48 138 56
class 94 50 100 58
class 123 50 129 58
class 50 51 56 59
class 65 52 71 60
class 100 52 106 60
class 124 53 130 61
class 166 53 172 61
class 140 54 146 62
class 179 54 185 62
class 171 55 177 63
class 109 56 115 64
class 53 59 59 67
class 145 59 151 67
class 161 59 167 67
class 192 59 198 67
class 115 60 121 68
class 49 62 55 70
class 77 62 83 70
class 83 63 89 71
class 93 63 99 71
class 75 64 81 72
class 177 64 183 72
class 62 65 68 73
class 90 65 96 73
class 74 67 80 75
class 66 68 72 76
class 36 69 42 77
class 170 69 176 77
class 46 71 52 79
class 141 71 147 79
class 155 72 161 80
class 57 73 63 81
class 138 73 144 81
class 105 74 111 82
class 33 78 39 86
class 46 80 52 88
class 57 80 63 88
class 103 82 109 90
class -1 83 5 91
class 31 83 37 91
class 64 83 70 91
class 77 83 83 91
class 108 83 114 91
class 150 83 156 91
class 15 84 21 92
class 86 84 92 92
class 42 85 48 93
class 144 85 150 93
class 59 87 65 95
class 123 88 129 96
class 129 90 135 98
class 46 91 52 99
class 102 91 108 99
class 10 92 16 100
class 66 92 72 100
class 171 92 177 100
class 34 94 40 102
class 84 95 90 103
class 119 95 125 103
class 83 99 89 107
class 135 100 141 108
class 42 101 48 109
class 131 102 137 110
class 84 103 90 111
class 168 103 174 111
class 192 103 198 111
class 46 107 52 115
class 177 107 183 115
class 65 108 71 116
class 183 108 189 116
class 189 110 195 118
class 16 111 22 119
class 134 111 140 119
class 64 114 70 122
class 157 114 163 122
class 50 117 56 125
class 147 117 153 125
class 38 118 44 126
class 127 119 133 127
class 125 121 131 129
class 24 125 30 133
class 170 125 176 133
class 156 128 162 136
class 9 129 15 137
class 145 129 151 137
class -3 130 3 138
class 178 131 184 139
class 45 136 51 144
class 61 136 67 144
class 99 136 105 144
class 156 136 162 144
class 70 138 76 146
class 181 138 187 146
class 152 141 158 149
class 101 144 107 152
class 119 144 125 152
class 159 144 165 152
class 23 145 29 153
class 102 148 108 156
class 63 152 69 160
class 9 153 15 161
class 61 153 67 161
class 29 155 35 163
class 12 156 18 164
class 85 156 91 164
class 110 160 116 168
class 116 163 122 171
class 18 165 24 173
class 88 165 94 173
class 29 167 35 175
class 194 169 200 177
class 150 170 156 178
class 60 171 66 179
class -3 173 3 181
class 138 173 144 181
class 184 177 190 185
class 73 179 79 187
class 105 179 111 187
class 112 180 118 188
class 136 181 142 189
class 16 183 22 191
class 101 183 107 191
class 185 188 191 196
class 125 191 131 199
class 190 191 196 199
class 74 193 80 201
class 123 193 129 201
class 157 195 163 203
