class 33 -4 39 4
class 168 -4 174 4
class 24 0 30 8
class 101 0 107 8
class 155 0 161 8
class 170 0 176 8
class 141 2 147 10
class 21 3 27 11
class 88 4 94 12
class 138 5 144 13
class 146 8 152 16
class 187 9 193 17
class 150 11 156 19
class 119 13 125 21
class 182 14 188 22
class 185 15 191 23
class 33 16 39 24
class 159 16 165 24
class 29 17 35 25
class 131 17 137 25
class 62 18 68 26
class 132 18 138 26
class 12 19 18 27
class 148 19 154 27
class 154 20 160 28
class 127 22 133 30
class 106 23 112 31
class 176 23 182 31
class 168 24 174 32
class 12 26 18 34
class 81 27 87 35
class 161 28 167 36
class 39 29 45 37
class 38 31 44 39
class 183 31 189 39
class 145 33 151 41
class 50 34 56 42
class 87 34 93 42
class 53 36 59 44
class 170 36 176 44
class 148 37 154 45
class 64 38 70 46
class 95 38 101 46
class 5 39 11 47
class 191 39 197 47
class 53 40 59 48
class 65 40 71 48
class 74 40 80 48
class 23 41 29 49
class 159 41 165 49
class 50 42 56 50
class 56 42 62 50
class 67 42 73 50
class 71 43 77 51
class 8 44 14 52
class 97 44 103 52
class 85 45 91 53
class 2 47 8 55
class 18 47 24 55
class 132 48 138 56
class 123 49 129 57
class 186 49 192 57
class 94 50 100 58
class 149 50 155 58
class 187 50 193 58
class 196 50 202 58
class 50 51 56 59
class 147 51 153 59
class 65 52 71 60
class 166 52 172 60
class 124 54 130 62
class 140 54 146 62
class 179 54 185 62
class 171 56 177 64
class 53 59 59 67
class 161 59 167 67
class 192 59 198 67
class 4 60 10 68
class 1 61 7 69
class 49 62 55 70
class 77 62 83 70
class 93 62 99 70
class 83 63 89 71
class 62 64 68 72
class 75 64 81 72
class 90 66 96 74
class 66 68 72 76
class 74 68 80 76
class 170 70 176 78
class 46 71 52 79
class 142 71 148 79
class 155 72 161 80
class 57 73 63 81
class 137 73 143 81
class 69 74 75 82
class 88 74 94 82
class -1 76 5 84
class 54 76 60 84
class 85 77 91 85
class 97 77 103 85
class 33 78 39 86
class 169 78 175 86
class 58 79 64 87
class 96 79 102 87
class 46 80 52 88
class 73 80 79 88
class 55 81 61 89
class 31 83 37 91
class 64 83 70 91
class 77 83 83 91
class 151 83 157 91
class 15 84 21 92
class 86 84 92 92
class -1 85 5 93
class 42 85 48 93
class 143 85 149 93
class 119 86 125 94
class 123 86 129 94
class 58 87 64 95
class 129 90 135 98
class 46 91 52 99
class 102 91 108 99
class 66 92 72 100
class 171 92 177 100
class 34 94 40 102
class 84 94 90 102
class 119 96 125 104
class 82 99 88 107
class 135 100 141 108
class 42 101 48 109
class 168 103 174 111
class 191 103 197 111
class 102 104 108 112
class 28 105 34 113
class 177 106 183 114
class 31 107 37 115
class 46 108 52 116
class 100 108 106 116
class 130 108 136 116
class 183 108 189 116
class 16 111 22 119
class 134 112 140 120
class 179 113 185 121
class 157 114 163 122
class 64 115 70 123
class 147 115 153 123
class 50 116 56 124
class 127 118 133 126
class 147 121 153 129
class 124 122 130 130
class 24 124 30 132
class 170 125 176 133
class 191 127 197 135
class 26 128 32 136
class 156 128 162 136
class 9 129 15 137
class 146 129 152 137
class -3 130 3 138
class 178 131 184 139
class 154 132 160 140
class 142 133 148 141
class 155 134 161 142
class 46 136 52 144
class 61 136 67 144
class 99 136 105 144
class 156 136 162 144
class 113 137 119 145
class 41 138 47 146
class 70 138 76 146
class 181 138 187 146
class 163 139 169 147
class 152 141 158 149
class 160 141 166 149
class 101 144 107 152
class 119 144 125 152
class 159 145 165 153
class 7 148 13 156
class 62 148 68 156
class 132 148 138 156
class 134 148 140 156
class 135 149 141 157
class 59 150 65 158
class 64 152 70 160
class 133 152 139 160
class 9 153 15 161
class 61 154 67 162
class 12 156 18 164
class 85 156 91 164
class 190 157 196 165
class 71 160 77 168
class 82 160 88 168
class 109 160 115 168
class 190 161 196 169
class 69 162 75 170
class 116 163 122 171
class 18 165 24 173
class 88 165 94 173
class 29 167 35 175
class 194 169 200 177
class 150 170 156 178
class 54 171 60 179
class 60 171 66 179
class -3 173 3 181
class 172 175 178 183
class 184 177 190 185
class 72 179 78 187
class 105 179 111 187
class 55 180 61 188
class 136 181 142 189
class 75 182 81 190
class 150 182 156 190
class 15 183 21 191
class 52 183 58 191
class 77 183 83 191
class 101 183 107 191
class 19 186 25 194
class 1 187 7 195
class 185 188 191 196
class 4 189 10 197
class 125 190 131 198
class 130 190 136 198
class -1 191 5 199
class 190 191 196 199
class 74 193 80 201
class 123 193 129 201
class 157 194 163 202
