class 34 -4 40 4
class 168 -3 174 5
class 169 -1 175 7
class 101 0 107 8
class 155 0 161 8
class 141 3 147 11
class 88 4 94 12
class 138 5 144 13
class 190 6 196 14
class 146 8 152 16
class 139 9 145 17
class 150 11 156 19
class 119 13 125 21
class 159 16 165 24
class 62 18 68 26
class 12 19 18 27
class 148 19 154 27
class 154 20 160 28
class 106 23 112 31
class 176 23 182 31
class 168 24 174 32
class 161 28 167 36
class 68 31 74 39
class 183 31 189 39
class 145 33 151 41
class 170 36 176 44
class 148 37 154 45
class 95 38 101 46
class 5 39 11 47
class 191 39 197 47
class 53 40 59 48
class 74 40 80 48
class 23 41 29 49
class 67 41 73 49
class 159 41 165 49
class 50 42 56 50
class 56 42 62 50
class 8 44 14 52
class 97 44 103 52
class 1 47 7 55
class 19 47 25 55
class 101 47 107 55
class 132 48 138 56
class -3 50 3 58
class 50 51 56 59
class 65 52 71 60
class 100 52 106 60
class 140 54 146 62
class 179 54 185 62
class 171 55 177 63
class 109 56 115 64
class 53 59 59 67
class 145 59 151 67
class 161 59 167 67
class 192 59 198 67
class 77 62 83 70
class 83 63 89 71
class 75 64 81 72
class 177 64 183 72
class 62 65 68 73
class 74 66 80 74
class 66 68 72 76
class 36 69 42 77
class 46 70 52 78
class 155 72 161 80
class 69 73 75 81
class 105 74 111 82
class 54 76 60 84
class 33 78 39 86
class 169 78 175 86
class 46 80 52 88
class 73 80 79 88
class 103 81 109 89
class -1 82 5 90
class 63 83 69 91
class 77 83 83 91
class 108 83 114 91
class 150 83 156 91
class 86 84 92 92
class 42 85 48 93
class 144 85 150 93
class 123 88 129 96
class 129 90 135 98
class 46 91 52 99
class 102 91 108 99
class 10 92 16 100
class 66 92 72 100
class 171 92 177 100
class 119 95 125 103
class 84 96 90 104
class 134 100 140 108
class 42 101 48 109
class 84 102 90 110
class 131 102 137 110
class 168 103 174 111
class 192 103 198 111
class 46 107 52 115
class 178 107 184 115
class 130 108 136 116
class 183 108 189 116
class 189 110 195 118
class 16 111 22 119
class 134 111 140 119
class 179 113 185 121
class 64 114 70 122
class 157 114 163 122
class 38 118 44 126
class 170 125 176 133
class 9 129 15 137
class 145 129 151 137
class -3 130 3 138
class 178 131 184 139
class 142 132 148 140
class 156 135 162 143
class 61 136 67 144
class 99 136 105 144
class 70 138 76 146
class 181 138 187 146
class 153 141 159 149
class 159 143 165 151
class 102 144 108 152
class 23 145 29 153
class 102 148 108 156
class 9 153 15 161
class 29 155 35 163
class 12 156 18 164
class 111 160 117 168
class 115 163 121 171
class 29 167 35 175
class 194 169 200 177
class 55 171 61 179
class 59 171 65 179
class 150 171 156 179
class -3 173 3 181
class 138 173 144 181
class 172 175 178 183
class 184 177 190 185
class 73 179 79 187
class 105 179 111 187
class 112 180 118 188
class 136 181 142 189
class 16 183 22 191
class 101 183 107 191
class 19 186 25 194
class 185 188 191 196
class 130 190 136 198
class 190 191 196 199
class 73 193 79 201
class 157 195 163 203
