class 33 -4 39 4
class 71 -4 77 4
class 85 -4 91 4
class 117 -4 123 4
class 168 -4 174 4
class 175 -2 181 6
class 26 0 32 8
class 71 0 77 8
class 101 0 107 8
class 155 0 161 8
class 170 0 176 8
class 141 2 147 10
class 21 3 27 11
class 88 4 94 12
class 179 4 185 12
class 138 5 144 13
class 122 7 128 15
class 28 8 34 16
class 120 9 126 17
class 139 9 145 17
class 181 9 187 17
class 187 9 193 17
class -3 10 3 18
class 29 10 35 18
class 150 11 156 19
class 0 12 6 20
class 48 13 54 21
class 181 14 187 22
class 176 15 182 23
class 33 16 39 24
class 159 16 165 24
class 27 17 33 25
class 129 17 135 25
class 175 17 181 25
class 133 18 139 26
class 148 19 154 27
class 93 21 99 29
class 127 22 133 30
class 106 23 112 31
class 176 23 182 31
class 168 24 174 32
class 12 26 18 34
class 81 27 87 35
class 39 28 45 36
class 134 28 140 36
class 161 28 167 36
class 136 30 142 38
class 68 31 74 39
class 183 31 189 39
class 37 32 43 40
class 145 33 151 41
class 49 34 55 42
class 88 34 94 42
class 15 36 21 44
class 53 36 59 44
class 148 37 154 45
class 95 38 101 46
class 188 38 194 46
class 5 39 11 47
class 12 39 18 47
class 186 39 192 47
class 191 39 197 47
class 65 40 71 48
class 74 40 80 48
class 24 41 30 49
class 159 41 165 49
class 50 42 56 50
class 56 42 62 50
class 45 43 51 51
class 67 43 73 51
class 71 43 77 51
class 8 44 14 52
class 97 44 103 52
class 85 45 91 53
class 2 47 8 55
class 101 47 107 55
class 131 48 137 56
class 184 48 190 56
class 150 49 156 57
class 94 50 100 58
class 195 50 201 58
class 50 51 56 59
class 187 51 193 59
class 65 52 71 60
class 146 52 152 60
class 1 53 7 61
class 100 53 106 61
class -3 54 3 62
class 124 54 130 62
class 141 54 147 62
class 179 54 185 62
class 171 57 177 65
class 26 59 32 67
class 32 59 38 67
class 53 59 59 67
class 161 59 167 67
class 6 60 12 68
class 77 60 83 68
class 146 60 152 68
class 1 61 7 69
class 93 61 99 69
class 49 62 55 70
class 141 62 147 70
class 62 63 68 71
class 83 63 89 71
class 75 64 81 72
class 176 64 182 72
class 102 65 108 73
class 101 66 107 74
class 9 67 15 75
class 25 67 31 75
class 13 68 19 76
class 29 68 35 76
class 66 68 72 76
class 74 68 80 76
class 90 68 96 76
class 71 70 77 78
class 91 70 97 78
class 94 70 100 78
class 46 71 52 79
class 142 71 148 79
class 170 71 176 79
class 155 72 161 80
class 57 73 63 81
class 71 73 77 81
class 136 73 142 81
class 35 74 41 82
class 75 74 81 82
class 79 74 85 82
class 88 74 94 82
class 105 74 111 82
class 23 75 29 83
class 69 75 75 83
class -1 76 5 84
class 54 76 60 84
class 97 76 103 84
class 169 77 175 85
class 33 78 39 86
class 46 80 52 88
class 73 80 79 88
class 96 80 102 88
class 55 81 61 89
class 22 82 28 90
class 103 83 109 91
class 151 83 157 91
class 186 83 192 91
class 15 84 21 92
class 77 84 83 92
class 86 84 92 92
class 42 85 48 93
class 34 86 40 94
class 119 86 125 94
class 123 86 129 94
class 143 86 149 94
class 36 87 42 95
class 57 87 63 95
class 187 87 193 95
class 117 88 123 96
class 134 90 140 98
class 46 91 52 99
class 102 91 108 99
class 129 91 135 99
class 8 92 14 100
class 39 92 45 100
class 133 92 139 100
class 171 92 177 100
class 112 93 118 101
class 12 94 18 102
class 34 94 40 102
class 77 94 83 102
class 84 94 90 102
class 111 96 117 104
class 119 96 125 104
class 81 99 87 107
class 135 99 141 107
class 42 100 48 108
class 58 102 64 110
class 131 102 137 110
class 84 103 90 111
class 191 103 197 111
class 103 104 109 112
class 65 106 71 114
class 46 108 52 116
class 99 108 105 116
class 129 108 135 116
class 16 111 22 119
class 134 112 140 120
class 179 113 185 121
class 1 114 7 122
class 157 114 163 122
class 147 115 153 123
class -1 116 5 124
class 46 116 52 124
class 50 116 56 124
class 44 117 50 125
class 64 117 70 125
class 127 117 133 125
class 38 118 44 126
class 66 119 72 127
class 68 119 74 127
class 96 121 102 129
class 24 122 30 130
class 94 122 100 130
class 124 123 130 131
class 179 123 185 131
class 180 124 186 132
class 170 125 176 133
class 191 127 197 135
class 26 128 32 136
class 156 128 162 136
class 137 129 143 137
class -3 130 3 138
class 9 130 15 138
class 139 131 145 139
class 178 131 184 139
class 154 132 160 140
class 112 133 118 141
class 142 133 148 141
class 190 133 196 141
class 155 134 161 142
class 46 136 52 144
class 99 136 105 144
class 156 138 162 146
class 181 138 187 146
class 41 139 47 147
class 164 139 170 147
class 152 141 158 149
class 159 141 165 149
class 8 144 14 152
class 100 144 106 152
class 119 144 125 152
class 137 144 143 152
class 22 145 28 153
class 139 145 145 153
class 134 146 140 154
class 62 147 68 155
class 159 147 165 155
class 6 148 12 156
class 102 148 108 156
class 131 148 137 156
class 137 149 143 157
class 58 150 64 158
class 64 152 70 160
class 133 152 139 160
class 9 153 15 161
class 73 153 79 161
class 61 155 67 163
class 190 155 196 163
class 12 156 18 164
class 85 156 91 164
class 72 160 78 168
class 82 160 88 168
class 108 160 114 168
class 189 161 195 169
class 69 162 75 170
class 12 163 18 171
class 116 163 122 171
class 18 165 24 173
class 173 165 179 173
class 154 166 160 174
class 11 167 17 175
class 29 167 35 175
class 157 167 163 175
class 194 169 200 177
class 150 170 156 178
class 54 171 60 179
class 60 171 66 179
class 109 171 115 179
class -2 173 4 181
class 138 173 144 181
class 172 175 178 183
class 184 177 190 185
class 71 178 77 186
class 105 179 111 187
class 55 180 61 188
class 112 180 118 188
class 165 180 171 188
class 136 181 142 189
class 15 183 21 191
class 51 183 57 191
class 78 183 84 191
class 101 183 107 191
class 150 183 156 191
class 1 187 7 195
class 19 187 25 195
class 185 188 191 196
class 130 190 136 198
class -1 191 5 199
class 77 191 83 199
class 98 192 104 200
class 74 193 80 201
class 118 193 124 201
class 122 193 128 201
class 1 194 7 202
class 86 194 92 202
class 98 194 104 202
