class 33 -4 39 4
class 168 -4 174 4
class 71 -3 77 5
class 175 -2 181 6
class 179 -2 185 6
class 71 -1 77 7
class 25 0 31 8
class 101 0 107 8
class 155 0 161 8
class 141 2 147 10
class 88 4 94 12
class 179 4 185 12
class 138 5 144 13
class 190 6 196 14
class 122 7 128 15
class 168 7 174 15
class 28 8 34 16
class 146 8 152 16
class 164 8 170 16
class 29 9 35 17
class 120 9 126 17
class 139 9 145 17
class 181 9 187 17
class -3 10 3 18
class 150 11 156 19
class 0 12 6 20
class 51 12 57 20
class 119 13 125 21
class 181 14 187 22
class 186 15 192 23
class 33 16 39 24
class 159 16 165 24
class 176 16 182 24
class 27 17 33 25
class 175 17 181 25
class 133 18 139 26
class 12 19 18 27
class 154 20 160 28
class 94 21 100 29
class 127 22 133 30
class 176 23 182 31
class 168 24 174 32
class 12 26 18 34
class 81 27 87 35
class 39 28 45 36
class 134 28 140 36
class 161 28 167 36
class 136 30 142 38
class 68 31 74 39
class 183 31 189 39
class 37 32 43 40
class 85 32 91 40
class 145 33 151 41
class 49 34 55 42
class 88 34 94 42
class 53 36 59 44
class 170 36 176 44
class 15 37 21 45
class 148 37 154 45
class 95 38 101 46
class 188 38 194 46
class 5 39 11 47
class 12 39 18 47
class 186 39 192 47
class 191 39 197 47
class 53 40 59 48
class 65 40 71 48
class 74 40 80 48
class 24 41 30 49
class 159 41 165 49
class 50 42 56 50
class 56 42 62 50
class 45 43 51 51
class 67 43 73 51
class 71 43 77 51
class 8 44 14 52
class 97 44 103 52
class 44 45 50 53
class 85 45 91 53
class 2 47 8 55
class 18 47 24 55
class 101 47 107 55
class 131 48 137 56
class 184 48 190 56
class 123 49 129 57
class 150 49 156 57
class 94 50 100 58
class 195 50 201 58
class 50 51 56 59
class 187 51 193 59
class 146 52 152 60
class 100 53 106 61
class -3 54 3 62
class 124 54 130 62
class 141 54 147 62
class 109 56 115 64
class 171 56 177 64
class 26 59 32 67
class 31 59 37 67
class 53 59 59 67
class 161 59 167 67
class 5 60 11 68
class 77 60 83 68
class 146 60 152 68
class 1 61 7 69
class 93 61 99 69
class 115 61 121 69
class 140 61 146 69
class 49 62 55 70
class 62 63 68 71
class 13 68 19 76
class 29 68 35 76
class 66 68 72 76
class 74 68 80 76
class 90 68 96 76
class 37 69 43 77
class 71 70 77 78
class 46 71 52 79
class 170 71 176 79
class 155 72 161 80
class 57 73 63 81
class 71 73 77 81
class 136 73 142 81
class 76 74 82 82
class 88 74 94 82
class 23 75 29 83
class -1 76 5 84
class 54 76 60 84
class 97 76 103 84
class 169 77 175 85
class 33 78 39 86
class 24 79 30 87
class 58 79 64 87
class 46 80 52 88
class 96 80 102 88
class 55 81 61 89
class 22 82 28 90
class 109 82 115 90
class 30 83 36 91
class 65 83 71 91
class 103 83 109 91
class 151 83 157 91
class 186 83 192 91
class 20 84 26 92
class 77 84 83 92
class 86 84 92 92
class -1 85 5 93
class 42 85 48 93
class 34 86 40 94
class 119 86 125 94
class 123 86 129 94
class 143 86 149 94
class 187 86 193 94
class 35 87 41 95
class 57 87 63 95
class 117 88 123 96
class 46 91 52 99
class 102 91 108 99
class 129 91 135 99
class 134 91 140 99
class 8 92 14 100
class 15 92 21 100
class 66 92 72 100
class 133 92 139 100
class 171 92 177 100
class 73 93 79 101
class 112 93 118 101
class 12 94 18 102
class 34 94 40 102
class 84 94 90 102
class 111 96 117 104
class 119 96 125 104
class 81 99 87 107
class 42 100 48 108
class 58 102 64 110
class 131 102 137 110
class 84 103 90 111
class 168 103 174 111
class 65 106 71 114
class 176 106 182 114
class 32 107 38 115
class 46 108 52 116
class 99 108 105 116
class 129 108 135 116
class 183 108 189 116
class 134 112 140 120
class 179 113 185 121
class 1 114 7 122
class 157 114 163 122
class 147 115 153 123
class -1 116 5 124
class 44 117 50 125
class 64 117 70 125
class 127 117 133 125
class 38 118 44 126
class 24 122 30 130
class 95 122 101 130
class 96 122 102 130
class 170 125 176 133
class 191 127 197 135
class 26 128 32 136
class 156 128 162 136
class 137 129 143 137
class 147 129 153 137
class -3 130 3 138
class 9 130 15 138
class 139 131 145 139
class 178 131 184 139
class 154 132 160 140
class 112 133 118 141
class 142 133 148 141
class 190 133 196 141
class 46 136 52 144
class 61 136 67 144
class 99 136 105 144
class 70 138 76 146
class 156 138 162 146
class 181 138 187 146
class 41 139 47 147
class 113 140 119 148
class 152 141 158 149
class 159 141 165 149
class 8 144 14 152
class 100 144 106 152
class 119 144 125 152
class 23 145 29 153
class 134 146 140 154
class 159 146 165 154
class 102 148 108 156
class 131 148 137 156
class 137 149 143 157
class 64 152 70 160
class 133 152 139 160
class 9 153 15 161
class 77 154 83 162
class 29 155 35 163
class 61 155 67 163
class 190 155 196 163
class 12 156 18 164
class 85 156 91 164
class 72 160 78 168
class 82 160 88 168
class 108 160 114 168
class 189 161 195 169
class 69 162 75 170
class 175 162 181 170
class 12 163 18 171
class 173 164 179 172
class 18 165 24 173
class 88 165 94 173
class 154 166 160 174
class 12 167 18 175
class 29 167 35 175
class 157 167 163 175
class 107 169 113 177
class 194 169 200 177
class 150 170 156 178
class 54 171 60 179
class 60 171 66 179
class 109 171 115 179
class -3 173 3 181
class 138 173 144 181
class 172 175 178 183
class 184 177 190 185
class 72 178 78 186
class 105 179 111 187
class 112 180 118 188
class 169 180 175 188
class 136 181 142 189
class 75 182 81 190
class 15 183 21 191
class 51 183 57 191
class 101 183 107 191
class 1 187 7 195
class 19 187 25 195
class 76 188 82 196
class 185 188 191 196
class 5 189 11 197
class 125 190 131 198
class 130 190 136 198
class -1 191 5 199
class 77 191 83 199
class 74 193 80 201
class 122 193 128 201
class 157 194 163 202
class 117 195 123 203
