class 33 -4 39 4
class 71 -4 77 4
class 85 -4 91 4
class 117 -4 123 4
class 175 -2 181 6
class 26 0 32 8
class 71 0 77 8
class 101 0 107 8
class 170 0 176 8
class 141 2 147 10
class 21 3 27 11
class 88 4 94 12
class 138 5 144 13
class 190 6 196 14
class 122 7 128 15
class 168 7 174 15
class 146 8 152 16
class 164 8 170 16
class 120 9 126 17
class 139 9 145 17
class 181 9 187 17
class 187 9 193 17
class -3 10 3 18
class 29 10 35 18
class 1 12 7 20
class 51 12 57 20
class 119 13 125 21
class 181 14 187 22
class 176 15 182 23
class 186 15 192 23
class 33 16 39 24
class 77 16 83 24
class 80 16 86 24
class 159 16 165 24
class 27 17 33 25
class 129 17 135 25
class 175 17 181 25
class 193 17 199 25
class 62 18 68 26
class 133 18 139 26
class 193 18 199 26
class 12 19 18 27
class 148 19 154 27
class 154 20 160 28
class 127 22 133 30
class 96 23 102 31
class 106 23 112 31
class 176 23 182 31
class 168 24 174 32
class 12 26 18 34
class 81 27 87 35
class 39 28 45 36
class 134 28 140 36
class 161 28 167 36
class 136 30 142 38
class 85 32 91 40
class 145 33 151 41
class 49 34 55 42
class 88 34 94 42
class 40 35 46 43
class 15 36 21 44
class 53 36 59 44
class 170 36 176 44
class 26 37 32 45
class 127 37 133 45
class 126 38 132 46
class 188 38 194 46
class 5 39 11 47
class 12 39 18 47
class 186 39 192 47
class 53 40 59 48
class 65 40 71 48
class 74 40 80 48
class 84 40 90 48
class 159 41 165 49
class 50 42 56 50
class 56 42 62 50
class 85 42 91 50
class 45 43 51 51
class 67 43 73 51
class 71 43 77 51
class 97 44 103 52
class 85 45 91 53
class 44 46 50 54
class 18 47 24 55
class 101 47 107 55
class 8 48 14 56
class 131 48 137 56
class 123 49 129 57
class 150 49 156 57
class 94 50 100 58
class 195 50 201 58
class 50 51 56 59
class 166 51 172 59
class 187 51 193 59
class 65 52 71 60
class 145 52 151 60
class 100 53 106 61
class -3 54 3 62
class 124 54 130 62
class 141 54 147 62
class 179 54 185 62
class 109 56 115 64
class 171 57 177 65
class 26 59 32 67
class 32 59 38 67
class 161 59 167 67
class 192 59 198 67
class 15 60 21 68
class 77 60 83 68
class 146 60 152 68
class 1 61 7 69
class 93 61 99 69
class 115 61 121 69
class 140 61 146 69
class 49 62 55 70
class 142 62 148 70
class 62 63 68 71
class 75 64 81 72
class 102 65 108 73
class 8 67 14 75
class 25 67 31 75
class 101 67 107 75
class 13 68 19 76
class 29 68 35 76
class 66 68 72 76
class 90 68 96 76
class 37 69 43 77
class 91 70 97 78
class 94 70 100 78
class 46 71 52 79
class 170 71 176 79
class 155 72 161 80
class 36 73 42 81
class 57 73 63 81
class 71 73 77 81
class 136 73 142 81
class 34 74 40 82
class 75 74 81 82
class 79 74 85 82
class 88 74 94 82
class 105 74 111 82
class 69 75 75 83
class -1 76 5 84
class 54 76 60 84
class 97 76 103 84
class 85 77 91 85
class 169 77 175 85
class 33 78 39 86
class 46 80 52 88
class 73 80 79 88
class 95 80 101 88
class 22 82 28 90
class 109 82 115 90
class 30 83 36 91
class 65 83 71 91
class 103 83 109 91
class 151 83 157 91
class 186 83 192 91
class 15 84 21 92
class 20 84 26 92
class 86 84 92 92
class -1 85 5 93
class 42 85 48 93
class 33 86 39 94
class 119 86 125 94
class 123 86 129 94
class 143 86 149 94
class 36 87 42 95
class 57 87 63 95
class 187 87 193 95
class 117 88 123 96
class 134 90 140 98
class 46 91 52 99
class 102 91 108 99
class 129 91 135 99
class 8 92 14 100
class 15 92 21 100
class 66 92 72 100
class 133 92 139 100
class 171 92 177 100
class 73 93 79 101
class 112 93 118 101
class 34 94 40 102
class 77 94 83 102
class 84 94 90 102
class 111 96 117 104
class 119 96 125 104
class 81 99 87 107
class 135 99 141 107
class 42 100 48 108
class 57 100 63 108
class 131 102 137 110
class 58 103 64 111
class 84 103 90 111
class 168 103 174 111
class 191 103 197 111
class 27 105 33 113
class 65 106 71 114
class 176 106 182 114
class 46 108 52 116
class 98 108 104 116
class 129 108 135 116
class 183 108 189 116
class 16 111 22 119
class 134 112 140 120
class 191 112 197 120
class 179 113 185 121
class 2 114 8 122
class 157 114 163 122
class 147 115 153 123
class 46 116 52 124
class 50 116 56 124
class 44 117 50 125
class 64 117 70 125
class 127 117 133 125
class 68 118 74 126
class 66 119 72 127
class 96 121 102 129
class 147 121 153 129
class 24 122 30 130
class 94 122 100 130
class 170 125 176 133
class 26 128 32 136
class 156 128 162 136
class 137 129 143 137
class 147 129 153 137
class -3 130 3 138
class 9 130 15 138
class 139 131 145 139
class 178 131 184 139
class 154 132 160 140
class 112 133 118 141
class 142 133 148 141
class 190 133 196 141
class 155 134 161 142
class 46 136 52 144
class 61 136 67 144
class 99 136 105 144
class 70 138 76 146
class 124 138 130 146
class 156 138 162 146
class 181 138 187 146
class 41 139 47 147
class 125 139 131 147
class 113 140 119 148
class 152 141 158 149
class 8 144 14 152
class 100 144 106 152
class 119 144 125 152
class 22 145 28 153
class 134 146 140 154
class 62 147 68 155
class 159 147 165 155
class 102 148 108 156
class 131 148 137 156
class 137 149 143 157
class 58 150 64 158
class 64 152 70 160
class 133 152 139 160
class 9 153 15 161
class 73 153 79 161
class 78 154 84 162
class 61 155 67 163
class 190 155 196 163
class 86 156 92 164
class 72 160 78 168
class 82 160 88 168
class 108 160 114 168
class 189 161 195 169
class 175 162 181 170
class 13 163 19 171
class 69 163 75 171
class 116 163 122 171
class 18 165 24 173
class 173 165 179 173
class 88 166 94 174
class 153 166 159 174
class 11 167 17 175
class 29 167 35 175
class 157 167 163 175
class 107 168 113 176
class 194 169 200 177
class 54 171 60 179
class 109 171 115 179
class 138 173 144 181
class 172 175 178 183
class 184 177 190 185
class 71 178 77 186
class 105 179 111 187
class 55 180 61 188
class 112 180 118 188
class 165 180 171 188
class 170 180 176 188
class 136 181 142 189
class 75 182 81 190
class 15 183 21 191
class 51 183 57 191
class 78 183 84 191
class 101 183 107 191
class 150 183 156 191
class 1 187 7 195
class 19 187 25 195
class 185 188 191 196
class 5 189 11 197
class 125 190 131 198
class 190 191 196 199
class 98 192 104 200
class 74 193 80 201
class 118 193 124 201
class 1 194 7 202
class 47 194 53 202
class 86 194 92 202
class 97 194 103 202
class 157 194 163 202
class 49 195 55 203
