class 86 -4 92 4
class 182 -4 188 4
class 114 -3 120 5
class 143 -3 149 5
class 76 1 82 9
class 154 1 160 9
class 190 1 196 9
class 118 4 124 12
class 21 11 27 19
class 184 11 190 19
class 181 12 187 20
class 55 14 61 22
class 74 14 80 22
class 130 14 136 22
class 1 15 7 23
class 168 15 174 23
class 53 18 59 26
class 13 22 19 30
class 138 23 144 31
class 34 24 40 32
class 152 25 158 33
class 97 31 103 39
class 42 32 48 40
class 192 32 198 40
class 143 33 149 41
class 150 33 156 41
class 87 38 93 46
class 95 38 101 46
class -1 39 5 47
class 49 40 55 48
class 26 42 32 50
class 112 46 118 54
class -3 47 3 55
class 17 47 23 55
class 54 47 60 55
class 85 47 91 55
class 105 48 111 56
class 24 49 30 57
class 8 51 14 59
class 55 51 61 59
class 194 51 200 59
class 79 54 85 62
class 114 55 120 63
class 133 55 139 63
class 145 57 151 65
class 153 57 159 65
class 82 58 88 66
class 117 59 123 67
class 149 59 155 67
class 175 60 181 68
class 180 62 186 70
class 119 63 125 71
class 58 64 64 72
class 125 64 131 72
class 162 65 168 73
class 118 67 124 75
class 120 70 126 78
class 89 75 95 83
class 149 75 155 83
class 51 80 57 88
class 39 81 45 89
class 89 81 95 89
class 115 81 121 89
class 143 82 149 90
class 156 84 162 92
class 8 88 14 96
class 17 89 23 97
class 24 90 30 98
class 81 90 87 98
class 158 91 164 99
class 50 92 56 100
class 104 92 110 100
class 71 93 77 101
class 144 93 150 101
class 31 95 37 103
class 73 95 79 103
class 138 95 144 103
class 125 97 131 105
class 44 100 50 108
class 150 100 156 108
class 8 103 14 111
class 83 105 89 113
class 161 105 167 113
class 28 106 34 114
class 163 107 169 115
class 5 108 11 116
class 85 109 91 117
class 155 112 161 120
class 166 112 172 120
class 79 113 85 121
class 105 113 111 121
class 180 113 186 121
class 63 115 69 123
class 57 116 63 124
class 148 117 154 125
class 188 120 194 128
class 145 121 151 129
class 17 123 23 131
class 27 123 33 131
class 19 125 25 133
class 85 125 91 133
class 162 125 168 133
class 172 126 178 134
class 177 127 183 135
class 162 129 168 137
class 42 131 48 139
class -1 134 5 142
class 47 134 53 142
class 155 134 161 142
class 67 135 73 143
class 121 137 127 145
class 28 139 34 147
class 6 140 12 148
class 21 140 27 148
class 52 142 58 150
class 19 143 25 151
class 153 144 159 152
class 21 146 27 154
class 40 146 46 154
class -1 147 5 155
class 134 149 140 157
class 164 151 170 159
class 187 152 193 160
class 11 153 17 161
class 47 154 53 162
class 167 154 173 162
class 145 155 151 163
class 33 156 39 164
class 150 157 156 165
class 133 158 139 166
class 13 162 19 170
class 156 162 162 170
class 161 164 167 172
class 176 164 182 172
class 147 165 153 173
class 10 166 16 174
class 31 166 37 174
class 124 166 130 174
class 151 166 157 174
class 163 166 169 174
class 169 168 175 176
class 58 171 64 179
class 1 172 7 180
class 134 173 140 181
class 142 174 148 182
class 100 175 106 183
class 42 176 48 184
class 54 176 60 184
class 76 178 82 186
class 170 180 176 188
class 30 181 36 189
class 106 181 112 189
class 179 182 185 190
class 57 183 63 191
class 103 183 109 191
class 195 184 201 192
class 53 185 59 193
class 72 185 78 193
class 84 187 90 195
class 113 187 119 195
class 78 189 84 197
class 52 190 58 198
class 183 190 189 198
class 77 191 83 199
class 105 191 111 199
class 57 192 63 200
class 42 195 48 203
