class 182 -4 188 4
class 143 -3 149 5
class 184 0 190 8
class 76 1 82 9
class 190 1 196 9
class 118 4 124 12
class 21 11 27 19
class 55 14 61 22
class 74 14 80 22
class 130 14 136 22
class 168 15 174 23
class 53 18 59 26
class 172 19 178 27
class 13 22 19 30
class 34 24 40 32
class 152 25 158 33
class 42 32 48 40
class 97 32 103 40
class 192 32 198 40
class 144 33 150 41
class 149 33 155 41
class 95 37 101 45
class 87 38 93 46
class -1 39 5 47
class 49 40 55 48
class 26 42 32 50
class 67 42 73 50
class 137 45 143 53
class 112 46 118 54
class -3 47 3 55
class 85 47 91 55
class 147 48 153 56
class 9 51 15 59
class 194 51 200 59
class 114 55 120 63
class 145 57 151 65
class 153 57 159 65
class 168 57 174 65
class 82 58 88 66
class 117 59 123 67
class 149 59 155 67
class 175 60 181 68
class 180 62 186 70
class 119 63 125 71
class 58 64 64 72
class 125 64 131 72
class 162 65 168 73
class 118 67 124 75
class 119 69 125 77
class 183 69 189 77
class 110 70 116 78
class 113 74 119 82
class 89 75 95 83
class 149 75 155 83
class 89 81 95 89
class 114 81 120 89
class 143 81 149 89
class 39 82 45 90
class 156 85 162 93
class 36 89 42 97
class 24 90 30 98
class 81 90 87 98
class 158 90 164 98
class 50 92 56 100
class 104 92 110 100
class 144 93 150 101
class 138 95 144 103
class 125 97 131 105
class 130 98 136 106
class 51 99 57 107
class 150 100 156 108
class 8 104 14 112
class 83 105 89 113
class 28 106 34 114
class 74 108 80 116
class 85 109 91 117
class 155 112 161 120
class 166 112 172 120
class 79 113 85 121
class 105 113 111 121
class 90 114 96 122
class 62 115 68 123
class 58 116 64 124
class 148 117 154 125
class 188 120 194 128
class 145 121 151 129
class 71 124 77 132
class 85 125 91 133
class 173 126 179 134
class 176 127 182 135
class 42 131 48 139
class -1 134 5 142
class 47 134 53 142
class 155 134 161 142
class 28 139 34 147
class 6 140 12 148
class 21 140 27 148
class 20 143 26 151
class 153 144 159 152
class 21 146 27 154
class 95 147 101 155
class 134 149 140 157
class 187 152 193 160
class 11 153 17 161
class 167 154 173 162
class 145 155 151 163
class 33 156 39 164
class 83 156 89 164
class 14 157 20 165
class 150 157 156 165
class 140 159 146 167
class 13 162 19 170
class 176 164 182 172
class 148 165 154 173
class 10 166 16 174
class 31 166 37 174
class 124 166 130 174
class 151 166 157 174
class 196 166 202 174
class 169 168 175 176
class 58 171 64 179
class 1 172 7 180
class 134 173 140 181
class 142 174 148 182
class 100 175 106 183
class 54 176 60 184
class 76 178 82 186
class 86 179 92 187
class 170 180 176 188
class 30 181 36 189
class 105 181 111 189
class 179 182 185 190
class 56 183 62 191
class 104 183 110 191
class 195 184 201 192
class 53 185 59 193
class 84 187 90 195
class 113 187 119 195
class 53 190 59 198
class 183 190 189 198
class 169 191 175 199
class 56 192 62 200
class 42 195 48 203
class 120 195 126 203
