class 182 -4 188 4
class 115 -3 121 5
class 184 0 190 8
class 75 1 81 9
class 154 1 160 9
class 189 1 195 9
class 118 4 124 12
class 21 11 27 19
class 74 14 80 22
class 130 14 136 22
class 55 15 61 23
class 168 15 174 23
class 53 18 59 26
class 13 22 19 30
class 138 23 144 31
class 34 25 40 33
class 152 25 158 33
class 42 32 48 40
class 192 32 198 40
class 97 34 103 42
class 95 35 101 43
class 87 38 93 46
class -1 39 5 47
class 49 40 55 48
class 26 42 32 50
class 67 42 73 50
class 137 46 143 54
class -3 47 3 55
class 16 47 22 55
class 85 47 91 55
class 107 48 113 56
class 147 48 153 56
class 24 49 30 57
class 194 50 200 58
class 10 51 16 59
class 80 54 86 62
class 133 55 139 63
class 115 56 121 64
class 146 57 152 65
class 153 57 159 65
class 168 57 174 65
class 82 58 88 66
class 149 58 155 66
class 117 59 123 67
class 175 60 181 68
class 180 62 186 70
class 119 63 125 71
class 58 64 64 72
class 125 64 131 72
class 162 65 168 73
class 183 69 189 77
class 110 71 116 79
class 113 74 119 82
class 51 80 57 88
class 89 81 95 89
class 114 81 120 89
class 143 81 149 89
class 39 83 45 91
class 17 89 23 97
class 36 89 42 97
class 82 90 88 98
class 50 92 56 100
class 104 92 110 100
class 144 93 150 101
class 138 95 144 103
class 126 97 132 105
class 130 98 136 106
class 51 99 57 107
class 44 100 50 108
class 83 105 89 113
class 28 106 34 114
class 75 109 81 117
class 154 112 160 120
class 79 113 85 121
class 105 113 111 121
class 180 113 186 121
class 90 114 96 122
class 148 117 154 125
class 146 120 152 128
class 188 120 194 128
class 27 123 33 131
class 71 124 77 132
class 85 125 91 133
class -1 134 5 142
class 155 134 161 142
class 67 135 73 143
class 57 137 63 145
class 28 139 34 147
class 6 140 12 148
class 52 140 58 148
class 153 144 159 152
class 21 145 27 153
class -1 147 5 155
class 95 147 101 155
class 134 149 140 157
class 187 152 193 160
class 11 153 17 161
class 47 154 53 162
class 167 154 173 162
class 145 155 151 163
class 150 157 156 165
class 133 158 139 166
class 140 159 146 167
class 13 162 19 170
class 155 162 161 170
class 176 164 182 172
class 10 166 16 174
class 31 166 37 174
class 124 166 130 174
class 196 166 202 174
class 169 168 175 176
class 1 171 7 179
class 58 171 64 179
class 134 173 140 181
class 142 174 148 182
class 100 175 106 183
class 42 176 48 184
class 54 176 60 184
class 86 179 92 187
class 170 180 176 188
class 30 181 36 189
class 180 182 186 190
class 195 184 201 192
class 72 185 78 193
class 113 187 119 195
class 84 189 90 197
class 105 191 111 199
class 169 191 175 199
class 183 191 189 199
class 120 194 126 202
class 42 195 48 203
class 86 195 92 203
