class 86 -4 92 4
class 182 -4 188 4
class 79 -3 85 5
class 114 -3 120 5
class 143 -3 149 5
class 74 -2 80 6
class 76 -1 82 7
class 81 -1 87 7
class 78 1 84 9
class 190 1 196 9
class 118 4 124 12
class 71 7 77 15
class 82 7 88 15
class 82 8 88 16
class 65 10 71 18
class 72 10 78 18
class 185 10 191 18
class 21 11 27 19
class 44 12 50 20
class 62 12 68 20
class 179 12 185 20
class 55 14 61 22
class 74 14 80 22
class 130 14 136 22
class 1 15 7 23
class 46 16 52 24
class 60 18 66 26
class 116 18 122 26
class 172 20 178 28
class 41 21 47 29
class 59 21 65 29
class 114 21 120 29
class 13 22 19 30
class 43 22 49 30
class 33 24 39 32
class 68 24 74 32
class 58 25 64 33
class 152 25 158 33
class 70 27 76 35
class 59 28 65 36
class 107 29 113 37
class 97 31 103 39
class 192 32 198 40
class 42 33 48 41
class 142 33 148 41
class 151 33 157 41
class 87 38 93 46
class 49 39 55 47
class 95 39 101 47
class 140 40 146 48
class 189 40 195 48
class 190 40 196 48
class 26 41 32 49
class 67 42 73 50
class 142 42 148 50
class 137 45 143 53
class -2 47 4 55
class 19 47 25 55
class 54 47 60 55
class 85 47 91 55
class 147 48 153 56
class 24 49 30 57
class 8 51 14 59
class 179 51 185 59
class 55 52 61 60
class 77 54 83 62
class 99 54 105 62
class 114 54 120 62
class 133 55 139 63
class 176 55 182 63
class 129 57 135 65
class 145 57 151 65
class 153 57 159 65
class 167 57 173 65
class 96 58 102 66
class 117 59 123 67
class 127 59 133 67
class 149 59 155 67
class 175 60 181 68
class 140 62 146 70
class 180 62 186 70
class 119 63 125 71
class 58 64 64 72
class 147 65 153 73
class 162 65 168 73
class 139 66 145 74
class 22 67 28 75
class 118 67 124 75
class 143 67 149 75
class 110 68 116 76
class 20 69 26 77
class 183 69 189 77
class 7 70 13 78
class 120 71 126 79
class 8 75 14 83
class 89 75 95 83
class 149 75 155 83
class 195 77 201 85
class 193 78 199 86
class 50 80 56 88
class 39 81 45 89
class 89 81 95 89
class 115 81 121 89
class 143 82 149 90
class 156 83 162 91
class 7 86 13 94
class 195 87 201 95
class 0 88 6 96
class 17 89 23 97
class 36 89 42 97
class 24 90 30 98
class 9 91 15 99
class 71 91 77 99
class 103 92 109 100
class 158 92 164 100
class 144 93 150 101
class 30 95 36 103
class 138 95 144 103
class 172 95 178 103
class 125 96 131 104
class 73 97 79 105
class 51 99 57 107
class 130 99 136 107
class 44 100 50 108
class 150 100 156 108
class 8 102 14 110
class 161 104 167 112
class 83 105 89 113
class 28 106 34 114
class 73 106 79 114
class 61 107 67 115
class 5 108 11 116
class 37 108 43 116
class 33 109 39 117
class 155 112 161 120
class 166 112 172 120
class 79 113 85 121
class 105 113 111 121
class 180 113 186 121
class 55 114 61 122
class 90 114 96 122
class 52 115 58 123
class 57 116 63 124
class 64 116 70 124
class 148 117 154 125
class 188 120 194 128
class 71 123 77 131
class 85 125 91 133
class 162 125 168 133
class 20 126 26 134
class 171 126 177 134
class 179 127 185 135
class 195 127 201 135
class 192 128 198 136
class 8 131 14 139
class 42 131 48 139
class 162 131 168 139
class -1 134 5 142
class 47 134 53 142
class 155 134 161 142
class 67 135 73 143
class 84 135 90 143
class 57 137 63 145
class 103 137 109 145
class 121 137 127 145
class 87 138 93 146
class 21 139 27 147
class 28 139 34 147
class 105 140 111 148
class 52 142 58 150
class 175 142 181 150
class 19 143 25 151
class 40 143 46 151
class 1 147 7 155
class 95 147 101 155
class 174 147 180 155
class 134 149 140 157
class 164 149 170 157
class 32 150 38 158
class 42 150 48 158
class 179 151 185 159
class 33 152 39 160
class 187 152 193 160
class 11 153 17 161
class 47 154 53 162
class 167 154 173 162
class 145 155 151 163
class 83 156 89 164
class 14 157 20 165
class 150 157 156 165
class 74 158 80 166
class 72 159 78 167
class 140 159 146 167
class 13 162 19 170
class 156 162 162 170
class 161 164 167 172
class 177 164 183 172
class 146 165 152 173
class 10 166 16 174
class 124 166 130 174
class 151 166 157 174
class 196 166 202 174
class 38 167 44 175
class 164 167 170 175
class 169 168 175 176
class 40 169 46 177
class 137 169 143 177
class 183 169 189 177
class 58 171 64 179
class 135 171 141 179
class 1 173 7 181
class 181 173 187 181
class 100 175 106 183
class 42 176 48 184
class 54 176 60 184
class 76 178 82 186
class 86 179 92 187
class 170 180 176 188
class 30 181 36 189
class 177 182 183 190
class 57 183 63 191
class 103 183 109 191
class 126 183 132 191
class 121 184 127 192
class 195 184 201 192
class 53 185 59 193
class 72 185 78 193
class 5 186 11 194
class 84 186 90 194
class 142 186 148 194
class 78 187 84 195
class 113 187 119 195
class 136 187 142 195
class 97 188 103 196
class 164 190 170 198
class 183 190 189 198
class 77 191 83 199
class 105 191 111 199
class 169 191 175 199
class 57 192 63 200
class 96 192 102 200
class 160 192 166 200
class 42 195 48 203
