class 86 -4 92 4
class 182 -4 188 4
class 114 -3 120 5
class 184 0 190 8
class 76 1 82 9
class 154 1 160 9
class 190 1 196 9
class 184 10 190 18
class 38 12 44 20
class 180 12 186 20
class 55 14 61 22
class 74 14 80 22
class 130 14 136 22
class 53 18 59 26
class 172 19 178 27
class 13 22 19 30
class 138 23 144 31
class 34 24 40 32
class 152 25 158 33
class 97 31 103 39
class 42 32 48 40
class 142 33 148 41
class 150 33 156 41
class 87 38 93 46
class 95 38 101 46
class -1 39 5 47
class 49 39 55 47
class 67 42 73 50
class 137 45 143 53
class 112 46 118 54
class -3 47 3 55
class 17 47 23 55
class 54 47 60 55
class 85 47 91 55
class 105 48 111 56
class 147 48 153 56
class 24 49 30 57
class 8 51 14 59
class 55 51 61 59
class 114 55 120 63
class 133 55 139 63
class 97 57 103 65
class 145 57 151 65
class 153 57 159 65
class 82 58 88 66
class 117 59 123 67
class 149 59 155 67
class 175 60 181 68
class 180 62 186 70
class 119 63 125 71
class 58 64 64 72
class 162 65 168 73
class 118 67 124 75
class 110 69 116 77
class 120 70 126 78
class 113 74 119 82
class 89 75 95 83
class 149 75 155 83
class 51 80 57 88
class 39 81 45 89
class 89 81 95 89
class 115 81 121 89
class 156 84 162 92
class 7 86 13 94
class 9 89 15 97
class 36 89 42 97
class 81 90 87 98
class 50 92 56 100
class 104 92 110 100
class 144 93 150 101
class 34 95 40 103
class 138 95 144 103
class 73 96 79 104
class 125 97 131 105
class 130 98 136 106
class 51 99 57 107
class 44 100 50 108
class 150 100 156 108
class 8 103 14 111
class 83 105 89 113
class 161 105 167 113
class 28 106 34 114
class 5 108 11 116
class 73 108 79 116
class 163 108 169 116
class 85 109 91 117
class 155 112 161 120
class 166 112 172 120
class 79 113 85 121
class 105 113 111 121
class 180 113 186 121
class 57 116 63 124
class 148 117 154 125
class 188 120 194 128
class 145 121 151 129
class 27 123 33 131
class 71 124 77 132
class 85 125 91 133
class 162 125 168 133
class 172 126 178 134
class 178 127 184 135
class 162 130 168 138
class 42 131 48 139
class -1 134 5 142
class 47 134 53 142
class 155 134 161 142
class 67 135 73 143
class 57 137 63 145
class 121 137 127 145
class 21 139 27 147
class 28 139 34 147
class 6 140 12 148
class 52 142 58 150
class 19 143 25 151
class 153 144 159 152
class 40 145 46 153
class -1 147 5 155
class 42 149 48 157
class 134 149 140 157
class 164 150 170 158
class 11 153 17 161
class 47 154 53 162
class 167 154 173 162
class 145 155 151 163
class 33 156 39 164
class 83 156 89 164
class 14 157 20 165
class 150 157 156 165
class 133 158 139 166
class 140 159 146 167
class 13 162 19 170
class 156 162 162 170
class 10 166 16 174
class 31 166 37 174
class 124 166 130 174
class 151 166 157 174
class 164 166 170 174
class 196 166 202 174
class 1 172 7 180
class 100 175 106 183
class 42 176 48 184
class 54 176 60 184
class 76 178 82 186
class 170 180 176 188
class 30 181 36 189
class 107 181 113 189
class 57 183 63 191
class 103 183 109 191
class 195 184 201 192
class 53 185 59 193
class 72 185 78 193
class 84 187 90 195
class 113 187 119 195
class 78 188 84 196
class 52 190 58 198
class 183 190 189 198
class 77 191 83 199
class 105 191 111 199
class 169 191 175 199
class 57 192 63 200
class 42 195 48 203
class 120 195 126 203
