class 86 -4 92 4
class 182 -4 188 4
class 114 -3 120 5
class 143 -3 149 5
class 184 0 190 8
class 76 1 82 9
class 154 1 160 9
class 190 1 196 9
class 118 4 124 12
class 40 10 46 18
class 64 10 70 18
class 185 10 191 18
class 21 11 27 19
class 62 12 68 20
class 180 12 186 20
class 44 13 50 21
class 55 14 61 22
class 74 14 80 22
class 130 14 136 22
class 1 15 7 23
class 45 15 51 23
class 53 18 59 26
class 172 19 178 27
class 138 23 144 31
class 34 24 40 32
class 58 25 64 33
class 152 25 158 33
class 59 28 65 36
class 107 29 113 37
class 109 31 115 39
class 142 33 148 41
class 151 33 157 41
class 87 38 93 46
class 95 38 101 46
class -1 39 5 47
class 49 39 55 47
class 26 41 32 49
class 67 42 73 50
class 137 45 143 53
class 112 46 118 54
class -3 47 3 55
class 18 47 24 55
class 54 47 60 55
class 85 47 91 55
class 105 48 111 56
class 24 49 30 57
class 8 51 14 59
class 55 52 61 60
class 194 52 200 60
class 78 54 84 62
class 99 54 105 62
class 114 55 120 63
class 133 55 139 63
class 176 55 182 63
class 96 57 102 65
class 129 57 135 65
class 153 57 159 65
class 82 58 88 66
class 117 59 123 67
class 127 59 133 67
class 149 59 155 67
class 175 60 181 68
class 180 62 186 70
class 119 63 125 71
class 58 64 64 72
class 125 64 131 72
class 145 65 151 73
class 162 65 168 73
class 139 66 145 74
class 144 66 150 74
class 118 67 124 75
class 110 69 116 77
class 7 72 13 80
class 8 73 14 81
class 113 74 119 82
class 89 75 95 83
class 149 75 155 83
class 51 80 57 88
class 39 81 45 89
class 89 81 95 89
class 115 81 121 89
class 143 82 149 90
class 156 83 162 91
class 7 86 13 94
class 17 89 23 97
class 36 89 42 97
class 9 90 15 98
class 24 90 30 98
class 50 92 56 100
class 71 92 77 100
class 103 92 109 100
class 158 92 164 100
class 144 93 150 101
class 30 95 36 103
class 34 95 40 103
class 138 95 144 103
class 73 96 79 104
class 125 96 131 104
class 130 98 136 106
class 44 100 50 108
class 8 103 14 111
class 59 104 65 112
class 83 105 89 113
class 161 105 167 113
class 28 106 34 114
class 61 107 67 115
class 73 107 79 115
class 5 108 11 116
class 163 108 169 116
class 85 109 91 117
class 166 112 172 120
class 79 113 85 121
class 180 113 186 121
class 90 114 96 122
class 148 117 154 125
class 188 120 194 128
class 145 122 151 130
class 16 123 22 131
class 71 123 77 131
class 85 125 91 133
class 162 125 168 133
class 20 126 26 134
class 171 126 177 134
class 179 127 185 135
class 162 130 168 138
class -1 134 5 142
class 47 134 53 142
class 155 134 161 142
class 67 135 73 143
class 57 137 63 145
class 121 137 127 145
class 103 138 109 146
class 21 139 27 147
class 28 139 34 147
class 6 140 12 148
class 52 142 58 150
class 19 143 25 151
class 175 143 181 151
class 40 144 46 152
class 152 144 158 152
class 21 146 27 154
class 174 146 180 154
class 0 147 6 155
class 95 147 101 155
class 134 149 140 157
class 42 150 48 158
class 164 150 170 158
class 187 152 193 160
class 11 153 17 161
class 47 154 53 162
class 167 154 173 162
class 145 155 151 163
class 83 156 89 164
class 14 157 20 165
class 133 158 139 166
class 140 159 146 167
class 13 162 19 170
class 161 164 167 172
class 176 164 182 172
class 146 165 152 173
class 10 166 16 174
class 31 166 37 174
class 124 166 130 174
class 151 166 157 174
class 196 166 202 174
class 164 167 170 175
class 58 171 64 179
class 181 172 187 180
class 134 173 140 181
class 142 174 148 182
class 100 175 106 183
class 42 176 48 184
class 54 176 60 184
class 76 178 82 186
class 170 180 176 188
class 30 181 36 189
class 107 181 113 189
class 178 182 184 190
class 57 183 63 191
class 122 184 128 192
class 195 184 201 192
class 72 185 78 193
class 141 186 147 194
class 78 187 84 195
class 84 187 90 195
class 113 187 119 195
class 137 187 143 195
class 51 190 57 198
class 163 190 169 198
class 183 190 189 198
class 77 191 83 199
class 105 191 111 199
class 169 191 175 199
class 57 192 63 200
class 161 192 167 200
class 120 195 126 203
