class 86 -4 92 4
class 182 -4 188 4
class 75 1 81 9
class 154 1 160 9
class 190 1 196 9
class 118 4 124 12
class 21 11 27 19
class 55 14 61 22
class 74 14 80 22
class 1 15 7 23
class 53 18 59 26
class 172 19 178 27
class 13 22 19 30
class 138 23 144 31
class 34 25 40 33
class 152 25 158 33
class 192 32 198 40
class 97 33 103 41
class 146 33 152 41
class 148 33 154 41
class 95 36 101 44
class 87 38 93 46
class -1 39 5 47
class 49 40 55 48
class 26 42 32 50
class 67 42 73 50
class 111 46 117 54
class 137 46 143 54
class 17 47 23 55
class 106 48 112 56
class 147 48 153 56
class 24 49 30 57
class 9 51 15 59
class 79 54 85 62
class 133 55 139 63
class 114 56 120 64
class 145 57 151 65
class 153 57 159 65
class 168 57 174 65
class 82 58 88 66
class 117 59 123 67
class 149 59 155 67
class 175 60 181 68
class 180 62 186 70
class 119 63 125 71
class 58 64 64 72
class 125 64 131 72
class 162 65 168 73
class 183 69 189 77
class 110 70 116 78
class 89 75 95 83
class 149 75 155 83
class 51 80 57 88
class 89 81 95 89
class 114 81 120 89
class 39 82 45 90
class 156 86 162 94
class 17 89 23 97
class 158 89 164 97
class 24 90 30 98
class 50 92 56 100
class 104 92 110 100
class 144 93 150 101
class 125 97 131 105
class 130 98 136 106
class 51 99 57 107
class 44 100 50 108
class 150 100 156 108
class 7 105 13 113
class 83 105 89 113
class 28 106 34 114
class 5 107 11 115
class 85 109 91 117
class 154 112 160 120
class 166 112 172 120
class 79 113 85 121
class 105 113 111 121
class 180 113 186 121
class 90 114 96 122
class 148 117 154 125
class 145 120 151 128
class 188 120 194 128
class 27 123 33 131
class 71 124 77 132
class 85 125 91 133
class 42 131 48 139
class -1 134 5 142
class 155 134 161 142
class 67 135 73 143
class 57 137 63 145
class 121 137 127 145
class 28 139 34 147
class 6 140 12 148
class 52 141 58 149
class 153 144 159 152
class 21 145 27 153
class -1 147 5 155
class 95 147 101 155
class 164 151 170 159
class 11 153 17 161
class 47 154 53 162
class 167 154 173 162
class 145 155 151 163
class 33 156 39 164
class 83 156 89 164
class 14 157 20 165
class 150 157 156 165
class 133 158 139 166
class 140 159 146 167
class 13 162 19 170
class 156 162 162 170
class 176 164 182 172
class 31 166 37 174
class 124 166 130 174
class 196 166 202 174
class 169 168 175 176
class 58 171 64 179
class 1 172 7 180
class 134 173 140 181
class 142 174 148 182
class 100 175 106 183
class 42 176 48 184
class 54 176 60 184
class 76 179 82 187
class 86 179 92 187
class 170 180 176 188
class 30 181 36 189
class 179 182 185 190
class 55 183 61 191
class 195 184 201 192
class 54 185 60 193
class 72 185 78 193
class 113 187 119 195
class 84 188 90 196
class 53 190 59 198
class 105 191 111 199
class 169 191 175 199
class 55 192 61 200
class 42 195 48 203
class 120 195 126 203
