class 91 -4 97 4
class 25 -3 31 5
class 150 -3 156 5
class 10 -2 16 6
class 72 0 78 8
class 100 0 106 8
class 49 1 55 9
class 111 1 117 9
class 157 4 163 12
class 8 9 14 17
class 72 9 78 17
class 106 10 112 18
class 190 11 196 19
class 43 12 49 20
class 33 14 39 22
class 162 15 168 23
class 141 16 147 24
class 49 17 55 25
class 25 18 31 26
class 179 19 185 27
class 36 20 42 28
class 134 21 140 29
class 162 21 168 29
class 85 22 91 30
class 96 22 102 30
class 158 22 164 30
class 191 22 197 30
class 149 23 155 31
class 30 25 36 33
class 80 25 86 33
class 137 26 143 34
class 97 34 103 42
class 93 35 99 43
class 112 35 118 43
class 120 36 126 44
class 79 38 85 46
class 145 38 151 46
class 44 41 50 49
class 38 42 44 50
class 62 42 68 50
class 113 42 119 50
class 50 44 56 52
class 33 45 39 53
class 125 47 131 55
class 96 48 102 56
class 113 51 119 59
class 123 51 129 59
class 156 51 162 59
class 75 53 81 61
class 5 54 11 62
class 9 54 15 62
class 84 55 90 63
class 191 55 197 63
class 90 58 96 66
class 136 59 142 67
class 46 60 52 68
class 112 60 118 68
class 134 61 140 69
class 6 62 12 70
class 117 62 123 70
class 72 63 78 71
class 81 63 87 71
class 101 64 107 72
class 173 64 179 72
class 160 65 166 73
class 157 68 163 76
class 144 69 150 77
class 47 71 53 79
class 51 71 57 79
class 67 72 73 80
class 121 72 127 80
class 159 72 165 80
class 128 73 134 81
class 174 73 180 81
class 139 74 145 82
class 111 75 117 83
class 93 79 99 87
class 162 79 168 87
class 34 80 40 88
class 112 80 118 88
class 167 83 173 91
class 176 83 182 91
class 113 84 119 92
class 58 87 64 95
class 194 87 200 95
class 41 88 47 96
class 47 88 53 96
class 90 88 96 96
class 196 88 202 96
class 180 90 186 98
class 27 91 33 99
class 152 92 158 100
class 2 93 8 101
class 20 93 26 101
class 57 93 63 101
class 93 94 99 102
class 153 94 159 102
class 103 96 109 104
class 47 97 53 105
class 43 98 49 106
class 127 98 133 106
class 169 98 175 106
class 1 99 7 107
class 52 99 58 107
class 156 99 162 107
class 161 100 167 108
class 166 100 172 108
class 64 101 70 109
class 115 102 121 110
class 57 103 63 111
class 25 104 31 112
class 95 104 101 112
class 15 105 21 113
class 51 105 57 113
class 78 105 84 113
class 84 106 90 114
class 139 106 145 114
class 2 109 8 117
class 144 109 150 117
class 195 110 201 118
class 8 111 14 119
class 74 111 80 119
class 27 112 33 120
class 49 114 55 122
class 60 114 66 122
class 190 114 196 122
class 93 117 99 125
class 133 117 139 125
class 24 119 30 127
class 100 121 106 129
class 111 121 117 129
class 115 124 121 132
class 86 125 92 133
class 167 125 173 133
class 88 126 94 134
class 4 127 10 135
class 33 127 39 135
class 103 128 109 136
class 61 130 67 138
class 141 130 147 138
class 170 130 176 138
class 61 131 67 139
class 81 131 87 139
class 28 133 34 141
class 78 133 84 141
class 5 135 11 143
class 147 135 153 143
class 130 136 136 144
class 106 137 112 145
class 0 138 6 146
class 81 138 87 146
class 28 139 34 147
class 125 140 131 148
class 70 141 76 149
class 101 142 107 150
class 36 143 42 151
class 11 145 17 153
class 83 145 89 153
class 158 145 164 153
class 175 145 181 153
class 45 146 51 154
class 182 146 188 154
class 193 146 199 154
class 68 150 74 158
class 61 152 67 160
class 73 152 79 160
class 30 153 36 161
class 58 155 64 163
class 97 155 103 163
class 137 157 143 165
class 56 159 62 167
class 96 160 102 168
class 185 160 191 168
class 161 163 167 171
class 6 164 12 172
class 65 165 71 173
class 121 165 127 173
class 115 166 121 174
class 84 167 90 175
class 112 167 118 175
class 54 168 60 176
class 74 168 80 176
class 78 168 84 176
class 94 168 100 176
class 105 168 111 176
class 149 168 155 176
class 174 168 180 176
class 131 169 137 177
class 48 170 54 178
class 92 170 98 178
class 39 171 45 179
class 56 171 62 179
class 139 171 145 179
class 39 172 45 180
class 150 174 156 182
class 30 175 36 183
class 21 177 27 185
class 105 178 111 186
class 135 180 141 188
class 81 181 87 189
class 53 183 59 191
class 119 183 125 191
class 142 183 148 191
class 191 183 197 191
class 60 184 66 192
class 76 184 82 192
class 85 185 91 193
class 87 188 93 196
class 94 188 100 196
class 18 189 24 197
class 85 191 91 199
class 190 191 196 199
class 57 192 63 200
class 117 192 123 200
class 125 192 131 200
class 19 193 25 201
class 82 193 88 201
class 179 194 185 202
class 186 194 192 202
class 14 195 20 203
