class 92 -4 98 4
class 25 -3 31 5
class 150 -3 156 5
class 10 -2 16 6
class 174 -1 180 7
class 55 0 61 8
class 72 0 78 8
class 100 0 106 8
class 49 1 55 9
class 111 1 117 9
class 157 4 163 12
class 110 6 116 14
class 8 9 14 17
class 72 9 78 17
class 190 11 196 19
class 43 12 49 20
class 153 13 159 21
class 33 14 39 22
class 162 15 168 23
class 141 16 147 24
class 49 17 55 25
class 26 18 32 26
class 17 20 23 28
class 69 20 75 28
class 36 21 42 29
class 135 21 141 29
class 85 22 91 30
class 95 22 101 30
class 191 22 197 30
class 149 23 155 31
class 80 24 86 32
class 137 25 143 33
class 48 33 54 41
class 113 35 119 43
class 120 36 126 44
class 66 38 72 46
class 80 39 86 47
class 145 39 151 47
class 62 40 68 48
class 44 41 50 49
class 38 42 44 50
class 50 44 56 52
class 34 45 40 53
class 125 47 131 55
class 96 48 102 56
class 113 49 119 57
class 123 50 129 58
class 156 51 162 59
class 17 52 23 60
class 75 53 81 61
class 11 55 17 63
class 85 55 91 63
class 191 55 197 63
class 112 60 118 68
class 117 62 123 70
class 72 63 78 71
class 55 64 61 72
class 173 64 179 72
class 136 66 142 74
class 143 69 149 77
class 67 72 73 80
class 121 72 127 80
class 128 73 134 81
class 139 74 145 82
class 53 75 59 83
class 111 76 117 84
class 60 79 66 87
class 93 79 99 87
class 34 81 40 89
class 74 81 80 89
class 121 82 127 90
class 176 83 182 91
class 58 87 64 95
class 41 88 47 96
class 47 88 53 96
class 90 88 96 96
class 180 90 186 98
class 27 91 33 99
class 62 92 68 100
class 1 93 7 101
class 57 94 63 102
class 93 94 99 102
class 103 96 109 104
class 91 97 97 105
class 1 98 7 106
class 127 98 133 106
class 52 99 58 107
class 61 101 67 109
class 79 101 85 109
class 115 102 121 110
class 95 104 101 112
class 15 105 21 113
class 51 105 57 113
class 84 106 90 114
class 139 106 145 114
class 123 107 129 115
class 133 107 139 115
class 144 109 150 117
class 8 111 14 119
class 195 111 201 119
class 27 112 33 120
class 191 113 197 121
class 60 114 66 122
class 49 115 55 123
class 42 116 48 124
class 133 117 139 125
class 100 121 106 129
class 111 122 117 130
class 115 124 121 132
class 130 125 136 133
class 167 126 173 134
class 33 127 39 135
class 4 129 10 137
class 103 129 109 137
class 170 129 176 137
class 98 130 104 138
class 141 130 147 138
class 5 135 11 143
class 147 135 153 143
class 52 136 58 144
class 130 136 136 144
class 15 137 21 145
class 105 137 111 145
class 70 141 76 149
class 125 141 131 149
class 103 142 109 150
class 11 143 17 151
class 37 143 43 151
class 158 145 164 153
class 175 145 181 153
class 182 146 188 154
class 193 146 199 154
class 178 147 184 155
class 127 148 133 156
class 68 151 74 159
class 61 152 67 160
class 71 152 77 160
class 30 153 36 161
class 123 155 129 163
class 137 157 143 165
class 35 159 41 167
class 185 160 191 168
class 96 161 102 169
class 121 163 127 171
class 161 163 167 171
class 65 165 71 173
class 84 167 90 175
class 105 168 111 176
class 175 168 181 176
class 134 169 140 177
class 136 171 142 179
class 30 175 36 183
class 21 176 27 184
class 105 178 111 186
class 81 181 87 189
class 60 184 66 192
class 76 184 82 192
class 119 185 125 193
class 22 186 28 194
class 94 188 100 196
class 57 192 63 200
class 117 192 123 200
class 125 192 131 200
class 179 194 185 202
class 186 194 192 202
class 14 195 20 203
