class 91 -4 97 4
class 25 -3 31 5
class 150 -3 156 5
class 10 -2 16 6
class 172 -1 178 7
class 56 0 62 8
class 72 0 78 8
class 100 0 106 8
class 49 1 55 9
class 111 1 117 9
class 81 6 87 14
class 111 6 117 14
class 82 8 88 16
class 8 9 14 17
class 72 9 78 17
class 106 10 112 18
class 174 11 180 19
class 190 11 196 19
class 43 12 49 20
class 33 14 39 22
class 162 15 168 23
class 141 16 147 24
class 49 17 55 25
class 25 18 31 26
class 74 19 80 27
class 75 19 81 27
class 179 19 185 27
class 17 20 23 28
class 36 20 42 28
class 66 20 72 28
class 134 21 140 29
class 162 21 168 29
class 85 22 91 30
class 96 22 102 30
class 158 22 164 30
class 191 22 197 30
class 149 23 155 31
class 26 24 32 32
class 30 25 36 33
class 137 26 143 34
class 48 33 54 41
class 97 34 103 42
class 27 35 33 43
class 66 35 72 43
class 93 35 99 43
class 112 35 118 43
class 29 36 35 44
class 74 36 80 44
class 120 36 126 44
class 79 38 85 46
class 145 38 151 46
class 73 39 79 47
class 44 41 50 49
class 38 42 44 50
class 62 42 68 50
class 113 42 119 50
class 50 44 56 52
class 33 45 39 53
class 125 47 131 55
class 96 48 102 56
class 113 51 119 59
class 123 51 129 59
class 156 51 162 59
class 4 54 10 62
class 9 54 15 62
class 75 54 81 62
class 54 55 60 63
class 84 55 90 63
class 191 55 197 63
class 12 56 18 64
class 55 56 61 64
class 91 58 97 66
class 137 59 143 67
class 46 60 52 68
class 6 62 12 70
class 117 62 123 70
class 72 63 78 71
class 81 63 87 71
class 101 64 107 72
class 173 64 179 72
class 160 65 166 73
class 136 66 142 74
class 157 68 163 76
class 163 68 169 76
class 96 69 102 77
class 144 69 150 77
class 51 70 57 78
class 90 70 96 78
class 47 71 53 79
class 67 72 73 80
class 121 72 127 80
class 128 73 134 81
class 174 73 180 81
class 139 74 145 82
class 53 75 59 83
class 111 75 117 83
class 93 78 99 86
class 60 79 66 87
class 162 79 168 87
class 34 80 40 88
class 112 80 118 88
class 74 81 80 89
class 104 82 110 90
class 121 82 127 90
class 167 83 173 91
class 176 83 182 91
class 113 84 119 92
class 4 87 10 95
class 58 87 64 95
class 5 88 11 96
class 41 88 47 96
class 90 88 96 96
class 141 88 147 96
class 189 89 195 97
class 180 90 186 98
class 28 91 34 99
class 152 91 158 99
class 63 92 69 100
class 127 92 133 100
class 2 93 8 101
class 20 93 26 101
class 57 93 63 101
class 153 95 159 103
class 103 96 109 104
class 48 97 54 105
class 91 97 97 105
class 22 98 28 106
class 79 98 85 106
class 127 98 133 106
class 169 98 175 106
class 52 99 58 107
class 156 99 162 107
class 139 100 145 108
class 161 100 167 108
class 166 100 172 108
class 64 101 70 109
class 105 101 111 109
class 78 102 84 110
class 115 102 121 110
class 57 103 63 111
class 25 104 31 112
class 15 105 21 113
class 51 105 57 113
class 78 106 84 114
class 84 106 90 114
class 139 106 145 114
class 123 107 129 115
class 132 107 138 115
class 2 109 8 117
class 195 110 201 118
class 74 111 80 119
class 8 112 14 120
class 27 112 33 120
class 71 113 77 121
class 49 114 55 122
class 60 114 66 122
class 190 114 196 122
class 42 116 48 124
class 133 117 139 125
class 24 119 30 127
class 100 121 106 129
class 111 121 117 129
class 115 124 121 132
class 128 124 134 132
class 86 125 92 133
class 167 125 173 133
class 83 126 89 134
class 89 126 95 134
class 4 127 10 135
class 33 127 39 135
class 103 128 109 136
class 59 130 65 138
class 98 130 104 138
class 141 130 147 138
class 170 130 176 138
class 63 131 69 139
class 81 131 87 139
class 28 133 34 141
class 5 135 11 143
class 52 136 58 144
class 130 136 136 144
class 0 137 6 145
class 106 137 112 145
class 35 138 41 146
class 81 138 87 146
class 34 139 40 147
class 35 139 41 147
class 87 139 93 147
class -3 140 3 148
class 28 140 34 148
class 125 140 131 148
class 70 141 76 149
class 86 141 92 149
class 9 142 15 150
class 101 142 107 150
class 36 143 42 151
class 175 145 181 153
class 45 146 51 154
class 83 146 89 154
class 182 146 188 154
class 193 146 199 154
class 127 148 133 156
class 178 148 184 156
class 68 150 74 158
class 61 152 67 160
class 73 152 79 160
class 2 153 8 161
class 29 153 35 161
class 97 154 103 162
class 0 155 6 163
class 123 155 129 163
class 77 157 83 165
class 120 157 126 165
class 137 157 143 165
class 35 159 41 167
class 56 159 62 167
class 76 159 82 167
class 96 160 102 168
class 185 160 191 168
class 0 163 6 171
class 161 163 167 171
class 6 164 12 172
class 121 165 127 173
class 115 166 121 174
class 111 167 117 175
class 54 168 60 176
class 73 168 79 176
class 78 168 84 176
class 94 168 100 176
class 105 168 111 176
class 149 168 155 176
class 174 168 180 176
class 130 169 136 177
class 92 170 98 178
class 160 170 166 178
class 56 171 62 179
class 140 171 146 179
class 40 173 46 181
class 150 174 156 182
class 21 177 27 185
class 56 180 62 188
class 134 180 140 188
class 81 181 87 189
class 119 182 125 190
class 149 182 155 190
class 53 183 59 191
class 143 183 149 191
class 191 183 197 191
class 22 184 28 192
class 60 184 66 192
class 76 184 82 192
class 150 184 156 192
class 85 185 91 193
class 88 188 94 196
class 94 188 100 196
class 85 190 91 198
class 190 191 196 199
class 57 192 63 200
class 82 193 88 201
class 179 194 185 202
class 186 194 192 202
class 14 195 20 203
