class 91 -4 97 4
class 10 -2 16 6
class 130 -2 136 6
class 172 -1 178 7
class 57 0 63 8
class 72 0 78 8
class 49 1 55 9
class 158 4 164 12
class 81 5 87 13
class 8 9 14 17
class 72 9 78 17
class 82 9 88 17
class 105 10 111 18
class 173 11 179 19
class 43 12 49 20
class 190 12 196 20
class 151 13 157 21
class 33 15 39 23
class 162 15 168 23
class 141 16 147 24
class 49 17 55 25
class 73 19 79 27
class 77 19 83 27
class 179 19 185 27
class 17 20 23 28
class 36 20 42 28
class 66 20 72 28
class 133 21 139 29
class 163 21 169 29
class 85 22 91 30
class 96 22 102 30
class 158 22 164 30
class 191 22 197 30
class 149 23 155 31
class 30 25 36 33
class 80 26 86 34
class 137 26 143 34
class 162 32 168 40
class 48 33 54 41
class 191 33 197 41
class 27 34 33 42
class 98 34 104 42
class 66 35 72 43
class 74 35 80 43
class 93 35 99 43
class 112 35 118 43
class 120 36 126 44
class 162 36 168 44
class 168 36 174 44
class 29 37 35 45
class 145 37 151 45
class 164 37 170 45
class 79 38 85 46
class 73 39 79 47
class 143 40 149 48
class 44 41 50 49
class 38 42 44 50
class 113 42 119 50
class 135 42 141 50
class 62 43 68 51
class 143 43 149 51
class 50 44 56 52
class 132 44 138 52
class 33 45 39 53
class 18 47 24 55
class 125 47 131 55
class 17 48 23 56
class 123 51 129 59
class 156 51 162 59
class 17 52 23 60
class 47 53 53 61
class 3 54 9 62
class 9 54 15 62
class 48 54 54 62
class 75 54 81 62
class 191 54 197 62
class 53 55 59 63
class 12 56 18 64
class 56 56 62 64
class 190 57 196 65
class 91 58 97 66
class 191 59 197 67
class 46 60 52 68
class 132 61 138 69
class 6 62 12 70
class 117 62 123 70
class 72 63 78 71
class 81 63 87 71
class 101 64 107 72
class 55 65 61 73
class 160 65 166 73
class 136 66 142 74
class 164 68 170 76
class 24 69 30 77
class 97 69 103 77
class 145 69 151 77
class 22 70 28 78
class 51 70 57 78
class 20 72 26 80
class 67 72 73 80
class 121 72 127 80
class 159 72 165 80
class 128 73 134 81
class 174 73 180 81
class 53 75 59 83
class 93 78 99 86
class 60 79 66 87
class 158 79 164 87
class 162 79 168 87
class 34 80 40 88
class 101 80 107 88
class 112 80 118 88
class 74 81 80 89
class 104 82 110 90
class 121 82 127 90
class 157 82 163 90
class 167 83 173 91
class 176 83 182 91
class 3 86 9 94
class 58 87 64 95
class 6 88 12 96
class 41 88 47 96
class 90 88 96 96
class 141 88 147 96
class 189 89 195 97
class 196 89 202 97
class 28 91 34 99
class 2 92 8 100
class 37 92 43 100
class 39 92 45 100
class 63 92 69 100
class 127 92 133 100
class 20 93 26 101
class 57 93 63 101
class 93 94 99 102
class 153 95 159 103
class 79 97 85 105
class 91 97 97 105
class 22 98 28 106
class 42 98 48 106
class 127 98 133 106
class 169 98 175 106
class 52 99 58 107
class 139 99 145 107
class 156 99 162 107
class 1 100 7 108
class 166 100 172 108
class 34 101 40 109
class 65 101 71 109
class 105 101 111 109
class 78 102 84 110
class 115 102 121 110
class 138 102 144 110
class 147 102 153 110
class 36 103 42 111
class 57 103 63 111
class 25 104 31 112
class 148 104 154 112
class 51 105 57 113
class 106 105 112 113
class 78 106 84 114
class 84 106 90 114
class 139 106 145 114
class 123 107 129 115
class 132 107 138 115
class 2 109 8 117
class 144 109 150 117
class 195 109 201 117
class 74 111 80 119
class 8 112 14 120
class 27 112 33 120
class 168 112 174 120
class 71 113 77 121
class 49 114 55 122
class 60 114 66 122
class 166 114 172 122
class 157 115 163 123
class 190 115 196 123
class 42 116 48 124
class 155 116 161 124
class 93 117 99 125
class 133 117 139 125
class 24 119 30 127
class 111 121 117 129
class 128 124 134 132
class 167 124 173 132
class 83 126 89 134
class 89 126 95 134
class 4 127 10 135
class 33 127 39 135
class 103 128 109 136
class 58 130 64 138
class 141 130 147 138
class 170 130 176 138
class 63 131 69 139
class 81 131 87 139
class 27 133 33 141
class 77 133 83 141
class 5 135 11 143
class 147 135 153 143
class 130 136 136 144
class 0 137 6 145
class 15 137 21 145
class 35 137 41 145
class 107 137 113 145
class 81 138 87 146
class 9 139 15 147
class -3 140 3 148
class 28 140 34 148
class 34 140 40 148
class 86 141 92 149
class 8 142 14 150
class 101 142 107 150
class 36 143 42 151
class 158 145 164 153
class 175 145 181 153
class 45 146 51 154
class 83 146 89 154
class 182 146 188 154
class 127 148 133 156
class 178 148 184 156
class 68 150 74 158
class 61 152 67 160
class 73 152 79 160
class 2 153 8 161
class 29 153 35 161
class 97 154 103 162
class 0 155 6 163
class 58 155 64 163
class 123 155 129 163
class 77 156 83 164
class 137 157 143 165
class 100 158 106 166
class 35 159 41 167
class 56 159 62 167
class 75 159 81 167
class 96 160 102 168
class 50 161 56 169
class 49 162 55 170
class 0 163 6 171
class 129 163 135 171
class 161 163 167 171
class 176 163 182 171
class 6 164 12 172
class 98 164 104 172
class 128 164 134 172
class 65 165 71 173
class 121 165 127 173
class 143 165 149 173
class 115 166 121 174
class 84 167 90 175
class 110 167 116 175
class 142 167 148 175
class 149 167 155 175
class 161 167 167 175
class 54 168 60 176
class 72 168 78 176
class 78 168 84 176
class 174 168 180 176
class 130 169 136 177
class 48 170 54 178
class 38 171 44 179
class 57 171 63 179
class 160 171 166 179
class 177 172 183 180
class 41 173 47 181
class 150 174 156 182
class 30 175 36 183
class 21 177 27 185
class 49 177 55 185
class 105 178 111 186
class 56 180 62 188
class 81 180 87 188
class 149 181 155 189
class 119 182 125 190
class 191 182 197 190
class 53 183 59 191
class 143 183 149 191
class 22 184 28 192
class 60 184 66 192
class 85 185 91 193
class 174 187 180 195
class 88 188 94 196
class 94 188 100 196
class 18 189 24 197
class 85 190 91 198
class 190 191 196 199
class 57 192 63 200
class 117 192 123 200
class 125 192 131 200
class 19 193 25 201
class 82 194 88 202
class 186 194 192 202
class 14 195 20 203
