class 91 -4 97 4
class 25 -3 31 5
class 150 -3 156 5
class 10 -2 16 6
class 56 0 62 8
class 72 0 78 8
class 100 0 106 8
class 49 1 55 9
class 111 1 117 9
class 157 4 163 12
class 111 6 117 14
class 8 9 14 17
class 72 9 78 17
class 190 11 196 19
class 162 15 168 23
class 141 16 147 24
class 49 17 55 25
class 25 18 31 26
class 179 19 185 27
class 17 20 23 28
class 134 21 140 29
class 162 21 168 29
class 85 22 91 30
class 96 22 102 30
class 158 22 164 30
class 149 23 155 31
class 137 26 143 34
class 48 33 54 41
class 66 36 72 44
class 120 36 126 44
class 80 38 86 46
class 145 39 151 47
class 44 41 50 49
class 62 41 68 49
class 113 42 119 50
class 50 44 56 52
class 125 47 131 55
class 96 48 102 56
class 113 50 119 58
class 17 52 23 60
class 75 53 81 61
class 11 55 17 63
class 84 55 90 63
class 191 55 197 63
class 90 58 96 66
class 46 60 52 68
class 112 60 118 68
class 6 62 12 70
class 72 63 78 71
class 81 63 87 71
class 101 64 107 72
class 173 64 179 72
class 55 65 61 73
class 160 66 166 74
class 157 68 163 76
class 162 68 168 76
class 91 69 97 77
class 95 69 101 77
class 144 69 150 77
class 159 71 165 79
class 67 72 73 80
class 121 72 127 80
class 128 73 134 81
class 174 73 180 81
class 139 74 145 82
class 53 75 59 83
class 60 79 66 87
class 93 79 99 87
class 112 80 118 88
class 162 80 168 88
class 74 81 80 89
class 121 82 127 90
class 113 83 119 91
class 167 83 173 91
class 58 87 64 95
class 41 88 47 96
class 47 88 53 96
class 141 88 147 96
class 189 89 195 97
class 180 90 186 98
class 27 91 33 99
class 127 92 133 100
class 21 94 27 102
class 57 94 63 102
class 103 96 109 104
class 91 97 97 105
class 22 98 28 106
class 127 98 133 106
class 169 98 175 106
class 1 99 7 107
class 52 99 58 107
class 157 99 163 107
class 161 100 167 108
class 166 100 172 108
class 63 101 69 109
class 79 101 85 109
class 115 102 121 110
class 57 103 63 111
class 25 104 31 112
class 95 104 101 112
class 15 105 21 113
class 51 105 57 113
class 84 106 90 114
class 139 106 145 114
class 123 107 129 115
class 133 107 139 115
class 2 109 8 117
class 144 109 150 117
class 8 111 14 119
class 195 111 201 119
class 27 112 33 120
class 60 114 66 122
class 49 115 55 123
class 42 116 48 124
class 133 117 139 125
class 24 119 30 127
class 100 121 106 129
class 111 121 117 129
class 115 124 121 132
class 129 125 135 133
class 167 125 173 133
class 33 127 39 135
class 103 129 109 137
class 170 130 176 138
class 81 131 87 139
class 79 133 85 141
class 5 135 11 143
class 147 135 153 143
class 52 136 58 144
class 15 137 21 145
class 106 137 112 145
class 81 138 87 146
class 70 141 76 149
class 102 142 108 150
class 37 143 43 151
class 83 143 89 151
class 11 144 17 152
class 158 145 164 153
class 175 145 181 153
class 45 146 51 154
class 182 146 188 154
class 193 146 199 154
class 178 148 184 156
class 61 152 67 160
class 72 152 78 160
class 30 153 36 161
class 123 155 129 163
class 97 156 103 164
class 121 157 127 165
class 137 157 143 165
class 100 158 106 166
class 57 159 63 167
class 185 160 191 168
class 96 161 102 169
class 6 164 12 172
class 121 164 127 172
class 84 167 90 175
class 105 168 111 176
class 174 168 180 176
class 132 169 138 177
class 48 170 54 178
class 138 171 144 179
class 149 171 155 179
class 150 172 156 180
class 30 175 36 183
class 49 176 55 184
class 105 178 111 186
class 81 181 87 189
class 141 183 147 191
class 60 184 66 192
class 76 184 82 192
class 191 184 197 192
class 22 185 28 193
class 87 188 93 196
class 94 188 100 196
class 19 189 25 197
class 190 191 196 199
class 57 192 63 200
class 125 192 131 200
class 179 194 185 202
class 186 194 192 202
class 14 195 20 203
