class 92 -4 98 4
class 25 -3 31 5
class 150 -3 156 5
class 10 -2 16 6
class 174 -1 180 7
class 55 0 61 8
class 72 0 78 8
class 100 0 106 8
class 49 1 55 9
class 111 1 117 9
class 157 4 163 12
class 110 6 116 14
class 8 9 14 17
class 72 9 78 17
class 107 10 113 18
class 190 11 196 19
class 43 12 49 20
class 154 13 160 21
class 32 14 38 22
class 161 15 167 23
class 49 17 55 25
class 27 18 33 26
class 179 19 185 27
class 17 20 23 28
class 36 21 42 29
class 135 22 141 30
class 191 22 197 30
class 149 23 155 31
class 80 24 86 32
class 137 25 143 33
class 48 33 54 41
class 120 36 126 44
class 66 38 72 46
class 62 40 68 48
class 38 42 44 50
class 113 42 119 50
class 50 44 56 52
class 34 45 40 53
class 96 48 102 56
class 113 49 119 57
class 123 50 129 58
class 17 52 23 60
class 75 53 81 61
class 11 55 17 63
class 191 55 197 63
class 85 56 91 64
class 89 58 95 66
class 47 60 53 68
class 6 62 12 70
class 81 63 87 71
class 54 64 60 72
class 101 64 107 72
class 173 64 179 72
class 136 66 142 74
class 67 72 73 80
class 128 73 134 81
class 174 73 180 81
class 139 74 145 82
class 112 76 118 84
class 93 79 99 87
class 34 81 40 89
class 121 82 127 90
class 176 83 182 91
class 58 87 64 95
class 41 88 47 96
class 47 88 53 96
class 90 88 96 96
class 141 88 147 96
class 180 89 186 97
class 189 89 195 97
class 27 91 33 99
class 61 92 67 100
class 93 94 99 102
class 102 96 108 104
class 1 97 7 105
class 91 97 97 105
class 52 99 58 107
class 79 101 85 109
class 115 102 121 110
class 95 104 101 112
class 15 105 21 113
class 51 105 57 113
class 84 105 90 113
class 139 106 145 114
class 123 107 129 115
class 134 107 140 115
class 2 109 8 117
class 144 109 150 117
class 8 111 14 119
class 27 112 33 120
class 49 115 55 123
class 42 116 48 124
class 93 117 99 125
class 24 119 30 127
class 111 122 117 130
class 114 124 120 132
class 130 126 136 134
class 33 127 39 135
class 84 127 90 135
class 170 129 176 137
class 100 130 106 138
class 102 130 108 138
class 141 130 147 138
class 147 135 153 143
class 130 136 136 144
class 15 137 21 145
class 105 137 111 145
class 70 141 76 149
class 125 142 131 150
class 38 143 44 151
class 176 145 182 153
class 44 146 50 154
class 182 146 188 154
class 193 146 199 154
class 178 147 184 155
class 127 148 133 156
class 61 152 67 160
class 30 153 36 161
class 137 157 143 165
class 35 159 41 167
class 185 160 191 168
class 96 161 102 169
class 121 163 127 171
class 161 163 167 171
class 84 167 90 175
class 105 168 111 176
class 21 176 27 184
class 105 178 111 186
class 81 181 87 189
class 76 184 82 192
class 119 186 125 194
class 191 186 197 194
class 174 187 180 195
class 94 188 100 196
class 19 189 25 197
class 57 192 63 200
class 117 192 123 200
class 125 192 131 200
class 18 193 24 201
class 14 195 20 203
