class 92 -4 98 4
class 25 -3 31 5
class 150 -3 156 5
class 10 -2 16 6
class 56 0 62 8
class 72 0 78 8
class 100 0 106 8
class 49 1 55 9
class 111 1 117 9
class 157 4 163 12
class 111 6 117 14
class 8 9 14 17
class 174 11 180 19
class 190 11 196 19
class 43 12 49 20
class 153 13 159 21
class 33 14 39 22
class 141 16 147 24
class 179 19 185 27
class 17 20 23 28
class 68 20 74 28
class 134 21 140 29
class 85 22 91 30
class 96 22 102 30
class 158 22 164 30
class 191 22 197 30
class 80 24 86 32
class 137 25 143 33
class 48 33 54 41
class 113 35 119 43
class 120 36 126 44
class 66 37 72 45
class 80 39 86 47
class 145 39 151 47
class 38 42 44 50
class 50 44 56 52
class 34 45 40 53
class 125 47 131 55
class 96 48 102 56
class 113 50 119 58
class 123 51 129 59
class 156 51 162 59
class 17 52 23 60
class 75 53 81 61
class 11 55 17 63
class 85 55 91 63
class 89 58 95 66
class 46 60 52 68
class 112 60 118 68
class 6 62 12 70
class 117 62 123 70
class 72 63 78 71
class 101 64 107 72
class 173 64 179 72
class 55 65 61 73
class 136 66 142 74
class 160 67 166 75
class 158 68 164 76
class 161 68 167 76
class 143 69 149 77
class 159 70 165 78
class 67 72 73 80
class 121 72 127 80
class 128 73 134 81
class 174 73 180 81
class 139 74 145 82
class 53 75 59 83
class 111 75 117 83
class 60 79 66 87
class 93 79 99 87
class 112 80 118 88
class 162 80 168 88
class 34 81 40 89
class 74 81 80 89
class 113 82 119 90
class 121 82 127 90
class 167 83 173 91
class 176 83 182 91
class 58 87 64 95
class 41 88 47 96
class 47 88 53 96
class 90 88 96 96
class 141 88 147 96
class 189 89 195 97
class 180 90 186 98
class 27 91 33 99
class 62 92 68 100
class 127 92 133 100
class 1 93 7 101
class 21 94 27 102
class 57 94 63 102
class 93 94 99 102
class 103 96 109 104
class 91 97 97 105
class 22 98 28 106
class 127 98 133 106
class 169 98 175 106
class 1 99 7 107
class 52 99 58 107
class 158 99 164 107
class 160 100 166 108
class 166 100 172 108
class 62 101 68 109
class 79 101 85 109
class 115 102 121 110
class 57 103 63 111
class 25 104 31 112
class 95 104 101 112
class 51 105 57 113
class 84 106 90 114
class 139 106 145 114
class 123 107 129 115
class 133 107 139 115
class 2 109 8 117
class 8 111 14 119
class 27 112 33 120
class 190 113 196 121
class 60 114 66 122
class 42 116 48 124
class 24 119 30 127
class 111 121 117 129
class 115 124 121 132
class 129 125 135 133
class 167 125 173 133
class 33 127 39 135
class 84 127 90 135
class 103 129 109 137
class 98 130 104 138
class 141 130 147 138
class 170 130 176 138
class 81 131 87 139
class 79 133 85 141
class 5 135 11 143
class 52 136 58 144
class 130 136 136 144
class 15 137 21 145
class 105 137 111 145
class 81 139 87 147
class 70 141 76 149
class 83 142 89 150
class 37 143 43 151
class 158 145 164 153
class 175 145 181 153
class 45 146 51 154
class 182 146 188 154
class 178 147 184 155
class 127 148 133 156
class 68 150 74 158
class 61 152 67 160
class 72 152 78 160
class 30 153 36 161
class 123 155 129 163
class 97 157 103 165
class 121 157 127 165
class 137 157 143 165
class 57 158 63 166
class 100 158 106 166
class 35 159 41 167
class 185 160 191 168
class 96 161 102 169
class 2 163 8 171
class 161 163 167 171
class 5 164 11 172
class 121 164 127 172
class 65 165 71 173
class 84 167 90 175
class 105 168 111 176
class 174 168 180 176
class 132 169 138 177
class 48 171 54 179
class 30 175 36 183
class 49 175 55 183
class 21 176 27 184
class 105 178 111 186
class 137 180 143 188
class 81 181 87 189
class 140 183 146 191
class 60 184 66 192
class 76 184 82 192
class 119 184 125 192
class 22 185 28 193
class 85 185 91 193
class 191 185 197 193
class 87 187 93 195
class 174 187 180 195
class 94 188 100 196
class 19 189 25 197
class 190 191 196 199
class 57 192 63 200
class 125 192 131 200
class 18 193 24 201
class 179 194 185 202
class 186 194 192 202
class 14 195 20 203
