class 124 -4 130 4
class 131 -2 137 6
class 92 -1 98 7
class 174 0 180 8
class 153 3 159 11
class 85 7 91 15
class 28 8 34 16
class 160 8 166 16
class 26 9 32 17
class 158 9 164 17
class 182 9 188 17
class -1 10 5 18
class 78 10 84 18
class 109 10 115 18
class 175 13 181 21
class 90 15 96 23
class 122 15 128 23
class 88 16 94 24
class 178 16 184 24
class 22 18 28 26
class 115 19 121 27
class 130 19 136 27
class 8 20 14 28
class 172 21 178 29
class 49 22 55 30
class 84 22 90 30
class 151 22 157 30
class 73 23 79 31
class 55 24 61 32
class 96 24 102 32
class 161 24 167 32
class 75 25 81 33
class 102 25 108 33
class 169 25 175 33
class 31 27 37 35
class 191 28 197 36
class 148 29 154 37
class 78 31 84 39
class 186 31 192 39
class 12 33 18 41
class 95 33 101 41
class 105 33 111 41
class 24 36 30 44
class 127 36 133 44
class 169 37 175 45
class 56 38 62 46
class 184 38 190 46
class 45 40 51 48
class 64 41 70 49
class 34 42 40 50
class 185 42 191 50
class 165 44 171 52
class 108 46 114 54
class 77 48 83 56
class 181 48 187 56
class 65 51 71 59
class 126 53 132 61
class 132 53 138 61
class 118 55 124 63
class 40 56 46 64
class 99 56 105 64
class 55 57 61 65
class 114 57 120 65
class 4 58 10 66
class 106 59 112 67
class 159 60 165 68
class 161 61 167 69
class 51 62 57 70
class 114 62 120 70
class 109 63 115 71
class 96 64 102 72
class 9 65 15 73
class 45 68 51 76
class 119 69 125 77
class 175 71 181 79
class 71 72 77 80
class 85 72 91 80
class 132 73 138 81
class 105 75 111 83
class 130 77 136 85
class 61 78 67 86
class 172 79 178 87
class 58 80 64 88
class 75 82 81 90
class 78 84 84 92
class 158 85 164 93
class 154 87 160 95
class 173 89 179 97
class 13 91 19 99
class 16 94 22 102
class 114 94 120 102
class 137 95 143 103
class 43 96 49 104
class 55 97 61 105
class 174 97 180 105
class 72 99 78 107
class 118 100 124 108
class 157 100 163 108
class 77 102 83 110
class 92 102 98 110
class 174 102 180 110
class 33 105 39 113
class 106 106 112 114
class 125 106 131 114
class 70 109 76 117
class 100 111 106 119
class 84 114 90 122
class 12 115 18 123
class 52 115 58 123
class 88 115 94 123
class 187 115 193 123
class 93 116 99 124
class 124 116 130 124
class 69 118 75 126
class 167 118 173 126
class 191 122 197 130
class 81 123 87 131
class 100 124 106 132
class 171 124 177 132
class 44 125 50 133
class 118 125 124 133
class 119 126 125 134
class 56 128 62 136
class 142 129 148 137
class 125 130 131 138
class 5 131 11 139
class 147 131 153 139
class 188 133 194 141
class 78 138 84 146
class 62 140 68 148
class 137 142 143 150
class 57 143 63 151
class 35 144 41 152
class 37 144 43 152
class 106 144 112 152
class 164 144 170 152
class 133 145 139 153
class 127 146 133 154
class 98 148 104 156
class 138 148 144 156
class 156 148 162 156
class 158 149 164 157
class 171 149 177 157
class 182 149 188 157
class 183 150 189 158
class 32 151 38 159
class 145 151 151 159
class 72 153 78 161
class 103 153 109 161
class 178 153 184 161
class 25 154 31 162
class 97 154 103 162
class 38 158 44 166
class 120 158 126 166
class 140 159 146 167
class 185 159 191 167
class 63 160 69 168
class 58 162 64 170
class 101 162 107 170
class 160 165 166 173
class 99 166 105 174
class 162 167 168 175
class 190 168 196 176
class 95 169 101 177
class 103 169 109 177
class 51 170 57 178
class 45 172 51 180
class 91 172 97 180
class 107 172 113 180
class 45 176 51 184
class 148 177 154 185
class 48 178 54 186
class 168 180 174 188
class 181 182 187 190
class 77 183 83 191
class 44 185 50 193
class 132 188 138 196
class 166 188 172 196
class 1 189 7 197
class 40 190 46 198
class 179 190 185 198
class 77 192 83 200
class 141 192 147 200
class 139 193 145 201
