class 124 -4 130 4
class 131 -2 137 6
class 85 7 91 15
class 182 9 188 17
class -1 10 5 18
class 109 10 115 18
class 122 15 128 23
class 111 16 117 24
class 22 18 28 26
class 115 18 121 26
class 8 20 14 28
class 132 20 138 28
class 136 20 142 28
class 172 21 178 29
class 85 22 91 30
class 96 24 102 32
class 161 24 167 32
class 101 25 107 33
class 170 25 176 33
class 148 29 154 37
class 78 31 84 39
class 186 32 192 40
class 12 33 18 41
class 105 33 111 41
class 169 33 175 41
class 1 34 7 42
class 95 34 101 42
class 24 36 30 44
class 56 38 62 46
class 184 38 190 46
class 64 41 70 49
class 34 42 40 50
class 77 42 83 50
class 185 42 191 50
class 165 44 171 52
class 88 46 94 54
class 108 46 114 54
class 11 47 17 55
class 77 47 83 55
class 181 48 187 56
class 31 50 37 58
class 65 51 71 59
class 128 53 134 61
class 129 53 135 61
class 118 55 124 63
class 40 56 46 64
class 99 56 105 64
class 55 57 61 65
class 114 57 120 65
class 4 58 10 66
class 106 59 112 67
class 38 62 44 70
class 114 62 120 70
class 96 64 102 72
class 45 67 51 75
class 119 69 125 77
class 175 71 181 79
class 19 72 25 80
class 71 72 77 80
class 86 72 92 80
class 185 73 191 81
class 14 77 20 85
class 172 79 178 87
class 39 80 45 88
class 173 89 179 97
class 134 93 140 101
class 135 93 141 101
class 114 95 120 103
class 43 96 49 104
class 117 99 123 107
class 158 100 164 108
class 92 102 98 110
class 161 104 167 112
class 33 105 39 113
class 60 106 66 114
class 125 106 131 114
class 70 109 76 117
class 100 111 106 119
class 12 115 18 123
class 52 115 58 123
class 188 115 194 123
class 93 116 99 124
class 124 116 130 124
class 167 118 173 126
class 4 123 10 131
class 80 123 86 131
class 100 124 106 132
class 171 124 177 132
class 134 129 140 137
class 142 129 148 137
class 5 131 11 139
class 146 131 152 139
class 188 133 194 141
class 40 135 46 143
class 175 136 181 144
class 70 137 76 145
class 14 138 20 146
class 78 138 84 146
class 91 138 97 146
class 75 140 81 148
class 62 141 68 149
class 137 142 143 150
class 57 143 63 151
class 106 144 112 152
class 133 145 139 153
class 128 146 134 154
class 98 148 104 156
class 139 148 145 156
class 171 149 177 157
class 33 151 39 159
class 72 153 78 161
class 178 153 184 161
class 24 154 30 162
class 97 154 103 162
class 148 156 154 164
class 38 158 44 166
class 140 159 146 167
class 185 159 191 167
class 63 160 69 168
class 58 162 64 170
class 101 162 107 170
class 99 166 105 174
class 129 167 135 175
class 95 169 101 177
class 51 170 57 178
class 106 171 112 179
class 91 172 97 180
class 23 173 29 181
class 45 173 51 181
class 7 177 13 185
class 9 179 15 187
class 130 179 136 187
class 168 180 174 188
class 0 182 6 190
class 181 182 187 190
class 77 183 83 191
class 44 185 50 193
class 132 187 138 195
class 1 188 7 196
class 84 188 90 196
class 166 188 172 196
class 40 190 46 198
class 179 190 185 198
