class 124 -4 130 4
class 131 -2 137 6
class 148 -2 154 6
class 194 -2 200 6
class 92 -1 98 7
class -3 0 3 8
class 56 0 62 8
class 174 0 180 8
class 59 2 65 10
class 153 3 159 11
class 67 4 73 12
class 28 7 34 15
class 69 7 75 15
class 85 7 91 15
class 145 8 151 16
class 161 8 167 16
class 129 9 135 17
class -1 10 5 18
class 26 10 32 18
class 78 10 84 18
class 109 10 115 18
class 126 10 132 18
class 175 13 181 21
class 91 15 97 23
class 122 15 128 23
class 87 16 93 24
class 111 16 117 24
class 178 16 184 24
class 22 18 28 26
class 115 19 121 27
class 130 19 136 27
class 8 20 14 28
class 68 20 74 28
class 137 20 143 28
class 172 21 178 29
class 49 22 55 30
class 84 22 90 30
class 151 22 157 30
class 73 23 79 31
class 55 24 61 32
class 161 24 167 32
class 76 25 82 33
class 102 25 108 33
class 169 25 175 33
class 31 27 37 35
class 190 28 196 36
class 195 28 201 36
class 78 31 84 39
class 186 31 192 39
class 12 33 18 41
class 95 33 101 41
class 104 33 110 41
class 1 34 7 42
class 24 36 30 44
class 169 38 175 46
class 184 38 190 46
class 45 40 51 48
class 64 41 70 49
class 76 42 82 50
class 185 42 191 50
class 165 44 171 52
class -3 45 3 53
class 88 46 94 54
class 108 46 114 54
class 11 47 17 55
class 181 48 187 56
class 95 49 101 57
class 31 50 37 58
class 91 50 97 58
class 65 51 71 59
class 126 53 132 61
class 132 53 138 61
class 170 53 176 61
class 118 55 124 63
class 40 56 46 64
class 99 56 105 64
class 55 57 61 65
class 114 57 120 65
class 4 58 10 66
class 106 59 112 67
class 158 60 164 68
class 162 61 168 69
class 37 62 43 70
class 114 62 120 70
class 96 64 102 72
class 6 67 12 75
class 45 68 51 76
class 71 71 77 79
class 175 71 181 79
class 19 72 25 80
class 84 72 90 80
class 132 72 138 80
class 185 72 191 80
class 14 77 20 85
class 61 78 67 86
class 130 78 136 86
class 172 79 178 87
class 39 80 45 88
class 58 80 64 88
class 75 82 81 90
class 78 84 84 92
class 158 85 164 93
class 154 87 160 95
class 162 89 168 97
class 163 90 169 98
class 13 91 19 99
class 133 92 139 100
class 17 94 23 102
class 59 94 65 102
class 137 95 143 103
class 43 96 49 104
class 174 97 180 105
class 118 100 124 108
class 157 100 163 108
class 174 103 180 111
class 194 104 200 112
class -3 105 3 113
class 33 105 39 113
class 60 106 66 114
class 106 106 112 114
class 125 106 131 114
class 162 106 168 114
class 70 109 76 117
class 100 111 106 119
class 12 115 18 123
class 52 115 58 123
class 88 115 94 123
class 186 115 192 123
class 69 118 75 126
class 110 118 116 126
class 191 122 197 130
class 4 123 10 131
class 100 124 106 132
class 171 124 177 132
class 48 125 54 133
class 53 125 59 133
class 54 126 60 134
class 56 128 62 136
class 134 129 140 137
class 142 129 148 137
class 125 130 131 138
class 5 131 11 139
class 147 131 153 139
class 188 133 194 141
class 40 135 46 143
class 70 137 76 145
class 14 138 20 146
class 78 138 84 146
class 62 140 68 148
class 138 142 144 150
class 34 143 40 151
class 106 144 112 152
class 164 144 170 152
class 38 145 44 153
class 133 145 139 153
class 98 148 104 156
class 138 148 144 156
class 155 148 161 156
class 159 149 165 157
class 32 151 38 159
class 145 151 151 159
class 183 151 189 159
class 72 153 78 161
class 178 153 184 161
class 96 154 102 162
class 148 156 154 164
class 38 158 44 166
class 120 158 126 166
class 140 159 146 167
class 185 159 191 167
class 63 160 69 168
class 147 161 153 169
class 58 162 64 170
class 101 162 107 170
class 146 162 152 170
class 159 165 165 173
class 99 166 105 174
class 129 167 135 175
class 163 167 169 175
class 190 168 196 176
class 95 169 101 177
class 103 169 109 177
class 51 170 57 178
class 91 172 97 180
class 107 172 113 180
class 23 173 29 181
class 38 174 44 182
class 108 175 114 183
class 40 176 46 184
class 45 176 51 184
class 148 177 154 185
class 49 178 55 186
class 107 178 113 186
class 168 180 174 188
class 10 181 16 189
class 0 182 6 190
class 181 182 187 190
class 77 183 83 191
class 44 185 50 193
class 84 186 90 194
class 132 188 138 196
class 166 188 172 196
class 1 189 7 197
class 40 190 46 198
class 179 190 185 198
class 142 192 148 200
class 77 193 83 201
class 137 193 143 201
class 169 195 175 203
