class 124 -4 130 4
class 130 -2 136 6
class 92 -1 98 7
class 174 0 180 8
class 153 3 159 11
class 85 7 91 15
class 145 8 151 16
class 182 9 188 17
class 78 10 84 18
class 109 10 115 18
class 121 15 127 23
class 111 16 117 24
class 22 18 28 26
class 115 18 121 26
class 8 20 14 28
class 172 21 178 29
class 85 22 91 30
class 151 22 157 30
class 96 24 102 32
class 161 24 167 32
class 99 25 105 33
class 31 27 37 35
class 148 29 154 37
class 78 31 84 39
class 169 31 175 39
class 105 33 111 41
class 186 33 192 41
class 1 34 7 42
class 95 34 101 42
class 127 36 133 44
class 56 38 62 46
class 184 38 190 46
class 64 41 70 49
class 34 42 40 50
class 185 42 191 50
class 165 44 171 52
class 108 45 114 53
class 88 46 94 54
class 181 48 187 56
class 31 50 37 58
class 65 51 71 59
class 170 53 176 61
class 118 55 124 63
class 40 56 46 64
class 99 56 105 64
class 55 57 61 65
class 114 57 120 65
class 4 58 10 66
class 106 59 112 67
class 38 62 44 70
class 51 62 57 70
class 114 62 120 70
class 96 64 102 72
class 45 66 51 74
class 119 69 125 77
class 175 71 181 79
class 71 72 77 80
class 87 72 93 80
class 185 73 191 81
class 105 75 111 83
class 14 77 20 85
class 172 79 178 87
class 43 96 49 104
class 115 96 121 104
class 117 98 123 106
class 33 105 39 113
class 60 106 66 114
class 106 106 112 114
class 125 106 131 114
class 70 109 76 117
class 101 111 107 119
class 12 115 18 123
class 52 115 58 123
class 188 115 194 123
class 93 116 99 124
class 124 116 130 124
class 167 118 173 126
class 190 122 196 130
class 4 123 10 131
class 79 123 85 131
class 100 124 106 132
class 56 126 62 134
class 125 129 131 137
class 134 129 140 137
class 142 129 148 137
class 5 131 11 139
class 144 131 150 139
class 188 133 194 141
class 40 135 46 143
class 175 136 181 144
class 70 137 76 145
class 14 138 20 146
class 91 138 97 146
class 62 141 68 149
class 137 142 143 150
class 57 143 63 151
class 106 144 112 152
class 133 145 139 153
class 129 146 135 154
class 98 148 104 156
class 139 148 145 156
class 171 149 177 157
class 33 151 39 159
class 178 153 184 161
class 97 154 103 162
class 148 156 154 164
class 120 157 126 165
class 38 158 44 166
class 140 159 146 167
class 185 159 191 167
class 63 160 69 168
class 58 162 64 170
class 99 166 105 174
class 129 167 135 175
class 190 168 196 176
class 51 170 57 178
class 91 172 97 180
class 45 173 51 181
class 130 179 136 187
class 168 180 174 188
class 0 182 6 190
class 181 182 187 190
class 77 183 83 191
class 44 185 50 193
class 132 187 138 195
class 84 188 90 196
class 166 188 172 196
class 179 190 185 198
