class 124 -4 130 4
class 194 -3 200 5
class 37 -2 43 6
class 131 -2 137 6
class 55 -1 61 7
class -2 0 4 8
class 174 0 180 8
class 60 2 66 10
class 153 3 159 11
class 28 6 34 14
class 167 6 173 14
class 70 7 76 15
class 85 7 91 15
class 100 8 106 16
class 145 8 151 16
class 162 8 168 16
class 61 9 67 17
class 78 9 84 17
class 131 9 137 17
class 182 9 188 17
class -1 10 5 18
class 26 10 32 18
class 109 10 115 18
class 125 10 131 18
class 157 10 163 18
class 167 10 173 18
class 101 11 107 19
class 174 13 180 21
class 76 15 82 23
class 91 15 97 23
class 122 15 128 23
class 37 16 43 24
class 67 16 73 24
class 87 16 93 24
class 111 16 117 24
class 179 16 185 24
class 74 17 80 25
class 22 18 28 26
class 8 20 14 28
class 115 20 121 28
class 137 20 143 28
class 49 21 55 29
class 172 21 178 29
class 31 22 37 30
class 84 22 90 30
class 150 22 156 30
class 73 23 79 31
class 96 24 102 32
class 162 24 168 32
class 76 25 82 33
class 103 25 109 33
class 169 25 175 33
class 31 27 37 35
class 189 28 195 36
class 195 28 201 36
class 148 29 154 37
class 78 31 84 39
class 186 31 192 39
class 95 32 101 40
class 104 33 110 41
class 1 34 7 42
class 48 35 54 43
class 45 36 51 44
class 127 36 133 44
class 175 36 181 44
class 56 38 62 46
class 169 38 175 46
class 184 38 190 46
class 174 39 180 47
class 45 40 51 48
class 193 40 199 48
class 64 41 70 49
class 195 41 201 49
class 34 42 40 50
class 76 42 82 50
class 185 42 191 50
class 165 44 171 52
class 192 45 198 53
class -2 46 4 54
class 88 46 94 54
class 108 46 114 54
class 11 47 17 55
class 78 48 84 56
class 31 50 37 58
class 65 50 71 58
class 126 53 132 61
class 132 53 138 61
class 170 53 176 61
class 179 54 185 62
class 118 55 124 63
class 40 56 46 64
class 99 56 105 64
class 55 57 61 65
class 114 57 120 65
class 4 58 10 66
class 106 59 112 67
class 157 60 163 68
class 163 61 169 69
class 51 62 57 70
class 114 62 120 70
class 109 63 115 71
class 96 64 102 72
class 130 64 136 72
class 5 67 11 75
class 45 68 51 76
class 119 69 125 77
class 71 71 77 79
class 175 71 181 79
class 20 72 26 80
class 83 72 89 80
class 132 72 138 80
class 185 72 191 80
class 14 77 20 85
class 61 78 67 86
class 141 79 147 87
class 58 80 64 88
class 140 81 146 89
class 7 84 13 92
class 78 84 84 92
class 158 84 164 92
class 154 87 160 95
class 6 88 12 96
class 161 88 167 96
class 31 89 37 97
class -1 90 5 98
class 42 90 48 98
class 13 91 19 99
class 1 92 7 100
class 133 92 139 100
class 163 92 169 100
class 17 94 23 102
class 59 94 65 102
class 113 94 119 102
class 63 95 69 103
class 137 95 143 103
class 43 96 49 104
class 54 97 60 105
class 174 97 180 105
class 63 99 69 107
class 71 99 77 107
class 118 100 124 108
class 157 100 163 108
class 45 101 51 109
class 50 102 56 110
class 78 102 84 110
class 92 102 98 110
class 174 103 180 111
class 193 103 199 111
class 46 104 52 112
class 49 104 55 112
class 33 105 39 113
class 60 106 66 114
class 106 106 112 114
class 125 106 131 114
class 163 106 169 114
class 70 108 76 116
class 100 111 106 119
class 134 111 140 119
class 176 113 182 121
class 83 114 89 122
class 177 114 183 122
class 12 115 18 123
class 52 115 58 123
class 88 115 94 123
class 185 115 191 123
class 93 116 99 124
class 124 116 130 124
class 167 117 173 125
class 69 118 75 126
class 111 118 117 126
class 107 119 113 127
class 177 120 183 128
class 192 122 198 130
class 4 123 10 131
class 53 124 59 132
class 100 124 106 132
class 44 125 50 133
class 48 125 54 133
class 54 126 60 134
class 119 128 125 136
class 50 129 56 137
class 57 129 63 137
class 134 129 140 137
class 142 129 148 137
class 5 131 11 139
class 50 133 56 141
class 188 133 194 141
class 175 136 181 144
class 192 136 198 144
class 70 137 76 145
class 195 137 201 145
class 14 138 20 146
class 78 138 84 146
class 91 138 97 146
class 62 139 68 147
class 75 140 81 148
class 82 140 88 148
class 86 140 92 148
class 138 142 144 150
class 33 143 39 151
class 57 144 63 152
class 106 144 112 152
class 38 145 44 153
class 133 145 139 153
class 126 146 132 154
class 181 147 187 155
class 98 148 104 156
class 138 148 144 156
class 154 148 160 156
class 160 149 166 157
class 171 149 177 157
class 32 151 38 159
class 145 151 151 159
class 184 152 190 160
class 72 153 78 161
class 103 153 109 161
class 178 153 184 161
class 26 154 32 162
class 96 154 102 162
class 106 155 112 163
class 111 155 117 163
class 112 157 118 165
class 120 158 126 166
class 140 159 146 167
class 185 159 191 167
class 148 161 154 169
class 58 162 64 170
class 101 162 107 170
class 145 163 151 171
class 22 164 28 172
class 75 165 81 173
class 158 165 164 173
class 99 166 105 174
class 129 167 135 175
class 22 168 28 176
class 78 168 84 176
class 190 168 196 176
class 95 169 101 177
class 51 170 57 178
class 91 172 97 180
class 107 172 113 180
class 23 173 29 181
class 6 174 12 182
class 57 174 63 182
class 109 175 115 183
class 45 176 51 184
class 92 176 98 184
class 40 177 46 185
class 49 178 55 186
class 107 179 113 187
class 130 179 136 187
class 168 180 174 188
class 0 182 6 190
class 181 182 187 190
class 26 183 32 191
class 77 183 83 191
class 44 185 50 193
class 25 186 31 194
class 84 186 90 194
class 132 188 138 196
class 166 188 172 196
class 1 189 7 197
class 40 190 46 198
class 179 190 185 198
class 142 192 148 200
class 77 193 83 201
class 136 193 142 201
class 170 195 176 203
