class 131 -2 137 6
class 92 -1 98 7
class 174 0 180 8
class 153 3 159 11
class 85 7 91 15
class 145 8 151 16
class 182 9 188 17
class -1 10 5 18
class 78 10 84 18
class 111 16 117 24
class 177 16 183 24
class 22 18 28 26
class 130 20 136 28
class 137 20 143 28
class 172 21 178 29
class 50 22 56 30
class 84 22 90 30
class 74 23 80 31
class 55 24 61 32
class 96 24 102 32
class 161 24 167 32
class 75 25 81 33
class 102 25 108 33
class 170 25 176 33
class 31 27 37 35
class 148 29 154 37
class 78 31 84 39
class 186 31 192 39
class 12 33 18 41
class 95 33 101 41
class 105 33 111 41
class 1 34 7 42
class 24 36 30 44
class 127 36 133 44
class 184 38 190 46
class 45 40 51 48
class 34 42 40 50
class 185 42 191 50
class 165 44 171 52
class 108 46 114 54
class 11 47 17 55
class 77 48 83 56
class 181 48 187 56
class 31 50 37 58
class 65 51 71 59
class 126 53 132 61
class 132 53 138 61
class 170 53 176 61
class 118 55 124 63
class 40 56 46 64
class 99 56 105 64
class 55 57 61 65
class 114 57 120 65
class 4 58 10 66
class 106 59 112 67
class 51 62 57 70
class 114 62 120 70
class 109 63 115 71
class 96 64 102 72
class 9 65 15 73
class 7 67 13 75
class 45 68 51 76
class 119 69 125 77
class 175 71 181 79
class 71 72 77 80
class 85 72 91 80
class 185 73 191 81
class 132 74 138 82
class 105 75 111 83
class 14 77 20 85
class 61 78 67 86
class 172 79 178 87
class 39 80 45 88
class 59 80 65 88
class 78 84 84 92
class 157 85 163 93
class 155 87 161 95
class 173 89 179 97
class 133 92 139 100
class 16 94 22 102
class 114 94 120 102
class 137 94 143 102
class 43 96 49 104
class 58 96 64 104
class 56 97 62 105
class 174 98 180 106
class 73 99 79 107
class 117 100 123 108
class 157 100 163 108
class 174 101 180 109
class 76 102 82 110
class 92 102 98 110
class 33 105 39 113
class 60 106 66 114
class 106 106 112 114
class 125 106 131 114
class 162 106 168 114
class 100 111 106 119
class 85 114 91 122
class 87 115 93 123
class 93 116 99 124
class 124 116 130 124
class 69 118 75 126
class 167 118 173 126
class 4 123 10 131
class 81 123 87 131
class 100 124 106 132
class 171 124 177 132
class 46 125 52 133
class 47 125 53 133
class 56 127 62 135
class 125 130 131 138
class 5 131 11 139
class 147 131 153 139
class 188 133 194 141
class 40 135 46 143
class 175 136 181 144
class 70 137 76 145
class 78 138 84 146
class 62 140 68 148
class 75 140 81 148
class 137 142 143 150
class 106 144 112 152
class 164 144 170 152
class 133 145 139 153
class 127 146 133 154
class 98 148 104 156
class 171 149 177 157
class 145 151 151 159
class 72 153 78 161
class 178 153 184 161
class 25 154 31 162
class 97 154 103 162
class 104 154 110 162
class 105 155 111 163
class 148 156 154 164
class 140 159 146 167
class 185 159 191 167
class 63 160 69 168
class 58 162 64 170
class 101 162 107 170
class 99 166 105 174
class 162 166 168 174
class 129 167 135 175
class 190 168 196 176
class 95 169 101 177
class 51 170 57 178
class 45 172 51 180
class 91 172 97 180
class 107 172 113 180
class 6 176 12 184
class 46 176 52 184
class 148 177 154 185
class 48 178 54 186
class 168 180 174 188
class 0 182 6 190
class 77 183 83 191
class 84 187 90 195
class 132 188 138 196
class 166 188 172 196
class 1 189 7 197
class 40 190 46 198
class 179 190 185 198
