class 23 -4 29 4
class 82 -4 88 4
class 177 -2 183 6
class 9 -1 15 7
class 58 -1 64 7
class 147 -1 153 7
class 184 -1 190 7
class 30 0 36 8
class 114 0 120 8
class 193 0 199 8
class 3 1 9 9
class 128 3 134 11
class 139 3 145 11
class 168 3 174 11
class 123 6 129 14
class 166 6 172 14
class 1 7 7 15
class 159 8 165 16
class 6 9 12 17
class 110 10 116 18
class 180 10 186 18
class 147 11 153 19
class 83 12 89 20
class 1 13 7 21
class 14 13 20 21
class 20 13 26 21
class 173 13 179 21
class 81 14 87 22
class -3 15 3 23
class 111 16 117 24
class 146 17 152 25
class 32 20 38 28
class 174 23 180 31
class 68 24 74 32
class 63 25 69 33
class 33 27 39 35
class 189 27 195 35
class 174 28 180 36
class -3 29 3 37
class 83 30 89 38
class 186 30 192 38
class 1 33 7 41
class 41 33 47 41
class 97 33 103 41
class 161 34 167 42
class 14 35 20 43
class 63 35 69 43
class 193 38 199 46
class 16 39 22 47
class 82 40 88 48
class 65 42 71 50
class 128 42 134 50
class 141 42 147 50
class 55 43 61 51
class 90 43 96 51
class 151 43 157 51
class 180 43 186 51
class 192 44 198 52
class 23 45 29 53
class 69 45 75 53
class 188 45 194 53
class 118 46 124 54
class 143 46 149 54
class 56 47 62 55
class 33 48 39 56
class 173 48 179 56
class 43 50 49 58
class 188 50 194 58
class 194 52 200 60
class 2 53 8 61
class 185 53 191 61
class 67 55 73 63
class 78 55 84 63
class 139 55 145 63
class 85 59 91 67
class 101 59 107 67
class 8 62 14 70
class 85 62 91 70
class 123 62 129 70
class -1 65 5 73
class 192 66 198 74
class 102 70 108 78
class 78 72 84 80
class 6 73 12 81
class 104 74 110 82
class 70 76 76 84
class 15 79 21 87
class 104 79 110 87
class 38 81 44 89
class 143 81 149 89
class 11 82 17 90
class 50 82 56 90
class 3 83 9 91
class 92 83 98 91
class 125 83 131 91
class 146 83 152 91
class 118 89 124 97
class 5 90 11 98
class 49 93 55 101
class 106 93 112 101
class -3 94 3 102
class 165 94 171 102
class 8 95 14 103
class 17 98 23 106
class 21 101 27 109
class 50 101 56 109
class 82 103 88 111
class 24 104 30 112
class 130 106 136 114
class 93 107 99 115
class 1 108 7 116
class 14 108 20 116
class 29 109 35 117
class 31 111 37 119
class 38 111 44 119
class 170 111 176 119
class 156 113 162 121
class 5 115 11 123
class 151 117 157 125
class -3 118 3 126
class 100 118 106 126
class 123 120 129 128
class 15 121 21 129
class 95 121 101 129
class 53 122 59 130
class 63 123 69 131
class 96 124 102 132
class 118 124 124 132
class 140 124 146 132
class 103 125 109 133
class 7 127 13 135
class 47 127 53 135
class 104 127 110 135
class 94 128 100 136
class 125 128 131 136
class -3 130 3 138
class 135 130 141 138
class 139 130 145 138
class 44 131 50 139
class 92 131 98 139
class 30 134 36 142
class 89 135 95 143
class 23 136 29 144
class 145 137 151 145
class 132 140 138 148
class 46 143 52 151
class 60 145 66 153
class 97 146 103 154
class 142 146 148 154
class 179 146 185 154
class 71 149 77 157
class 118 149 124 157
class 16 150 22 158
class 20 151 26 159
class 75 152 81 160
class 128 153 134 161
class 185 155 191 163
class 112 159 118 167
class 160 161 166 169
class 161 161 167 169
class 1 162 7 170
class 150 162 156 170
class 146 163 152 171
class 17 164 23 172
class 8 165 14 173
class 196 165 202 173
class 72 169 78 177
class 12 170 18 178
class 21 170 27 178
class 184 170 190 178
class 78 171 84 179
class 111 171 117 179
class 103 172 109 180
class 127 172 133 180
class 81 173 87 181
class 57 174 63 182
class 122 180 128 188
class 192 180 198 188
class 154 182 160 190
class 22 183 28 191
class 136 183 142 191
class 0 184 6 192
class 129 185 135 193
class 85 189 91 197
class 14 190 20 198
class 51 192 57 200
class 28 194 34 202
