class 28 -4 34 4
class 82 -4 88 4
class 30 -2 36 6
class 58 -2 64 6
class 147 -1 153 7
class 114 0 120 8
class 193 0 199 8
class 128 3 134 11
class 139 3 145 11
class 123 6 129 14
class 1 7 7 15
class 159 8 165 16
class 6 9 12 17
class 110 10 116 18
class 180 10 186 18
class 14 13 20 21
class 20 13 26 21
class 174 13 180 21
class 146 17 152 25
class 32 20 38 28
class 127 22 133 30
class 76 23 82 31
class 33 27 39 35
class 83 30 89 38
class -2 31 4 39
class 0 32 6 40
class 41 33 47 41
class 97 33 103 41
class 161 34 167 42
class 63 36 69 44
class 81 40 87 48
class 65 42 71 50
class 128 42 134 50
class 90 43 96 51
class 151 43 157 51
class 180 43 186 51
class 23 45 29 53
class 69 45 75 53
class 188 45 194 53
class 117 46 123 54
class 33 48 39 56
class 173 48 179 56
class 188 50 194 58
class 194 52 200 60
class 71 53 77 61
class 185 53 191 61
class 139 55 145 63
class 128 58 134 66
class 101 59 107 67
class 123 61 129 69
class 8 62 14 70
class 42 67 48 75
class 102 70 108 78
class 6 73 12 81
class 104 74 110 82
class 70 76 76 84
class 104 79 110 87
class 38 81 44 89
class 11 82 17 90
class 50 82 56 90
class 133 83 139 91
class 92 85 98 93
class 3 86 9 94
class -3 94 3 102
class 165 94 171 102
class 49 96 55 104
class 50 98 56 106
class 149 98 155 106
class 20 100 26 108
class 21 101 27 109
class 80 103 86 111
class 24 104 30 112
class 67 106 73 114
class 93 107 99 115
class 1 108 7 116
class 14 108 20 116
class 38 111 44 119
class 170 111 176 119
class 156 113 162 121
class 59 114 65 122
class 2 115 8 123
class 151 117 157 125
class -3 118 3 126
class 100 119 106 127
class 15 121 21 129
class 52 122 58 130
class 63 123 69 131
class 140 124 146 132
class 7 127 13 135
class 47 127 53 135
class 94 128 100 136
class -3 130 3 138
class 44 131 50 139
class 89 133 95 141
class 28 134 34 142
class 24 136 30 144
class 144 137 150 145
class 132 140 138 148
class 4 141 10 149
class 46 143 52 151
class 60 145 66 153
class 142 146 148 154
class 64 149 70 157
class 118 149 124 157
class 75 152 81 160
class 128 153 134 161
class 185 155 191 163
class 75 158 81 166
class 8 165 14 173
class 17 165 23 173
class 12 169 18 177
class 21 170 27 178
class 184 170 190 178
class 126 173 132 181
class 122 178 128 186
class 192 180 198 188
class 154 182 160 190
class 0 184 6 192
class 130 185 136 193
class 50 188 56 196
class 85 189 91 197
class 14 190 20 198
class 51 192 57 200
class 131 193 137 201
