class 82 -4 88 4
class 58 -2 64 6
class 177 -2 183 6
class 7 -1 13 7
class 147 -1 153 7
class 184 -1 190 7
class 30 0 36 8
class 114 0 120 8
class 193 0 199 8
class 4 1 10 9
class 107 2 113 10
class 128 3 134 11
class 139 3 145 11
class 6 9 12 17
class 110 10 116 18
class 14 13 20 21
class 20 13 26 21
class 173 13 179 21
class 111 16 117 24
class 146 17 152 25
class 32 20 38 28
class 127 22 133 30
class 76 23 82 31
class 65 25 71 33
class 33 27 39 35
class -3 29 3 37
class 83 30 89 38
class 1 32 7 40
class 41 33 47 41
class 161 34 167 42
class 63 36 69 44
class 81 40 87 48
class 65 42 71 50
class 128 42 134 50
class 90 43 96 51
class 151 43 157 51
class 23 45 29 53
class 69 45 75 53
class 188 45 194 53
class 33 48 39 56
class 173 48 179 56
class 188 50 194 58
class 194 52 200 60
class 2 53 8 61
class 73 53 79 61
class 67 55 73 63
class 139 55 145 63
class 128 57 134 65
class 101 59 107 67
class -3 65 3 73
class 193 66 199 74
class 42 67 48 75
class 102 70 108 78
class 78 72 84 80
class 6 73 12 81
class 104 74 110 82
class 70 76 76 84
class 104 79 110 87
class 38 81 44 89
class 11 82 17 90
class 50 82 56 90
class 125 83 131 91
class 133 83 139 91
class 3 85 9 93
class 92 85 98 93
class 118 89 124 97
class 5 90 11 98
class 106 91 112 99
class -3 94 3 102
class 7 94 13 102
class 49 94 55 102
class 165 94 171 102
class 149 98 155 106
class 18 99 24 107
class 50 100 56 108
class 21 101 27 109
class 80 103 86 111
class 24 104 30 112
class 67 106 73 114
class 1 108 7 116
class 14 108 20 116
class 38 111 44 119
class 170 111 176 119
class 156 113 162 121
class 59 114 65 122
class 3 115 9 123
class 151 117 157 125
class -3 118 3 126
class 100 118 106 126
class 52 122 58 130
class 63 123 69 131
class 140 124 146 132
class 47 127 53 135
class 94 128 100 136
class 124 128 130 136
class 122 129 128 137
class -3 130 3 138
class 44 131 50 139
class 23 136 29 144
class 145 137 151 145
class 132 140 138 148
class 4 141 10 149
class 60 145 66 153
class 98 146 104 154
class 179 146 185 154
class 64 149 70 157
class 118 149 124 157
class 75 152 81 160
class 128 153 134 161
class 185 155 191 163
class 75 158 81 166
class 1 163 7 171
class -3 165 3 173
class 8 165 14 173
class 17 165 23 173
class 12 169 18 177
class 73 169 79 177
class 21 170 27 178
class 109 171 115 179
class 106 172 112 180
class 126 172 132 180
class 122 179 128 187
class 192 180 198 188
class 154 182 160 190
class 0 184 6 192
class 130 185 136 193
class 50 188 56 196
class 85 189 91 197
class 14 190 20 198
class 51 192 57 200
class 28 194 34 202
