class 23 -4 29 4
class 82 -4 88 4
class 170 -4 176 4
class 1 -2 7 6
class 9 -2 15 6
class 16 -2 22 6
class 177 -2 183 6
class 58 -1 64 7
class 184 -1 190 7
class 30 0 36 8
class 114 0 120 8
class 193 0 199 8
class 3 2 9 10
class 104 2 110 10
class 128 3 134 11
class 139 3 145 11
class 168 3 174 11
class 123 6 129 14
class 166 6 172 14
class 1 7 7 15
class 54 7 60 15
class 159 8 165 16
class 6 9 12 17
class 147 9 153 17
class 50 10 56 18
class 64 10 70 18
class 102 10 108 18
class 180 10 186 18
class 84 11 90 19
class 65 12 71 20
class 71 12 77 20
class 105 12 111 20
class 1 13 7 21
class 14 13 20 21
class 20 13 26 21
class 68 13 74 21
class 148 13 154 21
class 173 13 179 21
class 80 15 86 23
class -3 16 3 24
class 146 17 152 25
class 163 18 169 26
class 32 20 38 28
class 161 21 167 29
class 127 22 133 30
class 76 23 82 31
class 63 25 69 33
class 11 27 17 35
class 33 27 39 35
class 189 27 195 35
class -3 28 3 36
class 56 28 62 36
class 83 30 89 38
class 174 30 180 38
class 185 30 191 38
class 2 33 8 41
class 14 33 20 41
class 41 33 47 41
class 97 33 103 41
class 55 34 61 42
class 137 34 143 42
class 161 34 167 42
class 136 35 142 43
class 12 36 18 44
class 36 37 42 45
class 13 38 19 46
class 35 38 41 46
class 193 38 199 46
class -1 39 5 47
class 17 39 23 47
class 83 40 89 48
class 141 41 147 49
class -2 42 4 50
class 65 42 71 50
class 128 42 134 50
class 41 43 47 51
class 55 43 61 51
class 90 43 96 51
class 150 43 156 51
class 180 43 186 51
class 23 45 29 53
class 188 45 194 53
class 118 46 124 54
class 143 46 149 54
class 33 48 39 56
class 56 48 62 56
class 157 48 163 56
class 173 48 179 56
class 43 50 49 58
class 188 50 194 58
class 96 52 102 60
class 194 52 200 60
class 2 53 8 61
class 74 53 80 61
class 159 54 165 62
class 67 55 73 63
class 139 55 145 63
class 146 55 152 63
class 83 56 89 64
class 119 56 125 64
class 128 56 134 64
class 85 59 91 67
class 101 59 107 67
class 145 60 151 68
class 8 62 14 70
class 123 62 129 70
class 85 63 91 71
class -1 65 5 73
class 192 67 198 75
class 179 69 185 77
class 78 72 84 80
class 155 72 161 80
class 177 72 183 80
class 6 73 12 81
class 112 73 118 81
class 26 74 32 82
class 104 74 110 82
class 17 76 23 84
class 31 76 37 84
class 70 76 76 84
class 153 76 159 84
class 167 76 173 84
class 172 76 178 84
class 104 79 110 87
class 15 80 21 88
class 141 80 147 88
class 38 81 44 89
class 69 81 75 89
class 3 82 9 90
class 11 82 17 90
class 50 82 56 90
class 92 83 98 91
class 125 83 131 91
class 133 83 139 91
class 148 83 154 91
class 37 88 43 96
class 118 89 124 97
class 5 90 11 98
class 36 91 42 99
class 49 91 55 99
class 137 92 143 100
class 138 93 144 101
class -3 94 3 102
class 165 94 171 102
class 85 95 91 103
class 190 95 196 103
class 9 96 15 104
class 87 97 93 105
class 175 97 181 105
class 17 98 23 106
class 113 98 119 106
class 149 98 155 106
class 173 100 179 108
class 179 100 185 108
class 21 101 27 109
class 50 101 56 109
class 175 102 181 110
class 84 103 90 111
class 24 104 30 112
class 67 106 73 114
class 127 106 133 114
class 1 108 7 116
class 14 108 20 116
class 29 109 35 117
class 31 111 37 119
class 38 111 44 119
class 170 111 176 119
class 127 112 133 120
class 131 113 137 121
class 156 113 162 121
class 59 114 65 122
class 7 115 13 123
class 19 115 25 123
class 151 117 157 125
class -3 118 3 126
class 100 118 106 126
class 117 120 123 128
class 15 121 21 129
class 54 122 60 130
class 140 124 146 132
class 103 125 109 133
class 118 125 124 133
class 7 127 13 135
class 47 127 53 135
class 94 128 100 136
class 125 128 131 136
class -3 130 3 138
class 121 130 127 138
class 135 130 141 138
class 139 130 145 138
class 176 130 182 138
class 44 131 50 139
class 92 131 98 139
class 178 131 184 139
class 129 133 135 141
class 30 134 36 142
class 127 135 133 143
class 6 136 12 144
class 23 136 29 144
class 89 136 95 144
class 145 137 151 145
class 111 139 117 147
class 10 140 16 148
class 33 140 39 148
class 149 141 155 149
class 4 142 10 150
class 45 142 51 150
class 109 142 115 150
class 43 143 49 151
class 47 143 53 151
class 34 144 40 152
class 60 145 66 153
class 142 145 148 153
class 150 145 156 153
class 68 146 74 154
class 179 146 185 154
class 14 149 20 157
class 58 149 64 157
class 64 149 70 157
class 71 149 77 157
class 118 149 124 157
class 34 151 40 159
class 56 151 62 159
class 75 152 81 160
class 92 152 98 160
class 90 153 96 161
class 128 153 134 161
class 60 154 66 162
class 109 154 115 162
class 193 154 199 162
class 2 155 8 163
class 36 155 42 163
class 185 155 191 163
class 5 156 11 164
class 57 156 63 164
class 118 156 124 164
class 48 157 54 165
class 192 158 198 166
class 113 159 119 167
class 121 159 127 167
class 1 160 7 168
class 46 160 52 168
class 163 160 169 168
class 150 162 156 170
class 159 162 165 170
class 145 163 151 171
class 17 164 23 172
class 8 165 14 173
class 196 165 202 173
class 70 169 76 177
class 12 170 18 178
class 21 170 27 178
class 78 171 84 179
class 111 171 117 179
class 103 172 109 180
class 127 172 133 180
class 57 173 63 181
class 82 173 88 181
class 5 175 11 183
class 169 176 175 184
class 2 177 8 185
class 99 179 105 187
class 122 180 128 188
class 192 180 198 188
class 102 181 108 189
class 22 183 28 191
class 135 183 141 191
class 146 183 152 191
class 0 184 6 192
class 139 184 145 192
class 111 185 117 193
class 127 185 133 193
class 143 185 149 193
class 113 187 119 195
class 48 188 54 196
class 14 190 20 198
class 23 190 29 198
class 52 192 58 200
class 188 192 194 200
class 132 193 138 201
class 190 193 196 201
class 28 194 34 202
class 168 194 174 202
class 2 195 8 203
class 14 195 20 203
