class 23 -4 29 4
class 82 -4 88 4
class 58 -2 64 6
class 177 -2 183 6
class 8 -1 14 7
class 147 -1 153 7
class 184 -1 190 7
class 30 0 36 8
class 114 0 120 8
class 193 0 199 8
class 3 1 9 9
class 128 3 134 11
class 139 3 145 11
class 166 5 172 13
class 123 6 129 14
class 1 7 7 15
class 159 8 165 16
class 6 9 12 17
class 110 10 116 18
class 180 10 186 18
class -1 13 5 21
class 14 13 20 21
class 20 13 26 21
class 173 13 179 21
class -3 15 3 23
class 111 16 117 24
class 146 17 152 25
class 127 22 133 30
class 76 23 82 31
class 63 25 69 33
class 174 25 180 33
class 174 26 180 34
class 189 27 195 35
class -3 29 3 37
class 187 29 193 37
class 83 30 89 38
class 1 32 7 40
class 41 33 47 41
class 97 33 103 41
class 161 34 167 42
class 14 36 20 44
class 63 36 69 44
class 16 38 22 46
class 82 40 88 48
class 65 42 71 50
class 90 43 96 51
class 141 43 147 51
class 180 43 186 51
class 192 43 198 51
class 23 45 29 53
class 69 45 75 53
class 188 45 194 53
class 41 46 47 54
class 118 46 124 54
class 143 46 149 54
class 33 48 39 56
class 173 48 179 56
class 43 49 49 57
class 188 50 194 58
class 194 52 200 60
class 2 53 8 61
class 185 53 191 61
class 67 55 73 63
class 139 55 145 63
class 128 57 134 65
class 101 59 107 67
class 123 61 129 69
class 8 62 14 70
class -2 65 4 73
class 192 66 198 74
class 42 67 48 75
class 102 70 108 78
class 27 74 33 82
class 30 76 36 84
class 70 76 76 84
class 16 78 22 86
class 15 79 21 87
class 104 79 110 87
class 38 81 44 89
class 11 82 17 90
class 50 82 56 90
class 125 83 131 91
class 133 83 139 91
class 3 84 9 92
class 92 84 98 92
class 5 90 11 98
class 106 92 112 100
class 8 94 14 102
class 49 94 55 102
class 165 94 171 102
class 149 98 155 106
class 17 99 23 107
class 21 101 27 109
class 50 101 56 109
class 81 103 87 111
class 24 104 30 112
class 67 106 73 114
class 93 107 99 115
class 1 108 7 116
class 14 108 20 116
class 170 111 176 119
class 156 113 162 121
class 59 114 65 122
class 151 117 157 125
class -3 118 3 126
class 100 118 106 126
class 15 121 21 129
class 95 121 101 129
class 53 122 59 130
class 63 123 69 131
class 140 124 146 132
class 7 127 13 135
class 47 127 53 135
class 94 128 100 136
class 125 128 131 136
class 121 130 127 138
class 92 131 98 139
class 30 134 36 142
class 89 135 95 143
class 23 136 29 144
class 145 137 151 145
class 132 140 138 148
class 4 141 10 149
class 46 143 52 151
class 60 145 66 153
class 98 146 104 154
class 142 146 148 154
class 179 146 185 154
class 64 149 70 157
class 70 149 76 157
class 118 149 124 157
class 75 152 81 160
class 128 153 134 161
class 109 155 115 163
class 185 155 191 163
class 75 158 81 166
class 112 158 118 166
class 17 164 23 172
class 8 165 14 173
class 196 165 202 173
class 73 169 79 177
class 184 170 190 178
class 78 171 84 179
class 80 172 86 180
class 104 172 110 180
class 127 172 133 180
class 122 180 128 188
class 192 180 198 188
class 154 182 160 190
class 22 183 28 191
class 0 184 6 192
class 50 188 56 196
class 14 190 20 198
class 23 191 29 199
class 51 192 57 200
class 131 193 137 201
class 28 194 34 202
