class 2 -4 8 4
class 15 -4 21 4
class 1 -2 7 6
class 177 -2 183 6
class 9 -1 15 7
class 58 -1 64 7
class 147 -1 153 7
class 184 -1 190 7
class 30 0 36 8
class 114 0 120 8
class 193 0 199 8
class 3 2 9 10
class 104 2 110 10
class 128 3 134 11
class 139 3 145 11
class 168 3 174 11
class 123 6 129 14
class 166 6 172 14
class 1 7 7 15
class 159 8 165 16
class 6 9 12 17
class 51 9 57 17
class 147 10 153 18
class 180 10 186 18
class 1 13 7 21
class 14 13 20 21
class 20 13 26 21
class 148 13 154 21
class 173 13 179 21
class 80 14 86 22
class -3 16 3 24
class 111 16 117 24
class 146 17 152 25
class 32 20 38 28
class 161 20 167 28
class 174 22 180 30
class 68 24 74 32
class 63 25 69 33
class 189 27 195 35
class -3 28 3 36
class 56 29 62 37
class 174 29 180 37
class 83 30 89 38
class 186 30 192 38
class 1 33 7 41
class 41 33 47 41
class 97 33 103 41
class 161 34 167 42
class 63 35 69 43
class 12 36 18 44
class 13 38 19 46
class 193 38 199 46
class 17 39 23 47
class 82 40 88 48
class -2 41 4 49
class 141 41 147 49
class 65 42 71 50
class 128 42 134 50
class 41 43 47 51
class 55 43 61 51
class 90 43 96 51
class 150 43 156 51
class 180 43 186 51
class 192 44 198 52
class 23 45 29 53
class 69 45 75 53
class 188 45 194 53
class 118 46 124 54
class 143 46 149 54
class 33 48 39 56
class 56 48 62 56
class 173 48 179 56
class 157 49 163 57
class 95 52 101 60
class 2 53 8 61
class 74 53 80 61
class 67 55 73 63
class 139 55 145 63
class 146 55 152 63
class 83 56 89 64
class 93 56 99 64
class 128 56 134 64
class 85 59 91 67
class 101 59 107 67
class 145 59 151 67
class 123 62 129 70
class -1 65 5 73
class 192 66 198 74
class 42 67 48 75
class 178 69 184 77
class 102 70 108 78
class 78 72 84 80
class 177 72 183 80
class 112 73 118 81
class 26 74 32 82
class 153 75 159 83
class 17 76 23 84
class 30 76 36 84
class 70 76 76 84
class 115 76 121 84
class 168 76 174 84
class 172 76 178 84
class 104 79 110 87
class 15 80 21 88
class 142 80 148 88
class 38 81 44 89
class 69 81 75 89
class 11 82 17 90
class 50 82 56 90
class 92 83 98 91
class 125 83 131 91
class 133 83 139 91
class 147 83 153 91
class 67 84 73 92
class 5 90 11 98
class 49 92 55 100
class -3 94 3 102
class 106 94 112 102
class 9 95 15 103
class 17 98 23 106
class 113 98 119 106
class 149 98 155 106
class 175 98 181 106
class 174 100 180 108
class 178 100 184 108
class 191 100 197 108
class 21 101 27 109
class 50 101 56 109
class 83 103 89 111
class 24 104 30 112
class 132 104 138 112
class 127 106 133 114
class 93 107 99 115
class 1 108 7 116
class 14 108 20 116
class 29 109 35 117
class 38 111 44 119
class 170 111 176 119
class 128 112 134 120
class 131 112 137 120
class 59 114 65 122
class 6 115 12 123
class 121 117 127 125
class 151 117 157 125
class -3 118 3 126
class 100 118 106 126
class 117 120 123 128
class 15 121 21 129
class 63 123 69 131
class 96 124 102 132
class 103 125 109 133
class 118 125 124 133
class 94 128 100 136
class 125 128 131 136
class -3 130 3 138
class 121 130 127 138
class 135 130 141 138
class 139 130 145 138
class 92 131 98 139
class 30 134 36 142
class 23 136 29 144
class 89 136 95 144
class 111 139 117 147
class 10 140 16 148
class 132 140 138 148
class 109 141 115 149
class 4 142 10 150
class 33 142 39 150
class 34 143 40 151
class 46 143 52 151
class 150 144 156 152
class 97 146 103 154
class 142 146 148 154
class 179 146 185 154
class 68 147 74 155
class 118 149 124 157
class 14 150 20 158
class 58 150 64 158
class 21 151 27 159
class 57 151 63 159
class 34 152 40 160
class 75 152 81 160
class 51 153 57 161
class 128 153 134 161
class 36 154 42 162
class 60 154 66 162
class 109 154 115 162
class 57 155 63 163
class 185 155 191 163
class 118 156 124 164
class 48 157 54 165
class 75 158 81 166
class 47 159 53 167
class 113 159 119 167
class 121 159 127 167
class 162 160 168 168
class 1 161 7 169
class 150 162 156 170
class 145 163 151 171
class 17 164 23 172
class 8 165 14 173
class 196 165 202 173
class 71 169 77 177
class 12 170 18 178
class 21 170 27 178
class 184 170 190 178
class 78 171 84 179
class 111 171 117 179
class 103 172 109 180
class 127 172 133 180
class 57 173 63 181
class 82 173 88 181
class 4 175 10 183
class 2 176 8 184
class 170 176 176 184
class 171 177 177 185
class 99 179 105 187
class 192 180 198 188
class 154 182 160 190
class 135 183 141 191
class 145 183 151 191
class 0 184 6 192
class 111 185 117 193
class 127 185 133 193
class 143 185 149 193
class 113 186 119 194
class 49 188 55 196
class 14 190 20 198
class 23 190 29 198
class 28 194 34 202
