class 2 -4 8 4
class 23 -4 29 4
class 82 -4 88 4
class 16 -3 22 5
class 1 -2 7 6
class 177 -2 183 6
class 58 -1 64 7
class 147 -1 153 7
class 30 0 36 8
class 114 0 120 8
class 193 0 199 8
class 3 2 9 10
class 104 2 110 10
class 128 3 134 11
class 168 3 174 11
class 123 6 129 14
class 166 6 172 14
class 1 7 7 15
class 54 7 60 15
class 159 8 165 16
class 6 9 12 17
class 147 9 153 17
class 103 10 109 18
class 110 10 116 18
class 104 11 110 19
class 1 13 7 21
class 14 13 20 21
class 20 13 26 21
class 68 13 74 21
class 148 13 154 21
class 173 13 179 21
class 80 14 86 22
class -3 16 3 24
class 111 16 117 24
class 146 17 152 25
class 163 18 169 26
class 161 21 167 29
class 127 22 133 30
class 174 22 180 30
class 76 23 82 31
class 68 24 74 32
class 63 25 69 33
class 33 27 39 35
class 189 27 195 35
class -3 28 3 36
class 56 28 62 36
class 83 30 89 38
class 174 30 180 38
class 185 30 191 38
class 1 33 7 41
class 14 33 20 41
class 41 33 47 41
class 97 33 103 41
class 56 34 62 42
class 161 34 167 42
class 63 35 69 43
class 12 36 18 44
class 13 38 19 46
class 193 38 199 46
class -1 39 5 47
class 83 40 89 48
class 141 41 147 49
class -2 42 4 50
class 65 42 71 50
class 128 42 134 50
class 55 43 61 51
class 90 43 96 51
class 150 43 156 51
class 180 43 186 51
class 23 45 29 53
class 188 45 194 53
class 118 46 124 54
class 143 46 149 54
class 33 48 39 56
class 56 48 62 56
class 173 48 179 56
class 157 49 163 57
class 43 50 49 58
class 188 50 194 58
class 96 52 102 60
class 194 52 200 60
class 2 53 8 61
class 74 53 80 61
class 159 53 165 61
class 185 53 191 61
class 67 55 73 63
class 78 55 84 63
class 139 55 145 63
class 146 55 152 63
class 83 56 89 64
class 92 56 98 64
class 128 56 134 64
class 85 59 91 67
class 101 59 107 67
class 145 60 151 68
class 8 62 14 70
class 85 63 91 71
class -1 65 5 73
class 42 67 48 75
class 192 67 198 75
class 179 69 185 77
class 78 72 84 80
class 155 72 161 80
class 177 72 183 80
class 6 73 12 81
class 112 73 118 81
class 26 74 32 82
class 104 74 110 82
class 17 76 23 84
class 30 76 36 84
class 153 76 159 84
class 167 76 173 84
class 104 79 110 87
class 15 80 21 88
class 142 80 148 88
class 38 81 44 89
class 69 81 75 89
class 3 82 9 90
class 11 82 17 90
class 50 82 56 90
class 82 83 88 91
class 92 83 98 91
class 125 83 131 91
class 133 83 139 91
class 147 83 153 91
class 81 86 87 94
class 5 90 11 98
class 36 91 42 99
class 49 92 55 100
class -3 94 3 102
class 106 94 112 102
class 165 94 171 102
class 86 95 92 103
class 190 95 196 103
class 175 97 181 105
class 17 98 23 106
class 149 98 155 106
class 111 100 117 108
class 173 100 179 108
class 179 100 185 108
class 50 101 56 109
class 24 104 30 112
class 132 104 138 112
class 67 106 73 114
class 127 106 133 114
class 93 107 99 115
class 29 109 35 117
class 31 111 37 119
class 38 111 44 119
class 170 111 176 119
class 127 112 133 120
class 131 112 137 120
class 156 113 162 121
class 59 114 65 122
class 6 115 12 123
class 151 117 157 125
class -3 118 3 126
class 117 120 123 128
class 124 120 130 128
class 15 121 21 129
class 94 121 100 129
class 54 122 60 130
class 96 124 102 132
class 140 124 146 132
class 118 125 124 133
class 7 127 13 135
class 106 127 112 135
class 94 128 100 136
class 125 128 131 136
class -3 130 3 138
class 121 130 127 138
class 139 130 145 138
class 44 131 50 139
class 92 131 98 139
class 129 133 135 141
class 30 134 36 142
class 128 134 134 142
class 23 136 29 144
class -3 137 3 145
class 145 137 151 145
class -2 138 4 146
class 111 139 117 147
class 10 140 16 148
class 132 140 138 148
class 33 141 39 149
class 109 141 115 149
class 149 141 155 149
class 44 143 50 151
class 45 143 51 151
class 34 144 40 152
class 60 145 66 153
class 150 145 156 153
class 96 146 102 154
class 179 146 185 154
class 68 147 74 155
class 14 149 20 157
class 58 149 64 157
class 64 149 70 157
class 71 149 77 157
class 118 149 124 157
class 22 151 28 159
class 34 151 40 159
class 56 151 62 159
class 75 152 81 160
class 51 153 57 161
class 128 153 134 161
class 60 154 66 162
class 109 154 115 162
class 3 155 9 163
class 36 155 42 163
class 185 155 191 163
class 193 155 199 163
class 5 156 11 164
class 50 156 56 164
class 57 156 63 164
class 118 156 124 164
class 48 157 54 165
class 75 158 81 166
class 121 159 127 167
class 1 160 7 168
class 47 160 53 168
class 162 160 168 168
class 159 162 165 170
class 145 163 151 171
class 17 164 23 172
class 8 165 14 173
class 196 165 202 173
class 71 169 77 177
class 12 170 18 178
class 21 170 27 178
class 78 171 84 179
class 111 171 117 179
class 103 172 109 180
class 127 172 133 180
class 57 173 63 181
class 82 173 88 181
class 5 175 11 183
class 169 176 175 184
class 2 177 8 185
class 172 177 178 185
class 99 179 105 187
class 122 180 128 188
class 192 180 198 188
class 102 181 108 189
class 154 182 160 190
class 22 183 28 191
class 135 183 141 191
class 145 183 151 191
class 0 184 6 192
class 139 184 145 192
class 111 185 117 193
class 143 185 149 193
class 113 187 119 195
class 48 188 54 196
class 14 190 20 198
class 23 190 29 198
class 52 192 58 200
class 131 193 137 201
class 28 194 34 202
class 168 194 174 202
class 15 195 21 203
class 169 195 175 203
