class 55 -4 61 4
class 160 -3 166 5
class 86 -1 92 7
class 108 -1 114 7
class 123 0 129 8
class 133 1 139 9
class 117 3 123 11
class 115 5 121 13
class -2 6 4 14
class 155 7 161 15
class 47 8 53 16
class 45 11 51 19
class 87 13 93 21
class 136 14 142 22
class 111 15 117 23
class 68 16 74 24
class 129 16 135 24
class 194 17 200 25
class 91 20 97 28
class 53 22 59 30
class 183 24 189 32
class 56 25 62 33
class 101 25 107 33
class 110 30 116 38
class 104 31 110 39
class 172 32 178 40
class 189 33 195 41
class 45 34 51 42
class 126 35 132 43
class 144 35 150 43
class 119 38 125 46
class 131 41 137 49
class 102 42 108 50
class 33 43 39 51
class 18 49 24 57
class 123 49 129 57
class 29 51 35 59
class 66 51 72 59
class 50 52 56 60
class 176 53 182 61
class 57 54 63 62
class 103 54 109 62
class 92 55 98 63
class 14 57 20 65
class 151 57 157 65
class 26 58 32 66
class 179 58 185 66
class 193 60 199 68
class 119 61 125 69
class 187 61 193 69
class 106 63 112 71
class 159 65 165 73
class 59 68 65 76
class 152 68 158 76
class 46 69 52 77
class 118 69 124 77
class 60 70 66 78
class 18 72 24 80
class 128 72 134 80
class 1 74 7 82
class 129 77 135 85
class 69 78 75 86
class 92 80 98 88
class 5 81 11 89
class 130 81 136 89
class 27 82 33 90
class 97 84 103 92
class 145 86 151 94
class 49 90 55 98
class 12 91 18 99
class 25 91 31 99
class 42 92 48 100
class 118 92 124 100
class 60 93 66 101
class 38 94 44 102
class 52 94 58 102
class 187 94 193 102
class 125 100 131 108
class 136 101 142 109
class 28 102 34 110
class 50 102 56 110
class 107 102 113 110
class 114 102 120 110
class 127 103 133 111
class 141 103 147 111
class 134 104 140 112
class 111 105 117 113
class 189 105 195 113
class 76 106 82 114
class 192 106 198 114
class 119 110 125 118
class 186 110 192 118
class 113 111 119 119
class 127 111 133 119
class 5 112 11 120
class 46 112 52 120
class 166 112 172 120
class 80 117 86 125
class 50 118 56 126
class 96 119 102 127
class 29 120 35 128
class 72 122 78 130
class 138 122 144 130
class 52 123 58 131
class 142 124 148 132
class -1 128 5 136
class 27 128 33 136
class 56 128 62 136
class 33 130 39 138
class 173 132 179 140
class -1 133 5 141
class 25 133 31 141
class 191 133 197 141
class 102 135 108 143
class 23 139 29 147
class 59 139 65 147
class 33 140 39 148
class 69 140 75 148
class 91 141 97 149
class 137 142 143 150
class 139 142 145 150
class 167 142 173 150
class 19 144 25 152
class 119 144 125 152
class 173 144 179 152
class 78 146 84 154
class 37 147 43 155
class 180 147 186 155
class 17 148 23 156
class 60 148 66 156
class 75 150 81 158
class 68 151 74 159
class 17 153 23 161
class 112 154 118 162
class 56 155 62 163
class 122 155 128 163
class 136 155 142 163
class 71 156 77 164
class 175 156 181 164
class 6 157 12 165
class 37 157 43 165
class 117 157 123 165
class 153 157 159 165
class 189 158 195 166
class 9 159 15 167
class 47 161 53 169
class 13 162 19 170
class 75 164 81 172
class 91 164 97 172
class 195 164 201 172
class 42 165 48 173
class 184 166 190 174
class 57 167 63 175
class 109 167 115 175
class 13 168 19 176
class 61 168 67 176
class 68 168 74 176
class 20 169 26 177
class -3 170 3 178
class 166 170 172 178
class 181 171 187 179
class 127 172 133 180
class 132 172 138 180
class 90 173 96 181
class 118 173 124 181
class 151 173 157 181
class -2 176 4 184
class 17 177 23 185
class 7 178 13 186
class 109 178 115 186
class 62 180 68 188
class 92 180 98 188
class 45 181 51 189
class 19 182 25 190
class 88 183 94 191
class 103 183 109 191
class 42 185 48 193
class 69 188 75 196
class 111 188 117 196
class 173 189 179 197
class 66 191 72 199
class 116 191 122 199
class 173 193 179 201
class 34 195 40 203
