class 20 -4 26 4
class 55 -4 61 4
class 92 -4 98 4
class 96 -4 102 4
class 51 -3 57 5
class 95 -2 101 6
class 178 -2 184 6
class 86 -1 92 7
class 108 -1 114 7
class 123 0 129 8
class 133 1 139 9
class 176 1 182 9
class 30 4 36 12
class -2 6 4 14
class 115 6 121 14
class 162 6 168 14
class 48 7 54 15
class 155 7 161 15
class 165 8 171 16
class 171 8 177 16
class 65 9 71 17
class 185 9 191 17
class 81 11 87 19
class 45 12 51 20
class 181 12 187 20
class 79 13 85 21
class 87 13 93 21
class 136 14 142 22
class 111 15 117 23
class 128 16 134 24
class 162 16 168 24
class 68 17 74 25
class 194 17 200 25
class 83 18 89 26
class 91 20 97 28
class 144 22 150 30
class 149 22 155 30
class 156 22 162 30
class 161 23 167 31
class 183 24 189 32
class 28 25 34 33
class 14 26 20 34
class 18 28 24 36
class 60 30 66 38
class 111 30 117 38
class 57 31 63 39
class 104 31 110 39
class 144 32 150 40
class 172 32 178 40
class 189 33 195 41
class 45 34 51 42
class 144 36 150 44
class 119 38 125 46
class 108 40 114 48
class 131 41 137 49
class 33 43 39 51
class 147 43 153 51
class 82 45 88 53
class 146 45 152 53
class 64 46 70 54
class 172 46 178 54
class 114 48 120 56
class 18 49 24 57
class 63 49 69 57
class 123 49 129 57
class 169 49 175 57
class 29 50 35 58
class 47 51 53 59
class 66 51 72 59
class 176 52 182 60
class 44 53 50 61
class 57 54 63 62
class 103 54 109 62
class 92 55 98 63
class 14 57 20 65
class 151 57 157 65
class 26 58 32 66
class 179 58 185 66
class 42 59 48 67
class 193 60 199 68
class 119 61 125 69
class 43 62 49 70
class 187 62 193 70
class 5 63 11 71
class 106 63 112 71
class 96 64 102 72
class 59 65 65 73
class 90 65 96 73
class 160 65 166 73
class 152 68 158 76
class 117 69 123 77
class 168 69 174 77
class 46 70 52 78
class 106 71 112 79
class 18 72 24 80
class 128 72 134 80
class 60 73 66 81
class 121 73 127 81
class 173 73 179 81
class 178 73 184 81
class 40 74 46 82
class 170 74 176 82
class 105 75 111 83
class 38 77 44 85
class 129 77 135 85
class 69 78 75 86
class 56 79 62 87
class 182 79 188 87
class 5 81 11 89
class 28 82 34 90
class 130 82 136 90
class 87 84 93 92
class 97 84 103 92
class 50 85 56 93
class 182 85 188 93
class 143 86 149 94
class 155 87 161 95
class 80 88 86 96
class 149 88 155 96
class 8 89 14 97
class 49 90 55 98
class 12 91 18 99
class 83 91 89 99
class 73 92 79 100
class 118 92 124 100
class 74 93 80 101
class 38 94 44 102
class 187 94 193 102
class 3 95 9 103
class 23 95 29 103
class 52 95 58 103
class 19 96 25 104
class 46 97 52 105
class 136 98 142 106
class 27 102 33 110
class 50 102 56 110
class 107 102 113 110
class 114 102 120 110
class 121 102 127 110
class 156 102 162 110
class 129 103 135 111
class 123 104 129 112
class 141 104 147 112
class 189 104 195 112
class 85 105 91 113
class 134 105 140 113
class 75 106 81 114
class 111 106 117 114
class 149 106 155 114
class 192 106 198 114
class 150 107 156 115
class 134 110 140 118
class 186 110 192 118
class 62 111 68 119
class 127 111 133 119
class 5 112 11 120
class 10 112 16 120
class 46 112 52 120
class 60 112 66 120
class 35 117 41 125
class 80 117 86 125
class 185 117 191 125
class 50 118 56 126
class 184 119 190 127
class 30 120 36 128
class 96 120 102 128
class 165 121 171 129
class 169 121 175 129
class 72 122 78 130
class 138 122 144 130
class 52 123 58 131
class 85 124 91 132
class 131 124 137 132
class 142 124 148 132
class 126 126 132 134
class -1 127 5 135
class 22 127 28 135
class 62 127 68 135
class 125 127 131 135
class 27 128 33 136
class 22 130 28 138
class 33 130 39 138
class 86 130 92 138
class 173 132 179 140
class -2 133 4 141
class 190 133 196 141
class 52 135 58 143
class 102 135 108 143
class 113 135 119 143
class 194 135 200 143
class 5 136 11 144
class 120 136 126 144
class 2 137 8 145
class 50 137 56 145
class 23 139 29 147
class 58 139 64 147
class 194 139 200 147
class 33 140 39 148
class 69 140 75 148
class 8 141 14 149
class 91 141 97 149
class 141 142 147 150
class 155 142 161 150
class 165 143 171 151
class 173 143 179 151
class 19 144 25 152
class 119 144 125 152
class 151 144 157 152
class 77 145 83 153
class 37 147 43 155
class 80 147 86 155
class 180 147 186 155
class 17 148 23 156
class 60 148 66 156
class 75 150 81 158
class 68 151 74 159
class 82 151 88 159
class 17 153 23 161
class 111 154 117 162
class 56 155 62 163
class 122 155 128 163
class 136 155 142 163
class 154 156 160 164
class 175 156 181 164
class 4 157 10 165
class 37 157 43 165
class 189 158 195 166
class 9 159 15 167
class 105 160 111 168
class 146 161 152 169
class 152 161 158 169
class 14 162 20 170
class 100 162 106 170
class 107 162 113 170
class 76 164 82 172
class 91 164 97 172
class 195 164 201 172
class 28 165 34 173
class 42 165 48 173
class 175 166 181 174
class 109 167 115 175
class 13 168 19 176
class 61 168 67 176
class 68 168 74 176
class 20 169 26 177
class -3 170 3 178
class 166 170 172 178
class 111 172 117 180
class 127 172 133 180
class 132 172 138 180
class 90 173 96 181
class 151 173 157 181
class 181 173 187 181
class 145 174 151 182
class 17 175 23 183
class -2 177 4 185
class 146 177 152 185
class 109 178 115 186
class 7 179 13 187
class 29 179 35 187
class 62 180 68 188
class 92 180 98 188
class 33 181 39 189
class 47 182 53 190
class 74 182 80 190
class 103 182 109 190
class 168 182 174 190
class 54 183 60 191
class 77 183 83 191
class 88 183 94 191
class 25 184 31 192
class 49 184 55 192
class 143 184 149 192
class 43 185 49 193
class 57 185 63 193
class 130 186 136 194
class 21 187 27 195
class 27 187 33 195
class 69 187 75 195
class 102 187 108 195
class 173 187 179 195
class 195 187 201 195
class 86 188 92 196
class 111 188 117 196
class 191 188 197 196
class 22 191 28 199
class 116 191 122 199
class 133 191 139 199
class 66 192 72 200
class 121 192 127 200
class 158 193 164 201
class 93 194 99 202
class 156 194 162 202
class 34 195 40 203
class 49 195 55 203
