class 20 -4 26 4
class 55 -4 61 4
class 160 -3 166 5
class 86 -1 92 7
class 108 -1 114 7
class 123 0 129 8
class 133 1 139 9
class -2 6 4 14
class 30 6 36 14
class 115 6 121 14
class 47 7 53 15
class 155 7 161 15
class 33 8 39 16
class 185 9 191 17
class 181 11 187 19
class 45 12 51 20
class 136 14 142 22
class 111 15 117 23
class 68 16 74 24
class 129 16 135 24
class 194 17 200 25
class 91 20 97 28
class 53 21 59 29
class 183 24 189 32
class 101 25 107 33
class 56 26 62 34
class 104 31 110 39
class 172 32 178 40
class 189 33 195 41
class 45 34 51 42
class 144 35 150 43
class 119 38 125 46
class 107 40 113 48
class 101 42 107 50
class 33 43 39 51
class 188 46 194 54
class 18 49 24 57
class 29 51 35 59
class 57 54 63 62
class 103 54 109 62
class 14 57 20 65
class 151 57 157 65
class 26 58 32 66
class 179 58 185 66
class 193 60 199 68
class 187 62 193 70
class 5 63 11 71
class 90 65 96 73
class 146 65 152 73
class 59 66 65 74
class 152 68 158 76
class 46 69 52 77
class 118 69 124 77
class 18 72 24 80
class 60 72 66 80
class 128 72 134 80
class 121 73 127 81
class 1 74 7 82
class 129 77 135 85
class 69 78 75 86
class 56 79 62 87
class 92 79 98 87
class 5 81 11 89
class 28 82 34 90
class 130 82 136 90
class 87 84 93 92
class 144 86 150 94
class 149 88 155 96
class 155 88 161 96
class 8 89 14 97
class 49 90 55 98
class 12 91 18 99
class 25 91 31 99
class 42 92 48 100
class 118 92 124 100
class 60 93 66 101
class 38 94 44 102
class 52 94 58 102
class 187 94 193 102
class 3 95 9 103
class 46 97 52 105
class 124 100 130 108
class 28 102 34 110
class 50 102 56 110
class 107 102 113 110
class 114 102 120 110
class 128 103 134 111
class 141 103 147 111
class 134 104 140 112
class 85 105 91 113
class 189 105 195 113
class 75 106 81 114
class 111 106 117 114
class 192 106 198 114
class 120 110 126 118
class 134 110 140 118
class 186 110 192 118
class 113 111 119 119
class 127 111 133 119
class 46 112 52 120
class 166 112 172 120
class 80 117 86 125
class 50 118 56 126
class 96 119 102 127
class 30 120 36 128
class 72 122 78 130
class 138 122 144 130
class 52 123 58 131
class 131 124 137 132
class 142 124 148 132
class -1 127 5 135
class 27 128 33 136
class 56 128 62 136
class 33 130 39 138
class 173 132 179 140
class -2 133 4 141
class 25 133 31 141
class 191 133 197 141
class 102 135 108 143
class 112 135 118 143
class 109 137 115 145
class 23 139 29 147
class 58 139 64 147
class 33 140 39 148
class 69 140 75 148
class 91 141 97 149
class 135 142 141 150
class 141 142 147 150
class 166 142 172 150
class 19 144 25 152
class 119 144 125 152
class 173 144 179 152
class 78 146 84 154
class 180 147 186 155
class 17 148 23 156
class 60 148 66 156
class 75 150 81 158
class 17 153 23 161
class 112 154 118 162
class 56 155 62 163
class 122 155 128 163
class 136 155 142 163
class 71 156 77 164
class 154 156 160 164
class 175 156 181 164
class 5 157 11 165
class 37 157 43 165
class 189 158 195 166
class 9 159 15 167
class 152 160 158 168
class 47 161 53 169
class 13 162 19 170
class 100 162 106 170
class 91 164 97 172
class 195 164 201 172
class 42 165 48 173
class 56 166 62 174
class 184 166 190 174
class 109 167 115 175
class 13 168 19 176
class 68 168 74 176
class 20 169 26 177
class 166 170 172 178
class 111 172 117 180
class 127 172 133 180
class 181 172 187 180
class 90 173 96 181
class 118 173 124 181
class 151 173 157 181
class -2 176 4 184
class 17 176 23 184
class 109 178 115 186
class 7 179 13 187
class 45 179 51 187
class 29 180 35 188
class 62 180 68 188
class 92 180 98 188
class 32 181 38 189
class 19 182 25 190
class 103 182 109 190
class 48 183 54 191
class 54 183 60 191
class 42 185 48 193
class 56 185 62 193
class 103 187 109 195
class 121 187 127 195
class 173 187 179 195
class 69 188 75 196
class 87 188 93 196
class 111 188 117 196
class 130 188 136 196
class 132 190 138 198
class 22 191 28 199
class 66 191 72 199
class 116 191 122 199
class 121 191 127 199
class 173 194 179 202
class 34 195 40 203
class 49 195 55 203
