class 20 -4 26 4
class 55 -4 61 4
class 86 -1 92 7
class 108 -1 114 7
class 123 0 129 8
class 133 1 139 9
class 117 4 123 12
class 115 5 121 13
class -2 6 4 14
class 155 7 161 15
class 65 12 71 20
class 87 13 93 21
class 67 14 73 22
class 111 15 117 23
class 131 16 137 24
class 91 20 97 28
class 101 25 107 33
class 183 25 189 33
class 108 30 114 38
class 105 31 111 39
class 172 32 178 40
class 189 33 195 41
class 45 34 51 42
class 125 35 131 43
class 144 35 150 43
class 131 41 137 49
class 188 46 194 54
class 18 49 24 57
class 66 51 72 59
class 29 52 35 60
class 50 52 56 60
class 176 53 182 61
class 103 54 109 62
class 92 55 98 63
class 14 57 20 65
class 151 57 157 65
class 26 58 32 66
class 179 58 185 66
class 193 60 199 68
class 119 61 125 69
class 188 61 194 69
class 106 63 112 71
class 90 65 96 73
class 146 65 152 73
class 159 65 165 73
class 152 68 158 76
class 46 69 52 77
class 118 69 124 77
class 18 72 24 80
class 121 73 127 81
class 128 73 134 81
class 1 74 7 82
class 69 78 75 86
class 56 79 62 87
class 5 81 11 89
class 92 81 98 89
class 87 83 93 91
class 97 84 103 92
class 50 85 56 93
class 146 86 152 94
class 149 88 155 96
class 155 88 161 96
class 9 89 15 97
class 49 90 55 98
class 11 91 17 99
class 25 91 31 99
class 42 93 48 101
class 59 93 65 101
class 38 94 44 102
class 52 94 58 102
class 188 94 194 102
class 3 95 9 103
class 46 97 52 105
class 28 102 34 110
class 114 102 120 110
class 77 106 83 114
class 134 109 140 117
class 118 110 124 118
class 186 110 192 118
class 114 111 120 119
class 127 111 133 119
class 46 112 52 120
class 166 112 172 120
class 79 117 85 125
class 96 119 102 127
class 29 120 35 128
class 72 122 78 130
class 138 122 144 130
class 52 123 58 131
class 131 124 137 132
class 142 124 148 132
class 27 128 33 136
class 56 128 62 136
class 33 130 39 138
class 25 133 31 141
class 191 133 197 141
class 23 139 29 147
class 59 139 65 147
class 33 140 39 148
class 69 140 75 148
class 170 142 176 150
class 19 144 25 152
class 119 144 125 152
class 173 144 179 152
class 78 146 84 154
class 37 147 43 155
class 180 147 186 155
class 17 148 23 156
class 60 148 66 156
class 69 151 75 159
class 17 153 23 161
class 112 154 118 162
class 56 155 62 163
class 122 155 128 163
class 71 156 77 164
class 136 156 142 164
class 175 156 181 164
class 37 157 43 165
class 117 157 123 165
class 189 158 195 166
class 47 161 53 169
class 100 162 106 170
class 91 164 97 172
class 195 164 201 172
class 109 167 115 175
class 184 167 190 175
class 13 168 19 176
class 68 168 74 176
class 20 169 26 177
class 182 169 188 177
class -3 170 3 178
class 166 170 172 178
class 111 172 117 180
class 90 173 96 181
class 118 173 124 181
class 151 173 157 181
class 7 178 13 186
class 17 178 23 186
class 109 178 115 186
class 62 179 68 187
class 92 180 98 188
class 19 181 25 189
class 42 184 48 192
class 111 188 117 196
class 115 191 121 199
